"pltID","mapzone","huc8","huc10","strat","n","HUC10","HUC8","MAP_ZONE","BPS_LLID","BPS","BpS_Code","OBJECTID","PVT","BpS","LF_BPS","BpS_Name","FRG"
"8_53_77_99962",10,28,137,277,1207,1703000306,"17030002","WEC","RaMCONdy_fmd_1703000306","RaMCONdy","RaMCONdy_fmd",28,"fmd","RaMCONdy","RaMCONdy_fmd","Mixed Conifer - Eastside Dry",1
"8_53_77_52118",10,62,341,295,2848,1707010602,"17070105C","WEC","RaMCONdy_fmd_1707010602","RaMCONdy","RaMCONdy_fmd",28,"fmd","RaMCONdy","RaMCONdy_fmd","Mixed Conifer - Eastside Dry",1
"8_53_77_99107",10,62,341,295,2625,1707010602,"17070105C","WEC","RaMCONdy_fmd_1707010602","RaMCONdy","RaMCONdy_fmd",28,"fmd","RaMCONdy","RaMCONdy_fmd","Mixed Conifer - Eastside Dry",1
"8_53_77_65781",10,62,341,295,1513,1707010602,"17070105C","WEC","RaMCONdy_fmd_1707010602","RaMCONdy","RaMCONdy_fmd",28,"fmd","RaMCONdy","RaMCONdy_fmd","Mixed Conifer - Eastside Dry",1
"8_53_39_57169",10,62,341,1962,1009,1707010602,"17070105C","WEC","RaMCONms_fmm_17070106","RaMCONms","RaMCONms_fmm",27,"fmm","RaMCONms","RaMCONms_fmm","Mixed Conifer - Eastside Mesic",3
"8_53_39_59970",10,62,341,1962,1349,1707010602,"17070105C","WEC","RaMCONms_fmm_17070106","RaMCONms","RaMCONms_fmm",27,"fmm","RaMCONms","RaMCONms_fmm","Mixed Conifer - Eastside Mesic",3
"8_53_39_56433",10,62,342,335,2108,1707010603,"17070105C","WEC","RaMCONdy_fmd_1707010603","RaMCONdy","RaMCONdy_fmd",28,"fmd","RaMCONdy","RaMCONdy_fmd","Mixed Conifer - Eastside Dry",1
"8_53_39_61276",10,62,342,335,585,1707010603,"17070105C","WEC","RaMCONdy_fmd_1707010603","RaMCONdy","RaMCONdy_fmd",28,"fmd","RaMCONdy","RaMCONdy_fmd","Mixed Conifer - Eastside Dry",1
"5_53_73_90824",11,130,738,1780,722,1711000505,"17110004","WNC","RaABAMlw_fwc_17110005","RaABAMlw","RaABAMlw_fwc",35,"fwc","RaABAMlw","RaABAMlw_fwc","Pacific Silver Fir - Low Elevation",3
"3_41_13_85711",2,74,435,2097,906,1707030602,"17070306","OBM","RaPIPOxe_fxp_17070306A","RaPIPOxe","RaPIPOxe_fxp",56,"fxp","RaPIPOxe","RaPIPOxe_fxp","Ponderosa Pine - Xeric",3
"3_41_17_74138",4,72,429,1006,1868,1707030507,"17070305A","OEC","RaPIPOm_fdp_1707030507","RaPIPOm","RaPIPOm_fdp",52,"fdp","RaPIPOm","RaPIPOm_fdp","Dry Ponderosa Pine - Mesic",1
"3_41_17_56143",4,72,428,2339,2710,1707030506,"17070305A","OEC","RaPICOpu_fld_OEC","RaPICOpu","RaPICOpu_fld",49,"fld","RaPICOpu","RaPICOpu_fld","Lodgepole Pine - Pumice Soils",4
"3_41_17_75522",4,72,428,2339,2332,1707030506,"17070305A","OEC","RaPICOpu_fld_OEC","RaPICOpu","RaPICOpu_fld",49,"fld","RaPICOpu","RaPICOpu_fld","Lodgepole Pine - Pumice Soils",4
"3_41_17_66198",4,72,428,2127,1670,1707030506,"17070305A","OEC","RaPIPOxe_fxp_17070305B","RaPIPOxe","RaPIPOxe_fxp",56,"fxp","RaPIPOxe","RaPIPOxe_fxp","Ponderosa Pine - Xeric",3
"3_41_17_82466",4,72,428,2127,1573,1707030506,"17070305A","OEC","RaPIPOxe_fxp_17070305B","RaPIPOxe","RaPIPOxe_fxp",56,"fxp","RaPIPOxe","RaPIPOxe_fxp","Ponderosa Pine - Xeric",3
"3_41_17_94346",4,72,428,1062,1749,1707030506,"17070305A","OEC","RaPIPOm_fpl_1707030506","RaPIPOm","RaPIPOm_fpl",55,"fpl","RaPIPOm","RaPIPOm_fpl","Dry Ponderosa Pine - Mesic",1
"3_41_17_64611",4,151,844,1074,3354,1712000505,"17120004","OEC","RaPIPOm_fpl_1712000505","RaPIPOm","RaPIPOm_fpl",55,"fpl","RaPIPOm","RaPIPOm_fpl","Dry Ponderosa Pine - Mesic",1
"3_41_37_86692",4,151,844,1074,3410,1712000505,"17120004","OEC","RaPIPOm_fpl_1712000505","RaPIPOm","RaPIPOm_fpl",55,"fpl","RaPIPOm","RaPIPOm_fpl","Dry Ponderosa Pine - Mesic",1
"3_41_37_84311",4,151,844,1074,1301,1712000505,"17120004","OEC","RaPIPOm_fpl_1712000505","RaPIPOm","RaPIPOm_fpl",55,"fpl","RaPIPOm","RaPIPOm_fpl","Dry Ponderosa Pine - Mesic",1
"3_41_37_75264",4,151,844,1074,1973,1712000505,"17120004","OEC","RaPIPOm_fpl_1712000505","RaPIPOm","RaPIPOm_fpl",55,"fpl","RaPIPOm","RaPIPOm_fpl","Dry Ponderosa Pine - Mesic",1
"3_41_37_53225",4,151,844,1074,1664,1712000505,"17120004","OEC","RaPIPOm_fpl_1712000505","RaPIPOm","RaPIPOm_fpl",55,"fpl","RaPIPOm","RaPIPOm_fpl","Dry Ponderosa Pine - Mesic",1
"8_53_7_71280",10,18,76,1814,808,1702000901,"17020008","WEC","RaMCONms_fmm_17020009","RaMCONms","RaMCONms_fmm",27,"fmm","RaMCONms","RaMCONms_fmm","Mixed Conifer - Eastside Mesic",3
"8_53_7_92388",10,18,76,1814,716,1702000901,"17020008","WEC","RaMCONms_fmm_17020009","RaMCONms","RaMCONms_fmm",27,"fmm","RaMCONms","RaMCONms_fmm","Mixed Conifer - Eastside Mesic",3
"3_41_37_64493",4,151,842,2175,1517,1712000503,"17120004","OEC","RaPIPOxe_fpd_17120005","RaPIPOxe","RaPIPOxe_fpd",53,"fpd","RaPIPOxe","RaPIPOxe_fpd","Ponderosa Pine - Xeric",3
"3_41_37_55759",4,151,841,1171,1338,1712000502,"17120004","OEC","RaMCONdy_fmx_1712000502","RaMCONdy","RaMCONdy_fmx",29,"fmx","RaMCONdy","RaMCONdy_fmx","Mixed Conifer - Eastside Dry",1
"3_41_37_51936",4,158,899,2232,1047,1801020202,"18010201","OEC","RaPIPOxe_fpd_18010202","RaPIPOxe","RaPIPOxe_fpd",53,"fpd","RaPIPOxe","RaPIPOxe_fpd","Ponderosa Pine - Xeric",3
"3_41_37_75963",4,158,899,1324,951,1801020202,"18010201","OEC","RaMCONdy_fmx_1801020202","RaMCONdy","RaMCONdy_fmx",29,"fmx","RaMCONdy","RaMCONdy_fmx","Mixed Conifer - Eastside Dry",1
"8_53_7_85540",10,18,76,1810,1251,1702000901,"17020008","WEC","RaSAWD_fal_17020009","RaSAWD","RaSAWD_fal",2,"fal","RaSAWD","RaSAWD_fal","Subalpine Woodland",3
"3_41_37_76067",4,158,898,2322,2383,1801020201,"18010201","OEC","RaSPFI_fmz_OEC","RaSPFI","RaSPFI_fmz",26,"fmz","RaSPFI","RaSPFI_fmz","Spruce - Fir",4
"3_41_37_93750",4,158,898,2322,1839,1801020201,"18010201","OEC","RaSPFI_fmz_OEC","RaSPFI","RaSPFI_fmz",26,"fmz","RaSPFI","RaSPFI_fmz","Spruce - Fir",4
"3_41_35_91246",4,158,898,1395,2195,1801020201,"18010201","OEC","RaPIPOm_fpl_1801020201","RaPIPOm","RaPIPOm_fpl",55,"fpl","RaPIPOm","RaPIPOm_fpl","Dry Ponderosa Pine - Mesic",1
"3_41_37_56526",4,158,898,1395,1378,1801020201,"18010201","OEC","RaPIPOm_fpl_1801020201","RaPIPOm","RaPIPOm_fpl",55,"fpl","RaPIPOm","RaPIPOm_fpl","Dry Ponderosa Pine - Mesic",1
"3_41_37_80357",4,158,898,2322,1834,1801020201,"18010201","OEC","RaSPFI_fmz_OEC","RaSPFI","RaSPFI_fmz",26,"fmz","RaSPFI","RaSPFI_fmz","Spruce - Fir",4
"3_41_37_64749",4,158,898,2322,2024,1801020201,"18010201","OEC","RaSPFI_fmz_OEC","RaSPFI","RaSPFI_fmz",26,"fmz","RaSPFI","RaSPFI_fmz","Spruce - Fir",4
"3_41_37_77916",4,158,898,1395,1836,1801020201,"18010201","OEC","RaPIPOm_fpl_1801020201","RaPIPOm","RaPIPOm_fpl",55,"fpl","RaPIPOm","RaPIPOm_fpl","Dry Ponderosa Pine - Mesic",1
"3_41_35_80330",4,158,902,2246,1352,1801020205,"18010201","OEC","RaSAWD_fal_18010202","RaSAWD","RaSAWD_fal",2,"fal","RaSAWD","RaSAWD_fal","Subalpine Woodland",3
"3_41_37_60850",4,158,901,1567,1321,1801020204,"18010201","OEC","RaMCONdy_fmx_1801020204","RaMCONdy","RaMCONdy_fmx",29,"fmx","RaMCONdy","RaMCONdy_fmx","Mixed Conifer - Eastside Dry",1
"3_41_37_94913",4,158,901,1567,894,1801020204,"18010201","OEC","RaMCONdy_fmx_1801020204","RaMCONdy","RaMCONdy_fmx",29,"fmx","RaMCONdy","RaMCONdy_fmx","Mixed Conifer - Eastside Dry",1
"3_41_37_70495",4,158,901,2232,2085,1801020204,"18010201","OEC","RaPIPOxe_fpd_18010202","RaPIPOxe","RaPIPOxe_fpd",53,"fpd","RaPIPOxe","RaPIPOxe_fpd","Ponderosa Pine - Xeric",3
"3_41_37_85124",4,158,901,1567,2814,1801020204,"18010201","OEC","RaMCONdy_fmx_1801020204","RaMCONdy","RaMCONdy_fmx",29,"fmx","RaMCONdy","RaMCONdy_fmx","Mixed Conifer - Eastside Dry",1
"3_41_37_67133",4,158,900,1630,1519,1801020203,"18010201","OEC","RaMCONdy_fmd_1801020203","RaMCONdy","RaMCONdy_fmd",28,"fmd","RaMCONdy","RaMCONdy_fmd","Mixed Conifer - Eastside Dry",1
"3_41_37_83163",4,158,900,1630,1675,1801020203,"18010201","OEC","RaMCONdy_fmd_1801020203","RaMCONdy","RaMCONdy_fmd",28,"fmd","RaMCONdy","RaMCONdy_fmd","Mixed Conifer - Eastside Dry",1
"8_53_7_79224",10,18,76,1814,2046,1702000901,"17020008","WEC","RaMCONms_fmm_17020009","RaMCONms","RaMCONms_fmm",27,"fmm","RaMCONms","RaMCONms_fmm","Mixed Conifer - Eastside Mesic",3
"3_41_37_77996",4,158,900,1630,588,1801020203,"18010201","OEC","RaMCONdy_fmd_1801020203","RaMCONdy","RaMCONdy_fmd",28,"fmd","RaMCONdy","RaMCONdy_fmd","Mixed Conifer - Eastside Dry",1
"3_41_37_51439",4,160,910,2260,771,1801020405,"18010203","OEC","RaPIPOxe_fxp_18010204","RaPIPOxe","RaPIPOxe_fxp",56,"fxp","RaPIPOxe","RaPIPOxe_fxp","Ponderosa Pine - Xeric",3
"3_41_37_83367",4,160,910,2261,727,1801020405,"18010203","OEC","RaPIPOxe_fpd_18010204","RaPIPOxe","RaPIPOxe_fpd",53,"fpd","RaPIPOxe","RaPIPOxe_fpd","Ponderosa Pine - Xeric",3
"3_41_37_88098",4,160,910,1623,1195,1801020405,"18010203","OEC","RaMCONdy_fmd_1801020405","RaMCONdy","RaMCONdy_fmd",28,"fmd","RaMCONdy","RaMCONdy_fmd","Mixed Conifer - Eastside Dry",1
"3_41_35_72185",4,162,922,1635,2729,1802000101,"18010206","OEC","RaMCONdy_fmd_1802000101","RaMCONdy","RaMCONdy_fmd",28,"fmd","RaMCONdy","RaMCONdy_fmd","Mixed Conifer - Eastside Dry",1
"3_41_37_94798",4,162,922,1635,939,1802000101,"18010206","OEC","RaMCONdy_fmd_1802000101","RaMCONdy","RaMCONdy_fmd",28,"fmd","RaMCONdy","RaMCONdy_fmd","Mixed Conifer - Eastside Dry",1
"3_41_37_69578",4,162,922,1635,1199,1802000101,"18010206","OEC","RaMCONdy_fmd_1802000101","RaMCONdy","RaMCONdy_fmd",28,"fmd","RaMCONdy","RaMCONdy_fmd","Mixed Conifer - Eastside Dry",1
"3_41_37_88867",4,160,908,2261,699,1801020402,"18010203","OEC","RaPIPOxe_fpd_18010204","RaPIPOxe","RaPIPOxe_fpd",53,"fpd","RaPIPOxe","RaPIPOxe_fpd","Ponderosa Pine - Xeric",3
"3_41_37_78454",4,160,908,2261,2449,1801020402,"18010203","OEC","RaPIPOxe_fpd_18010204","RaPIPOxe","RaPIPOxe_fpd",53,"fpd","RaPIPOxe","RaPIPOxe_fpd","Ponderosa Pine - Xeric",3
"5_53_61_89442",11,131,746,2288,685,1711000602,"17110005","WNC","RaABLA_faf_WNC","RaABLA","RaABLA_faf",8,"faf","RaABLA","RaABLA_faf","Subalpine Fir",4
"5_53_61_64420",11,131,746,1830,1959,1711000602,"17110005","WNC","RaSAWD_fal_17110006","RaSAWD","RaSAWD_fal",2,"fal","RaSAWD","RaSAWD_fal","Subalpine Woodland",3
"8_53_7_90689",10,20,84,1844,1084,1702001101,"17020010","WEC","RaABAMlw_fsi_17020011","RaABAMlw","RaABAMlw_fsi",14,"fsi","RaABAMlw","RaABAMlw_fsi","Pacific Silver Fir - Low Elevation",3
"8_53_7_83939",10,20,84,1847,913,1702001101,"17020010","WEC","RaMCONms_fmm_17020011","RaMCONms","RaMCONms_fmm",27,"fmm","RaMCONms","RaMCONms_fmm","Mixed Conifer - Eastside Mesic",3
"8_53_7_88263",10,20,84,1844,821,1702001101,"17020010","WEC","RaABAMlw_fsi_17020011","RaABAMlw","RaABAMlw_fsi",14,"fsi","RaABAMlw","RaABAMlw_fsi","Pacific Silver Fir - Low Elevation",3
"8_53_7_68344",10,20,84,1847,2011,1702001101,"17020010","WEC","RaMCONms_fmm_17020011","RaMCONms","RaMCONms_fmm",27,"fmm","RaMCONms","RaMCONms_fmm","Mixed Conifer - Eastside Mesic",3
"8_53_7_53172",10,20,84,1847,1988,1702001101,"17020010","WEC","RaMCONms_fmm_17020011","RaMCONms","RaMCONms_fmm",27,"fmm","RaMCONms","RaMCONms_fmm","Mixed Conifer - Eastside Mesic",3
"8_53_7_91819",10,20,85,1841,1679,1702001102,"17020010","WEC","RaSAWD_fal_17020011","RaSAWD","RaSAWD_fal",2,"fal","RaSAWD","RaSAWD_fal","Subalpine Woodland",3
"8_53_7_60463",10,20,85,1847,1757,1702001102,"17020010","WEC","RaMCONms_fmm_17020011","RaMCONms","RaMCONms_fmm",27,"fmm","RaMCONms","RaMCONms_fmm","Mixed Conifer - Eastside Mesic",3
"5_53_73_84036",11,130,737,1780,2206,1711000504,"17110004","WNC","RaABAMlw_fwc_17110005","RaABAMlw","RaABAMlw_fwc",35,"fwc","RaABAMlw","RaABAMlw_fwc","Pacific Silver Fir - Low Elevation",3
"8_53_37_51780",10,26,122,1896,850,1703000101,"17020016","WEC","RaSAWD_fal_17030001","RaSAWD","RaSAWD_fal",2,"fal","RaSAWD","RaSAWD_fal","Subalpine Woodland",3
"8_53_37_59383",10,26,123,2291,1403,1703000102,"17020016","WEC","Na0710412_fmh_WEC","Na0710412","Na0710412_fmh",4,"fmh","Na0710412","Na0710412_fmh","North Pacific Mountain Hemlock Forest - Xeric",5
"8_53_37_53589",10,26,123,1898,1342,1703000102,"17020016","WEC","RaMCONms_fmm_17030001","RaMCONms","RaMCONms_fmm",27,"fmm","RaMCONms","RaMCONms_fmm","Mixed Conifer - Eastside Mesic",3
"8_53_37_67417",10,26,123,2291,881,1703000102,"17020016","WEC","Na0710412_fmh_WEC","Na0710412","Na0710412_fmh",4,"fmh","Na0710412","Na0710412_fmh","North Pacific Mountain Hemlock Forest - Xeric",5
"8_53_37_71185",10,26,123,1898,1203,1703000102,"17020016","WEC","RaMCONms_fmm_17030001","RaMCONms","RaMCONms_fmm",27,"fmm","RaMCONms","RaMCONms_fmm","Mixed Conifer - Eastside Mesic",3
"8_53_37_84783",10,26,123,1898,1513,1703000102,"17020016","WEC","RaMCONms_fmm_17030001","RaMCONms","RaMCONms_fmm",27,"fmm","RaMCONms","RaMCONms_fmm","Mixed Conifer - Eastside Mesic",3
"8_53_37_85679",10,26,123,1898,1162,1703000102,"17020016","WEC","RaMCONms_fmm_17030001","RaMCONms","RaMCONms_fmm",27,"fmm","RaMCONms","RaMCONms_fmm","Mixed Conifer - Eastside Mesic",3
"8_53_37_74371",10,26,123,186,1979,1703000102,"17020016","WEC","RaMCONdy_fmd_1703000102","RaMCONdy","RaMCONdy_fmd",28,"fmd","RaMCONdy","RaMCONdy_fmd","Mixed Conifer - Eastside Dry",1
"8_53_37_60458",10,26,124,191,2511,1703000103,"17020016","WEC","RaMCONdy_fmd_1703000103","RaMCONdy","RaMCONdy_fmd",28,"fmd","RaMCONdy","RaMCONdy_fmd","Mixed Conifer - Eastside Dry",1
"8_53_37_62814",10,26,126,1898,1583,1703000105,"17020016","WEC","RaMCONms_fmm_17030001","RaMCONms","RaMCONms_fmm",27,"fmm","RaMCONms","RaMCONms_fmm","Mixed Conifer - Eastside Mesic",3
"8_53_37_60369",10,26,126,190,1302,1703000105,"17020016","WEC","RaMCONdy_fmd_1703000105","RaMCONdy","RaMCONdy_fmd",28,"fmd","RaMCONdy","RaMCONdy_fmd","Mixed Conifer - Eastside Dry",1
"8_53_37_95921",10,26,126,1898,1004,1703000105,"17020016","WEC","RaMCONms_fmm_17030001","RaMCONms","RaMCONms_fmm",27,"fmm","RaMCONms","RaMCONms_fmm","Mixed Conifer - Eastside Mesic",3
"8_53_37_91525",10,26,126,2291,1631,1703000105,"17020016","WEC","Na0710412_fmh_WEC","Na0710412","Na0710412_fmh",4,"fmh","Na0710412","Na0710412_fmh","North Pacific Mountain Hemlock Forest - Xeric",5
"8_53_37_99707",10,26,126,2291,2803,1703000105,"17020016","WEC","Na0710412_fmh_WEC","Na0710412","Na0710412_fmh",4,"fmh","Na0710412","Na0710412_fmh","North Pacific Mountain Hemlock Forest - Xeric",5
"8_53_37_69732",10,27,130,2291,606,1703000202,"17030001","WEC","Na0710412_fmh_WEC","Na0710412","Na0710412_fmh",4,"fmh","Na0710412","Na0710412_fmh","North Pacific Mountain Hemlock Forest - Xeric",5
"8_53_37_87329",10,27,130,216,2699,1703000202,"17030001","WEC","RaMCONdy_fmd_1703000202","RaMCONdy","RaMCONdy_fmd",28,"fmd","RaMCONdy","RaMCONdy_fmd","Mixed Conifer - Eastside Dry",1
"8_53_37_61264",10,27,130,216,2503,1703000202,"17030001","WEC","RaMCONdy_fmd_1703000202","RaMCONdy","RaMCONdy_fmd",28,"fmd","RaMCONdy","RaMCONdy_fmd","Mixed Conifer - Eastside Dry",1
"8_53_37_67503",10,27,130,216,695,1703000202,"17030001","WEC","RaMCONdy_fmd_1703000202","RaMCONdy","RaMCONdy_fmd",28,"fmd","RaMCONdy","RaMCONdy_fmd","Mixed Conifer - Eastside Dry",1
"8_53_77_87049",10,27,130,216,1243,1703000202,"17030001","WEC","RaMCONdy_fmd_1703000202","RaMCONdy","RaMCONdy_fmd",28,"fmd","RaMCONdy","RaMCONdy_fmd","Mixed Conifer - Eastside Dry",1
"8_53_77_61021",10,27,130,222,861,1703000202,"17030001","WEC","RaPIPOm_fpd_1703000202","RaPIPOm","RaPIPOm_fpd",51,"fpd","RaPIPOm","RaPIPOm_fpd","Dry Ponderosa Pine - Mesic",1
"8_53_77_74449",10,27,130,216,2944,1703000202,"17030001","WEC","RaMCONdy_fmd_1703000202","RaMCONdy","RaMCONdy_fmd",28,"fmd","RaMCONdy","RaMCONdy_fmd","Mixed Conifer - Eastside Dry",1
"8_53_77_68956",10,27,131,230,1860,1703000203,"17030001","WEC","RaMCONdy_fmd_1703000203","RaMCONdy","RaMCONdy_fmd",28,"fmd","RaMCONdy","RaMCONdy_fmd","Mixed Conifer - Eastside Dry",1
"8_53_77_72906",10,27,131,230,1438,1703000203,"17030001","WEC","RaMCONdy_fmd_1703000203","RaMCONdy","RaMCONdy_fmd",28,"fmd","RaMCONdy","RaMCONdy_fmd","Mixed Conifer - Eastside Dry",1
"8_53_77_50603",10,27,131,230,784,1703000203,"17030001","WEC","RaMCONdy_fmd_1703000203","RaMCONdy","RaMCONdy_fmd",28,"fmd","RaMCONdy","RaMCONdy_fmd","Mixed Conifer - Eastside Dry",1
"8_53_77_94191",10,27,131,230,1906,1703000203,"17030001","WEC","RaMCONdy_fmd_1703000203","RaMCONdy","RaMCONdy_fmd",28,"fmd","RaMCONdy","RaMCONdy_fmd","Mixed Conifer - Eastside Dry",1
"8_53_77_84756",10,28,132,248,1854,1703000301,"17030002","WEC","RaMCONdy_fmd_1703000301","RaMCONdy","RaMCONdy_fmd",28,"fmd","RaMCONdy","RaMCONdy_fmd","Mixed Conifer - Eastside Dry",1
"8_53_77_71806",10,28,134,260,615,1703000303,"17030002","WEC","RaMCONdy_fmd_1703000303","RaMCONdy","RaMCONdy_fmd",28,"fmd","RaMCONdy","RaMCONdy_fmd","Mixed Conifer - Eastside Dry",1
"2_41_11_72563",3,117,669,2315,1403,1710030404,"17100303A","OCR","RaDFHEwt_fwn_OCR","RaDFHEwt","RaDFHEwt_fwn",32,"fwn","RaDFHEwt","RaDFHEwt_fwn","Douglas-fir Hemlock-Wet Mesic",5
"2_41_11_85153",3,117,668,2315,1628,1710030403,"17100303A","OCR","RaDFHEwt_fwn_OCR","RaDFHEwt","RaDFHEwt_fwn",32,"fwn","RaDFHEwt","RaDFHEwt_fwn","Douglas-fir Hemlock-Wet Mesic",5
"2_41_11_74638",6,118,674,2350,932,1710030505,"17100304","OSW","RaDFHEwt_fwn_OSW","RaDFHEwt","RaDFHEwt_fwn",32,"fwn","RaDFHEwt","RaDFHEwt_fwn","Douglas-fir Hemlock-Wet Mesic",5
"2_41_11_89316",6,118,674,2350,1711,1710030505,"17100304","OSW","RaDFHEwt_fwn_OSW","RaDFHEwt","RaDFHEwt_fwn",32,"fwn","RaDFHEwt","RaDFHEwt_fwn","Douglas-fir Hemlock-Wet Mesic",5
"2_41_11_60429",6,118,671,1223,2802,1710030502,"17100304","OSW","RaTAOAco_ftm_1710030502","RaTAOAco","RaTAOAco_ftm",47,"ftm","RaTAOAco","RaTAOAco_ftm","Oregon Coastal Tanoak",1
"2_41_11_96858",6,118,671,2347,960,1710030502,"17100304","OSW","RaDFHEwt_fwm_OSW","RaDFHEwt","RaDFHEwt_fwm",33,"fwm","RaDFHEwt","RaDFHEwt_fwm","Douglas-fir Hemlock-Wet Mesic",5
"2_41_11_88977",6,118,671,1223,1705,1710030502,"17100304","OSW","RaTAOAco_ftm_1710030502","RaTAOAco","RaTAOAco_ftm",47,"ftm","RaTAOAco","RaTAOAco_ftm","Oregon Coastal Tanoak",1
"2_41_11_72102",6,118,671,2347,2063,1710030502,"17100304","OSW","RaDFHEwt_fwm_OSW","RaDFHEwt","RaDFHEwt_fwm",33,"fwm","RaDFHEwt","RaDFHEwt_fwm","Douglas-fir Hemlock-Wet Mesic",5
"2_41_11_96049",6,118,671,2347,1369,1710030502,"17100304","OSW","RaDFHEwt_fwm_OSW","RaDFHEwt","RaDFHEwt_fwm",33,"fwm","RaDFHEwt","RaDFHEwt_fwm","Douglas-fir Hemlock-Wet Mesic",5
"2_41_15_50113",6,119,676,2347,2256,1710030602,"17100305","OSW","RaDFHEwt_fwm_OSW","RaDFHEwt","RaDFHEwt_fwm",33,"fwm","RaDFHEwt","RaDFHEwt_fwm","Douglas-fir Hemlock-Wet Mesic",5
"2_41_15_65041",6,119,676,2347,2132,1710030602,"17100305","OSW","RaDFHEwt_fwm_OSW","RaDFHEwt","RaDFHEwt_fwm",33,"fwm","RaDFHEwt","RaDFHEwt_fwm","Douglas-fir Hemlock-Wet Mesic",5
"2_41_15_61927",6,119,676,2347,1129,1710030602,"17100305","OSW","RaDFHEwt_fwm_OSW","RaDFHEwt","RaDFHEwt_fwm",33,"fwm","RaDFHEwt","RaDFHEwt_fwm","Douglas-fir Hemlock-Wet Mesic",5
"2_41_15_65535",6,119,677,1311,878,1710030603,"17100305","OSW","RaTAOAco_ftm_1710030603","RaTAOAco","RaTAOAco_ftm",47,"ftm","RaTAOAco","RaTAOAco_ftm","Oregon Coastal Tanoak",1
"2_41_15_93783",6,119,677,1311,1538,1710030603,"17100305","OSW","RaTAOAco_ftm_1710030603","RaTAOAco","RaTAOAco_ftm",47,"ftm","RaTAOAco","RaTAOAco_ftm","Oregon Coastal Tanoak",1
"2_41_15_76627",6,123,703,1410,495,1710031007,"17100309","OSW","RaMEVG_ftd_1710031007","RaMEVG","RaMEVG_ftd",48,"ftd","RaMEVG","RaMEVG_ftd","California Mixed Evergreen North",1
"2_41_15_97612",6,123,703,1408,1472,1710031007,"17100309","OSW","RaTAOAco_ftm_1710031007","RaTAOAco","RaTAOAco_ftm",47,"ftm","RaTAOAco","RaTAOAco_ftm","Oregon Coastal Tanoak",1
"2_41_15_74408",6,123,703,1408,2027,1710031007,"17100309","OSW","RaTAOAco_ftm_1710031007","RaTAOAco","RaTAOAco_ftm",47,"ftm","RaTAOAco","RaTAOAco_ftm","Oregon Coastal Tanoak",1
"2_41_15_96680",6,123,703,1408,2736,1710031007,"17100309","OSW","RaTAOAco_ftm_1710031007","RaTAOAco","RaTAOAco_ftm",47,"ftm","RaTAOAco","RaTAOAco_ftm","Oregon Coastal Tanoak",1
"2_41_15_99526",6,123,704,1457,1218,1710031008,"17100309","OSW","RaTAOAco_ftm_1710031008","RaTAOAco","RaTAOAco_ftm",47,"ftm","RaTAOAco","RaTAOAco_ftm","Oregon Coastal Tanoak",1
"2_41_15_66368",6,123,704,1457,3239,1710031008,"17100309","OSW","RaTAOAco_ftm_1710031008","RaTAOAco","RaTAOAco_ftm",47,"ftm","RaTAOAco","RaTAOAco_ftm","Oregon Coastal Tanoak",1
"2_41_15_56323",6,123,704,1457,1128,1710031008,"17100309","OSW","RaTAOAco_ftm_1710031008","RaTAOAco","RaTAOAco_ftm",47,"ftm","RaTAOAco","RaTAOAco_ftm","Oregon Coastal Tanoak",1
"2_41_15_98073",6,124,715,1499,1766,1710031111,"17100310","OSW","RaTAOAco_ftm_1710031111","RaTAOAco","RaTAOAco_ftm",47,"ftm","RaTAOAco","RaTAOAco_ftm","Oregon Coastal Tanoak",1
"2_41_15_51373",6,124,715,2347,1240,1710031111,"17100310","OSW","RaDFHEwt_fwm_OSW","RaDFHEwt","RaDFHEwt_fwm",33,"fwm","RaDFHEwt","RaDFHEwt_fwm","Douglas-fir Hemlock-Wet Mesic",5
"2_41_15_80186",6,124,715,1519,1258,1710031111,"17100310","OSW","RaMEVG_fuc_1710031111","RaMEVG","RaMEVG_fuc",59,"fuc","RaMEVG","RaMEVG_fuc","California Mixed Evergreen North",1
"2_41_15_80770",6,124,715,2347,665,1710031111,"17100310","OSW","RaDFHEwt_fwm_OSW","RaDFHEwt","RaDFHEwt_fwm",33,"fwm","RaDFHEwt","RaDFHEwt_fwm","Douglas-fir Hemlock-Wet Mesic",5
"2_41_15_94552",6,124,715,1519,892,1710031111,"17100310","OSW","RaMEVG_fuc_1710031111","RaMEVG","RaMEVG_fuc",59,"fuc","RaMEVG","RaMEVG_fuc","California Mixed Evergreen North",1
"2_41_15_83271",6,125,719,1588,703,1710031204,"17100311","OSW","RaMEVG_fuc_1710031204","RaMEVG","RaMEVG_fuc",59,"fuc","RaMEVG","RaMEVG_fuc","California Mixed Evergreen North",1
"2_41_15_78408",6,125,716,1606,793,1710031201,"17100311","OSW","RaTAOAco_ftm_1710031201","RaTAOAco","RaTAOAco_ftm",47,"ftm","RaTAOAco","RaTAOAco_ftm","Oregon Coastal Tanoak",1
"2_41_15_61153",6,125,719,1575,1441,1710031204,"17100311","OSW","RaTAOAco_ftm_1710031204","RaTAOAco","RaTAOAco_ftm",47,"ftm","RaTAOAco","RaTAOAco_ftm","Oregon Coastal Tanoak",1
"2_41_15_78239",6,125,716,1606,2167,1710031201,"17100311","OSW","RaTAOAco_ftm_1710031201","RaTAOAco","RaTAOAco_ftm",47,"ftm","RaTAOAco","RaTAOAco_ftm","Oregon Coastal Tanoak",1
"2_41_15_65988",6,125,716,1606,2995,1710031201,"17100311","OSW","RaTAOAco_ftm_1710031201","RaTAOAco","RaTAOAco_ftm",47,"ftm","RaTAOAco","RaTAOAco_ftm","Oregon Coastal Tanoak",1
"2_41_15_80193",6,125,716,1606,2926,1710031201,"17100311","OSW","RaTAOAco_ftm_1710031201","RaTAOAco","RaTAOAco_ftm",47,"ftm","RaTAOAco","RaTAOAco_ftm","Oregon Coastal Tanoak",1
"2_41_15_70311",6,125,716,1606,2799,1710031201,"17100311","OSW","RaTAOAco_ftm_1710031201","RaTAOAco","RaTAOAco_ftm",47,"ftm","RaTAOAco","RaTAOAco_ftm","Oregon Coastal Tanoak",1
"2_41_15_71266",6,125,716,1606,2987,1710031201,"17100311","OSW","RaTAOAco_ftm_1710031201","RaTAOAco","RaTAOAco_ftm",47,"ftm","RaTAOAco","RaTAOAco_ftm","Oregon Coastal Tanoak",1
"2_41_15_98950",6,125,716,1606,2684,1710031201,"17100311","OSW","RaTAOAco_ftm_1710031201","RaTAOAco","RaTAOAco_ftm",47,"ftm","RaTAOAco","RaTAOAco_ftm","Oregon Coastal Tanoak",1
"2_41_15_61447",6,125,717,1706,1420,1710031202,"17100311","OSW","RaTAOAco_ftm_1710031202","RaTAOAco","RaTAOAco_ftm",47,"ftm","RaTAOAco","RaTAOAco_ftm","Oregon Coastal Tanoak",1
"2_41_15_88423",6,125,717,1706,1447,1710031202,"17100311","OSW","RaTAOAco_ftm_1710031202","RaTAOAco","RaTAOAco_ftm",47,"ftm","RaTAOAco","RaTAOAco_ftm","Oregon Coastal Tanoak",1
"2_41_15_67399",6,125,717,1706,1685,1710031202,"17100311","OSW","RaTAOAco_ftm_1710031202","RaTAOAco","RaTAOAco_ftm",47,"ftm","RaTAOAco","RaTAOAco_ftm","Oregon Coastal Tanoak",1
"2_41_15_73477",6,125,717,1706,2628,1710031202,"17100311","OSW","RaTAOAco_ftm_1710031202","RaTAOAco","RaTAOAco_ftm",47,"ftm","RaTAOAco","RaTAOAco_ftm","Oregon Coastal Tanoak",1
"6_53_9_98024",9,100,563,2295,2226,1710010102,"17090012A","WCR","RaSSHE_fss_WCR","RaSSHE","RaSSHE_fss",60,"fss","RaSSHE","RaSSHE_fss","Sitka Spruce - Western Hemlock",5
"6_53_9_95683",9,100,564,2295,3125,1710010103,"17090012A","WCR","RaSSHE_fss_WCR","RaSSHE","RaSSHE_fss",60,"fss","RaSSHE","RaSSHE_fss","Sitka Spruce - Western Hemlock",5
"2_41_15_70832",6,119,676,2354,694,1710030602,"17100305","OSW","RaSSHE_fss_OSW","RaSSHE","RaSSHE_fss",60,"fss","RaSSHE","RaSSHE_fss","Sitka Spruce - Western Hemlock",5
"8_53_77_57339",10,28,139,292,2885,1703000308,"17030002","WEC","RaMCONdy_fmd_1703000308","RaMCONdy","RaMCONdy_fmd",28,"fmd","RaMCONdy","RaMCONdy_fmd","Mixed Conifer - Eastside Dry",1
"8_53_77_95751",10,62,341,295,2421,1707010602,"17070105C","WEC","RaMCONdy_fmd_1707010602","RaMCONdy","RaMCONdy_fmd",28,"fmd","RaMCONdy","RaMCONdy_fmd","Mixed Conifer - Eastside Dry",1
"5_53_73_63848",11,130,738,1780,1030,1711000505,"17110004","WNC","RaABAMlw_fwc_17110005","RaABAMlw","RaABAMlw_fwc",35,"fwc","RaABAMlw","RaABAMlw_fwc","Pacific Silver Fir - Low Elevation",3
"5_53_73_67988",11,130,738,1780,390,1711000505,"17110004","WNC","RaABAMlw_fwc_17110005","RaABAMlw","RaABAMlw_fwc",35,"fwc","RaABAMlw","RaABAMlw_fwc","Pacific Silver Fir - Low Elevation",3
"8_53_39_51372",10,62,342,335,2996,1707010603,"17070105C","WEC","RaMCONdy_fmd_1707010603","RaMCONdy","RaMCONdy_fmd",28,"fmd","RaMCONdy","RaMCONdy_fmd","Mixed Conifer - Eastside Dry",1
"5_53_73_96978",11,130,738,1780,972,1711000505,"17110004","WNC","RaABAMlw_fwc_17110005","RaABAMlw","RaABAMlw_fwc",35,"fwc","RaABAMlw","RaABAMlw_fwc","Pacific Silver Fir - Low Elevation",3
"5_53_73_82998",11,130,738,2288,1560,1711000505,"17110004","WNC","RaABLA_faf_WNC","RaABLA","RaABLA_faf",8,"faf","RaABLA","RaABLA_faf","Subalpine Fir",4
"3_41_65_59406",4,73,440,2023,1,1707030607,"17070305B","OEC","RaPIPOxe_fxp_17070306","RaPIPOxe","RaPIPOxe_fxp",56,"fxp","RaPIPOxe","RaPIPOxe_fxp","Ponderosa Pine - Xeric",3
"3_41_31_69181",2,75,448,2071,6,1707030703,"17070306A","OBM","RaPIPOxe_fxp_17070307","RaPIPOxe","RaPIPOxe_fxp",56,"fxp","RaPIPOxe","RaPIPOxe_fxp","Ponderosa Pine - Xeric",3
"3_41_31_50599",2,75,448,2071,131,1707030703,"17070306A","OBM","RaPIPOxe_fxp_17070307","RaPIPOxe","RaPIPOxe_fxp",56,"fxp","RaPIPOxe","RaPIPOxe_fxp","Ponderosa Pine - Xeric",3
"3_41_31_59254",2,74,435,2097,1872,1707030602,"17070306","OBM","RaPIPOxe_fxp_17070306A","RaPIPOxe","RaPIPOxe_fxp",56,"fxp","RaPIPOxe","RaPIPOxe_fxp","Ponderosa Pine - Xeric",3
"3_41_13_59935",2,71,432,841,1,1707030510,"17070304","OBM","RaMCONdy_fdd_1707030510","RaMCONdy","RaMCONdy_fdd",42,"fdd","RaMCONdy","RaMCONdy_fdd","Mixed Conifer - Eastside Dry",1
"3_41_13_89162",4,72,430,2127,226,1707030508,"17070305A","OEC","RaPIPOxe_fxp_17070305B","RaPIPOxe","RaPIPOxe_fxp",56,"fxp","RaPIPOxe","RaPIPOxe_fxp","Ponderosa Pine - Xeric",3
"3_41_17_73712",4,72,428,2339,338,1707030506,"17070305A","OEC","RaPICOpu_fld_OEC","RaPICOpu","RaPICOpu_fld",49,"fld","RaPICOpu","RaPICOpu_fld","Lodgepole Pine - Pumice Soils",4
"3_41_17_68053",4,72,428,2127,1278,1707030506,"17070305A","OEC","RaPIPOxe_fxp_17070305B","RaPIPOxe","RaPIPOxe_fxp",56,"fxp","RaPIPOxe","RaPIPOxe_fxp","Ponderosa Pine - Xeric",3
"3_41_17_82349",4,72,428,2127,891,1707030506,"17070305A","OEC","RaPIPOxe_fxp_17070305B","RaPIPOxe","RaPIPOxe_fxp",56,"fxp","RaPIPOxe","RaPIPOxe_fxp","Ponderosa Pine - Xeric",3
"3_41_17_77285",4,72,428,2127,961,1707030506,"17070305A","OEC","RaPIPOxe_fxp_17070305B","RaPIPOxe","RaPIPOxe_fxp",56,"fxp","RaPIPOxe","RaPIPOxe_fxp","Ponderosa Pine - Xeric",3
"3_41_17_56651",4,72,428,2127,1843,1707030506,"17070305A","OEC","RaPIPOxe_fxp_17070305B","RaPIPOxe","RaPIPOxe_fxp",56,"fxp","RaPIPOxe","RaPIPOxe_fxp","Ponderosa Pine - Xeric",3
"3_41_17_94932",4,72,428,2127,1778,1707030506,"17070305A","OEC","RaPIPOxe_fxp_17070305B","RaPIPOxe","RaPIPOxe_fxp",56,"fxp","RaPIPOxe","RaPIPOxe_fxp","Ponderosa Pine - Xeric",3
"3_41_17_77854",4,151,844,1074,1081,1712000505,"17120004","OEC","RaPIPOm_fpl_1712000505","RaPIPOm","RaPIPOm_fpl",55,"fpl","RaPIPOm","RaPIPOm_fpl","Dry Ponderosa Pine - Mesic",1
"3_41_37_51229",4,151,844,1074,1207,1712000505,"17120004","OEC","RaPIPOm_fpl_1712000505","RaPIPOm","RaPIPOm_fpl",55,"fpl","RaPIPOm","RaPIPOm_fpl","Dry Ponderosa Pine - Mesic",1
"3_41_37_51349",4,151,844,1074,1872,1712000505,"17120004","OEC","RaPIPOm_fpl_1712000505","RaPIPOm","RaPIPOm_fpl",55,"fpl","RaPIPOm","RaPIPOm_fpl","Dry Ponderosa Pine - Mesic",1
"3_41_37_61392",4,151,842,1258,3272,1712000503,"17120004","OEC","RaMCONdy_fmx_1712000503","RaMCONdy","RaMCONdy_fmx",29,"fmx","RaMCONdy","RaMCONdy_fmx","Mixed Conifer - Eastside Dry",1
"3_41_37_70700",4,151,842,2175,968,1712000503,"17120004","OEC","RaPIPOxe_fpd_17120005","RaPIPOxe","RaPIPOxe_fpd",53,"fpd","RaPIPOxe","RaPIPOxe_fpd","Ponderosa Pine - Xeric",3
"3_41_37_66312",4,151,841,1171,1221,1712000502,"17120004","OEC","RaMCONdy_fmx_1712000502","RaMCONdy","RaMCONdy_fmx",29,"fmx","RaMCONdy","RaMCONdy_fmx","Mixed Conifer - Eastside Dry",1
"3_41_37_65581",4,151,853,1273,694,1712000514,"17120004","OEC","RaMCONdy_fmx_1712000514","RaMCONdy","RaMCONdy_fmx",29,"fmx","RaMCONdy","RaMCONdy_fmx","Mixed Conifer - Eastside Dry",1
"3_41_37_66980",4,151,841,1171,1357,1712000502,"17120004","OEC","RaMCONdy_fmx_1712000502","RaMCONdy","RaMCONdy_fmx",29,"fmx","RaMCONdy","RaMCONdy_fmx","Mixed Conifer - Eastside Dry",1
"3_41_37_61578",4,151,853,1273,1209,1712000514,"17120004","OEC","RaMCONdy_fmx_1712000514","RaMCONdy","RaMCONdy_fmx",29,"fmx","RaMCONdy","RaMCONdy_fmx","Mixed Conifer - Eastside Dry",1
"3_41_37_95083",4,158,899,2322,1539,1801020202,"18010201","OEC","RaSPFI_fmz_OEC","RaSPFI","RaSPFI_fmz",26,"fmz","RaSPFI","RaSPFI_fmz","Spruce - Fir",4
"3_41_37_93906",4,158,899,2322,1561,1801020202,"18010201","OEC","RaSPFI_fmz_OEC","RaSPFI","RaSPFI_fmz",26,"fmz","RaSPFI","RaSPFI_fmz","Spruce - Fir",4
"3_41_37_59111",4,151,853,1273,1107,1712000514,"17120004","OEC","RaMCONdy_fmx_1712000514","RaMCONdy","RaMCONdy_fmx",29,"fmx","RaMCONdy","RaMCONdy_fmx","Mixed Conifer - Eastside Dry",1
"3_41_37_97824",4,158,898,2322,980,1801020201,"18010201","OEC","RaSPFI_fmz_OEC","RaSPFI","RaSPFI_fmz",26,"fmz","RaSPFI","RaSPFI_fmz","Spruce - Fir",4
"3_41_37_82846",4,158,898,1393,1114,1801020201,"18010201","OEC","RaMCONdy_fmx_1801020201","RaMCONdy","RaMCONdy_fmx",29,"fmx","RaMCONdy","RaMCONdy_fmx","Mixed Conifer - Eastside Dry",1
"3_41_37_51203",4,158,898,2322,2344,1801020201,"18010201","OEC","RaSPFI_fmz_OEC","RaSPFI","RaSPFI_fmz",26,"fmz","RaSPFI","RaSPFI_fmz","Spruce - Fir",4
"3_41_37_60168",4,158,898,1393,844,1801020201,"18010201","OEC","RaMCONdy_fmx_1801020201","RaMCONdy","RaMCONdy_fmx",29,"fmx","RaMCONdy","RaMCONdy_fmx","Mixed Conifer - Eastside Dry",1
"3_41_37_68963",4,158,898,2322,1966,1801020201,"18010201","OEC","RaSPFI_fmz_OEC","RaSPFI","RaSPFI_fmz",26,"fmz","RaSPFI","RaSPFI_fmz","Spruce - Fir",4
"3_41_37_96107",4,158,898,2322,2566,1801020201,"18010201","OEC","RaSPFI_fmz_OEC","RaSPFI","RaSPFI_fmz",26,"fmz","RaSPFI","RaSPFI_fmz","Spruce - Fir",4
"3_41_37_70451",4,158,902,1481,1460,1801020205,"18010201","OEC","RaPIPOm_fpl_1801020205","RaPIPOm","RaPIPOm_fpl",55,"fpl","RaPIPOm","RaPIPOm_fpl","Dry Ponderosa Pine - Mesic",1
"3_41_37_55051",4,158,902,2322,2744,1801020205,"18010201","OEC","RaSPFI_fmz_OEC","RaSPFI","RaSPFI_fmz",26,"fmz","RaSPFI","RaSPFI_fmz","Spruce - Fir",4
"3_41_37_54409",4,158,902,2322,1005,1801020205,"18010201","OEC","RaSPFI_fmz_OEC","RaSPFI","RaSPFI_fmz",26,"fmz","RaSPFI","RaSPFI_fmz","Spruce - Fir",4
"3_41_37_87158",4,158,902,2322,877,1801020205,"18010201","OEC","RaSPFI_fmz_OEC","RaSPFI","RaSPFI_fmz",26,"fmz","RaSPFI","RaSPFI_fmz","Spruce - Fir",4
"3_41_37_59844",4,158,901,2229,842,1801020204,"18010201","OEC","RaMCONms_fmm_18010202","RaMCONms","RaMCONms_fmm",27,"fmm","RaMCONms","RaMCONms_fmm","Mixed Conifer - Eastside Mesic",3
"3_41_37_82024",4,158,901,1567,2478,1801020204,"18010201","OEC","RaMCONdy_fmx_1801020204","RaMCONdy","RaMCONdy_fmx",29,"fmx","RaMCONdy","RaMCONdy_fmx","Mixed Conifer - Eastside Dry",1
"3_41_37_74935",4,158,901,2232,2680,1801020204,"18010201","OEC","RaPIPOxe_fpd_18010202","RaPIPOxe","RaPIPOxe_fpd",53,"fpd","RaPIPOxe","RaPIPOxe_fpd","Ponderosa Pine - Xeric",3
"3_41_37_99525",4,158,901,2232,2060,1801020204,"18010201","OEC","RaPIPOxe_fpd_18010202","RaPIPOxe","RaPIPOxe_fpd",53,"fpd","RaPIPOxe","RaPIPOxe_fpd","Ponderosa Pine - Xeric",3
"3_41_37_66155",4,158,901,1567,2675,1801020204,"18010201","OEC","RaMCONdy_fmx_1801020204","RaMCONdy","RaMCONdy_fmx",29,"fmx","RaMCONdy","RaMCONdy_fmx","Mixed Conifer - Eastside Dry",1
"3_41_37_83092",4,158,900,1630,1291,1801020203,"18010201","OEC","RaMCONdy_fmd_1801020203","RaMCONdy","RaMCONdy_fmd",28,"fmd","RaMCONdy","RaMCONdy_fmd","Mixed Conifer - Eastside Dry",1
"3_41_37_72107",4,158,900,1630,897,1801020203,"18010201","OEC","RaMCONdy_fmd_1801020203","RaMCONdy","RaMCONdy_fmd",28,"fmd","RaMCONdy","RaMCONdy_fmd","Mixed Conifer - Eastside Dry",1
"3_41_37_76971",4,158,900,1630,1697,1801020203,"18010201","OEC","RaMCONdy_fmd_1801020203","RaMCONdy","RaMCONdy_fmd",28,"fmd","RaMCONdy","RaMCONdy_fmd","Mixed Conifer - Eastside Dry",1
"3_41_37_65659",4,160,910,1623,2102,1801020405,"18010203","OEC","RaMCONdy_fmd_1801020405","RaMCONdy","RaMCONdy_fmd",28,"fmd","RaMCONdy","RaMCONdy_fmd","Mixed Conifer - Eastside Dry",1
"3_41_37_59836",4,162,922,1635,936,1802000101,"18010206","OEC","RaMCONdy_fmd_1802000101","RaMCONdy","RaMCONdy_fmd",28,"fmd","RaMCONdy","RaMCONdy_fmd","Mixed Conifer - Eastside Dry",1
"3_41_37_90759",4,162,922,1635,1550,1802000101,"18010206","OEC","RaMCONdy_fmd_1802000101","RaMCONdy","RaMCONdy_fmd",28,"fmd","RaMCONdy","RaMCONdy_fmd","Mixed Conifer - Eastside Dry",1
"3_41_37_67520",4,162,922,1635,1578,1802000101,"18010206","OEC","RaMCONdy_fmd_1802000101","RaMCONdy","RaMCONdy_fmd",28,"fmd","RaMCONdy","RaMCONdy_fmd","Mixed Conifer - Eastside Dry",1
"3_41_37_81836",4,160,910,1623,820,1801020405,"18010203","OEC","RaMCONdy_fmd_1801020405","RaMCONdy","RaMCONdy_fmd",28,"fmd","RaMCONdy","RaMCONdy_fmd","Mixed Conifer - Eastside Dry",1
"3_41_37_90051",4,160,910,1623,1815,1801020405,"18010203","OEC","RaMCONdy_fmd_1801020405","RaMCONdy","RaMCONdy_fmd",28,"fmd","RaMCONdy","RaMCONdy_fmd","Mixed Conifer - Eastside Dry",1
"3_41_37_81934",4,162,922,1635,815,1802000101,"18010206","OEC","RaMCONdy_fmd_1802000101","RaMCONdy","RaMCONdy_fmd",28,"fmd","RaMCONdy","RaMCONdy_fmd","Mixed Conifer - Eastside Dry",1
"3_41_37_85751",4,162,922,1635,1810,1802000101,"18010206","OEC","RaMCONdy_fmd_1802000101","RaMCONdy","RaMCONdy_fmd",28,"fmd","RaMCONdy","RaMCONdy_fmd","Mixed Conifer - Eastside Dry",1
"3_41_37_94536",4,160,908,1755,1222,1801020402,"18010203","OEC","RaMCONdy_fmd_1801020402","RaMCONdy","RaMCONdy_fmd",28,"fmd","RaMCONdy","RaMCONdy_fmd","Mixed Conifer - Eastside Dry",1
"8_53_7_69477",10,18,76,1811,1004,1702000901,"17020008","WEC","RaABAMlw_fsi_17020009","RaABAMlw","RaABAMlw_fsi",14,"fsi","RaABAMlw","RaABAMlw_fsi","Pacific Silver Fir - Low Elevation",3
"8_53_7_52671",10,20,84,1847,1937,1702001101,"17020010","WEC","RaMCONms_fmm_17020011","RaMCONms","RaMCONms_fmm",27,"fmm","RaMCONms","RaMCONms_fmm","Mixed Conifer - Eastside Mesic",3
"8_53_7_57816",10,20,84,2291,865,1702001101,"17020010","WEC","Na0710412_fmh_WEC","Na0710412","Na0710412_fmh",4,"fmh","Na0710412","Na0710412_fmh","North Pacific Mountain Hemlock Forest - Xeric",5
"8_53_7_50979",10,20,84,1847,1403,1702001101,"17020010","WEC","RaMCONms_fmm_17020011","RaMCONms","RaMCONms_fmm",27,"fmm","RaMCONms","RaMCONms_fmm","Mixed Conifer - Eastside Mesic",3
"8_53_7_95506",10,20,84,1847,2412,1702001101,"17020010","WEC","RaMCONms_fmm_17020011","RaMCONms","RaMCONms_fmm",27,"fmm","RaMCONms","RaMCONms_fmm","Mixed Conifer - Eastside Mesic",3
"8_53_7_71834",10,20,84,1847,2107,1702001101,"17020010","WEC","RaMCONms_fmm_17020011","RaMCONms","RaMCONms_fmm",27,"fmm","RaMCONms","RaMCONms_fmm","Mixed Conifer - Eastside Mesic",3
"8_53_7_59453",10,20,85,2291,1769,1702001102,"17020010","WEC","Na0710412_fmh_WEC","Na0710412","Na0710412_fmh",4,"fmh","Na0710412","Na0710412_fmh","North Pacific Mountain Hemlock Forest - Xeric",5
"8_53_7_84076",10,20,85,1847,1205,1702001102,"17020010","WEC","RaMCONms_fmm_17020011","RaMCONms","RaMCONms_fmm",27,"fmm","RaMCONms","RaMCONms_fmm","Mixed Conifer - Eastside Mesic",3
"8_53_7_68214",10,20,90,1841,1224,1702001107,"17020010","WEC","RaSAWD_fal_17020011","RaSAWD","RaSAWD_fal",2,"fal","RaSAWD","RaSAWD_fal","Subalpine Woodland",3
"8_53_7_91034",10,20,87,1841,1000,1702001104,"17020010","WEC","RaSAWD_fal_17020011","RaSAWD","RaSAWD_fal",2,"fal","RaSAWD","RaSAWD_fal","Subalpine Woodland",3
"8_53_7_75911",10,20,87,1847,1318,1702001104,"17020010","WEC","RaMCONms_fmm_17020011","RaMCONms","RaMCONms_fmm",27,"fmm","RaMCONms","RaMCONms_fmm","Mixed Conifer - Eastside Mesic",3
"8_53_7_88230",10,20,87,2291,1314,1702001104,"17020010","WEC","Na0710412_fmh_WEC","Na0710412","Na0710412_fmh",4,"fmh","Na0710412","Na0710412_fmh","North Pacific Mountain Hemlock Forest - Xeric",5
"8_53_7_77522",10,20,88,2291,694,1702001105,"17020010","WEC","Na0710412_fmh_WEC","Na0710412","Na0710412_fmh",4,"fmh","Na0710412","Na0710412_fmh","North Pacific Mountain Hemlock Forest - Xeric",5
"8_53_37_72093",10,26,123,2291,1238,1703000102,"17020016","WEC","Na0710412_fmh_WEC","Na0710412","Na0710412_fmh",4,"fmh","Na0710412","Na0710412_fmh","North Pacific Mountain Hemlock Forest - Xeric",5
"8_53_37_57957",10,26,123,1898,2715,1703000102,"17020016","WEC","RaMCONms_fmm_17030001","RaMCONms","RaMCONms_fmm",27,"fmm","RaMCONms","RaMCONms_fmm","Mixed Conifer - Eastside Mesic",3
"8_53_37_64164",10,26,123,1898,1569,1703000102,"17020016","WEC","RaMCONms_fmm_17030001","RaMCONms","RaMCONms_fmm",27,"fmm","RaMCONms","RaMCONms_fmm","Mixed Conifer - Eastside Mesic",3
"8_53_37_89062",10,26,123,2291,1095,1703000102,"17020016","WEC","Na0710412_fmh_WEC","Na0710412","Na0710412_fmh",4,"fmh","Na0710412","Na0710412_fmh","North Pacific Mountain Hemlock Forest - Xeric",5
"8_53_37_68221",10,26,123,186,2704,1703000102,"17020016","WEC","RaMCONdy_fmd_1703000102","RaMCONdy","RaMCONdy_fmd",28,"fmd","RaMCONdy","RaMCONdy_fmd","Mixed Conifer - Eastside Dry",1
"8_53_37_68378",10,26,126,190,1062,1703000105,"17020016","WEC","RaMCONdy_fmd_1703000105","RaMCONdy","RaMCONdy_fmd",28,"fmd","RaMCONdy","RaMCONdy_fmd","Mixed Conifer - Eastside Dry",1
"8_53_37_91242",10,26,126,190,2021,1703000105,"17020016","WEC","RaMCONdy_fmd_1703000105","RaMCONdy","RaMCONdy_fmd",28,"fmd","RaMCONdy","RaMCONdy_fmd","Mixed Conifer - Eastside Dry",1
"8_53_37_82778",10,26,126,190,2623,1703000105,"17020016","WEC","RaMCONdy_fmd_1703000105","RaMCONdy","RaMCONdy_fmd",28,"fmd","RaMCONdy","RaMCONdy_fmd","Mixed Conifer - Eastside Dry",1
"8_53_37_86437",10,26,126,190,1722,1703000105,"17020016","WEC","RaMCONdy_fmd_1703000105","RaMCONdy","RaMCONdy_fmd",28,"fmd","RaMCONdy","RaMCONdy_fmd","Mixed Conifer - Eastside Dry",1
"8_53_37_90678",10,26,126,2291,1862,1703000105,"17020016","WEC","Na0710412_fmh_WEC","Na0710412","Na0710412_fmh",4,"fmh","Na0710412","Na0710412_fmh","North Pacific Mountain Hemlock Forest - Xeric",5
"8_53_37_61632",10,26,127,217,2917,1703000106,"17020016","WEC","RaMCONdy_fmd_1703000106","RaMCONdy","RaMCONdy_fmd",28,"fmd","RaMCONdy","RaMCONdy_fmd","Mixed Conifer - Eastside Dry",1
"8_53_77_77886",10,26,127,217,1692,1703000106,"17020016","WEC","RaMCONdy_fmd_1703000106","RaMCONdy","RaMCONdy_fmd",28,"fmd","RaMCONdy","RaMCONdy_fmd","Mixed Conifer - Eastside Dry",1
"8_53_77_88313",10,27,130,216,1926,1703000202,"17030001","WEC","RaMCONdy_fmd_1703000202","RaMCONdy","RaMCONdy_fmd",28,"fmd","RaMCONdy","RaMCONdy_fmd","Mixed Conifer - Eastside Dry",1
"8_53_77_84417",10,27,131,230,524,1703000203,"17030001","WEC","RaMCONdy_fmd_1703000203","RaMCONdy","RaMCONdy_fmd",28,"fmd","RaMCONdy","RaMCONdy_fmd","Mixed Conifer - Eastside Dry",1
"5_53_73_73332",11,130,738,2288,1188,1711000505,"17110004","WNC","RaABLA_faf_WNC","RaABLA","RaABLA_faf",8,"faf","RaABLA","RaABLA_faf","Subalpine Fir",4
"8_53_77_81260",10,28,137,277,399,1703000306,"17030002","WEC","RaMCONdy_fmd_1703000306","RaMCONdy","RaMCONdy_fmd",28,"fmd","RaMCONdy","RaMCONdy_fmd","Mixed Conifer - Eastside Dry",1
"8_53_77_73435",10,28,137,277,1605,1703000306,"17030002","WEC","RaMCONdy_fmd_1703000306","RaMCONdy","RaMCONdy_fmd",28,"fmd","RaMCONdy","RaMCONdy_fmd","Mixed Conifer - Eastside Dry",1
"8_53_77_80338",10,28,139,292,1771,1703000308,"17030002","WEC","RaMCONdy_fmd_1703000308","RaMCONdy","RaMCONdy_fmd",28,"fmd","RaMCONdy","RaMCONdy_fmd","Mixed Conifer - Eastside Dry",1
"8_53_77_87172",10,28,139,292,2943,1703000308,"17030002","WEC","RaMCONdy_fmd_1703000308","RaMCONdy","RaMCONdy_fmd",28,"fmd","RaMCONdy","RaMCONdy_fmd","Mixed Conifer - Eastside Dry",1
"8_53_77_53197",10,28,139,292,932,1703000308,"17030002","WEC","RaMCONdy_fmd_1703000308","RaMCONdy","RaMCONdy_fmd",28,"fmd","RaMCONdy","RaMCONdy_fmd","Mixed Conifer - Eastside Dry",1
"5_53_73_91964",11,130,738,1782,1113,1711000505,"17110004","WNC","RaDFHEdy_fdg_17110005","RaDFHEdy","RaDFHEdy_fdg",24,"fdg","RaDFHEdy","RaDFHEdy_fdg","Douglas-fir Hemlock-Dry Mesic",3
"5_53_73_86551",11,130,738,1782,1942,1711000505,"17110004","WNC","RaDFHEdy_fdg_17110005","RaDFHEdy","RaDFHEdy_fdg",24,"fdg","RaDFHEdy","RaDFHEdy_fdg","Douglas-fir Hemlock-Dry Mesic",3
"8_53_39_96841",10,28,138,2291,986,1703000307,"17030002","WEC","Na0710412_fmh_WEC","Na0710412","Na0710412_fmh",4,"fmh","Na0710412","Na0710412_fmh","North Pacific Mountain Hemlock Forest - Xeric",5
"8_53_39_84281",10,62,342,335,1143,1707010603,"17070105C","WEC","RaMCONdy_fmd_1707010603","RaMCONdy","RaMCONdy_fmd",28,"fmd","RaMCONdy","RaMCONdy_fmd","Mixed Conifer - Eastside Dry",1
"8_53_39_80102",10,62,342,1962,1146,1707010603,"17070105C","WEC","RaMCONms_fmm_17070106","RaMCONms","RaMCONms_fmm",27,"fmm","RaMCONms","RaMCONms_fmm","Mixed Conifer - Eastside Mesic",3
"5_53_73_50367",11,130,738,1782,1077,1711000505,"17110004","WNC","RaDFHEdy_fdg_17110005","RaDFHEdy","RaDFHEdy_fdg",24,"fdg","RaDFHEdy","RaDFHEdy_fdg","Douglas-fir Hemlock-Dry Mesic",3
"5_53_73_76488",11,130,738,1780,1458,1711000505,"17110004","WNC","RaABAMlw_fwc_17110005","RaABAMlw","RaABAMlw_fwc",35,"fwc","RaABAMlw","RaABAMlw_fwc","Pacific Silver Fir - Low Elevation",3
"5_53_57_83051",11,130,738,2288,1211,1711000505,"17110004","WNC","RaABLA_faf_WNC","RaABLA","RaABLA_faf",8,"faf","RaABLA","RaABLA_faf","Subalpine Fir",4
"5_53_57_51263",11,130,738,2287,1143,1711000505,"17110004","WNC","Na0710412_fmc_WNC","Na0710412","Na0710412_fmc",7,"fmc","Na0710412","Na0710412_fmc","North Pacific Mountain Hemlock Forest - Xeric",5
"5_53_57_85342",11,130,738,2288,1057,1711000505,"17110004","WNC","RaABLA_faf_WNC","RaABLA","RaABLA_faf",8,"faf","RaABLA","RaABLA_faf","Subalpine Fir",4
"3_41_13_73901",2,75,446,2071,711,1707030701,"17070306A","OBM","RaPIPOxe_fxp_17070307","RaPIPOxe","RaPIPOxe_fxp",56,"fxp","RaPIPOxe","RaPIPOxe_fxp","Ponderosa Pine - Xeric",3
"3_41_13_57664",2,74,435,798,841,1707030602,"17070306","OBM","RaMCONdy_fdd_1707030602","RaMCONdy","RaMCONdy_fdd",42,"fdd","RaMCONdy","RaMCONdy_fdd","Mixed Conifer - Eastside Dry",1
"3_41_13_91259",2,71,427,2103,142,1707030505,"17070304","OBM","RaPIPOxe_fxp_17070305A","RaPIPOxe","RaPIPOxe_fxp",56,"fxp","RaPIPOxe","RaPIPOxe_fxp","Ponderosa Pine - Xeric",3
"3_41_17_61390",4,72,429,2127,518,1707030507,"17070305A","OEC","RaPIPOxe_fxp_17070305B","RaPIPOxe","RaPIPOxe_fxp",56,"fxp","RaPIPOxe","RaPIPOxe_fxp","Ponderosa Pine - Xeric",3
"3_41_17_98126",4,72,428,2127,2234,1707030506,"17070305A","OEC","RaPIPOxe_fxp_17070305B","RaPIPOxe","RaPIPOxe_fxp",56,"fxp","RaPIPOxe","RaPIPOxe_fxp","Ponderosa Pine - Xeric",3
"3_41_17_81596",4,72,428,2127,1276,1707030506,"17070305A","OEC","RaPIPOxe_fxp_17070305B","RaPIPOxe","RaPIPOxe_fxp",56,"fxp","RaPIPOxe","RaPIPOxe_fxp","Ponderosa Pine - Xeric",3
"3_41_17_68035",4,72,428,2127,1306,1707030506,"17070305A","OEC","RaPIPOxe_fxp_17070305B","RaPIPOxe","RaPIPOxe_fxp",56,"fxp","RaPIPOxe","RaPIPOxe_fxp","Ponderosa Pine - Xeric",3
"3_41_17_58470",4,151,847,2176,2051,1712000508,"17120004","OEC","RaPIPOxe_fxp_17120005","RaPIPOxe","RaPIPOxe_fxp",56,"fxp","RaPIPOxe","RaPIPOxe_fxp","Ponderosa Pine - Xeric",3
"3_41_17_89878",4,72,428,2127,675,1707030506,"17070305A","OEC","RaPIPOxe_fxp_17070305B","RaPIPOxe","RaPIPOxe_fxp",56,"fxp","RaPIPOxe","RaPIPOxe_fxp","Ponderosa Pine - Xeric",3
"3_41_37_99889",4,151,847,2176,820,1712000508,"17120004","OEC","RaPIPOxe_fxp_17120005","RaPIPOxe","RaPIPOxe_fxp",56,"fxp","RaPIPOxe","RaPIPOxe_fxp","Ponderosa Pine - Xeric",3
"3_41_37_54873",4,151,847,2176,1196,1712000508,"17120004","OEC","RaPIPOxe_fxp_17120005","RaPIPOxe","RaPIPOxe_fxp",56,"fxp","RaPIPOxe","RaPIPOxe_fxp","Ponderosa Pine - Xeric",3
"3_41_37_78622",4,151,847,2176,1875,1712000508,"17120004","OEC","RaPIPOxe_fxp_17120005","RaPIPOxe","RaPIPOxe_fxp",56,"fxp","RaPIPOxe","RaPIPOxe_fxp","Ponderosa Pine - Xeric",3
"3_41_37_65293",4,151,847,2176,1703,1712000508,"17120004","OEC","RaPIPOxe_fxp_17120005","RaPIPOxe","RaPIPOxe_fxp",56,"fxp","RaPIPOxe","RaPIPOxe_fxp","Ponderosa Pine - Xeric",3
"3_41_37_72279",4,151,847,2176,1008,1712000508,"17120004","OEC","RaPIPOxe_fxp_17120005","RaPIPOxe","RaPIPOxe_fxp",56,"fxp","RaPIPOxe","RaPIPOxe_fxp","Ponderosa Pine - Xeric",3
"3_41_37_54023",4,151,842,1258,2116,1712000503,"17120004","OEC","RaMCONdy_fmx_1712000503","RaMCONdy","RaMCONdy_fmx",29,"fmx","RaMCONdy","RaMCONdy_fmx","Mixed Conifer - Eastside Dry",1
"3_41_37_78729",4,151,853,2322,1248,1712000514,"17120004","OEC","RaSPFI_fmz_OEC","RaSPFI","RaSPFI_fmz",26,"fmz","RaSPFI","RaSPFI_fmz","Spruce - Fir",4
"3_41_37_59158",4,151,853,2176,1497,1712000514,"17120004","OEC","RaPIPOxe_fxp_17120005","RaPIPOxe","RaPIPOxe_fxp",56,"fxp","RaPIPOxe","RaPIPOxe_fxp","Ponderosa Pine - Xeric",3
"3_41_37_62693",4,151,853,2176,838,1712000514,"17120004","OEC","RaPIPOxe_fxp_17120005","RaPIPOxe","RaPIPOxe_fxp",56,"fxp","RaPIPOxe","RaPIPOxe_fxp","Ponderosa Pine - Xeric",3
"3_41_37_93285",4,151,853,2175,1586,1712000514,"17120004","OEC","RaPIPOxe_fpd_17120005","RaPIPOxe","RaPIPOxe_fpd",53,"fpd","RaPIPOxe","RaPIPOxe_fpd","Ponderosa Pine - Xeric",3
"8_53_7_61659",10,18,76,1814,830,1702000901,"17020008","WEC","RaMCONms_fmm_17020009","RaMCONms","RaMCONms_fmm",27,"fmm","RaMCONms","RaMCONms_fmm","Mixed Conifer - Eastside Mesic",3
"3_41_37_83056",4,151,853,1273,970,1712000514,"17120004","OEC","RaMCONdy_fmx_1712000514","RaMCONdy","RaMCONdy_fmx",29,"fmx","RaMCONdy","RaMCONdy_fmx","Mixed Conifer - Eastside Dry",1
"3_41_37_99633",4,151,853,1273,2356,1712000514,"17120004","OEC","RaMCONdy_fmx_1712000514","RaMCONdy","RaMCONdy_fmx",29,"fmx","RaMCONdy","RaMCONdy_fmx","Mixed Conifer - Eastside Dry",1
"3_41_37_68970",4,158,898,1393,1663,1801020201,"18010201","OEC","RaMCONdy_fmx_1801020201","RaMCONdy","RaMCONdy_fmx",29,"fmx","RaMCONdy","RaMCONdy_fmx","Mixed Conifer - Eastside Dry",1
"3_41_37_96729",4,151,853,2322,1207,1712000514,"17120004","OEC","RaSPFI_fmz_OEC","RaSPFI","RaSPFI_fmz",26,"fmz","RaSPFI","RaSPFI_fmz","Spruce - Fir",4
"3_41_37_52437",4,158,898,1395,1462,1801020201,"18010201","OEC","RaPIPOm_fpl_1801020201","RaPIPOm","RaPIPOm_fpl",55,"fpl","RaPIPOm","RaPIPOm_fpl","Dry Ponderosa Pine - Mesic",1
"3_41_37_92603",4,158,898,2322,1211,1801020201,"18010201","OEC","RaSPFI_fmz_OEC","RaSPFI","RaSPFI_fmz",26,"fmz","RaSPFI","RaSPFI_fmz","Spruce - Fir",4
"3_41_37_76269",4,158,898,2229,1034,1801020201,"18010201","OEC","RaMCONms_fmm_18010202","RaMCONms","RaMCONms_fmm",27,"fmm","RaMCONms","RaMCONms_fmm","Mixed Conifer - Eastside Mesic",3
"3_41_37_73045",4,158,902,2229,1130,1801020205,"18010201","OEC","RaMCONms_fmm_18010202","RaMCONms","RaMCONms_fmm",27,"fmm","RaMCONms","RaMCONms_fmm","Mixed Conifer - Eastside Mesic",3
"3_41_37_59394",4,158,902,2246,1653,1801020205,"18010201","OEC","RaSAWD_fal_18010202","RaSAWD","RaSAWD_fal",2,"fal","RaSAWD","RaSAWD_fal","Subalpine Woodland",3
"3_41_37_91135",4,158,902,2246,2751,1801020205,"18010201","OEC","RaSAWD_fal_18010202","RaSAWD","RaSAWD_fal",2,"fal","RaSAWD","RaSAWD_fal","Subalpine Woodland",3
"3_41_37_66518",4,158,901,1567,2846,1801020204,"18010201","OEC","RaMCONdy_fmx_1801020204","RaMCONdy","RaMCONdy_fmx",29,"fmx","RaMCONdy","RaMCONdy_fmx","Mixed Conifer - Eastside Dry",1
"3_41_37_69375",4,158,901,1567,3133,1801020204,"18010201","OEC","RaMCONdy_fmx_1801020204","RaMCONdy","RaMCONdy_fmx",29,"fmx","RaMCONdy","RaMCONdy_fmx","Mixed Conifer - Eastside Dry",1
"3_41_37_58152",4,158,901,1567,2296,1801020204,"18010201","OEC","RaMCONdy_fmx_1801020204","RaMCONdy","RaMCONdy_fmx",29,"fmx","RaMCONdy","RaMCONdy_fmx","Mixed Conifer - Eastside Dry",1
"3_41_37_79895",4,158,901,1567,1534,1801020204,"18010201","OEC","RaMCONdy_fmx_1801020204","RaMCONdy","RaMCONdy_fmx",29,"fmx","RaMCONdy","RaMCONdy_fmx","Mixed Conifer - Eastside Dry",1
"3_41_37_79320",4,158,901,2232,998,1801020204,"18010201","OEC","RaPIPOxe_fpd_18010202","RaPIPOxe","RaPIPOxe_fpd",53,"fpd","RaPIPOxe","RaPIPOxe_fpd","Ponderosa Pine - Xeric",3
"3_41_37_69810",4,162,922,1635,2163,1802000101,"18010206","OEC","RaMCONdy_fmd_1802000101","RaMCONdy","RaMCONdy_fmd",28,"fmd","RaMCONdy","RaMCONdy_fmd","Mixed Conifer - Eastside Dry",1
"3_41_37_62797",4,162,922,1635,2124,1802000101,"18010206","OEC","RaMCONdy_fmd_1802000101","RaMCONdy","RaMCONdy_fmd",28,"fmd","RaMCONdy","RaMCONdy_fmd","Mixed Conifer - Eastside Dry",1
"3_41_37_91014",4,162,922,1635,1648,1802000101,"18010206","OEC","RaMCONdy_fmd_1802000101","RaMCONdy","RaMCONdy_fmd",28,"fmd","RaMCONdy","RaMCONdy_fmd","Mixed Conifer - Eastside Dry",1
"8_53_7_96313",10,18,76,1814,3156,1702000901,"17020008","WEC","RaMCONms_fmm_17020009","RaMCONms","RaMCONms_fmm",27,"fmm","RaMCONms","RaMCONms_fmm","Mixed Conifer - Eastside Mesic",3
"3_41_37_87382",4,158,900,1630,2010,1801020203,"18010201","OEC","RaMCONdy_fmd_1801020203","RaMCONdy","RaMCONdy_fmd",28,"fmd","RaMCONdy","RaMCONdy_fmd","Mixed Conifer - Eastside Dry",1
"3_41_37_74188",4,162,922,1635,888,1802000101,"18010206","OEC","RaMCONdy_fmd_1802000101","RaMCONdy","RaMCONdy_fmd",28,"fmd","RaMCONdy","RaMCONdy_fmd","Mixed Conifer - Eastside Dry",1
"3_41_37_82445",4,162,922,2264,1209,1802000101,"18010206","OEC","RaPIPOxe_fxp_18020001","RaPIPOxe","RaPIPOxe_fxp",56,"fxp","RaPIPOxe","RaPIPOxe_fxp","Ponderosa Pine - Xeric",3
"3_41_37_75819",4,162,922,2264,1351,1802000101,"18010206","OEC","RaPIPOxe_fxp_18020001","RaPIPOxe","RaPIPOxe_fxp",56,"fxp","RaPIPOxe","RaPIPOxe_fxp","Ponderosa Pine - Xeric",3
"3_41_37_81381",4,162,922,1635,1778,1802000101,"18010206","OEC","RaMCONdy_fmd_1802000101","RaMCONdy","RaMCONdy_fmd",28,"fmd","RaMCONdy","RaMCONdy_fmd","Mixed Conifer - Eastside Dry",1
"3_41_37_51810",4,162,922,2264,1209,1802000101,"18010206","OEC","RaPIPOxe_fxp_18020001","RaPIPOxe","RaPIPOxe_fxp",56,"fxp","RaPIPOxe","RaPIPOxe_fxp","Ponderosa Pine - Xeric",3
"3_41_37_55012",4,162,922,1635,1616,1802000101,"18010206","OEC","RaMCONdy_fmd_1802000101","RaMCONdy","RaMCONdy_fmd",28,"fmd","RaMCONdy","RaMCONdy_fmd","Mixed Conifer - Eastside Dry",1
"3_41_37_90777",4,160,908,2261,223,1801020402,"18010203","OEC","RaPIPOxe_fpd_18010204","RaPIPOxe","RaPIPOxe_fpd",53,"fpd","RaPIPOxe","RaPIPOxe_fpd","Ponderosa Pine - Xeric",3
"8_53_7_91381",10,18,76,1814,814,1702000901,"17020008","WEC","RaMCONms_fmm_17020009","RaMCONms","RaMCONms_fmm",27,"fmm","RaMCONms","RaMCONms_fmm","Mixed Conifer - Eastside Mesic",3
"8_53_7_80444",10,18,77,2291,700,1702000902,"17020008","WEC","Na0710412_fmh_WEC","Na0710412","Na0710412_fmh",4,"fmh","Na0710412","Na0710412_fmh","North Pacific Mountain Hemlock Forest - Xeric",5
"8_53_7_51304",10,20,86,1841,1507,1702001103,"17020010","WEC","RaSAWD_fal_17020011","RaSAWD","RaSAWD_fal",2,"fal","RaSAWD","RaSAWD_fal","Subalpine Woodland",3
"8_53_7_62890",10,20,84,1847,1633,1702001101,"17020010","WEC","RaMCONms_fmm_17020011","RaMCONms","RaMCONms_fmm",27,"fmm","RaMCONms","RaMCONms_fmm","Mixed Conifer - Eastside Mesic",3
"8_53_7_75092",10,20,84,1847,2625,1702001101,"17020010","WEC","RaMCONms_fmm_17020011","RaMCONms","RaMCONms_fmm",27,"fmm","RaMCONms","RaMCONms_fmm","Mixed Conifer - Eastside Mesic",3
"8_53_7_78907",10,20,84,1847,2840,1702001101,"17020010","WEC","RaMCONms_fmm_17020011","RaMCONms","RaMCONms_fmm",27,"fmm","RaMCONms","RaMCONms_fmm","Mixed Conifer - Eastside Mesic",3
"8_53_7_59997",10,20,85,1847,2008,1702001102,"17020010","WEC","RaMCONms_fmm_17020011","RaMCONms","RaMCONms_fmm",27,"fmm","RaMCONms","RaMCONms_fmm","Mixed Conifer - Eastside Mesic",3
"8_53_7_67500",10,20,85,1847,2368,1702001102,"17020010","WEC","RaMCONms_fmm_17020011","RaMCONms","RaMCONms_fmm",27,"fmm","RaMCONms","RaMCONms_fmm","Mixed Conifer - Eastside Mesic",3
"8_53_7_82706",10,20,85,2291,2653,1702001102,"17020010","WEC","Na0710412_fmh_WEC","Na0710412","Na0710412_fmh",4,"fmh","Na0710412","Na0710412_fmh","North Pacific Mountain Hemlock Forest - Xeric",5
"8_53_7_85989",10,20,87,1847,2473,1702001104,"17020010","WEC","RaMCONms_fmm_17020011","RaMCONms","RaMCONms_fmm",27,"fmm","RaMCONms","RaMCONms_fmm","Mixed Conifer - Eastside Mesic",3
"8_53_7_74432",10,20,87,2291,895,1702001104,"17020010","WEC","Na0710412_fmh_WEC","Na0710412","Na0710412_fmh",4,"fmh","Na0710412","Na0710412_fmh","North Pacific Mountain Hemlock Forest - Xeric",5
"8_53_37_67792",10,26,123,2291,1376,1703000102,"17020016","WEC","Na0710412_fmh_WEC","Na0710412","Na0710412_fmh",4,"fmh","Na0710412","Na0710412_fmh","North Pacific Mountain Hemlock Forest - Xeric",5
"8_53_37_98959",10,26,123,1898,1069,1703000102,"17020016","WEC","RaMCONms_fmm_17030001","RaMCONms","RaMCONms_fmm",27,"fmm","RaMCONms","RaMCONms_fmm","Mixed Conifer - Eastside Mesic",3
"8_53_37_87482",10,26,123,1898,835,1703000102,"17020016","WEC","RaMCONms_fmm_17030001","RaMCONms","RaMCONms_fmm",27,"fmm","RaMCONms","RaMCONms_fmm","Mixed Conifer - Eastside Mesic",3
"8_53_37_76220",10,26,123,1898,1356,1703000102,"17020016","WEC","RaMCONms_fmm_17030001","RaMCONms","RaMCONms_fmm",27,"fmm","RaMCONms","RaMCONms_fmm","Mixed Conifer - Eastside Mesic",3
"8_53_37_61094",10,26,123,186,1935,1703000102,"17020016","WEC","RaMCONdy_fmd_1703000102","RaMCONdy","RaMCONdy_fmd",28,"fmd","RaMCONdy","RaMCONdy_fmd","Mixed Conifer - Eastside Dry",1
"8_53_37_87672",10,26,123,186,1782,1703000102,"17020016","WEC","RaMCONdy_fmd_1703000102","RaMCONdy","RaMCONdy_fmd",28,"fmd","RaMCONdy","RaMCONdy_fmd","Mixed Conifer - Eastside Dry",1
"8_53_37_82542",10,26,123,186,1256,1703000102,"17020016","WEC","RaMCONdy_fmd_1703000102","RaMCONdy","RaMCONdy_fmd",28,"fmd","RaMCONdy","RaMCONdy_fmd","Mixed Conifer - Eastside Dry",1
"8_53_37_66858",10,26,124,191,1587,1703000103,"17020016","WEC","RaMCONdy_fmd_1703000103","RaMCONdy","RaMCONdy_fmd",28,"fmd","RaMCONdy","RaMCONdy_fmd","Mixed Conifer - Eastside Dry",1
"5_53_73_71539",11,130,737,2288,846,1711000504,"17110004","WNC","RaABLA_faf_WNC","RaABLA","RaABLA_faf",8,"faf","RaABLA","RaABLA_faf","Subalpine Fir",4
"8_53_37_53501",10,26,126,190,1846,1703000105,"17020016","WEC","RaMCONdy_fmd_1703000105","RaMCONdy","RaMCONdy_fmd",28,"fmd","RaMCONdy","RaMCONdy_fmd","Mixed Conifer - Eastside Dry",1
"8_53_37_60668",10,26,126,190,1461,1703000105,"17020016","WEC","RaMCONdy_fmd_1703000105","RaMCONdy","RaMCONdy_fmd",28,"fmd","RaMCONdy","RaMCONdy_fmd","Mixed Conifer - Eastside Dry",1
"8_53_37_52539",10,26,127,217,1472,1703000106,"17020016","WEC","RaMCONdy_fmd_1703000106","RaMCONdy","RaMCONdy_fmd",28,"fmd","RaMCONdy","RaMCONdy_fmd","Mixed Conifer - Eastside Dry",1
"8_53_37_94683",10,26,127,217,1413,1703000106,"17020016","WEC","RaMCONdy_fmd_1703000106","RaMCONdy","RaMCONdy_fmd",28,"fmd","RaMCONdy","RaMCONdy_fmd","Mixed Conifer - Eastside Dry",1
"8_53_77_67990",10,26,127,217,2279,1703000106,"17020016","WEC","RaMCONdy_fmd_1703000106","RaMCONdy","RaMCONdy_fmd",28,"fmd","RaMCONdy","RaMCONdy_fmd","Mixed Conifer - Eastside Dry",1
"8_53_77_86731",10,26,127,217,2945,1703000106,"17020016","WEC","RaMCONdy_fmd_1703000106","RaMCONdy","RaMCONdy_fmd",28,"fmd","RaMCONdy","RaMCONdy_fmd","Mixed Conifer - Eastside Dry",1
"8_53_77_53642",10,27,131,230,232,1703000203,"17030001","WEC","RaMCONdy_fmd_1703000203","RaMCONdy","RaMCONdy_fmd",28,"fmd","RaMCONdy","RaMCONdy_fmd","Mixed Conifer - Eastside Dry",1
"5_53_73_88677",11,130,739,2288,738,1711000506,"17110004","WNC","RaABLA_faf_WNC","RaABLA","RaABLA_faf",8,"faf","RaABLA","RaABLA_faf","Subalpine Fir",4
"8_53_77_92009",10,28,132,248,120,1703000301,"17030002","WEC","RaMCONdy_fmd_1703000301","RaMCONdy","RaMCONdy_fmd",28,"fmd","RaMCONdy","RaMCONdy_fmd","Mixed Conifer - Eastside Dry",1
"5_53_73_62752",11,130,739,1777,945,1711000506,"17110004","WNC","RaSAWD_fal_17110005","RaSAWD","RaSAWD_fal",2,"fal","RaSAWD","RaSAWD_fal","Subalpine Woodland",3
"8_53_77_86933",10,28,137,277,86,1703000306,"17030002","WEC","RaMCONdy_fmd_1703000306","RaMCONdy","RaMCONdy_fmd",28,"fmd","RaMCONdy","RaMCONdy_fmd","Mixed Conifer - Eastside Dry",1
"8_53_77_83338",10,28,139,292,1363,1703000308,"17030002","WEC","RaMCONdy_fmd_1703000308","RaMCONdy","RaMCONdy_fmd",28,"fmd","RaMCONdy","RaMCONdy_fmd","Mixed Conifer - Eastside Dry",1
"8_53_77_84459",10,28,138,1953,2171,1703000307,"17030002","WEC","RaMCONms_fmm_17030003","RaMCONms","RaMCONms_fmm",27,"fmm","RaMCONms","RaMCONms_fmm","Mixed Conifer - Eastside Mesic",3
"8_53_77_75010",10,28,138,300,1617,1703000307,"17030002","WEC","RaMCONdy_fmd_1703000307","RaMCONdy","RaMCONdy_fmd",28,"fmd","RaMCONdy","RaMCONdy_fmd","Mixed Conifer - Eastside Dry",1
"5_53_73_72553",11,130,738,1782,974,1711000505,"17110004","WNC","RaDFHEdy_fdg_17110005","RaDFHEdy","RaDFHEdy_fdg",24,"fdg","RaDFHEdy","RaDFHEdy_fdg","Douglas-fir Hemlock-Dry Mesic",3
"8_53_39_88674",10,62,342,335,1527,1707010603,"17070105C","WEC","RaMCONdy_fmd_1707010603","RaMCONdy","RaMCONdy_fmd",28,"fmd","RaMCONdy","RaMCONdy_fmd","Mixed Conifer - Eastside Dry",1
"8_53_39_80255",10,62,342,335,963,1707010603,"17070105C","WEC","RaMCONdy_fmd_1707010603","RaMCONdy","RaMCONdy_fmd",28,"fmd","RaMCONdy","RaMCONdy_fmd","Mixed Conifer - Eastside Dry",1
"5_53_73_93147",11,130,738,1777,787,1711000505,"17110004","WNC","RaSAWD_fal_17110005","RaSAWD","RaSAWD_fal",2,"fal","RaSAWD","RaSAWD_fal","Subalpine Woodland",3
"5_53_73_77357",11,130,738,2288,622,1711000505,"17110004","WNC","RaABLA_faf_WNC","RaABLA","RaABLA_faf",8,"faf","RaABLA","RaABLA_faf","Subalpine Fir",4
"5_53_57_59718",11,130,738,1780,1426,1711000505,"17110004","WNC","RaABAMlw_fwc_17110005","RaABAMlw","RaABAMlw_fwc",35,"fwc","RaABAMlw","RaABAMlw_fwc","Pacific Silver Fir - Low Elevation",3
"5_53_57_90500",11,130,738,2288,829,1711000505,"17110004","WNC","RaABLA_faf_WNC","RaABLA","RaABLA_faf",8,"faf","RaABLA","RaABLA_faf","Subalpine Fir",4
"3_41_31_86279",2,75,446,2071,6,1707030701,"17070306A","OBM","RaPIPOxe_fxp_17070307","RaPIPOxe","RaPIPOxe_fxp",56,"fxp","RaPIPOxe","RaPIPOxe_fxp","Ponderosa Pine - Xeric",3
"5_53_57_57775",11,130,738,2288,1093,1711000505,"17110004","WNC","RaABLA_faf_WNC","RaABLA","RaABLA_faf",8,"faf","RaABLA","RaABLA_faf","Subalpine Fir",4
"3_41_31_51167",2,75,448,2071,298,1707030703,"17070306A","OBM","RaPIPOxe_fxp_17070307","RaPIPOxe","RaPIPOxe_fxp",56,"fxp","RaPIPOxe","RaPIPOxe_fxp","Ponderosa Pine - Xeric",3
"3_41_31_65348",2,75,448,739,891,1707030703,"17070306A","OBM","RaMCONdy_fdd_1707030703","RaMCONdy","RaMCONdy_fdd",42,"fdd","RaMCONdy","RaMCONdy_fdd","Mixed Conifer - Eastside Dry",1
"3_41_13_66201",2,71,427,2103,1062,1707030505,"17070304","OBM","RaPIPOxe_fxp_17070305A","RaPIPOxe","RaPIPOxe_fxp",56,"fxp","RaPIPOxe","RaPIPOxe_fxp","Ponderosa Pine - Xeric",3
"3_41_13_96368",2,71,427,2103,1020,1707030505,"17070304","OBM","RaPIPOxe_fxp_17070305A","RaPIPOxe","RaPIPOxe_fxp",56,"fxp","RaPIPOxe","RaPIPOxe_fxp","Ponderosa Pine - Xeric",3
"3_41_13_93009",2,71,423,2103,3,1707030501,"17070304","OBM","RaPIPOxe_fxp_17070305A","RaPIPOxe","RaPIPOxe_fxp",56,"fxp","RaPIPOxe","RaPIPOxe_fxp","Ponderosa Pine - Xeric",3
"3_41_13_82315",4,72,430,2127,17,1707030508,"17070305A","OEC","RaPIPOxe_fxp_17070305B","RaPIPOxe","RaPIPOxe_fxp",56,"fxp","RaPIPOxe","RaPIPOxe_fxp","Ponderosa Pine - Xeric",3
"3_41_17_61799",2,70,421,2123,1,1707030407,"17070303","OBM","RaPIPOxe_fxp_17070304","RaPIPOxe","RaPIPOxe_fxp",56,"fxp","RaPIPOxe","RaPIPOxe_fxp","Ponderosa Pine - Xeric",3
"3_41_17_66766",4,72,428,2127,1662,1707030506,"17070305A","OEC","RaPIPOxe_fxp_17070305B","RaPIPOxe","RaPIPOxe_fxp",56,"fxp","RaPIPOxe","RaPIPOxe_fxp","Ponderosa Pine - Xeric",3
"3_41_17_74757",4,72,428,2127,2495,1707030506,"17070305A","OEC","RaPIPOxe_fxp_17070305B","RaPIPOxe","RaPIPOxe_fxp",56,"fxp","RaPIPOxe","RaPIPOxe_fxp","Ponderosa Pine - Xeric",3
"8_53_7_85732",10,18,76,1814,1360,1702000901,"17020008","WEC","RaMCONms_fmm_17020009","RaMCONms","RaMCONms_fmm",27,"fmm","RaMCONms","RaMCONms_fmm","Mixed Conifer - Eastside Mesic",3
"3_41_37_93181",4,151,847,2176,1302,1712000508,"17120004","OEC","RaPIPOxe_fxp_17120005","RaPIPOxe","RaPIPOxe_fxp",56,"fxp","RaPIPOxe","RaPIPOxe_fxp","Ponderosa Pine - Xeric",3
"8_53_7_74535",10,18,76,1814,1125,1702000901,"17020008","WEC","RaMCONms_fmm_17020009","RaMCONms","RaMCONms_fmm",27,"fmm","RaMCONms","RaMCONms_fmm","Mixed Conifer - Eastside Mesic",3
"3_41_37_86451",4,151,853,2176,909,1712000514,"17120004","OEC","RaPIPOxe_fxp_17120005","RaPIPOxe","RaPIPOxe_fxp",56,"fxp","RaPIPOxe","RaPIPOxe_fxp","Ponderosa Pine - Xeric",3
"3_41_37_97973",4,151,853,1273,3335,1712000514,"17120004","OEC","RaMCONdy_fmx_1712000514","RaMCONdy","RaMCONdy_fmx",29,"fmx","RaMCONdy","RaMCONdy_fmx","Mixed Conifer - Eastside Dry",1
"3_41_37_87695",4,158,898,2246,1986,1801020201,"18010201","OEC","RaSAWD_fal_18010202","RaSAWD","RaSAWD_fal",2,"fal","RaSAWD","RaSAWD_fal","Subalpine Woodland",3
"3_41_37_84073",4,158,898,1395,1161,1801020201,"18010201","OEC","RaPIPOm_fpl_1801020201","RaPIPOm","RaPIPOm_fpl",55,"fpl","RaPIPOm","RaPIPOm_fpl","Dry Ponderosa Pine - Mesic",1
"3_41_37_55970",4,152,859,1488,1318,1712000601,"17120005","OEC","RaPIPOm_fpl_1712000601","RaPIPOm","RaPIPOm_fpl",55,"fpl","RaPIPOm","RaPIPOm_fpl","Dry Ponderosa Pine - Mesic",1
"3_41_37_69825",4,152,859,2322,1588,1712000601,"17120005","OEC","RaSPFI_fmz_OEC","RaSPFI","RaSPFI_fmz",26,"fmz","RaSPFI","RaSPFI_fmz","Spruce - Fir",4
"3_41_37_84898",4,152,859,2322,2130,1712000601,"17120005","OEC","RaSPFI_fmz_OEC","RaSPFI","RaSPFI_fmz",26,"fmz","RaSPFI","RaSPFI_fmz","Spruce - Fir",4
"3_41_37_70663",4,152,859,2247,1097,1712000601,"17120005","OEC","RaSAWD_fal_17120006","RaSAWD","RaSAWD_fal",2,"fal","RaSAWD","RaSAWD_fal","Subalpine Woodland",3
"3_41_37_55564",4,152,859,2247,1521,1712000601,"17120005","OEC","RaSAWD_fal_17120006","RaSAWD","RaSAWD_fal",2,"fal","RaSAWD","RaSAWD_fal","Subalpine Woodland",3
"3_41_37_68905",4,152,859,1491,2316,1712000601,"17120005","OEC","RaMCONdy_fmx_1712000601","RaMCONdy","RaMCONdy_fmx",29,"fmx","RaMCONdy","RaMCONdy_fmx","Mixed Conifer - Eastside Dry",1
"3_41_37_58469",4,152,859,1491,1293,1712000601,"17120005","OEC","RaMCONdy_fmx_1712000601","RaMCONdy","RaMCONdy_fmx",29,"fmx","RaMCONdy","RaMCONdy_fmx","Mixed Conifer - Eastside Dry",1
"3_41_37_67767",4,158,901,1567,1713,1801020204,"18010201","OEC","RaMCONdy_fmx_1801020204","RaMCONdy","RaMCONdy_fmx",29,"fmx","RaMCONdy","RaMCONdy_fmx","Mixed Conifer - Eastside Dry",1
"3_41_37_71823",4,158,901,1567,2451,1801020204,"18010201","OEC","RaMCONdy_fmx_1801020204","RaMCONdy","RaMCONdy_fmx",29,"fmx","RaMCONdy","RaMCONdy_fmx","Mixed Conifer - Eastside Dry",1
"3_41_37_59589",4,162,922,1635,1603,1802000101,"18010206","OEC","RaMCONdy_fmd_1802000101","RaMCONdy","RaMCONdy_fmd",28,"fmd","RaMCONdy","RaMCONdy_fmd","Mixed Conifer - Eastside Dry",1
"3_41_37_68542",4,162,922,1635,1340,1802000101,"18010206","OEC","RaMCONdy_fmd_1802000101","RaMCONdy","RaMCONdy_fmd",28,"fmd","RaMCONdy","RaMCONdy_fmd","Mixed Conifer - Eastside Dry",1
"3_41_37_64259",4,162,922,1635,1148,1802000101,"18010206","OEC","RaMCONdy_fmd_1802000101","RaMCONdy","RaMCONdy_fmd",28,"fmd","RaMCONdy","RaMCONdy_fmd","Mixed Conifer - Eastside Dry",1
"3_41_37_96946",4,162,922,1635,2071,1802000101,"18010206","OEC","RaMCONdy_fmd_1802000101","RaMCONdy","RaMCONdy_fmd",28,"fmd","RaMCONdy","RaMCONdy_fmd","Mixed Conifer - Eastside Dry",1
"3_41_37_53355",4,162,922,1635,1277,1802000101,"18010206","OEC","RaMCONdy_fmd_1802000101","RaMCONdy","RaMCONdy_fmd",28,"fmd","RaMCONdy","RaMCONdy_fmd","Mixed Conifer - Eastside Dry",1
"3_41_37_98803",4,162,922,1635,633,1802000101,"18010206","OEC","RaMCONdy_fmd_1802000101","RaMCONdy","RaMCONdy_fmd",28,"fmd","RaMCONdy","RaMCONdy_fmd","Mixed Conifer - Eastside Dry",1
"3_41_37_85181",4,162,922,2264,1006,1802000101,"18010206","OEC","RaPIPOxe_fxp_18020001","RaPIPOxe","RaPIPOxe_fxp",56,"fxp","RaPIPOxe","RaPIPOxe_fxp","Ponderosa Pine - Xeric",3
"3_41_37_92920",4,162,922,2263,1289,1802000101,"18010206","OEC","RaPIPOxe_fpd_18020001","RaPIPOxe","RaPIPOxe_fpd",53,"fpd","RaPIPOxe","RaPIPOxe_fpd","Ponderosa Pine - Xeric",3
"3_41_37_61590",4,162,922,2264,579,1802000101,"18010206","OEC","RaPIPOxe_fxp_18020001","RaPIPOxe","RaPIPOxe_fxp",56,"fxp","RaPIPOxe","RaPIPOxe_fxp","Ponderosa Pine - Xeric",3
"3_41_37_74997",4,162,922,2263,1516,1802000101,"18010206","OEC","RaPIPOxe_fpd_18020001","RaPIPOxe","RaPIPOxe_fpd",53,"fpd","RaPIPOxe","RaPIPOxe_fpd","Ponderosa Pine - Xeric",3
"3_41_37_53361",4,162,922,2263,974,1802000101,"18010206","OEC","RaPIPOxe_fpd_18020001","RaPIPOxe","RaPIPOxe_fpd",53,"fpd","RaPIPOxe","RaPIPOxe_fpd","Ponderosa Pine - Xeric",3
"3_41_37_64322",4,162,922,1635,1512,1802000101,"18010206","OEC","RaMCONdy_fmd_1802000101","RaMCONdy","RaMCONdy_fmd",28,"fmd","RaMCONdy","RaMCONdy_fmd","Mixed Conifer - Eastside Dry",1
"3_41_37_60834",4,162,922,1635,1744,1802000101,"18010206","OEC","RaMCONdy_fmd_1802000101","RaMCONdy","RaMCONdy_fmd",28,"fmd","RaMCONdy","RaMCONdy_fmd","Mixed Conifer - Eastside Dry",1
"3_41_37_73594",4,160,908,1755,1563,1801020402,"18010203","OEC","RaMCONdy_fmd_1801020402","RaMCONdy","RaMCONdy_fmd",28,"fmd","RaMCONdy","RaMCONdy_fmd","Mixed Conifer - Eastside Dry",1
"8_53_7_57242",10,20,86,1844,1241,1702001103,"17020010","WEC","RaABAMlw_fsi_17020011","RaABAMlw","RaABAMlw_fsi",14,"fsi","RaABAMlw","RaABAMlw_fsi","Pacific Silver Fir - Low Elevation",3
"8_53_7_97940",10,20,86,1847,2491,1702001103,"17020010","WEC","RaMCONms_fmm_17020011","RaMCONms","RaMCONms_fmm",27,"fmm","RaMCONms","RaMCONms_fmm","Mixed Conifer - Eastside Mesic",3
"8_53_7_91861",10,20,86,1847,2102,1702001103,"17020010","WEC","RaMCONms_fmm_17020011","RaMCONms","RaMCONms_fmm",27,"fmm","RaMCONms","RaMCONms_fmm","Mixed Conifer - Eastside Mesic",3
"8_53_7_90677",10,20,86,1844,615,1702001103,"17020010","WEC","RaABAMlw_fsi_17020011","RaABAMlw","RaABAMlw_fsi",14,"fsi","RaABAMlw","RaABAMlw_fsi","Pacific Silver Fir - Low Elevation",3
"8_53_7_51111",10,20,86,1844,1583,1702001103,"17020010","WEC","RaABAMlw_fsi_17020011","RaABAMlw","RaABAMlw_fsi",14,"fsi","RaABAMlw","RaABAMlw_fsi","Pacific Silver Fir - Low Elevation",3
"8_53_7_80234",10,20,86,1841,1696,1702001103,"17020010","WEC","RaSAWD_fal_17020011","RaSAWD","RaSAWD_fal",2,"fal","RaSAWD","RaSAWD_fal","Subalpine Woodland",3
"8_53_7_79299",10,20,84,1847,1118,1702001101,"17020010","WEC","RaMCONms_fmm_17020011","RaMCONms","RaMCONms_fmm",27,"fmm","RaMCONms","RaMCONms_fmm","Mixed Conifer - Eastside Mesic",3
"8_53_7_84797",10,20,84,1847,693,1702001101,"17020010","WEC","RaMCONms_fmm_17020011","RaMCONms","RaMCONms_fmm",27,"fmm","RaMCONms","RaMCONms_fmm","Mixed Conifer - Eastside Mesic",3
"8_53_7_68487",10,20,84,1847,2235,1702001101,"17020010","WEC","RaMCONms_fmm_17020011","RaMCONms","RaMCONms_fmm",27,"fmm","RaMCONms","RaMCONms_fmm","Mixed Conifer - Eastside Mesic",3
"8_53_7_67667",10,20,84,1847,1083,1702001101,"17020010","WEC","RaMCONms_fmm_17020011","RaMCONms","RaMCONms_fmm",27,"fmm","RaMCONms","RaMCONms_fmm","Mixed Conifer - Eastside Mesic",3
"8_53_7_87579",10,20,85,2291,508,1702001102,"17020010","WEC","Na0710412_fmh_WEC","Na0710412","Na0710412_fmh",4,"fmh","Na0710412","Na0710412_fmh","North Pacific Mountain Hemlock Forest - Xeric",5
"8_53_7_89432",10,20,85,1847,993,1702001102,"17020010","WEC","RaMCONms_fmm_17020011","RaMCONms","RaMCONms_fmm",27,"fmm","RaMCONms","RaMCONms_fmm","Mixed Conifer - Eastside Mesic",3
"8_53_7_84421",10,20,85,1847,1989,1702001102,"17020010","WEC","RaMCONms_fmm_17020011","RaMCONms","RaMCONms_fmm",27,"fmm","RaMCONms","RaMCONms_fmm","Mixed Conifer - Eastside Mesic",3
"8_53_7_99262",10,20,85,1844,607,1702001102,"17020010","WEC","RaABAMlw_fsi_17020011","RaABAMlw","RaABAMlw_fsi",14,"fsi","RaABAMlw","RaABAMlw_fsi","Pacific Silver Fir - Low Elevation",3
"8_53_7_68265",10,20,85,1847,1749,1702001102,"17020010","WEC","RaMCONms_fmm_17020011","RaMCONms","RaMCONms_fmm",27,"fmm","RaMCONms","RaMCONms_fmm","Mixed Conifer - Eastside Mesic",3
"8_53_7_60423",10,20,90,1847,764,1702001107,"17020010","WEC","RaMCONms_fmm_17020011","RaMCONms","RaMCONms_fmm",27,"fmm","RaMCONms","RaMCONms_fmm","Mixed Conifer - Eastside Mesic",3
"8_53_7_64877",10,20,87,1847,1305,1702001104,"17020010","WEC","RaMCONms_fmm_17020011","RaMCONms","RaMCONms_fmm",27,"fmm","RaMCONms","RaMCONms_fmm","Mixed Conifer - Eastside Mesic",3
"8_53_7_52845",10,20,87,1847,1108,1702001104,"17020010","WEC","RaMCONms_fmm_17020011","RaMCONms","RaMCONms_fmm",27,"fmm","RaMCONms","RaMCONms_fmm","Mixed Conifer - Eastside Mesic",3
"8_53_7_52044",10,20,87,1847,1621,1702001104,"17020010","WEC","RaMCONms_fmm_17020011","RaMCONms","RaMCONms_fmm",27,"fmm","RaMCONms","RaMCONms_fmm","Mixed Conifer - Eastside Mesic",3
"8_53_7_96398",10,20,87,1847,1708,1702001104,"17020010","WEC","RaMCONms_fmm_17020011","RaMCONms","RaMCONms_fmm",27,"fmm","RaMCONms","RaMCONms_fmm","Mixed Conifer - Eastside Mesic",3
"8_53_7_54917",10,20,87,2291,808,1702001104,"17020010","WEC","Na0710412_fmh_WEC","Na0710412","Na0710412_fmh",4,"fmh","Na0710412","Na0710412_fmh","North Pacific Mountain Hemlock Forest - Xeric",5
"8_53_7_78745",10,20,88,2291,470,1702001105,"17020010","WEC","Na0710412_fmh_WEC","Na0710412","Na0710412_fmh",4,"fmh","Na0710412","Na0710412_fmh","North Pacific Mountain Hemlock Forest - Xeric",5
"8_53_37_90397",10,26,123,2291,2064,1703000102,"17020016","WEC","Na0710412_fmh_WEC","Na0710412","Na0710412_fmh",4,"fmh","Na0710412","Na0710412_fmh","North Pacific Mountain Hemlock Forest - Xeric",5
"8_53_37_88694",10,26,123,1898,1874,1703000102,"17020016","WEC","RaMCONms_fmm_17030001","RaMCONms","RaMCONms_fmm",27,"fmm","RaMCONms","RaMCONms_fmm","Mixed Conifer - Eastside Mesic",3
"8_53_37_75274",10,26,123,1898,1171,1703000102,"17020016","WEC","RaMCONms_fmm_17030001","RaMCONms","RaMCONms_fmm",27,"fmm","RaMCONms","RaMCONms_fmm","Mixed Conifer - Eastside Mesic",3
"8_53_37_50704",10,26,123,186,1159,1703000102,"17020016","WEC","RaMCONdy_fmd_1703000102","RaMCONdy","RaMCONdy_fmd",28,"fmd","RaMCONdy","RaMCONdy_fmd","Mixed Conifer - Eastside Dry",1
"8_53_37_79667",10,26,123,186,753,1703000102,"17020016","WEC","RaMCONdy_fmd_1703000102","RaMCONdy","RaMCONdy_fmd",28,"fmd","RaMCONdy","RaMCONdy_fmd","Mixed Conifer - Eastside Dry",1
"8_53_37_62084",10,26,126,193,291,1703000105,"17020016","WEC","RaPIPOm_fpd_1703000105","RaPIPOm","RaPIPOm_fpd",51,"fpd","RaPIPOm","RaPIPOm_fpd","Dry Ponderosa Pine - Mesic",1
"8_53_37_96613",10,26,126,190,760,1703000105,"17020016","WEC","RaMCONdy_fmd_1703000105","RaMCONdy","RaMCONdy_fmd",28,"fmd","RaMCONdy","RaMCONdy_fmd","Mixed Conifer - Eastside Dry",1
"8_53_37_84442",10,26,126,190,2263,1703000105,"17020016","WEC","RaMCONdy_fmd_1703000105","RaMCONdy","RaMCONdy_fmd",28,"fmd","RaMCONdy","RaMCONdy_fmd","Mixed Conifer - Eastside Dry",1
"8_53_37_73423",10,26,126,190,3004,1703000105,"17020016","WEC","RaMCONdy_fmd_1703000105","RaMCONdy","RaMCONdy_fmd",28,"fmd","RaMCONdy","RaMCONdy_fmd","Mixed Conifer - Eastside Dry",1
"8_53_77_92968",10,26,127,217,277,1703000106,"17020016","WEC","RaMCONdy_fmd_1703000106","RaMCONdy","RaMCONdy_fmd",28,"fmd","RaMCONdy","RaMCONdy_fmd","Mixed Conifer - Eastside Dry",1
"8_53_77_70714",10,26,127,217,1156,1703000106,"17020016","WEC","RaMCONdy_fmd_1703000106","RaMCONdy","RaMCONdy_fmd",28,"fmd","RaMCONdy","RaMCONdy_fmd","Mixed Conifer - Eastside Dry",1
"8_53_77_80619",10,27,131,230,105,1703000203,"17030001","WEC","RaMCONdy_fmd_1703000203","RaMCONdy","RaMCONdy_fmd",28,"fmd","RaMCONdy","RaMCONdy_fmd","Mixed Conifer - Eastside Dry",1
"5_53_73_72757",11,130,738,1780,743,1711000505,"17110004","WNC","RaABAMlw_fwc_17110005","RaABAMlw","RaABAMlw_fwc",35,"fwc","RaABAMlw","RaABAMlw_fwc","Pacific Silver Fir - Low Elevation",3
"8_53_77_51794",10,28,137,277,504,1703000306,"17030002","WEC","RaMCONdy_fmd_1703000306","RaMCONdy","RaMCONdy_fmd",28,"fmd","RaMCONdy","RaMCONdy_fmd","Mixed Conifer - Eastside Dry",1
"8_53_77_64245",10,28,138,300,2038,1703000307,"17030002","WEC","RaMCONdy_fmd_1703000307","RaMCONdy","RaMCONdy_fmd",28,"fmd","RaMCONdy","RaMCONdy_fmd","Mixed Conifer - Eastside Dry",1
"5_53_73_51285",11,130,738,1780,1294,1711000505,"17110004","WNC","RaABAMlw_fwc_17110005","RaABAMlw","RaABAMlw_fwc",35,"fwc","RaABAMlw","RaABAMlw_fwc","Pacific Silver Fir - Low Elevation",3
"8_53_39_54170",10,28,138,300,2936,1703000307,"17030002","WEC","RaMCONdy_fmd_1703000307","RaMCONdy","RaMCONdy_fmd",28,"fmd","RaMCONdy","RaMCONdy_fmd","Mixed Conifer - Eastside Dry",1
"8_53_39_69464",10,62,342,1962,1316,1707010603,"17070105C","WEC","RaMCONms_fmm_17070106","RaMCONms","RaMCONms_fmm",27,"fmm","RaMCONms","RaMCONms_fmm","Mixed Conifer - Eastside Mesic",3
"5_53_73_79099",11,130,738,2288,1566,1711000505,"17110004","WNC","RaABLA_faf_WNC","RaABLA","RaABLA_faf",8,"faf","RaABLA","RaABLA_faf","Subalpine Fir",4
"5_53_57_66754",11,130,738,1777,2235,1711000505,"17110004","WNC","RaSAWD_fal_17110005","RaSAWD","RaSAWD_fal",2,"fal","RaSAWD","RaSAWD_fal","Subalpine Woodland",3
"3_41_65_85616",4,73,443,2023,3,1707030610,"17070305B","OEC","RaPIPOxe_fxp_17070306","RaPIPOxe","RaPIPOxe_fxp",56,"fxp","RaPIPOxe","RaPIPOxe_fxp","Ponderosa Pine - Xeric",3
"5_53_57_75916",11,130,738,2288,1511,1711000505,"17110004","WNC","RaABLA_faf_WNC","RaABLA","RaABLA_faf",8,"faf","RaABLA","RaABLA_faf","Subalpine Fir",4
"3_41_31_82986",2,75,446,2071,1,1707030701,"17070306A","OBM","RaPIPOxe_fxp_17070307","RaPIPOxe","RaPIPOxe_fxp",56,"fxp","RaPIPOxe","RaPIPOxe_fxp","Ponderosa Pine - Xeric",3
"5_53_57_76846",11,130,738,1779,1896,1711000505,"17110004","WNC","RaABAMlw_fsi_17110005","RaABAMlw","RaABAMlw_fsi",14,"fsi","RaABAMlw","RaABAMlw_fsi","Pacific Silver Fir - Low Elevation",3
"3_41_31_76592",2,75,446,721,1984,1707030701,"17070306A","OBM","RaMCONdy_fdd_1707030701","RaMCONdy","RaMCONdy_fdd",42,"fdd","RaMCONdy","RaMCONdy_fdd","Mixed Conifer - Eastside Dry",1
"5_53_57_93336",11,130,738,1777,1668,1711000505,"17110004","WNC","RaSAWD_fal_17110005","RaSAWD","RaSAWD_fal",2,"fal","RaSAWD","RaSAWD_fal","Subalpine Woodland",3
"5_53_57_90885",11,130,738,1777,1421,1711000505,"17110004","WNC","RaSAWD_fal_17110005","RaSAWD","RaSAWD_fal",2,"fal","RaSAWD","RaSAWD_fal","Subalpine Woodland",3
"8_53_7_68593",10,18,76,1814,2095,1702000901,"17020008","WEC","RaMCONms_fmm_17020009","RaMCONms","RaMCONms_fmm",27,"fmm","RaMCONms","RaMCONms_fmm","Mixed Conifer - Eastside Mesic",3
"3_41_37_60252",4,152,860,2247,2239,1712000602,"17120005","OEC","RaSAWD_fal_17120006","RaSAWD","RaSAWD_fal",2,"fal","RaSAWD","RaSAWD_fal","Subalpine Woodland",3
"3_41_37_62509",4,158,898,2246,1422,1801020201,"18010201","OEC","RaSAWD_fal_18010202","RaSAWD","RaSAWD_fal",2,"fal","RaSAWD","RaSAWD_fal","Subalpine Woodland",3
"3_41_37_79549",4,152,859,2247,1233,1712000601,"17120005","OEC","RaSAWD_fal_17120006","RaSAWD","RaSAWD_fal",2,"fal","RaSAWD","RaSAWD_fal","Subalpine Woodland",3
"3_41_37_88545",4,152,859,2322,2572,1712000601,"17120005","OEC","RaSPFI_fmz_OEC","RaSPFI","RaSPFI_fmz",26,"fmz","RaSPFI","RaSPFI_fmz","Spruce - Fir",4
"3_41_37_56854",4,152,859,2322,2683,1712000601,"17120005","OEC","RaSPFI_fmz_OEC","RaSPFI","RaSPFI_fmz",26,"fmz","RaSPFI","RaSPFI_fmz","Spruce - Fir",4
"3_41_37_86371",4,152,859,2322,938,1712000601,"17120005","OEC","RaSPFI_fmz_OEC","RaSPFI","RaSPFI_fmz",26,"fmz","RaSPFI","RaSPFI_fmz","Spruce - Fir",4
"3_41_37_62035",4,152,859,2322,2307,1712000601,"17120005","OEC","RaSPFI_fmz_OEC","RaSPFI","RaSPFI_fmz",26,"fmz","RaSPFI","RaSPFI_fmz","Spruce - Fir",4
"3_41_37_87884",4,152,859,1491,1769,1712000601,"17120005","OEC","RaMCONdy_fmx_1712000601","RaMCONdy","RaMCONdy_fmx",29,"fmx","RaMCONdy","RaMCONdy_fmx","Mixed Conifer - Eastside Dry",1
"3_41_37_69283",4,152,859,1491,1982,1712000601,"17120005","OEC","RaMCONdy_fmx_1712000601","RaMCONdy","RaMCONdy_fmx",29,"fmx","RaMCONdy","RaMCONdy_fmx","Mixed Conifer - Eastside Dry",1
"3_41_37_83041",4,152,859,1491,1403,1712000601,"17120005","OEC","RaMCONdy_fmx_1712000601","RaMCONdy","RaMCONdy_fmx",29,"fmx","RaMCONdy","RaMCONdy_fmx","Mixed Conifer - Eastside Dry",1
"3_41_37_68581",4,158,901,1567,1163,1801020204,"18010201","OEC","RaMCONdy_fmx_1801020204","RaMCONdy","RaMCONdy_fmx",29,"fmx","RaMCONdy","RaMCONdy_fmx","Mixed Conifer - Eastside Dry",1
"3_41_37_75451",4,158,901,2229,1114,1801020204,"18010201","OEC","RaMCONms_fmm_18010202","RaMCONms","RaMCONms_fmm",27,"fmm","RaMCONms","RaMCONms_fmm","Mixed Conifer - Eastside Mesic",3
"3_41_37_82803",4,162,922,1635,1625,1802000101,"18010206","OEC","RaMCONdy_fmd_1802000101","RaMCONdy","RaMCONdy_fmd",28,"fmd","RaMCONdy","RaMCONdy_fmd","Mixed Conifer - Eastside Dry",1
"3_41_37_52525",4,162,922,1635,1244,1802000101,"18010206","OEC","RaMCONdy_fmd_1802000101","RaMCONdy","RaMCONdy_fmd",28,"fmd","RaMCONdy","RaMCONdy_fmd","Mixed Conifer - Eastside Dry",1
"3_41_37_65646",4,162,922,1635,1601,1802000101,"18010206","OEC","RaMCONdy_fmd_1802000101","RaMCONdy","RaMCONdy_fmd",28,"fmd","RaMCONdy","RaMCONdy_fmd","Mixed Conifer - Eastside Dry",1
"8_53_7_76506",10,18,76,2291,978,1702000901,"17020008","WEC","Na0710412_fmh_WEC","Na0710412","Na0710412_fmh",4,"fmh","Na0710412","Na0710412_fmh","North Pacific Mountain Hemlock Forest - Xeric",5
"3_41_37_55127",4,162,922,1635,521,1802000101,"18010206","OEC","RaMCONdy_fmd_1802000101","RaMCONdy","RaMCONdy_fmd",28,"fmd","RaMCONdy","RaMCONdy_fmd","Mixed Conifer - Eastside Dry",1
"3_41_37_78758",4,162,922,2263,1129,1802000101,"18010206","OEC","RaPIPOxe_fpd_18020001","RaPIPOxe","RaPIPOxe_fpd",53,"fpd","RaPIPOxe","RaPIPOxe_fpd","Ponderosa Pine - Xeric",3
"3_41_37_69212",4,162,922,1635,2147,1802000101,"18010206","OEC","RaMCONdy_fmd_1802000101","RaMCONdy","RaMCONdy_fmd",28,"fmd","RaMCONdy","RaMCONdy_fmd","Mixed Conifer - Eastside Dry",1
"3_41_37_76795",4,162,922,2263,2321,1802000101,"18010206","OEC","RaPIPOxe_fpd_18020001","RaPIPOxe","RaPIPOxe_fpd",53,"fpd","RaPIPOxe","RaPIPOxe_fpd","Ponderosa Pine - Xeric",3
"3_41_37_91152",4,160,908,1755,1224,1801020402,"18010203","OEC","RaMCONdy_fmd_1801020402","RaMCONdy","RaMCONdy_fmd",28,"fmd","RaMCONdy","RaMCONdy_fmd","Mixed Conifer - Eastside Dry",1
"8_53_7_76115",10,18,76,1810,902,1702000901,"17020008","WEC","RaSAWD_fal_17020009","RaSAWD","RaSAWD_fal",2,"fal","RaSAWD","RaSAWD_fal","Subalpine Woodland",3
"8_53_7_51536",10,18,77,1814,655,1702000902,"17020008","WEC","RaMCONms_fmm_17020009","RaMCONms","RaMCONms_fmm",27,"fmm","RaMCONms","RaMCONms_fmm","Mixed Conifer - Eastside Mesic",3
"8_53_7_54635",10,20,86,1841,2907,1702001103,"17020010","WEC","RaSAWD_fal_17020011","RaSAWD","RaSAWD_fal",2,"fal","RaSAWD","RaSAWD_fal","Subalpine Woodland",3
"8_53_7_67593",10,20,86,1841,1851,1702001103,"17020010","WEC","RaSAWD_fal_17020011","RaSAWD","RaSAWD_fal",2,"fal","RaSAWD","RaSAWD_fal","Subalpine Woodland",3
"8_53_7_80827",10,20,86,1847,1463,1702001103,"17020010","WEC","RaMCONms_fmm_17020011","RaMCONms","RaMCONms_fmm",27,"fmm","RaMCONms","RaMCONms_fmm","Mixed Conifer - Eastside Mesic",3
"8_53_7_51209",10,20,86,1847,2329,1702001103,"17020010","WEC","RaMCONms_fmm_17020011","RaMCONms","RaMCONms_fmm",27,"fmm","RaMCONms","RaMCONms_fmm","Mixed Conifer - Eastside Mesic",3
"8_53_7_94745",10,20,86,1844,1518,1702001103,"17020010","WEC","RaABAMlw_fsi_17020011","RaABAMlw","RaABAMlw_fsi",14,"fsi","RaABAMlw","RaABAMlw_fsi","Pacific Silver Fir - Low Elevation",3
"8_53_7_76614",10,20,86,2291,1219,1702001103,"17020010","WEC","Na0710412_fmh_WEC","Na0710412","Na0710412_fmh",4,"fmh","Na0710412","Na0710412_fmh","North Pacific Mountain Hemlock Forest - Xeric",5
"8_53_7_93194",10,20,86,1844,1786,1702001103,"17020010","WEC","RaABAMlw_fsi_17020011","RaABAMlw","RaABAMlw_fsi",14,"fsi","RaABAMlw","RaABAMlw_fsi","Pacific Silver Fir - Low Elevation",3
"8_53_7_64934",10,20,86,1844,1002,1702001103,"17020010","WEC","RaABAMlw_fsi_17020011","RaABAMlw","RaABAMlw_fsi",14,"fsi","RaABAMlw","RaABAMlw_fsi","Pacific Silver Fir - Low Elevation",3
"8_53_7_71760",10,20,86,2291,882,1702001103,"17020010","WEC","Na0710412_fmh_WEC","Na0710412","Na0710412_fmh",4,"fmh","Na0710412","Na0710412_fmh","North Pacific Mountain Hemlock Forest - Xeric",5
"8_53_7_73481",10,20,84,1847,1069,1702001101,"17020010","WEC","RaMCONms_fmm_17020011","RaMCONms","RaMCONms_fmm",27,"fmm","RaMCONms","RaMCONms_fmm","Mixed Conifer - Eastside Mesic",3
"8_53_7_95779",10,20,85,1847,1598,1702001102,"17020010","WEC","RaMCONms_fmm_17020011","RaMCONms","RaMCONms_fmm",27,"fmm","RaMCONms","RaMCONms_fmm","Mixed Conifer - Eastside Mesic",3
"8_53_7_96914",10,20,85,1847,2816,1702001102,"17020010","WEC","RaMCONms_fmm_17020011","RaMCONms","RaMCONms_fmm",27,"fmm","RaMCONms","RaMCONms_fmm","Mixed Conifer - Eastside Mesic",3
"8_53_7_71296",10,20,90,1847,1131,1702001107,"17020010","WEC","RaMCONms_fmm_17020011","RaMCONms","RaMCONms_fmm",27,"fmm","RaMCONms","RaMCONms_fmm","Mixed Conifer - Eastside Mesic",3
"8_53_7_70764",10,20,90,2291,2366,1702001107,"17020010","WEC","Na0710412_fmh_WEC","Na0710412","Na0710412_fmh",4,"fmh","Na0710412","Na0710412_fmh","North Pacific Mountain Hemlock Forest - Xeric",5
"8_53_7_58999",10,20,87,2291,1551,1702001104,"17020010","WEC","Na0710412_fmh_WEC","Na0710412","Na0710412_fmh",4,"fmh","Na0710412","Na0710412_fmh","North Pacific Mountain Hemlock Forest - Xeric",5
"8_53_7_81639",10,20,87,2291,1165,1702001104,"17020010","WEC","Na0710412_fmh_WEC","Na0710412","Na0710412_fmh",4,"fmh","Na0710412","Na0710412_fmh","North Pacific Mountain Hemlock Forest - Xeric",5
"8_53_7_90072",10,20,87,2291,1016,1702001104,"17020010","WEC","Na0710412_fmh_WEC","Na0710412","Na0710412_fmh",4,"fmh","Na0710412","Na0710412_fmh","North Pacific Mountain Hemlock Forest - Xeric",5
"8_53_7_69409",10,20,87,1847,1022,1702001104,"17020010","WEC","RaMCONms_fmm_17020011","RaMCONms","RaMCONms_fmm",27,"fmm","RaMCONms","RaMCONms_fmm","Mixed Conifer - Eastside Mesic",3
"8_53_7_56586",10,20,87,2291,1948,1702001104,"17020010","WEC","Na0710412_fmh_WEC","Na0710412","Na0710412_fmh",4,"fmh","Na0710412","Na0710412_fmh","North Pacific Mountain Hemlock Forest - Xeric",5
"8_53_7_75364",10,20,88,1847,1192,1702001105,"17020010","WEC","RaMCONms_fmm_17020011","RaMCONms","RaMCONms_fmm",27,"fmm","RaMCONms","RaMCONms_fmm","Mixed Conifer - Eastside Mesic",3
"8_53_7_71723",10,26,123,2291,1097,1703000102,"17020016","WEC","Na0710412_fmh_WEC","Na0710412","Na0710412_fmh",4,"fmh","Na0710412","Na0710412_fmh","North Pacific Mountain Hemlock Forest - Xeric",5
"8_53_37_85544",10,26,123,1898,1584,1703000102,"17020016","WEC","RaMCONms_fmm_17030001","RaMCONms","RaMCONms_fmm",27,"fmm","RaMCONms","RaMCONms_fmm","Mixed Conifer - Eastside Mesic",3
"8_53_37_63617",10,26,123,1898,1408,1703000102,"17020016","WEC","RaMCONms_fmm_17030001","RaMCONms","RaMCONms_fmm",27,"fmm","RaMCONms","RaMCONms_fmm","Mixed Conifer - Eastside Mesic",3
"8_53_37_99186",10,26,123,2291,1304,1703000102,"17020016","WEC","Na0710412_fmh_WEC","Na0710412","Na0710412_fmh",4,"fmh","Na0710412","Na0710412_fmh","North Pacific Mountain Hemlock Forest - Xeric",5
"8_53_37_94514",10,26,123,186,2159,1703000102,"17020016","WEC","RaMCONdy_fmd_1703000102","RaMCONdy","RaMCONdy_fmd",28,"fmd","RaMCONdy","RaMCONdy_fmd","Mixed Conifer - Eastside Dry",1
"5_53_73_96129",11,130,737,2288,1831,1711000504,"17110004","WNC","RaABLA_faf_WNC","RaABLA","RaABLA_faf",8,"faf","RaABLA","RaABLA_faf","Subalpine Fir",4
"8_53_37_56387",10,26,126,190,1177,1703000105,"17020016","WEC","RaMCONdy_fmd_1703000105","RaMCONdy","RaMCONdy_fmd",28,"fmd","RaMCONdy","RaMCONdy_fmd","Mixed Conifer - Eastside Dry",1
"8_53_37_83141",10,26,126,190,1018,1703000105,"17020016","WEC","RaMCONdy_fmd_1703000105","RaMCONdy","RaMCONdy_fmd",28,"fmd","RaMCONdy","RaMCONdy_fmd","Mixed Conifer - Eastside Dry",1
"8_53_77_79122",10,26,127,217,1484,1703000106,"17020016","WEC","RaMCONdy_fmd_1703000106","RaMCONdy","RaMCONdy_fmd",28,"fmd","RaMCONdy","RaMCONdy_fmd","Mixed Conifer - Eastside Dry",1
"5_53_73_60789",11,130,738,1782,1223,1711000505,"17110004","WNC","RaDFHEdy_fdg_17110005","RaDFHEdy","RaDFHEdy_fdg",24,"fdg","RaDFHEdy","RaDFHEdy_fdg","Douglas-fir Hemlock-Dry Mesic",3
"5_53_73_69838",11,130,738,1782,1140,1711000505,"17110004","WNC","RaDFHEdy_fdg_17110005","RaDFHEdy","RaDFHEdy_fdg",24,"fdg","RaDFHEdy","RaDFHEdy_fdg","Douglas-fir Hemlock-Dry Mesic",3
"8_53_47_51185",12,16,64,1784,1096,1702000702,"17020006","WNE","RaSAWD_fal_17020007","RaSAWD","RaSAWD_fal",2,"fal","RaSAWD","RaSAWD_fal","Subalpine Woodland",3
"8_53_77_76131",10,28,138,300,1882,1703000307,"17030002","WEC","RaMCONdy_fmd_1703000307","RaMCONdy","RaMCONdy_fmd",28,"fmd","RaMCONdy","RaMCONdy_fmd","Mixed Conifer - Eastside Dry",1
"8_53_77_71309",10,28,138,300,1698,1703000307,"17030002","WEC","RaMCONdy_fmd_1703000307","RaMCONdy","RaMCONdy_fmd",28,"fmd","RaMCONdy","RaMCONdy_fmd","Mixed Conifer - Eastside Dry",1
"8_53_39_61581",10,28,138,300,2145,1703000307,"17030002","WEC","RaMCONdy_fmd_1703000307","RaMCONdy","RaMCONdy_fmd",28,"fmd","RaMCONdy","RaMCONdy_fmd","Mixed Conifer - Eastside Dry",1
"8_53_39_71546",10,62,342,335,1380,1707010603,"17070105C","WEC","RaMCONdy_fmd_1707010603","RaMCONdy","RaMCONdy_fmd",28,"fmd","RaMCONdy","RaMCONdy_fmd","Mixed Conifer - Eastside Dry",1
"8_53_39_88685",10,62,342,335,1510,1707010603,"17070105C","WEC","RaMCONdy_fmd_1707010603","RaMCONdy","RaMCONdy_fmd",28,"fmd","RaMCONdy","RaMCONdy_fmd","Mixed Conifer - Eastside Dry",1
"8_53_39_69531",10,62,342,345,1311,1707010603,"17070105C","WEC","RaPIPOm_fpd_1707010603","RaPIPOm","RaPIPOm_fpd",51,"fpd","RaPIPOm","RaPIPOm_fpd","Dry Ponderosa Pine - Mesic",1
"8_53_39_98781",10,62,342,335,534,1707010603,"17070105C","WEC","RaMCONdy_fmd_1707010603","RaMCONdy","RaMCONdy_fmd",28,"fmd","RaMCONdy","RaMCONdy_fmd","Mixed Conifer - Eastside Dry",1
"8_53_39_63003",10,62,342,335,180,1707010603,"17070105C","WEC","RaMCONdy_fmd_1707010603","RaMCONdy","RaMCONdy_fmd",28,"fmd","RaMCONdy","RaMCONdy_fmd","Mixed Conifer - Eastside Dry",1
"5_53_73_94456",11,130,738,1777,1104,1711000505,"17110004","WNC","RaSAWD_fal_17110005","RaSAWD","RaSAWD_fal",2,"fal","RaSAWD","RaSAWD_fal","Subalpine Woodland",3
"5_53_73_76145",11,130,738,1777,969,1711000505,"17110004","WNC","RaSAWD_fal_17110005","RaSAWD","RaSAWD_fal",2,"fal","RaSAWD","RaSAWD_fal","Subalpine Woodland",3
"8_53_47_67376",12,17,70,1786,1184,1702000802,"17020007","WNE","RaSAWD_fal_17020008","RaSAWD","RaSAWD_fal",2,"fal","RaSAWD","RaSAWD_fal","Subalpine Woodland",3
"8_53_47_94532",12,17,70,2290,1231,1702000802,"17020007","WNE","RaABLA_faf_WNE","RaABLA","RaABLA_faf",8,"faf","RaABLA","RaABLA_faf","Subalpine Fir",4
"5_53_57_58086",11,130,738,2288,1162,1711000505,"17110004","WNC","RaABLA_faf_WNC","RaABLA","RaABLA_faf",8,"faf","RaABLA","RaABLA_faf","Subalpine Fir",4
"3_41_13_68108",2,75,446,721,2441,1707030701,"17070306A","OBM","RaMCONdy_fdd_1707030701","RaMCONdy","RaMCONdy_fdd",42,"fdd","RaMCONdy","RaMCONdy_fdd","Mixed Conifer - Eastside Dry",1
"3_41_13_76462",2,75,446,2099,152,1707030701,"17070306A","OBM","RaMCONms_fcm_17070307","RaMCONms","RaMCONms_fcm",22,"fcm","RaMCONms","RaMCONms_fcm","Mixed Conifer - Eastside Mesic",3
"3_41_13_63754",2,71,427,805,1039,1707030505,"17070304","OBM","RaMCONdy_fdg_1707030505","RaMCONdy","RaMCONdy_fdg",23,"fdg","RaMCONdy","RaMCONdy_fdg","Mixed Conifer - Eastside Dry",1
"3_41_13_66460",2,71,427,2103,706,1707030505,"17070304","OBM","RaPIPOxe_fxp_17070305A","RaPIPOxe","RaPIPOxe_fxp",56,"fxp","RaPIPOxe","RaPIPOxe_fxp","Ponderosa Pine - Xeric",3
"3_41_13_89204",2,71,427,2103,1148,1707030505,"17070304","OBM","RaPIPOxe_fxp_17070305A","RaPIPOxe","RaPIPOxe_fxp",56,"fxp","RaPIPOxe","RaPIPOxe_fxp","Ponderosa Pine - Xeric",3
"3_41_13_64685",2,71,427,806,849,1707030505,"17070304","OBM","RaMCONdy_fdd_1707030505","RaMCONdy","RaMCONdy_fdd",42,"fdd","RaMCONdy","RaMCONdy_fdd","Mixed Conifer - Eastside Dry",1
"3_41_13_55134",2,71,427,806,1161,1707030505,"17070304","OBM","RaMCONdy_fdd_1707030505","RaMCONdy","RaMCONdy_fdd",42,"fdd","RaMCONdy","RaMCONdy_fdd","Mixed Conifer - Eastside Dry",1
"3_41_13_65557",2,71,425,808,859,1707030503,"17070304","OBM","RaMCONdy_fdd_1707030503","RaMCONdy","RaMCONdy_fdd",42,"fdd","RaMCONdy","RaMCONdy_fdd","Mixed Conifer - Eastside Dry",1
"5_53_57_58833",11,130,738,1780,1693,1711000505,"17110004","WNC","RaABAMlw_fwc_17110005","RaABAMlw","RaABAMlw_fwc",35,"fwc","RaABAMlw","RaABAMlw_fwc","Pacific Silver Fir - Low Elevation",3
"3_41_13_94287",2,71,427,2103,1608,1707030505,"17070304","OBM","RaPIPOxe_fxp_17070305A","RaPIPOxe","RaPIPOxe_fxp",56,"fxp","RaPIPOxe","RaPIPOxe_fxp","Ponderosa Pine - Xeric",3
"3_41_13_50407",2,71,427,2103,726,1707030505,"17070304","OBM","RaPIPOxe_fxp_17070305A","RaPIPOxe","RaPIPOxe_fxp",56,"fxp","RaPIPOxe","RaPIPOxe_fxp","Ponderosa Pine - Xeric",3
"3_41_13_85993",2,71,427,2103,552,1707030505,"17070304","OBM","RaPIPOxe_fxp_17070305A","RaPIPOxe","RaPIPOxe_fxp",56,"fxp","RaPIPOxe","RaPIPOxe_fxp","Ponderosa Pine - Xeric",3
"3_41_13_85473",2,71,426,2103,611,1707030504,"17070304","OBM","RaPIPOxe_fxp_17070305A","RaPIPOxe","RaPIPOxe_fxp",56,"fxp","RaPIPOxe","RaPIPOxe_fxp","Ponderosa Pine - Xeric",3
"5_53_57_97024",11,130,738,2287,1371,1711000505,"17110004","WNC","Na0710412_fmc_WNC","Na0710412","Na0710412_fmc",7,"fmc","Na0710412","Na0710412_fmc","North Pacific Mountain Hemlock Forest - Xeric",5
"3_41_37_80645",4,151,853,1273,1868,1712000514,"17120004","OEC","RaMCONdy_fmx_1712000514","RaMCONdy","RaMCONdy_fmx",29,"fmx","RaMCONdy","RaMCONdy_fmx","Mixed Conifer - Eastside Dry",1
"3_41_37_77913",4,152,860,2322,897,1712000602,"17120005","OEC","RaSPFI_fmz_OEC","RaSPFI","RaSPFI_fmz",26,"fmz","RaSPFI","RaSPFI_fmz","Spruce - Fir",4
"3_41_37_72734",4,152,860,1458,1665,1712000602,"17120005","OEC","RaMCONdy_fmx_1712000602","RaMCONdy","RaMCONdy_fmx",29,"fmx","RaMCONdy","RaMCONdy_fmx","Mixed Conifer - Eastside Dry",1
"3_41_37_90388",4,152,860,1458,2029,1712000602,"17120005","OEC","RaMCONdy_fmx_1712000602","RaMCONdy","RaMCONdy_fmx",29,"fmx","RaMCONdy","RaMCONdy_fmx","Mixed Conifer - Eastside Dry",1
"3_41_37_92318",4,152,860,2322,1296,1712000602,"17120005","OEC","RaSPFI_fmz_OEC","RaSPFI","RaSPFI_fmz",26,"fmz","RaSPFI","RaSPFI_fmz","Spruce - Fir",4
"3_41_37_54847",4,152,860,2322,3133,1712000602,"17120005","OEC","RaSPFI_fmz_OEC","RaSPFI","RaSPFI_fmz",26,"fmz","RaSPFI","RaSPFI_fmz","Spruce - Fir",4
"3_41_37_95439",4,152,859,1491,1187,1712000601,"17120005","OEC","RaMCONdy_fmx_1712000601","RaMCONdy","RaMCONdy_fmx",29,"fmx","RaMCONdy","RaMCONdy_fmx","Mixed Conifer - Eastside Dry",1
"3_41_37_82131",4,152,859,1491,1531,1712000601,"17120005","OEC","RaMCONdy_fmx_1712000601","RaMCONdy","RaMCONdy_fmx",29,"fmx","RaMCONdy","RaMCONdy_fmx","Mixed Conifer - Eastside Dry",1
"3_41_37_53740",4,152,859,1491,1649,1712000601,"17120005","OEC","RaMCONdy_fmx_1712000601","RaMCONdy","RaMCONdy_fmx",29,"fmx","RaMCONdy","RaMCONdy_fmx","Mixed Conifer - Eastside Dry",1
"3_41_37_74895",4,152,859,1491,1723,1712000601,"17120005","OEC","RaMCONdy_fmx_1712000601","RaMCONdy","RaMCONdy_fmx",29,"fmx","RaMCONdy","RaMCONdy_fmx","Mixed Conifer - Eastside Dry",1
"3_41_37_61707",4,152,859,1491,1847,1712000601,"17120005","OEC","RaMCONdy_fmx_1712000601","RaMCONdy","RaMCONdy_fmx",29,"fmx","RaMCONdy","RaMCONdy_fmx","Mixed Conifer - Eastside Dry",1
"3_41_37_78414",4,152,859,1491,2568,1712000601,"17120005","OEC","RaMCONdy_fmx_1712000601","RaMCONdy","RaMCONdy_fmx",29,"fmx","RaMCONdy","RaMCONdy_fmx","Mixed Conifer - Eastside Dry",1
"3_41_37_67724",4,152,859,1491,1648,1712000601,"17120005","OEC","RaMCONdy_fmx_1712000601","RaMCONdy","RaMCONdy_fmx",29,"fmx","RaMCONdy","RaMCONdy_fmx","Mixed Conifer - Eastside Dry",1
"3_41_37_94453",4,152,859,1491,667,1712000601,"17120005","OEC","RaMCONdy_fmx_1712000601","RaMCONdy","RaMCONdy_fmx",29,"fmx","RaMCONdy","RaMCONdy_fmx","Mixed Conifer - Eastside Dry",1
"3_41_37_78158",4,152,859,1491,2086,1712000601,"17120005","OEC","RaMCONdy_fmx_1712000601","RaMCONdy","RaMCONdy_fmx",29,"fmx","RaMCONdy","RaMCONdy_fmx","Mixed Conifer - Eastside Dry",1
"3_41_37_71068",4,152,859,2251,1249,1712000601,"17120005","OEC","RaMCONms_fmm_17120006","RaMCONms","RaMCONms_fmm",27,"fmm","RaMCONms","RaMCONms_fmm","Mixed Conifer - Eastside Mesic",3
"3_41_37_75645",4,162,922,1635,1800,1802000101,"18010206","OEC","RaMCONdy_fmd_1802000101","RaMCONdy","RaMCONdy_fmd",28,"fmd","RaMCONdy","RaMCONdy_fmd","Mixed Conifer - Eastside Dry",1
"3_41_37_54370",4,162,922,1635,1125,1802000101,"18010206","OEC","RaMCONdy_fmd_1802000101","RaMCONdy","RaMCONdy_fmd",28,"fmd","RaMCONdy","RaMCONdy_fmd","Mixed Conifer - Eastside Dry",1
"3_41_37_93862",4,162,922,1635,2551,1802000101,"18010206","OEC","RaMCONdy_fmd_1802000101","RaMCONdy","RaMCONdy_fmd",28,"fmd","RaMCONdy","RaMCONdy_fmd","Mixed Conifer - Eastside Dry",1
"3_41_37_60839",4,162,922,1635,2042,1802000101,"18010206","OEC","RaMCONdy_fmd_1802000101","RaMCONdy","RaMCONdy_fmd",28,"fmd","RaMCONdy","RaMCONdy_fmd","Mixed Conifer - Eastside Dry",1
"3_41_37_53773",4,162,922,1635,839,1802000101,"18010206","OEC","RaMCONdy_fmd_1802000101","RaMCONdy","RaMCONdy_fmd",28,"fmd","RaMCONdy","RaMCONdy_fmd","Mixed Conifer - Eastside Dry",1
"3_41_37_70648",4,162,922,1635,1791,1802000101,"18010206","OEC","RaMCONdy_fmd_1802000101","RaMCONdy","RaMCONdy_fmd",28,"fmd","RaMCONdy","RaMCONdy_fmd","Mixed Conifer - Eastside Dry",1
"3_41_37_59185",4,162,922,1635,2612,1802000101,"18010206","OEC","RaMCONdy_fmd_1802000101","RaMCONdy","RaMCONdy_fmd",28,"fmd","RaMCONdy","RaMCONdy_fmd","Mixed Conifer - Eastside Dry",1
"3_41_37_70186",4,162,925,1747,2150,1802000104,"18010206","OEC","RaMCONdy_fmd_1802000104","RaMCONdy","RaMCONdy_fmd",28,"fmd","RaMCONdy","RaMCONdy_fmd","Mixed Conifer - Eastside Dry",1
"3_41_37_68545",4,162,925,1747,2517,1802000104,"18010206","OEC","RaMCONdy_fmd_1802000104","RaMCONdy","RaMCONdy_fmd",28,"fmd","RaMCONdy","RaMCONdy_fmd","Mixed Conifer - Eastside Dry",1
"3_41_37_58636",4,162,925,1747,1832,1802000104,"18010206","OEC","RaMCONdy_fmd_1802000104","RaMCONdy","RaMCONdy_fmd",28,"fmd","RaMCONdy","RaMCONdy_fmd","Mixed Conifer - Eastside Dry",1
"8_53_7_87546",10,18,77,2291,1910,1702000902,"17020008","WEC","Na0710412_fmh_WEC","Na0710412","Na0710412_fmh",4,"fmh","Na0710412","Na0710412_fmh","North Pacific Mountain Hemlock Forest - Xeric",5
"5_53_73_71152",11,130,737,2288,796,1711000504,"17110004","WNC","RaABLA_faf_WNC","RaABLA","RaABLA_faf",8,"faf","RaABLA","RaABLA_faf","Subalpine Fir",4
"8_53_7_91586",10,18,77,1814,1823,1702000902,"17020008","WEC","RaMCONms_fmm_17020009","RaMCONms","RaMCONms_fmm",27,"fmm","RaMCONms","RaMCONms_fmm","Mixed Conifer - Eastside Mesic",3
"8_53_7_92100",10,19,80,2291,2182,1702001002,"17020009","WEC","Na0710412_fmh_WEC","Na0710412","Na0710412_fmh",4,"fmh","Na0710412","Na0710412_fmh","North Pacific Mountain Hemlock Forest - Xeric",5
"8_53_7_57172",10,19,80,1842,1293,1702001002,"17020009","WEC","RaSAWD_fal_17020010","RaSAWD","RaSAWD_fal",2,"fal","RaSAWD","RaSAWD_fal","Subalpine Woodland",3
"8_53_7_68038",10,20,86,1844,1603,1702001103,"17020010","WEC","RaABAMlw_fsi_17020011","RaABAMlw","RaABAMlw_fsi",14,"fsi","RaABAMlw","RaABAMlw_fsi","Pacific Silver Fir - Low Elevation",3
"8_53_7_56016",10,20,86,1844,1793,1702001103,"17020010","WEC","RaABAMlw_fsi_17020011","RaABAMlw","RaABAMlw_fsi",14,"fsi","RaABAMlw","RaABAMlw_fsi","Pacific Silver Fir - Low Elevation",3
"8_53_7_98823",10,20,86,1847,2146,1702001103,"17020010","WEC","RaMCONms_fmm_17020011","RaMCONms","RaMCONms_fmm",27,"fmm","RaMCONms","RaMCONms_fmm","Mixed Conifer - Eastside Mesic",3
"8_53_7_52940",10,20,86,1844,1554,1702001103,"17020010","WEC","RaABAMlw_fsi_17020011","RaABAMlw","RaABAMlw_fsi",14,"fsi","RaABAMlw","RaABAMlw_fsi","Pacific Silver Fir - Low Elevation",3
"8_53_7_52115",10,20,86,1847,3281,1702001103,"17020010","WEC","RaMCONms_fmm_17020011","RaMCONms","RaMCONms_fmm",27,"fmm","RaMCONms","RaMCONms_fmm","Mixed Conifer - Eastside Mesic",3
"8_53_7_52694",10,20,86,1847,2011,1702001103,"17020010","WEC","RaMCONms_fmm_17020011","RaMCONms","RaMCONms_fmm",27,"fmm","RaMCONms","RaMCONms_fmm","Mixed Conifer - Eastside Mesic",3
"8_53_7_53831",10,20,86,1847,2342,1702001103,"17020010","WEC","RaMCONms_fmm_17020011","RaMCONms","RaMCONms_fmm",27,"fmm","RaMCONms","RaMCONms_fmm","Mixed Conifer - Eastside Mesic",3
"8_53_7_89374",10,20,86,1847,2469,1702001103,"17020010","WEC","RaMCONms_fmm_17020011","RaMCONms","RaMCONms_fmm",27,"fmm","RaMCONms","RaMCONms_fmm","Mixed Conifer - Eastside Mesic",3
"8_53_7_88613",10,20,84,1847,1374,1702001101,"17020010","WEC","RaMCONms_fmm_17020011","RaMCONms","RaMCONms_fmm",27,"fmm","RaMCONms","RaMCONms_fmm","Mixed Conifer - Eastside Mesic",3
"8_53_7_93459",10,20,85,1847,1901,1702001102,"17020010","WEC","RaMCONms_fmm_17020011","RaMCONms","RaMCONms_fmm",27,"fmm","RaMCONms","RaMCONms_fmm","Mixed Conifer - Eastside Mesic",3
"8_53_7_96191",10,20,85,1847,2021,1702001102,"17020010","WEC","RaMCONms_fmm_17020011","RaMCONms","RaMCONms_fmm",27,"fmm","RaMCONms","RaMCONms_fmm","Mixed Conifer - Eastside Mesic",3
"8_53_7_83592",10,20,90,1847,1395,1702001107,"17020010","WEC","RaMCONms_fmm_17020011","RaMCONms","RaMCONms_fmm",27,"fmm","RaMCONms","RaMCONms_fmm","Mixed Conifer - Eastside Mesic",3
"8_53_7_63804",10,20,90,1847,1918,1702001107,"17020010","WEC","RaMCONms_fmm_17020011","RaMCONms","RaMCONms_fmm",27,"fmm","RaMCONms","RaMCONms_fmm","Mixed Conifer - Eastside Mesic",3
"8_53_7_82187",10,20,90,1847,1794,1702001107,"17020010","WEC","RaMCONms_fmm_17020011","RaMCONms","RaMCONms_fmm",27,"fmm","RaMCONms","RaMCONms_fmm","Mixed Conifer - Eastside Mesic",3
"5_53_73_91541",11,130,737,2288,923,1711000504,"17110004","WNC","RaABLA_faf_WNC","RaABLA","RaABLA_faf",8,"faf","RaABLA","RaABLA_faf","Subalpine Fir",4
"8_53_7_79481",10,20,90,1847,1087,1702001107,"17020010","WEC","RaMCONms_fmm_17020011","RaMCONms","RaMCONms_fmm",27,"fmm","RaMCONms","RaMCONms_fmm","Mixed Conifer - Eastside Mesic",3
"8_53_7_70269",10,20,90,1847,864,1702001107,"17020010","WEC","RaMCONms_fmm_17020011","RaMCONms","RaMCONms_fmm",27,"fmm","RaMCONms","RaMCONms_fmm","Mixed Conifer - Eastside Mesic",3
"8_53_7_72833",10,20,90,2291,988,1702001107,"17020010","WEC","Na0710412_fmh_WEC","Na0710412","Na0710412_fmh",4,"fmh","Na0710412","Na0710412_fmh","North Pacific Mountain Hemlock Forest - Xeric",5
"8_53_7_94562",10,20,87,1847,781,1702001104,"17020010","WEC","RaMCONms_fmm_17020011","RaMCONms","RaMCONms_fmm",27,"fmm","RaMCONms","RaMCONms_fmm","Mixed Conifer - Eastside Mesic",3
"8_53_7_81021",10,20,87,1847,1046,1702001104,"17020010","WEC","RaMCONms_fmm_17020011","RaMCONms","RaMCONms_fmm",27,"fmm","RaMCONms","RaMCONms_fmm","Mixed Conifer - Eastside Mesic",3
"8_53_7_69075",10,20,88,2291,725,1702001105,"17020010","WEC","Na0710412_fmh_WEC","Na0710412","Na0710412_fmh",4,"fmh","Na0710412","Na0710412_fmh","North Pacific Mountain Hemlock Forest - Xeric",5
"8_53_7_59802",10,20,88,2291,1447,1702001105,"17020010","WEC","Na0710412_fmh_WEC","Na0710412","Na0710412_fmh",4,"fmh","Na0710412","Na0710412_fmh","North Pacific Mountain Hemlock Forest - Xeric",5
"8_53_37_50387",10,26,123,2291,2141,1703000102,"17020016","WEC","Na0710412_fmh_WEC","Na0710412","Na0710412_fmh",4,"fmh","Na0710412","Na0710412_fmh","North Pacific Mountain Hemlock Forest - Xeric",5
"8_53_37_94406",10,26,123,2291,1313,1703000102,"17020016","WEC","Na0710412_fmh_WEC","Na0710412","Na0710412_fmh",4,"fmh","Na0710412","Na0710412_fmh","North Pacific Mountain Hemlock Forest - Xeric",5
"8_53_37_53702",10,26,126,2291,1614,1703000105,"17020016","WEC","Na0710412_fmh_WEC","Na0710412","Na0710412_fmh",4,"fmh","Na0710412","Na0710412_fmh","North Pacific Mountain Hemlock Forest - Xeric",5
"8_53_37_86951",10,26,123,2291,1611,1703000102,"17020016","WEC","Na0710412_fmh_WEC","Na0710412","Na0710412_fmh",4,"fmh","Na0710412","Na0710412_fmh","North Pacific Mountain Hemlock Forest - Xeric",5
"8_53_37_62611",10,26,126,190,1607,1703000105,"17020016","WEC","RaMCONdy_fmd_1703000105","RaMCONdy","RaMCONdy_fmd",28,"fmd","RaMCONdy","RaMCONdy_fmd","Mixed Conifer - Eastside Dry",1
"8_53_37_92487",10,26,123,186,2276,1703000102,"17020016","WEC","RaMCONdy_fmd_1703000102","RaMCONdy","RaMCONdy_fmd",28,"fmd","RaMCONdy","RaMCONdy_fmd","Mixed Conifer - Eastside Dry",1
"8_53_37_56331",10,26,126,190,203,1703000105,"17020016","WEC","RaMCONdy_fmd_1703000105","RaMCONdy","RaMCONdy_fmd",28,"fmd","RaMCONdy","RaMCONdy_fmd","Mixed Conifer - Eastside Dry",1
"8_53_37_82626",10,26,126,190,1459,1703000105,"17020016","WEC","RaMCONdy_fmd_1703000105","RaMCONdy","RaMCONdy_fmd",28,"fmd","RaMCONdy","RaMCONdy_fmd","Mixed Conifer - Eastside Dry",1
"5_53_73_77719",11,130,738,1782,787,1711000505,"17110004","WNC","RaDFHEdy_fdg_17110005","RaDFHEdy","RaDFHEdy_fdg",24,"fdg","RaDFHEdy","RaDFHEdy_fdg","Douglas-fir Hemlock-Dry Mesic",3
"5_53_73_69899",11,130,738,1782,1259,1711000505,"17110004","WNC","RaDFHEdy_fdg_17110005","RaDFHEdy","RaDFHEdy_fdg",24,"fdg","RaDFHEdy","RaDFHEdy_fdg","Douglas-fir Hemlock-Dry Mesic",3
"5_53_73_75231",11,130,738,2288,2016,1711000505,"17110004","WNC","RaABLA_faf_WNC","RaABLA","RaABLA_faf",8,"faf","RaABLA","RaABLA_faf","Subalpine Fir",4
"8_53_47_93968",12,16,64,2283,954,1702000702,"17020006","WNE","RaSPFI_fcd_WNE","RaSPFI","RaSPFI_fcd",9,"fcd","RaSPFI","RaSPFI_fcd","Spruce - Fir",4
"5_53_73_82098",11,130,738,1782,1142,1711000505,"17110004","WNC","RaDFHEdy_fdg_17110005","RaDFHEdy","RaDFHEdy_fdg",24,"fdg","RaDFHEdy","RaDFHEdy_fdg","Douglas-fir Hemlock-Dry Mesic",3
"5_53_73_60595",11,130,738,2288,1555,1711000505,"17110004","WNC","RaABLA_faf_WNC","RaABLA","RaABLA_faf",8,"faf","RaABLA","RaABLA_faf","Subalpine Fir",4
"8_53_47_59251",12,17,70,2283,544,1702000802,"17020007","WNE","RaSPFI_fcd_WNE","RaSPFI","RaSPFI_fcd",9,"fcd","RaSPFI","RaSPFI_fcd","Spruce - Fir",4
"5_53_73_76061",11,130,738,2288,1042,1711000505,"17110004","WNC","RaABLA_faf_WNC","RaABLA","RaABLA_faf",8,"faf","RaABLA","RaABLA_faf","Subalpine Fir",4
"8_53_47_99699",12,17,70,2290,812,1702000802,"17020007","WNE","RaABLA_faf_WNE","RaABLA","RaABLA_faf",8,"faf","RaABLA","RaABLA_faf","Subalpine Fir",4
"3_41_31_97217",2,75,446,2071,10,1707030701,"17070306A","OBM","RaPIPOxe_fxp_17070307","RaPIPOxe","RaPIPOxe_fxp",56,"fxp","RaPIPOxe","RaPIPOxe_fxp","Ponderosa Pine - Xeric",3
"8_53_47_82993",12,17,70,1786,1787,1702000802,"17020007","WNE","RaSAWD_fal_17020008","RaSAWD","RaSAWD_fal",2,"fal","RaSAWD","RaSAWD_fal","Subalpine Woodland",3
"3_41_31_60624",2,75,446,2071,382,1707030701,"17070306A","OBM","RaPIPOxe_fxp_17070307","RaPIPOxe","RaPIPOxe_fxp",56,"fxp","RaPIPOxe","RaPIPOxe_fxp","Ponderosa Pine - Xeric",3
"3_41_13_60323",2,75,446,721,1227,1707030701,"17070306A","OBM","RaMCONdy_fdd_1707030701","RaMCONdy","RaMCONdy_fdd",42,"fdd","RaMCONdy","RaMCONdy_fdd","Mixed Conifer - Eastside Dry",1
"3_41_13_71480",2,75,446,721,1559,1707030701,"17070306A","OBM","RaMCONdy_fdd_1707030701","RaMCONdy","RaMCONdy_fdd",42,"fdd","RaMCONdy","RaMCONdy_fdd","Mixed Conifer - Eastside Dry",1
"3_41_13_53550",2,75,446,742,681,1707030701,"17070306A","OBM","RaMCONdy_fdg_1707030701","RaMCONdy","RaMCONdy_fdg",23,"fdg","RaMCONdy","RaMCONdy_fdg","Mixed Conifer - Eastside Dry",1
"3_41_13_89863",2,71,427,806,1044,1707030505,"17070304","OBM","RaMCONdy_fdd_1707030505","RaMCONdy","RaMCONdy_fdd",42,"fdd","RaMCONdy","RaMCONdy_fdd","Mixed Conifer - Eastside Dry",1
"3_41_13_57770",2,71,427,805,1099,1707030505,"17070304","OBM","RaMCONdy_fdg_1707030505","RaMCONdy","RaMCONdy_fdg",23,"fdg","RaMCONdy","RaMCONdy_fdg","Mixed Conifer - Eastside Dry",1
"3_41_13_68957",2,71,425,808,1008,1707030503,"17070304","OBM","RaMCONdy_fdd_1707030503","RaMCONdy","RaMCONdy_fdd",42,"fdd","RaMCONdy","RaMCONdy_fdd","Mixed Conifer - Eastside Dry",1
"5_53_57_72008",11,130,738,2287,1658,1711000505,"17110004","WNC","Na0710412_fmc_WNC","Na0710412","Na0710412_fmc",7,"fmc","Na0710412","Na0710412_fmc","North Pacific Mountain Hemlock Forest - Xeric",5
"3_41_13_62646",2,71,425,2103,940,1707030503,"17070304","OBM","RaPIPOxe_fxp_17070305A","RaPIPOxe","RaPIPOxe_fxp",56,"fxp","RaPIPOxe","RaPIPOxe_fxp","Ponderosa Pine - Xeric",3
"3_41_13_63787",2,71,426,2103,15,1707030504,"17070304","OBM","RaPIPOxe_fxp_17070305A","RaPIPOxe","RaPIPOxe_fxp",56,"fxp","RaPIPOxe","RaPIPOxe_fxp","Ponderosa Pine - Xeric",3
"3_41_13_94420",2,71,426,2103,483,1707030504,"17070304","OBM","RaPIPOxe_fxp_17070305A","RaPIPOxe","RaPIPOxe_fxp",56,"fxp","RaPIPOxe","RaPIPOxe_fxp","Ponderosa Pine - Xeric",3
"5_53_57_95514",11,130,738,1777,772,1711000505,"17110004","WNC","RaSAWD_fal_17110005","RaSAWD","RaSAWD_fal",2,"fal","RaSAWD","RaSAWD_fal","Subalpine Woodland",3
"8_53_7_81083",10,18,76,2291,1174,1702000901,"17020008","WEC","Na0710412_fmh_WEC","Na0710412","Na0710412_fmh",4,"fmh","Na0710412","Na0710412_fmh","North Pacific Mountain Hemlock Forest - Xeric",5
"8_53_7_99791",10,18,76,2291,1680,1702000901,"17020008","WEC","Na0710412_fmh_WEC","Na0710412","Na0710412_fmh",4,"fmh","Na0710412","Na0710412_fmh","North Pacific Mountain Hemlock Forest - Xeric",5
"3_41_37_67346",4,151,853,1273,1699,1712000514,"17120004","OEC","RaMCONdy_fmx_1712000514","RaMCONdy","RaMCONdy_fmx",29,"fmx","RaMCONdy","RaMCONdy_fmx","Mixed Conifer - Eastside Dry",1
"3_41_37_55157",4,152,860,2248,1187,1712000602,"17120005","OEC","RaPIPOxe_fpd_17120006","RaPIPOxe","RaPIPOxe_fpd",53,"fpd","RaPIPOxe","RaPIPOxe_fpd","Ponderosa Pine - Xeric",3
"3_41_37_69333",4,152,860,1458,1485,1712000602,"17120005","OEC","RaMCONdy_fmx_1712000602","RaMCONdy","RaMCONdy_fmx",29,"fmx","RaMCONdy","RaMCONdy_fmx","Mixed Conifer - Eastside Dry",1
"3_41_37_95647",4,152,860,1458,1206,1712000602,"17120005","OEC","RaMCONdy_fmx_1712000602","RaMCONdy","RaMCONdy_fmx",29,"fmx","RaMCONdy","RaMCONdy_fmx","Mixed Conifer - Eastside Dry",1
"3_41_37_67516",4,152,859,2248,821,1712000601,"17120005","OEC","RaPIPOxe_fpd_17120006","RaPIPOxe","RaPIPOxe_fpd",53,"fpd","RaPIPOxe","RaPIPOxe_fpd","Ponderosa Pine - Xeric",3
"3_41_37_70746",4,152,859,1491,1386,1712000601,"17120005","OEC","RaMCONdy_fmx_1712000601","RaMCONdy","RaMCONdy_fmx",29,"fmx","RaMCONdy","RaMCONdy_fmx","Mixed Conifer - Eastside Dry",1
"3_41_37_94336",4,152,859,2248,1152,1712000601,"17120005","OEC","RaPIPOxe_fpd_17120006","RaPIPOxe","RaPIPOxe_fpd",53,"fpd","RaPIPOxe","RaPIPOxe_fpd","Ponderosa Pine - Xeric",3
"3_41_37_67090",4,152,859,1491,1374,1712000601,"17120005","OEC","RaMCONdy_fmx_1712000601","RaMCONdy","RaMCONdy_fmx",29,"fmx","RaMCONdy","RaMCONdy_fmx","Mixed Conifer - Eastside Dry",1
"3_41_37_82123",4,162,923,1605,2372,1802000102,"18010206","OEC","RaMCONdy_fmd_1802000102","RaMCONdy","RaMCONdy_fmd",28,"fmd","RaMCONdy","RaMCONdy_fmd","Mixed Conifer - Eastside Dry",1
"3_41_37_86547",4,162,923,1605,2647,1802000102,"18010206","OEC","RaMCONdy_fmd_1802000102","RaMCONdy","RaMCONdy_fmd",28,"fmd","RaMCONdy","RaMCONdy_fmd","Mixed Conifer - Eastside Dry",1
"3_41_37_82688",4,162,923,1605,1800,1802000102,"18010206","OEC","RaMCONdy_fmd_1802000102","RaMCONdy","RaMCONdy_fmd",28,"fmd","RaMCONdy","RaMCONdy_fmd","Mixed Conifer - Eastside Dry",1
"8_53_7_57449",10,18,76,88,1224,1702000901,"17020008","WEC","RaMCONdy_fmd_1702000901","RaMCONdy","RaMCONdy_fmd",28,"fmd","RaMCONdy","RaMCONdy_fmd","Mixed Conifer - Eastside Dry",1
"3_41_37_56180",4,162,923,2265,1010,1802000102,"18010206","OEC","RaMCONms_fmm_18020001","RaMCONms","RaMCONms_fmm",27,"fmm","RaMCONms","RaMCONms_fmm","Mixed Conifer - Eastside Mesic",3
"3_41_37_63126",4,162,922,1635,1522,1802000101,"18010206","OEC","RaMCONdy_fmd_1802000101","RaMCONdy","RaMCONdy_fmd",28,"fmd","RaMCONdy","RaMCONdy_fmd","Mixed Conifer - Eastside Dry",1
"3_41_37_58095",4,162,922,1635,2125,1802000101,"18010206","OEC","RaMCONdy_fmd_1802000101","RaMCONdy","RaMCONdy_fmd",28,"fmd","RaMCONdy","RaMCONdy_fmd","Mixed Conifer - Eastside Dry",1
"3_41_37_70247",4,162,925,1747,2354,1802000104,"18010206","OEC","RaMCONdy_fmd_1802000104","RaMCONdy","RaMCONdy_fmd",28,"fmd","RaMCONdy","RaMCONdy_fmd","Mixed Conifer - Eastside Dry",1
"3_41_37_70019",4,162,925,2264,1799,1802000104,"18010206","OEC","RaPIPOxe_fxp_18020001","RaPIPOxe","RaPIPOxe_fxp",56,"fxp","RaPIPOxe","RaPIPOxe_fxp","Ponderosa Pine - Xeric",3
"8_53_7_52811",10,18,77,1814,1897,1702000902,"17020008","WEC","RaMCONms_fmm_17020009","RaMCONms","RaMCONms_fmm",27,"fmm","RaMCONms","RaMCONms_fmm","Mixed Conifer - Eastside Mesic",3
"8_53_7_78124",10,20,86,1841,1397,1702001103,"17020010","WEC","RaSAWD_fal_17020011","RaSAWD","RaSAWD_fal",2,"fal","RaSAWD","RaSAWD_fal","Subalpine Woodland",3
"8_53_7_81992",10,20,86,1844,1845,1702001103,"17020010","WEC","RaABAMlw_fsi_17020011","RaABAMlw","RaABAMlw_fsi",14,"fsi","RaABAMlw","RaABAMlw_fsi","Pacific Silver Fir - Low Elevation",3
"8_53_7_56247",10,20,86,1847,2714,1702001103,"17020010","WEC","RaMCONms_fmm_17020011","RaMCONms","RaMCONms_fmm",27,"fmm","RaMCONms","RaMCONms_fmm","Mixed Conifer - Eastside Mesic",3
"8_53_7_65739",10,20,86,1847,2580,1702001103,"17020010","WEC","RaMCONms_fmm_17020011","RaMCONms","RaMCONms_fmm",27,"fmm","RaMCONms","RaMCONms_fmm","Mixed Conifer - Eastside Mesic",3
"8_53_7_96508",10,20,86,1847,1978,1702001103,"17020010","WEC","RaMCONms_fmm_17020011","RaMCONms","RaMCONms_fmm",27,"fmm","RaMCONms","RaMCONms_fmm","Mixed Conifer - Eastside Mesic",3
"8_53_7_88643",10,20,86,1847,1467,1702001103,"17020010","WEC","RaMCONms_fmm_17020011","RaMCONms","RaMCONms_fmm",27,"fmm","RaMCONms","RaMCONms_fmm","Mixed Conifer - Eastside Mesic",3
"8_53_7_51770",10,20,90,145,1046,1702001107,"17020010","WEC","RaMCONdy_fmd_1702001107","RaMCONdy","RaMCONdy_fmd",28,"fmd","RaMCONdy","RaMCONdy_fmd","Mixed Conifer - Eastside Dry",1
"8_53_7_89746",10,20,85,1847,1052,1702001102,"17020010","WEC","RaMCONms_fmm_17020011","RaMCONms","RaMCONms_fmm",27,"fmm","RaMCONms","RaMCONms_fmm","Mixed Conifer - Eastside Mesic",3
"8_53_7_94622",10,20,90,1847,1505,1702001107,"17020010","WEC","RaMCONms_fmm_17020011","RaMCONms","RaMCONms_fmm",27,"fmm","RaMCONms","RaMCONms_fmm","Mixed Conifer - Eastside Mesic",3
"8_53_7_61096",10,20,90,145,1690,1702001107,"17020010","WEC","RaMCONdy_fmd_1702001107","RaMCONdy","RaMCONdy_fmd",28,"fmd","RaMCONdy","RaMCONdy_fmd","Mixed Conifer - Eastside Dry",1
"8_53_7_92268",10,20,90,1847,2095,1702001107,"17020010","WEC","RaMCONms_fmm_17020011","RaMCONms","RaMCONms_fmm",27,"fmm","RaMCONms","RaMCONms_fmm","Mixed Conifer - Eastside Mesic",3
"8_53_47_78728",12,16,63,2283,1740,1702000701,"17020006","WNE","RaSPFI_fcd_WNE","RaSPFI","RaSPFI_fcd",9,"fcd","RaSPFI","RaSPFI_fcd","Spruce - Fir",4
"8_53_7_61645",10,20,90,1847,1451,1702001107,"17020010","WEC","RaMCONms_fmm_17020011","RaMCONms","RaMCONms_fmm",27,"fmm","RaMCONms","RaMCONms_fmm","Mixed Conifer - Eastside Mesic",3
"8_53_7_69595",10,20,90,1847,1272,1702001107,"17020010","WEC","RaMCONms_fmm_17020011","RaMCONms","RaMCONms_fmm",27,"fmm","RaMCONms","RaMCONms_fmm","Mixed Conifer - Eastside Mesic",3
"8_53_7_78650",10,20,90,2291,848,1702001107,"17020010","WEC","Na0710412_fmh_WEC","Na0710412","Na0710412_fmh",4,"fmh","Na0710412","Na0710412_fmh","North Pacific Mountain Hemlock Forest - Xeric",5
"8_53_7_60226",10,20,87,162,724,1702001104,"17020010","WEC","RaMCONdy_fmd_1702001104","RaMCONdy","RaMCONdy_fmd",28,"fmd","RaMCONdy","RaMCONdy_fmd","Mixed Conifer - Eastside Dry",1
"8_53_7_79562",10,20,90,1847,537,1702001107,"17020010","WEC","RaMCONms_fmm_17020011","RaMCONms","RaMCONms_fmm",27,"fmm","RaMCONms","RaMCONms_fmm","Mixed Conifer - Eastside Mesic",3
"8_53_7_67586",10,20,87,2291,1239,1702001104,"17020010","WEC","Na0710412_fmh_WEC","Na0710412","Na0710412_fmh",4,"fmh","Na0710412","Na0710412_fmh","North Pacific Mountain Hemlock Forest - Xeric",5
"8_53_7_70180",10,20,88,2291,1749,1702001105,"17020010","WEC","Na0710412_fmh_WEC","Na0710412","Na0710412_fmh",4,"fmh","Na0710412","Na0710412_fmh","North Pacific Mountain Hemlock Forest - Xeric",5
"8_53_7_81834",10,20,88,1847,1529,1702001105,"17020010","WEC","RaMCONms_fmm_17020011","RaMCONms","RaMCONms_fmm",27,"fmm","RaMCONms","RaMCONms_fmm","Mixed Conifer - Eastside Mesic",3
"8_53_37_84614",10,26,126,1898,1473,1703000105,"17020016","WEC","RaMCONms_fmm_17030001","RaMCONms","RaMCONms_fmm",27,"fmm","RaMCONms","RaMCONms_fmm","Mixed Conifer - Eastside Mesic",3
"8_53_37_62560",10,26,126,1898,1368,1703000105,"17020016","WEC","RaMCONms_fmm_17030001","RaMCONms","RaMCONms_fmm",27,"fmm","RaMCONms","RaMCONms_fmm","Mixed Conifer - Eastside Mesic",3
"8_53_37_85498",10,26,126,190,1132,1703000105,"17020016","WEC","RaMCONdy_fmd_1703000105","RaMCONdy","RaMCONdy_fmd",28,"fmd","RaMCONdy","RaMCONdy_fmd","Mixed Conifer - Eastside Dry",1
"8_53_37_69044",10,26,126,190,1571,1703000105,"17020016","WEC","RaMCONdy_fmd_1703000105","RaMCONdy","RaMCONdy_fmd",28,"fmd","RaMCONdy","RaMCONdy_fmd","Mixed Conifer - Eastside Dry",1
"8_53_37_90443",10,26,126,190,957,1703000105,"17020016","WEC","RaMCONdy_fmd_1703000105","RaMCONdy","RaMCONdy_fmd",28,"fmd","RaMCONdy","RaMCONdy_fmd","Mixed Conifer - Eastside Dry",1
"8_53_37_52522",10,26,126,190,1584,1703000105,"17020016","WEC","RaMCONdy_fmd_1703000105","RaMCONdy","RaMCONdy_fmd",28,"fmd","RaMCONdy","RaMCONdy_fmd","Mixed Conifer - Eastside Dry",1
"8_53_37_98532",10,26,126,190,976,1703000105,"17020016","WEC","RaMCONdy_fmd_1703000105","RaMCONdy","RaMCONdy_fmd",28,"fmd","RaMCONdy","RaMCONdy_fmd","Mixed Conifer - Eastside Dry",1
"8_53_47_67036",12,16,63,2283,2288,1702000701,"17020006","WNE","RaSPFI_fcd_WNE","RaSPFI","RaSPFI_fcd",9,"fcd","RaSPFI","RaSPFI_fcd","Spruce - Fir",4
"8_53_47_88491",11,130,738,1782,792,1711000505,"17110004","WNC","RaDFHEdy_fdg_17110005","RaDFHEdy","RaDFHEdy_fdg",24,"fdg","RaDFHEdy","RaDFHEdy_fdg","Douglas-fir Hemlock-Dry Mesic",3
"5_53_73_90111",11,130,738,2288,774,1711000505,"17110004","WNC","RaABLA_faf_WNC","RaABLA","RaABLA_faf",8,"faf","RaABLA","RaABLA_faf","Subalpine Fir",4
"5_53_73_87528",11,130,738,2288,1326,1711000505,"17110004","WNC","RaABLA_faf_WNC","RaABLA","RaABLA_faf",8,"faf","RaABLA","RaABLA_faf","Subalpine Fir",4
"8_53_39_60675",10,28,138,300,1687,1703000307,"17030002","WEC","RaMCONdy_fmd_1703000307","RaMCONdy","RaMCONdy_fmd",28,"fmd","RaMCONdy","RaMCONdy_fmd","Mixed Conifer - Eastside Dry",1
"8_53_39_77927",10,28,138,300,952,1703000307,"17030002","WEC","RaMCONdy_fmd_1703000307","RaMCONdy","RaMCONdy_fmd",28,"fmd","RaMCONdy","RaMCONdy_fmd","Mixed Conifer - Eastside Dry",1
"8_53_39_67246",10,62,342,335,1162,1707010603,"17070105C","WEC","RaMCONdy_fmd_1707010603","RaMCONdy","RaMCONdy_fmd",28,"fmd","RaMCONdy","RaMCONdy_fmd","Mixed Conifer - Eastside Dry",1
"8_53_39_95847",10,54,297,341,55,1707010113,"17060210","WEC","RaPIPOm_fpd_1707010113","RaPIPOm","RaPIPOm_fpd",51,"fpd","RaPIPOm","RaPIPOm_fpd","Dry Ponderosa Pine - Mesic",1
"8_53_47_61332",12,17,70,1786,779,1702000802,"17020007","WNE","RaSAWD_fal_17020008","RaSAWD","RaSAWD_fal",2,"fal","RaSAWD","RaSAWD_fal","Subalpine Woodland",3
"8_53_47_79962",12,17,70,1786,869,1702000802,"17020007","WNE","RaSAWD_fal_17020008","RaSAWD","RaSAWD_fal",2,"fal","RaSAWD","RaSAWD_fal","Subalpine Woodland",3
"8_53_47_98348",12,17,70,2283,1407,1702000802,"17020007","WNE","RaSPFI_fcd_WNE","RaSPFI","RaSPFI_fcd",9,"fcd","RaSPFI","RaSPFI_fcd","Spruce - Fir",4
"3_41_31_81893",2,75,446,2071,132,1707030701,"17070306A","OBM","RaPIPOxe_fxp_17070307","RaPIPOxe","RaPIPOxe_fxp",56,"fxp","RaPIPOxe","RaPIPOxe_fxp","Ponderosa Pine - Xeric",3
"3_41_13_74350",2,75,446,721,1489,1707030701,"17070306A","OBM","RaMCONdy_fdd_1707030701","RaMCONdy","RaMCONdy_fdd",42,"fdd","RaMCONdy","RaMCONdy_fdd","Mixed Conifer - Eastside Dry",1
"3_41_13_91440",2,75,446,2099,703,1707030701,"17070306A","OBM","RaMCONms_fcm_17070307","RaMCONms","RaMCONms_fcm",22,"fcm","RaMCONms","RaMCONms_fcm","Mixed Conifer - Eastside Mesic",3
"3_41_13_75704",2,75,446,742,1075,1707030701,"17070306A","OBM","RaMCONdy_fdg_1707030701","RaMCONdy","RaMCONdy_fdg",23,"fdg","RaMCONdy","RaMCONdy_fdg","Mixed Conifer - Eastside Dry",1
"3_41_13_97526",2,71,427,805,1669,1707030505,"17070304","OBM","RaMCONdy_fdg_1707030505","RaMCONdy","RaMCONdy_fdg",23,"fdg","RaMCONdy","RaMCONdy_fdg","Mixed Conifer - Eastside Dry",1
"3_41_13_90937",2,71,427,805,1307,1707030505,"17070304","OBM","RaMCONdy_fdg_1707030505","RaMCONdy","RaMCONdy_fdg",23,"fdg","RaMCONdy","RaMCONdy_fdg","Mixed Conifer - Eastside Dry",1
"3_41_13_87453",2,71,427,805,459,1707030505,"17070304","OBM","RaMCONdy_fdg_1707030505","RaMCONdy","RaMCONdy_fdg",23,"fdg","RaMCONdy","RaMCONdy_fdg","Mixed Conifer - Eastside Dry",1
"3_41_13_56572",2,71,427,806,1130,1707030505,"17070304","OBM","RaMCONdy_fdd_1707030505","RaMCONdy","RaMCONdy_fdd",42,"fdd","RaMCONdy","RaMCONdy_fdd","Mixed Conifer - Eastside Dry",1
"3_41_13_94311",2,71,425,809,790,1707030503,"17070304","OBM","RaMCONdy_fdg_1707030503","RaMCONdy","RaMCONdy_fdg",23,"fdg","RaMCONdy","RaMCONdy_fdg","Mixed Conifer - Eastside Dry",1
"3_41_13_82339",2,71,425,808,1355,1707030503,"17070304","OBM","RaMCONdy_fdd_1707030503","RaMCONdy","RaMCONdy_fdd",42,"fdd","RaMCONdy","RaMCONdy_fdd","Mixed Conifer - Eastside Dry",1
"3_41_13_76358",2,70,422,2123,16,1707030408,"17070303","OBM","RaPIPOxe_fxp_17070304","RaPIPOxe","RaPIPOxe_fxp",56,"fxp","RaPIPOxe","RaPIPOxe_fxp","Ponderosa Pine - Xeric",3
"8_53_47_91319",10,18,76,1810,732,1702000901,"17020008","WEC","RaSAWD_fal_17020009","RaSAWD","RaSAWD_fal",2,"fal","RaSAWD","RaSAWD_fal","Subalpine Woodland",3
"8_53_47_79123",12,17,70,1786,1064,1702000802,"17020007","WNE","RaSAWD_fal_17020008","RaSAWD","RaSAWD_fal",2,"fal","RaSAWD","RaSAWD_fal","Subalpine Woodland",3
"8_53_7_75736",10,18,76,2291,1162,1702000901,"17020008","WEC","Na0710412_fmh_WEC","Na0710412","Na0710412_fmh",4,"fmh","Na0710412","Na0710412_fmh","North Pacific Mountain Hemlock Forest - Xeric",5
"3_41_17_69696",4,72,428,2127,2,1707030506,"17070305A","OEC","RaPIPOxe_fxp_17070305B","RaPIPOxe","RaPIPOxe_fxp",56,"fxp","RaPIPOxe","RaPIPOxe_fxp","Ponderosa Pine - Xeric",3
"8_53_7_66420",10,18,76,1814,817,1702000901,"17020008","WEC","RaMCONms_fmm_17020009","RaMCONms","RaMCONms_fmm",27,"fmm","RaMCONms","RaMCONms_fmm","Mixed Conifer - Eastside Mesic",3
"3_41_37_51512",4,152,860,2224,1055,1712000602,"17120005","OEC","RaPIPOxe_fxp_17120006","RaPIPOxe","RaPIPOxe_fxp",56,"fxp","RaPIPOxe","RaPIPOxe_fxp","Ponderosa Pine - Xeric",3
"3_41_37_57506",4,152,860,1458,2067,1712000602,"17120005","OEC","RaMCONdy_fmx_1712000602","RaMCONdy","RaMCONdy_fmx",29,"fmx","RaMCONdy","RaMCONdy_fmx","Mixed Conifer - Eastside Dry",1
"3_41_37_76873",4,152,860,2248,1442,1712000602,"17120005","OEC","RaPIPOxe_fpd_17120006","RaPIPOxe","RaPIPOxe_fpd",53,"fpd","RaPIPOxe","RaPIPOxe_fpd","Ponderosa Pine - Xeric",3
"3_41_37_52077",4,152,860,2224,832,1712000602,"17120005","OEC","RaPIPOxe_fxp_17120006","RaPIPOxe","RaPIPOxe_fxp",56,"fxp","RaPIPOxe","RaPIPOxe_fxp","Ponderosa Pine - Xeric",3
"3_41_37_51857",4,152,860,2224,1728,1712000602,"17120005","OEC","RaPIPOxe_fxp_17120006","RaPIPOxe","RaPIPOxe_fxp",56,"fxp","RaPIPOxe","RaPIPOxe_fxp","Ponderosa Pine - Xeric",3
"3_41_37_68336",4,152,859,2224,1191,1712000601,"17120005","OEC","RaPIPOxe_fxp_17120006","RaPIPOxe","RaPIPOxe_fxp",56,"fxp","RaPIPOxe","RaPIPOxe_fxp","Ponderosa Pine - Xeric",3
"3_41_37_55482",4,152,859,2224,788,1712000601,"17120005","OEC","RaPIPOxe_fxp_17120006","RaPIPOxe","RaPIPOxe_fxp",56,"fxp","RaPIPOxe","RaPIPOxe_fxp","Ponderosa Pine - Xeric",3
"3_41_37_69891",4,152,859,1491,2209,1712000601,"17120005","OEC","RaMCONdy_fmx_1712000601","RaMCONdy","RaMCONdy_fmx",29,"fmx","RaMCONdy","RaMCONdy_fmx","Mixed Conifer - Eastside Dry",1
"3_41_37_51265",4,162,923,1605,3476,1802000102,"18010206","OEC","RaMCONdy_fmd_1802000102","RaMCONdy","RaMCONdy_fmd",28,"fmd","RaMCONdy","RaMCONdy_fmd","Mixed Conifer - Eastside Dry",1
"3_41_37_71837",4,162,923,1605,3083,1802000102,"18010206","OEC","RaMCONdy_fmd_1802000102","RaMCONdy","RaMCONdy_fmd",28,"fmd","RaMCONdy","RaMCONdy_fmd","Mixed Conifer - Eastside Dry",1
"3_41_37_98430",4,162,923,1605,2803,1802000102,"18010206","OEC","RaMCONdy_fmd_1802000102","RaMCONdy","RaMCONdy_fmd",28,"fmd","RaMCONdy","RaMCONdy_fmd","Mixed Conifer - Eastside Dry",1
"3_41_37_66513",4,162,923,1605,2223,1802000102,"18010206","OEC","RaMCONdy_fmd_1802000102","RaMCONdy","RaMCONdy_fmd",28,"fmd","RaMCONdy","RaMCONdy_fmd","Mixed Conifer - Eastside Dry",1
"3_41_37_85003",4,162,922,2264,789,1802000101,"18010206","OEC","RaPIPOxe_fxp_18020001","RaPIPOxe","RaPIPOxe_fxp",56,"fxp","RaPIPOxe","RaPIPOxe_fxp","Ponderosa Pine - Xeric",3
"3_41_37_64545",4,162,922,1635,1188,1802000101,"18010206","OEC","RaMCONdy_fmd_1802000101","RaMCONdy","RaMCONdy_fmd",28,"fmd","RaMCONdy","RaMCONdy_fmd","Mixed Conifer - Eastside Dry",1
"3_41_37_84002",4,162,922,1635,2188,1802000101,"18010206","OEC","RaMCONdy_fmd_1802000101","RaMCONdy","RaMCONdy_fmd",28,"fmd","RaMCONdy","RaMCONdy_fmd","Mixed Conifer - Eastside Dry",1
"3_41_37_54232",4,162,925,1747,1667,1802000104,"18010206","OEC","RaMCONdy_fmd_1802000104","RaMCONdy","RaMCONdy_fmd",28,"fmd","RaMCONdy","RaMCONdy_fmd","Mixed Conifer - Eastside Dry",1
"3_41_37_52493",4,162,925,2264,1026,1802000104,"18010206","OEC","RaPIPOxe_fxp_18020001","RaPIPOxe","RaPIPOxe_fxp",56,"fxp","RaPIPOxe","RaPIPOxe_fxp","Ponderosa Pine - Xeric",3
"8_53_7_75894",10,18,77,1814,988,1702000902,"17020008","WEC","RaMCONms_fmm_17020009","RaMCONms","RaMCONms_fmm",27,"fmm","RaMCONms","RaMCONms_fmm","Mixed Conifer - Eastside Mesic",3
"8_53_7_62014",10,19,80,1842,1327,1702001002,"17020009","WEC","RaSAWD_fal_17020010","RaSAWD","RaSAWD_fal",2,"fal","RaSAWD","RaSAWD_fal","Subalpine Woodland",3
"8_53_7_87286",10,19,80,1842,1907,1702001002,"17020009","WEC","RaSAWD_fal_17020010","RaSAWD","RaSAWD_fal",2,"fal","RaSAWD","RaSAWD_fal","Subalpine Woodland",3
"8_53_7_87112",10,19,80,1846,1477,1702001002,"17020009","WEC","RaMCONms_fmm_17020010","RaMCONms","RaMCONms_fmm",27,"fmm","RaMCONms","RaMCONms_fmm","Mixed Conifer - Eastside Mesic",3
"8_53_7_51993",10,19,80,2291,1834,1702001002,"17020009","WEC","Na0710412_fmh_WEC","Na0710412","Na0710412_fmh",4,"fmh","Na0710412","Na0710412_fmh","North Pacific Mountain Hemlock Forest - Xeric",5
"8_53_7_90361",10,19,80,1842,1989,1702001002,"17020009","WEC","RaSAWD_fal_17020010","RaSAWD","RaSAWD_fal",2,"fal","RaSAWD","RaSAWD_fal","Subalpine Woodland",3
"8_53_7_93340",10,20,86,1841,2536,1702001103,"17020010","WEC","RaSAWD_fal_17020011","RaSAWD","RaSAWD_fal",2,"fal","RaSAWD","RaSAWD_fal","Subalpine Woodland",3
"8_53_7_91477",10,20,86,1841,1174,1702001103,"17020010","WEC","RaSAWD_fal_17020011","RaSAWD","RaSAWD_fal",2,"fal","RaSAWD","RaSAWD_fal","Subalpine Woodland",3
"8_53_7_84236",10,20,86,1847,1145,1702001103,"17020010","WEC","RaMCONms_fmm_17020011","RaMCONms","RaMCONms_fmm",27,"fmm","RaMCONms","RaMCONms_fmm","Mixed Conifer - Eastside Mesic",3
"8_53_7_85089",10,20,86,1847,1502,1702001103,"17020010","WEC","RaMCONms_fmm_17020011","RaMCONms","RaMCONms_fmm",27,"fmm","RaMCONms","RaMCONms_fmm","Mixed Conifer - Eastside Mesic",3
"8_53_7_79839",10,20,86,1847,890,1702001103,"17020010","WEC","RaMCONms_fmm_17020011","RaMCONms","RaMCONms_fmm",27,"fmm","RaMCONms","RaMCONms_fmm","Mixed Conifer - Eastside Mesic",3
"8_53_7_87313",10,20,86,1847,1778,1702001103,"17020010","WEC","RaMCONms_fmm_17020011","RaMCONms","RaMCONms_fmm",27,"fmm","RaMCONms","RaMCONms_fmm","Mixed Conifer - Eastside Mesic",3
"8_53_7_82830",10,20,86,1847,886,1702001103,"17020010","WEC","RaMCONms_fmm_17020011","RaMCONms","RaMCONms_fmm",27,"fmm","RaMCONms","RaMCONms_fmm","Mixed Conifer - Eastside Mesic",3
"8_53_7_52232",10,20,86,1847,881,1702001103,"17020010","WEC","RaMCONms_fmm_17020011","RaMCONms","RaMCONms_fmm",27,"fmm","RaMCONms","RaMCONms_fmm","Mixed Conifer - Eastside Mesic",3
"8_53_7_99044",10,20,90,145,710,1702001107,"17020010","WEC","RaMCONdy_fmd_1702001107","RaMCONdy","RaMCONdy_fmd",28,"fmd","RaMCONdy","RaMCONdy_fmd","Mixed Conifer - Eastside Dry",1
"8_53_7_92568",10,20,90,1847,1050,1702001107,"17020010","WEC","RaMCONms_fmm_17020011","RaMCONms","RaMCONms_fmm",27,"fmm","RaMCONms","RaMCONms_fmm","Mixed Conifer - Eastside Mesic",3
"8_53_7_74014",10,20,90,145,1153,1702001107,"17020010","WEC","RaMCONdy_fmd_1702001107","RaMCONdy","RaMCONdy_fmd",28,"fmd","RaMCONdy","RaMCONdy_fmd","Mixed Conifer - Eastside Dry",1
"8_53_7_74013",10,20,90,1847,887,1702001107,"17020010","WEC","RaMCONms_fmm_17020011","RaMCONms","RaMCONms_fmm",27,"fmm","RaMCONms","RaMCONms_fmm","Mixed Conifer - Eastside Mesic",3
"8_53_7_89892",10,20,90,1847,1168,1702001107,"17020010","WEC","RaMCONms_fmm_17020011","RaMCONms","RaMCONms_fmm",27,"fmm","RaMCONms","RaMCONms_fmm","Mixed Conifer - Eastside Mesic",3
"8_53_7_97640",10,20,90,145,1098,1702001107,"17020010","WEC","RaMCONdy_fmd_1702001107","RaMCONdy","RaMCONdy_fmd",28,"fmd","RaMCONdy","RaMCONdy_fmd","Mixed Conifer - Eastside Dry",1
"8_53_7_94655",10,20,90,145,1644,1702001107,"17020010","WEC","RaMCONdy_fmd_1702001107","RaMCONdy","RaMCONdy_fmd",28,"fmd","RaMCONdy","RaMCONdy_fmd","Mixed Conifer - Eastside Dry",1
"8_53_7_82543",10,20,90,145,1541,1702001107,"17020010","WEC","RaMCONdy_fmd_1702001107","RaMCONdy","RaMCONdy_fmd",28,"fmd","RaMCONdy","RaMCONdy_fmd","Mixed Conifer - Eastside Dry",1
"8_53_7_78115",10,20,90,145,1325,1702001107,"17020010","WEC","RaMCONdy_fmd_1702001107","RaMCONdy","RaMCONdy_fmd",28,"fmd","RaMCONdy","RaMCONdy_fmd","Mixed Conifer - Eastside Dry",1
"8_53_7_75821",10,20,90,145,1489,1702001107,"17020010","WEC","RaMCONdy_fmd_1702001107","RaMCONdy","RaMCONdy_fmd",28,"fmd","RaMCONdy","RaMCONdy_fmd","Mixed Conifer - Eastside Dry",1
"8_53_7_86477",10,20,87,175,1045,1702001104,"17020010","WEC","RaPIPOm_fpd_1702001104","RaPIPOm","RaPIPOm_fpd",51,"fpd","RaPIPOm","RaPIPOm_fpd","Dry Ponderosa Pine - Mesic",1
"8_53_7_59451",10,20,88,177,1128,1702001105,"17020010","WEC","RaMCONdy_fmd_1702001105","RaMCONdy","RaMCONdy_fmd",28,"fmd","RaMCONdy","RaMCONdy_fmd","Mixed Conifer - Eastside Dry",1
"8_53_7_94180",10,20,88,177,1834,1702001105,"17020010","WEC","RaMCONdy_fmd_1702001105","RaMCONdy","RaMCONdy_fmd",28,"fmd","RaMCONdy","RaMCONdy_fmd","Mixed Conifer - Eastside Dry",1
"8_53_7_57763",10,20,88,1847,1569,1702001105,"17020010","WEC","RaMCONms_fmm_17020011","RaMCONms","RaMCONms_fmm",27,"fmm","RaMCONms","RaMCONms_fmm","Mixed Conifer - Eastside Mesic",3
"8_53_7_70691",10,20,88,1847,634,1702001105,"17020010","WEC","RaMCONms_fmm_17020011","RaMCONms","RaMCONms_fmm",27,"fmm","RaMCONms","RaMCONms_fmm","Mixed Conifer - Eastside Mesic",3
"8_53_7_88678",10,20,88,1847,1736,1702001105,"17020010","WEC","RaMCONms_fmm_17020011","RaMCONms","RaMCONms_fmm",27,"fmm","RaMCONms","RaMCONms_fmm","Mixed Conifer - Eastside Mesic",3
"8_53_37_67633",10,26,126,1898,1638,1703000105,"17020016","WEC","RaMCONms_fmm_17030001","RaMCONms","RaMCONms_fmm",27,"fmm","RaMCONms","RaMCONms_fmm","Mixed Conifer - Eastside Mesic",3
"8_53_37_78547",10,26,126,190,1150,1703000105,"17020016","WEC","RaMCONdy_fmd_1703000105","RaMCONdy","RaMCONdy_fmd",28,"fmd","RaMCONdy","RaMCONdy_fmd","Mixed Conifer - Eastside Dry",1
"8_53_37_61350",10,26,126,190,891,1703000105,"17020016","WEC","RaMCONdy_fmd_1703000105","RaMCONdy","RaMCONdy_fmd",28,"fmd","RaMCONdy","RaMCONdy_fmd","Mixed Conifer - Eastside Dry",1
"8_53_37_96579",10,26,126,190,1163,1703000105,"17020016","WEC","RaMCONdy_fmd_1703000105","RaMCONdy","RaMCONdy_fmd",28,"fmd","RaMCONdy","RaMCONdy_fmd","Mixed Conifer - Eastside Dry",1
"8_53_37_61287",10,26,126,190,1707,1703000105,"17020016","WEC","RaMCONdy_fmd_1703000105","RaMCONdy","RaMCONdy_fmd",28,"fmd","RaMCONdy","RaMCONdy_fmd","Mixed Conifer - Eastside Dry",1
"8_53_37_77605",10,26,126,190,2198,1703000105,"17020016","WEC","RaMCONdy_fmd_1703000105","RaMCONdy","RaMCONdy_fmd",28,"fmd","RaMCONdy","RaMCONdy_fmd","Mixed Conifer - Eastside Dry",1
"8_53_47_90230",12,16,63,2283,1691,1702000701,"17020006","WNE","RaSPFI_fcd_WNE","RaSPFI","RaSPFI_fcd",9,"fcd","RaSPFI","RaSPFI_fcd","Spruce - Fir",4
"8_53_47_85811",11,130,738,1777,840,1711000505,"17110004","WNC","RaSAWD_fal_17110005","RaSAWD","RaSAWD_fal",2,"fal","RaSAWD","RaSAWD_fal","Subalpine Woodland",3
"8_53_39_97249",10,54,297,342,1325,1707010113,"17060210","WEC","RaMCONdy_fmd_1707010113","RaMCONdy","RaMCONdy_fmd",28,"fmd","RaMCONdy","RaMCONdy_fmd","Mixed Conifer - Eastside Dry",1
"8_53_47_78353",12,17,70,2283,1338,1702000802,"17020007","WNE","RaSPFI_fcd_WNE","RaSPFI","RaSPFI_fcd",9,"fcd","RaSPFI","RaSPFI_fcd","Spruce - Fir",4
"8_53_47_88594",12,17,70,54,394,1702000802,"17020007","WNE","RaMCONdy_fdd_1702000802","RaMCONdy","RaMCONdy_fdd",42,"fdd","RaMCONdy","RaMCONdy_fdd","Mixed Conifer - Eastside Dry",1
"3_41_65_95169",2,66,378,2028,4,1707020406,"17070203","OBM","RaPIPOxe_fxp_17070204","RaPIPOxe","RaPIPOxe_fxp",56,"fxp","RaPIPOxe","RaPIPOxe_fxp","Ponderosa Pine - Xeric",3
"8_53_47_62839",12,17,70,1786,1687,1702000802,"17020007","WNE","RaSAWD_fal_17020008","RaSAWD","RaSAWD_fal",2,"fal","RaSAWD","RaSAWD_fal","Subalpine Woodland",3
"3_41_31_55302",2,66,376,643,310,1707020404,"17070203","OBM","RaMCONdy_fdd_1707020404","RaMCONdy","RaMCONdy_fdd",42,"fdd","RaMCONdy","RaMCONdy_fdd","Mixed Conifer - Eastside Dry",1
"3_41_31_78982",2,66,376,2028,563,1707020404,"17070203","OBM","RaPIPOxe_fxp_17070204","RaPIPOxe","RaPIPOxe_fxp",56,"fxp","RaPIPOxe","RaPIPOxe_fxp","Ponderosa Pine - Xeric",3
"3_41_31_91302",2,75,446,721,1377,1707030701,"17070306A","OBM","RaMCONdy_fdd_1707030701","RaMCONdy","RaMCONdy_fdd",42,"fdd","RaMCONdy","RaMCONdy_fdd","Mixed Conifer - Eastside Dry",1
"3_41_13_91074",2,75,446,721,1486,1707030701,"17070306A","OBM","RaMCONdy_fdd_1707030701","RaMCONdy","RaMCONdy_fdd",42,"fdd","RaMCONdy","RaMCONdy_fdd","Mixed Conifer - Eastside Dry",1
"3_41_13_65545",2,75,446,742,962,1707030701,"17070306A","OBM","RaMCONdy_fdg_1707030701","RaMCONdy","RaMCONdy_fdg",23,"fdg","RaMCONdy","RaMCONdy_fdg","Mixed Conifer - Eastside Dry",1
"3_41_13_77930",2,71,425,2106,1027,1707030503,"17070304","OBM","RaMCONms_fcm_17070305A","RaMCONms","RaMCONms_fcm",22,"fcm","RaMCONms","RaMCONms_fcm","Mixed Conifer - Eastside Mesic",3
"3_41_13_90081",2,71,425,808,1778,1707030503,"17070304","OBM","RaMCONdy_fdd_1707030503","RaMCONdy","RaMCONdy_fdd",42,"fdd","RaMCONdy","RaMCONdy_fdd","Mixed Conifer - Eastside Dry",1
"3_41_13_60071",2,71,425,808,1529,1707030503,"17070304","OBM","RaMCONdy_fdd_1707030503","RaMCONdy","RaMCONdy_fdd",42,"fdd","RaMCONdy","RaMCONdy_fdd","Mixed Conifer - Eastside Dry",1
"8_53_47_74787",12,17,70,2283,809,1702000802,"17020007","WNE","RaSPFI_fcd_WNE","RaSPFI","RaSPFI_fcd",9,"fcd","RaSPFI","RaSPFI_fcd","Spruce - Fir",4
"8_53_47_52917",12,17,70,1795,657,1702000802,"17020007","WNE","Na1010471_frn_17020008","Na1010471","Na1010471_frn",39,"frn","Na1010471","Na1010471_frn","Northern Rocky Mountain Mesic Montane Mixed Conifer Forest",3
"3_41_13_69370",2,71,425,808,873,1707030503,"17070304","OBM","RaMCONdy_fdd_1707030503","RaMCONdy","RaMCONdy_fdd",42,"fdd","RaMCONdy","RaMCONdy_fdd","Mixed Conifer - Eastside Dry",1
"3_41_13_89371",2,71,425,808,961,1707030503,"17070304","OBM","RaMCONdy_fdd_1707030503","RaMCONdy","RaMCONdy_fdd",42,"fdd","RaMCONdy","RaMCONdy_fdd","Mixed Conifer - Eastside Dry",1
"3_41_13_75898",2,71,425,808,2133,1707030503,"17070304","OBM","RaMCONdy_fdd_1707030503","RaMCONdy","RaMCONdy_fdd",42,"fdd","RaMCONdy","RaMCONdy_fdd","Mixed Conifer - Eastside Dry",1
"3_41_13_97731",2,71,426,857,1051,1707030504,"17070304","OBM","RaMCONdy_fdd_1707030504","RaMCONdy","RaMCONdy_fdd",42,"fdd","RaMCONdy","RaMCONdy_fdd","Mixed Conifer - Eastside Dry",1
"3_41_13_78516",2,71,426,857,1442,1707030504,"17070304","OBM","RaMCONdy_fdd_1707030504","RaMCONdy","RaMCONdy_fdd",42,"fdd","RaMCONdy","RaMCONdy_fdd","Mixed Conifer - Eastside Dry",1
"3_41_13_62515",2,70,420,2123,51,1707030406,"17070303","OBM","RaPIPOxe_fxp_17070304","RaPIPOxe","RaPIPOxe_fxp",56,"fxp","RaPIPOxe","RaPIPOxe_fxp","Ponderosa Pine - Xeric",3
"3_41_13_71585",2,70,422,2123,1316,1707030408,"17070303","OBM","RaPIPOxe_fxp_17070304","RaPIPOxe","RaPIPOxe_fxp",56,"fxp","RaPIPOxe","RaPIPOxe_fxp","Ponderosa Pine - Xeric",3
"3_41_13_63107",2,70,421,2123,115,1707030407,"17070303","OBM","RaPIPOxe_fxp_17070304","RaPIPOxe","RaPIPOxe_fxp",56,"fxp","RaPIPOxe","RaPIPOxe_fxp","Ponderosa Pine - Xeric",3
"3_41_37_95592",4,152,860,2224,1870,1712000602,"17120005","OEC","RaPIPOxe_fxp_17120006","RaPIPOxe","RaPIPOxe_fxp",56,"fxp","RaPIPOxe","RaPIPOxe_fxp","Ponderosa Pine - Xeric",3
"3_41_37_57849",4,152,860,2224,1305,1712000602,"17120005","OEC","RaPIPOxe_fxp_17120006","RaPIPOxe","RaPIPOxe_fxp",56,"fxp","RaPIPOxe","RaPIPOxe_fxp","Ponderosa Pine - Xeric",3
"3_41_37_74165",4,152,860,2224,1106,1712000602,"17120005","OEC","RaPIPOxe_fxp_17120006","RaPIPOxe","RaPIPOxe_fxp",56,"fxp","RaPIPOxe","RaPIPOxe_fxp","Ponderosa Pine - Xeric",3
"3_41_37_69100",4,152,860,2224,1547,1712000602,"17120005","OEC","RaPIPOxe_fxp_17120006","RaPIPOxe","RaPIPOxe_fxp",56,"fxp","RaPIPOxe","RaPIPOxe_fxp","Ponderosa Pine - Xeric",3
"3_41_37_54960",4,152,860,1458,870,1712000602,"17120005","OEC","RaMCONdy_fmx_1712000602","RaMCONdy","RaMCONdy_fmx",29,"fmx","RaMCONdy","RaMCONdy_fmx","Mixed Conifer - Eastside Dry",1
"3_41_37_52496",4,152,860,2224,1128,1712000602,"17120005","OEC","RaPIPOxe_fxp_17120006","RaPIPOxe","RaPIPOxe_fxp",56,"fxp","RaPIPOxe","RaPIPOxe_fxp","Ponderosa Pine - Xeric",3
"3_41_37_85144",4,152,859,2224,1302,1712000601,"17120005","OEC","RaPIPOxe_fxp_17120006","RaPIPOxe","RaPIPOxe_fxp",56,"fxp","RaPIPOxe","RaPIPOxe_fxp","Ponderosa Pine - Xeric",3
"3_41_37_93907",4,152,859,1491,950,1712000601,"17120005","OEC","RaMCONdy_fmx_1712000601","RaMCONdy","RaMCONdy_fmx",29,"fmx","RaMCONdy","RaMCONdy_fmx","Mixed Conifer - Eastside Dry",1
"3_41_37_88906",4,152,859,2224,1181,1712000601,"17120005","OEC","RaPIPOxe_fxp_17120006","RaPIPOxe","RaPIPOxe_fxp",56,"fxp","RaPIPOxe","RaPIPOxe_fxp","Ponderosa Pine - Xeric",3
"3_41_37_60424",4,152,859,2224,1011,1712000601,"17120005","OEC","RaPIPOxe_fxp_17120006","RaPIPOxe","RaPIPOxe_fxp",56,"fxp","RaPIPOxe","RaPIPOxe_fxp","Ponderosa Pine - Xeric",3
"3_41_37_79473",4,152,859,2224,1019,1712000601,"17120005","OEC","RaPIPOxe_fxp_17120006","RaPIPOxe","RaPIPOxe_fxp",56,"fxp","RaPIPOxe","RaPIPOxe_fxp","Ponderosa Pine - Xeric",3
"3_41_37_93397",4,152,859,1491,2903,1712000601,"17120005","OEC","RaMCONdy_fmx_1712000601","RaMCONdy","RaMCONdy_fmx",29,"fmx","RaMCONdy","RaMCONdy_fmx","Mixed Conifer - Eastside Dry",1
"3_41_37_58308",4,152,859,1491,2579,1712000601,"17120005","OEC","RaMCONdy_fmx_1712000601","RaMCONdy","RaMCONdy_fmx",29,"fmx","RaMCONdy","RaMCONdy_fmx","Mixed Conifer - Eastside Dry",1
"3_41_37_82079",4,162,923,1605,1392,1802000102,"18010206","OEC","RaMCONdy_fmd_1802000102","RaMCONdy","RaMCONdy_fmd",28,"fmd","RaMCONdy","RaMCONdy_fmd","Mixed Conifer - Eastside Dry",1
"3_41_37_92005",4,162,923,1605,2444,1802000102,"18010206","OEC","RaMCONdy_fmd_1802000102","RaMCONdy","RaMCONdy_fmd",28,"fmd","RaMCONdy","RaMCONdy_fmd","Mixed Conifer - Eastside Dry",1
"3_41_37_85053",4,162,923,1605,3069,1802000102,"18010206","OEC","RaMCONdy_fmd_1802000102","RaMCONdy","RaMCONdy_fmd",28,"fmd","RaMCONdy","RaMCONdy_fmd","Mixed Conifer - Eastside Dry",1
"3_41_37_62204",4,162,923,1605,1355,1802000102,"18010206","OEC","RaMCONdy_fmd_1802000102","RaMCONdy","RaMCONdy_fmd",28,"fmd","RaMCONdy","RaMCONdy_fmd","Mixed Conifer - Eastside Dry",1
"3_41_37_78807",4,162,923,1605,3421,1802000102,"18010206","OEC","RaMCONdy_fmd_1802000102","RaMCONdy","RaMCONdy_fmd",28,"fmd","RaMCONdy","RaMCONdy_fmd","Mixed Conifer - Eastside Dry",1
"3_41_37_86395",4,162,923,1605,2807,1802000102,"18010206","OEC","RaMCONdy_fmd_1802000102","RaMCONdy","RaMCONdy_fmd",28,"fmd","RaMCONdy","RaMCONdy_fmd","Mixed Conifer - Eastside Dry",1
"3_41_37_52862",4,162,923,1605,1158,1802000102,"18010206","OEC","RaMCONdy_fmd_1802000102","RaMCONdy","RaMCONdy_fmd",28,"fmd","RaMCONdy","RaMCONdy_fmd","Mixed Conifer - Eastside Dry",1
"3_41_37_94554",4,162,922,2263,1079,1802000101,"18010206","OEC","RaPIPOxe_fpd_18020001","RaPIPOxe","RaPIPOxe_fpd",53,"fpd","RaPIPOxe","RaPIPOxe_fpd","Ponderosa Pine - Xeric",3
"3_41_37_68410",4,162,925,1747,2607,1802000104,"18010206","OEC","RaMCONdy_fmd_1802000104","RaMCONdy","RaMCONdy_fmd",28,"fmd","RaMCONdy","RaMCONdy_fmd","Mixed Conifer - Eastside Dry",1
"3_41_37_94653",4,162,925,1747,2056,1802000104,"18010206","OEC","RaMCONdy_fmd_1802000104","RaMCONdy","RaMCONdy_fmd",28,"fmd","RaMCONdy","RaMCONdy_fmd","Mixed Conifer - Eastside Dry",1
"3_41_37_59633",4,162,925,2264,498,1802000104,"18010206","OEC","RaPIPOxe_fxp_18020001","RaPIPOxe","RaPIPOxe_fxp",56,"fxp","RaPIPOxe","RaPIPOxe_fxp","Ponderosa Pine - Xeric",3
"8_53_7_54891",10,18,77,95,1299,1702000902,"17020008","WEC","RaMCONdy_fmd_1702000902","RaMCONdy","RaMCONdy_fmd",28,"fmd","RaMCONdy","RaMCONdy_fmd","Mixed Conifer - Eastside Dry",1
"8_53_7_54658",10,18,77,95,705,1702000902,"17020008","WEC","RaMCONdy_fmd_1702000902","RaMCONdy","RaMCONdy_fmd",28,"fmd","RaMCONdy","RaMCONdy_fmd","Mixed Conifer - Eastside Dry",1
"8_53_7_51603",10,18,77,95,2519,1702000902,"17020008","WEC","RaMCONdy_fmd_1702000902","RaMCONdy","RaMCONdy_fmd",28,"fmd","RaMCONdy","RaMCONdy_fmd","Mixed Conifer - Eastside Dry",1
"8_53_7_68185",10,18,77,95,1640,1702000902,"17020008","WEC","RaMCONdy_fmd_1702000902","RaMCONdy","RaMCONdy_fmd",28,"fmd","RaMCONdy","RaMCONdy_fmd","Mixed Conifer - Eastside Dry",1
"8_53_7_98799",10,18,77,2291,1609,1702000902,"17020008","WEC","Na0710412_fmh_WEC","Na0710412","Na0710412_fmh",4,"fmh","Na0710412","Na0710412_fmh","North Pacific Mountain Hemlock Forest - Xeric",5
"8_53_7_85204",10,18,77,1810,672,1702000902,"17020008","WEC","RaSAWD_fal_17020009","RaSAWD","RaSAWD_fal",2,"fal","RaSAWD","RaSAWD_fal","Subalpine Woodland",3
"8_53_7_58085",10,19,80,1842,1326,1702001002,"17020009","WEC","RaSAWD_fal_17020010","RaSAWD","RaSAWD_fal",2,"fal","RaSAWD","RaSAWD_fal","Subalpine Woodland",3
"8_53_7_95626",10,19,80,1842,692,1702001002,"17020009","WEC","RaSAWD_fal_17020010","RaSAWD","RaSAWD_fal",2,"fal","RaSAWD","RaSAWD_fal","Subalpine Woodland",3
"8_53_7_52223",10,19,80,1842,1703,1702001002,"17020009","WEC","RaSAWD_fal_17020010","RaSAWD","RaSAWD_fal",2,"fal","RaSAWD","RaSAWD_fal","Subalpine Woodland",3
"8_53_7_86401",10,19,80,1846,2256,1702001002,"17020009","WEC","RaMCONms_fmm_17020010","RaMCONms","RaMCONms_fmm",27,"fmm","RaMCONms","RaMCONms_fmm","Mixed Conifer - Eastside Mesic",3
"8_53_7_80033",10,19,80,1842,1982,1702001002,"17020009","WEC","RaSAWD_fal_17020010","RaSAWD","RaSAWD_fal",2,"fal","RaSAWD","RaSAWD_fal","Subalpine Woodland",3
"8_53_7_58325",10,19,80,2291,1197,1702001002,"17020009","WEC","Na0710412_fmh_WEC","Na0710412","Na0710412_fmh",4,"fmh","Na0710412","Na0710412_fmh","North Pacific Mountain Hemlock Forest - Xeric",5
"8_53_7_62347",10,19,80,2291,1346,1702001002,"17020009","WEC","Na0710412_fmh_WEC","Na0710412","Na0710412_fmh",4,"fmh","Na0710412","Na0710412_fmh","North Pacific Mountain Hemlock Forest - Xeric",5
"8_53_47_80627",12,16,63,2283,1706,1702000701,"17020006","WNE","RaSPFI_fcd_WNE","RaSPFI","RaSPFI_fcd",9,"fcd","RaSPFI","RaSPFI_fcd","Spruce - Fir",4
"8_53_7_92234",10,19,79,1842,1064,1702001001,"17020009","WEC","RaSAWD_fal_17020010","RaSAWD","RaSAWD_fal",2,"fal","RaSAWD","RaSAWD_fal","Subalpine Woodland",3
"8_53_7_88893",10,20,86,1847,971,1702001103,"17020010","WEC","RaMCONms_fmm_17020011","RaMCONms","RaMCONms_fmm",27,"fmm","RaMCONms","RaMCONms_fmm","Mixed Conifer - Eastside Mesic",3
"8_53_7_95646",10,19,79,2291,1217,1702001001,"17020009","WEC","Na0710412_fmh_WEC","Na0710412","Na0710412_fmh",4,"fmh","Na0710412","Na0710412_fmh","North Pacific Mountain Hemlock Forest - Xeric",5
"8_53_7_52832",10,20,86,1847,2024,1702001103,"17020010","WEC","RaMCONms_fmm_17020011","RaMCONms","RaMCONms_fmm",27,"fmm","RaMCONms","RaMCONms_fmm","Mixed Conifer - Eastside Mesic",3
"8_53_7_51813",10,20,86,1847,1024,1702001103,"17020010","WEC","RaMCONms_fmm_17020011","RaMCONms","RaMCONms_fmm",27,"fmm","RaMCONms","RaMCONms_fmm","Mixed Conifer - Eastside Mesic",3
"8_53_7_63220",10,20,86,1847,752,1702001103,"17020010","WEC","RaMCONms_fmm_17020011","RaMCONms","RaMCONms_fmm",27,"fmm","RaMCONms","RaMCONms_fmm","Mixed Conifer - Eastside Mesic",3
"8_53_7_59655",10,20,86,133,840,1702001103,"17020010","WEC","RaMCONdy_fmd_1702001103","RaMCONdy","RaMCONdy_fmd",28,"fmd","RaMCONdy","RaMCONdy_fmd","Mixed Conifer - Eastside Dry",1
"8_53_7_72482",10,20,90,145,1244,1702001107,"17020010","WEC","RaMCONdy_fmd_1702001107","RaMCONdy","RaMCONdy_fmd",28,"fmd","RaMCONdy","RaMCONdy_fmd","Mixed Conifer - Eastside Dry",1
"8_53_7_78107",10,20,90,145,1730,1702001107,"17020010","WEC","RaMCONdy_fmd_1702001107","RaMCONdy","RaMCONdy_fmd",28,"fmd","RaMCONdy","RaMCONdy_fmd","Mixed Conifer - Eastside Dry",1
"8_53_7_84844",10,20,90,145,685,1702001107,"17020010","WEC","RaMCONdy_fmd_1702001107","RaMCONdy","RaMCONdy_fmd",28,"fmd","RaMCONdy","RaMCONdy_fmd","Mixed Conifer - Eastside Dry",1
"8_53_47_77220",12,16,63,2283,1426,1702000701,"17020006","WNE","RaSPFI_fcd_WNE","RaSPFI","RaSPFI_fcd",9,"fcd","RaSPFI","RaSPFI_fcd","Spruce - Fir",4
"8_53_7_66704",10,20,90,145,1122,1702001107,"17020010","WEC","RaMCONdy_fmd_1702001107","RaMCONdy","RaMCONdy_fmd",28,"fmd","RaMCONdy","RaMCONdy_fmd","Mixed Conifer - Eastside Dry",1
"8_53_7_78757",10,20,90,145,1473,1702001107,"17020010","WEC","RaMCONdy_fmd_1702001107","RaMCONdy","RaMCONdy_fmd",28,"fmd","RaMCONdy","RaMCONdy_fmd","Mixed Conifer - Eastside Dry",1
"8_53_7_85251",10,20,88,177,1071,1702001105,"17020010","WEC","RaMCONdy_fmd_1702001105","RaMCONdy","RaMCONdy_fmd",28,"fmd","RaMCONdy","RaMCONdy_fmd","Mixed Conifer - Eastside Dry",1
"8_53_7_64531",10,20,88,177,2038,1702001105,"17020010","WEC","RaMCONdy_fmd_1702001105","RaMCONdy","RaMCONdy_fmd",28,"fmd","RaMCONdy","RaMCONdy_fmd","Mixed Conifer - Eastside Dry",1
"8_53_7_78248",10,20,88,177,2039,1702001105,"17020010","WEC","RaMCONdy_fmd_1702001105","RaMCONdy","RaMCONdy_fmd",28,"fmd","RaMCONdy","RaMCONdy_fmd","Mixed Conifer - Eastside Dry",1
"8_53_7_92697",10,20,88,1847,1241,1702001105,"17020010","WEC","RaMCONms_fmm_17020011","RaMCONms","RaMCONms_fmm",27,"fmm","RaMCONms","RaMCONms_fmm","Mixed Conifer - Eastside Mesic",3
"8_53_7_68861",10,20,88,1847,1527,1702001105,"17020010","WEC","RaMCONms_fmm_17020011","RaMCONms","RaMCONms_fmm",27,"fmm","RaMCONms","RaMCONms_fmm","Mixed Conifer - Eastside Mesic",3
"8_53_37_69985",10,26,126,1898,1383,1703000105,"17020016","WEC","RaMCONms_fmm_17030001","RaMCONms","RaMCONms_fmm",27,"fmm","RaMCONms","RaMCONms_fmm","Mixed Conifer - Eastside Mesic",3
"8_53_37_92624",10,26,126,190,1717,1703000105,"17020016","WEC","RaMCONdy_fmd_1703000105","RaMCONdy","RaMCONdy_fmd",28,"fmd","RaMCONdy","RaMCONdy_fmd","Mixed Conifer - Eastside Dry",1
"8_53_37_75417",10,26,126,190,881,1703000105,"17020016","WEC","RaMCONdy_fmd_1703000105","RaMCONdy","RaMCONdy_fmd",28,"fmd","RaMCONdy","RaMCONdy_fmd","Mixed Conifer - Eastside Dry",1
"8_53_37_98235",10,26,126,190,1026,1703000105,"17020016","WEC","RaMCONdy_fmd_1703000105","RaMCONdy","RaMCONdy_fmd",28,"fmd","RaMCONdy","RaMCONdy_fmd","Mixed Conifer - Eastside Dry",1
"8_53_37_52116",10,26,126,190,1635,1703000105,"17020016","WEC","RaMCONdy_fmd_1703000105","RaMCONdy","RaMCONdy_fmd",28,"fmd","RaMCONdy","RaMCONdy_fmd","Mixed Conifer - Eastside Dry",1
"8_53_37_52704",10,26,126,190,953,1703000105,"17020016","WEC","RaMCONdy_fmd_1703000105","RaMCONdy","RaMCONdy_fmd",28,"fmd","RaMCONdy","RaMCONdy_fmd","Mixed Conifer - Eastside Dry",1
"8_53_37_93481",10,26,126,190,1139,1703000105,"17020016","WEC","RaMCONdy_fmd_1703000105","RaMCONdy","RaMCONdy_fmd",28,"fmd","RaMCONdy","RaMCONdy_fmd","Mixed Conifer - Eastside Dry",1
"8_53_47_87450",12,16,63,1784,2302,1702000701,"17020006","WNE","RaSAWD_fal_17020007","RaSAWD","RaSAWD_fal",2,"fal","RaSAWD","RaSAWD_fal","Subalpine Woodland",3
"8_53_47_61677",12,16,63,2283,2074,1702000701,"17020006","WNE","RaSPFI_fcd_WNE","RaSPFI","RaSPFI_fcd",9,"fcd","RaSPFI","RaSPFI_fcd","Spruce - Fir",4
"8_53_77_88190",10,28,138,300,251,1703000307,"17030002","WEC","RaMCONdy_fmd_1703000307","RaMCONdy","RaMCONdy_fmd",28,"fmd","RaMCONdy","RaMCONdy_fmd","Mixed Conifer - Eastside Dry",1
"8_53_77_83309",10,28,138,300,265,1703000307,"17030002","WEC","RaMCONdy_fmd_1703000307","RaMCONdy","RaMCONdy_fmd",28,"fmd","RaMCONdy","RaMCONdy_fmd","Mixed Conifer - Eastside Dry",1
"8_53_39_80710",10,54,297,342,1722,1707010113,"17060210","WEC","RaMCONdy_fmd_1707010113","RaMCONdy","RaMCONdy_fmd",28,"fmd","RaMCONdy","RaMCONdy_fmd","Mixed Conifer - Eastside Dry",1
"8_53_39_52839",10,54,297,342,729,1707010113,"17060210","WEC","RaMCONdy_fmd_1707010113","RaMCONdy","RaMCONdy_fmd",28,"fmd","RaMCONdy","RaMCONdy_fmd","Mixed Conifer - Eastside Dry",1
"8_53_39_62682",10,54,297,365,753,1707010113,"17060210","WEC","RaOAPI_fop_1707010113","RaOAPI","RaOAPI_fop",58,"fop","RaOAPI","RaOAPI_fop","Oregon White Oak/Ponderosa Pine",1
"8_53_47_73132",12,17,70,54,724,1702000802,"17020007","WNE","RaMCONdy_fdd_1702000802","RaMCONdy","RaMCONdy_fdd",42,"fdd","RaMCONdy","RaMCONdy_fdd","Mixed Conifer - Eastside Dry",1
"8_53_47_72287",12,17,70,2283,607,1702000802,"17020007","WNE","RaSPFI_fcd_WNE","RaSPFI","RaSPFI_fcd",9,"fcd","RaSPFI","RaSPFI_fcd","Spruce - Fir",4
"8_53_47_99545",12,17,70,54,885,1702000802,"17020007","WNE","RaMCONdy_fdd_1702000802","RaMCONdy","RaMCONdy_fdd",42,"fdd","RaMCONdy","RaMCONdy_fdd","Mixed Conifer - Eastside Dry",1
"8_53_47_65555",12,17,70,1786,1392,1702000802,"17020007","WNE","RaSAWD_fal_17020008","RaSAWD","RaSAWD_fal",2,"fal","RaSAWD","RaSAWD_fal","Subalpine Woodland",3
"8_53_47_78331",12,17,70,1795,1091,1702000802,"17020007","WNE","Na1010471_frn_17020008","Na1010471","Na1010471_frn",39,"frn","Na1010471","Na1010471_frn","Northern Rocky Mountain Mesic Montane Mixed Conifer Forest",3
"8_53_47_97317",12,17,70,2283,1148,1702000802,"17020007","WNE","RaSPFI_fcd_WNE","RaSPFI","RaSPFI_fcd",9,"fcd","RaSPFI","RaSPFI_fcd","Spruce - Fir",4
"3_41_13_67379",2,75,446,721,1268,1707030701,"17070306A","OBM","RaMCONdy_fdd_1707030701","RaMCONdy","RaMCONdy_fdd",42,"fdd","RaMCONdy","RaMCONdy_fdd","Mixed Conifer - Eastside Dry",1
"3_41_13_55463",2,75,446,2099,1250,1707030701,"17070306A","OBM","RaMCONms_fcm_17070307","RaMCONms","RaMCONms_fcm",22,"fcm","RaMCONms","RaMCONms_fcm","Mixed Conifer - Eastside Mesic",3
"3_41_13_95656",2,71,425,2106,1559,1707030503,"17070304","OBM","RaMCONms_fcm_17070305A","RaMCONms","RaMCONms_fcm",22,"fcm","RaMCONms","RaMCONms_fcm","Mixed Conifer - Eastside Mesic",3
"3_41_13_74711",2,71,425,809,898,1707030503,"17070304","OBM","RaMCONdy_fdg_1707030503","RaMCONdy","RaMCONdy_fdg",23,"fdg","RaMCONdy","RaMCONdy_fdg","Mixed Conifer - Eastside Dry",1
"3_41_13_59877",2,71,425,808,2411,1707030503,"17070304","OBM","RaMCONdy_fdd_1707030503","RaMCONdy","RaMCONdy_fdd",42,"fdd","RaMCONdy","RaMCONdy_fdd","Mixed Conifer - Eastside Dry",1
"3_41_13_58832",2,71,424,813,1654,1707030502,"17070304","OBM","RaMCONdy_fdd_1707030502","RaMCONdy","RaMCONdy_fdd",42,"fdd","RaMCONdy","RaMCONdy_fdd","Mixed Conifer - Eastside Dry",1
"3_41_13_96336",2,71,426,857,1284,1707030504,"17070304","OBM","RaMCONdy_fdd_1707030504","RaMCONdy","RaMCONdy_fdd",42,"fdd","RaMCONdy","RaMCONdy_fdd","Mixed Conifer - Eastside Dry",1
"8_53_47_75112",12,17,70,1786,704,1702000802,"17020007","WNE","RaSAWD_fal_17020008","RaSAWD","RaSAWD_fal",2,"fal","RaSAWD","RaSAWD_fal","Subalpine Woodland",3
"3_41_13_58377",2,70,420,2123,1027,1707030406,"17070303","OBM","RaPIPOxe_fxp_17070304","RaPIPOxe","RaPIPOxe_fxp",56,"fxp","RaPIPOxe","RaPIPOxe_fxp","Ponderosa Pine - Xeric",3
"3_41_13_84926",2,70,420,895,591,1707030406,"17070303","OBM","RaMCONdy_fdd_1707030406","RaMCONdy","RaMCONdy_fdd",42,"fdd","RaMCONdy","RaMCONdy_fdd","Mixed Conifer - Eastside Dry",1
"3_41_13_61588",2,70,421,2123,1723,1707030407,"17070303","OBM","RaPIPOxe_fxp_17070304","RaPIPOxe","RaPIPOxe_fxp",56,"fxp","RaPIPOxe","RaPIPOxe_fxp","Ponderosa Pine - Xeric",3
"3_41_13_93888",2,70,421,2123,14,1707030407,"17070303","OBM","RaPIPOxe_fxp_17070304","RaPIPOxe","RaPIPOxe_fxp",56,"fxp","RaPIPOxe","RaPIPOxe_fxp","Ponderosa Pine - Xeric",3
"3_41_13_99517",2,70,421,2123,3,1707030407,"17070303","OBM","RaPIPOxe_fxp_17070304","RaPIPOxe","RaPIPOxe_fxp",56,"fxp","RaPIPOxe","RaPIPOxe_fxp","Ponderosa Pine - Xeric",3
"8_53_47_71063",12,17,70,1786,976,1702000802,"17020007","WNE","RaSAWD_fal_17020008","RaSAWD","RaSAWD_fal",2,"fal","RaSAWD","RaSAWD_fal","Subalpine Woodland",3
"3_41_37_66364",4,152,862,2224,1698,1712000604,"17120005","OEC","RaPIPOxe_fxp_17120006","RaPIPOxe","RaPIPOxe_fxp",56,"fxp","RaPIPOxe","RaPIPOxe_fxp","Ponderosa Pine - Xeric",3
"3_41_37_52928",4,152,862,1487,2570,1712000604,"17120005","OEC","RaMCONdy_fmx_1712000604","RaMCONdy","RaMCONdy_fmx",29,"fmx","RaMCONdy","RaMCONdy_fmx","Mixed Conifer - Eastside Dry",1
"3_41_37_55081",4,152,859,2224,524,1712000601,"17120005","OEC","RaPIPOxe_fxp_17120006","RaPIPOxe","RaPIPOxe_fxp",56,"fxp","RaPIPOxe","RaPIPOxe_fxp","Ponderosa Pine - Xeric",3
"3_41_37_98389",4,152,859,2224,1328,1712000601,"17120005","OEC","RaPIPOxe_fxp_17120006","RaPIPOxe","RaPIPOxe_fxp",56,"fxp","RaPIPOxe","RaPIPOxe_fxp","Ponderosa Pine - Xeric",3
"3_41_37_88629",4,152,859,1491,2186,1712000601,"17120005","OEC","RaMCONdy_fmx_1712000601","RaMCONdy","RaMCONdy_fmx",29,"fmx","RaMCONdy","RaMCONdy_fmx","Mixed Conifer - Eastside Dry",1
"3_41_37_53368",4,152,859,1491,2499,1712000601,"17120005","OEC","RaMCONdy_fmx_1712000601","RaMCONdy","RaMCONdy_fmx",29,"fmx","RaMCONdy","RaMCONdy_fmx","Mixed Conifer - Eastside Dry",1
"3_41_37_78859",4,152,859,1491,2501,1712000601,"17120005","OEC","RaMCONdy_fmx_1712000601","RaMCONdy","RaMCONdy_fmx",29,"fmx","RaMCONdy","RaMCONdy_fmx","Mixed Conifer - Eastside Dry",1
"3_41_37_67438",4,162,923,1605,3301,1802000102,"18010206","OEC","RaMCONdy_fmd_1802000102","RaMCONdy","RaMCONdy_fmd",28,"fmd","RaMCONdy","RaMCONdy_fmd","Mixed Conifer - Eastside Dry",1
"3_41_37_97197",4,162,923,1605,2847,1802000102,"18010206","OEC","RaMCONdy_fmd_1802000102","RaMCONdy","RaMCONdy_fmd",28,"fmd","RaMCONdy","RaMCONdy_fmd","Mixed Conifer - Eastside Dry",1
"3_41_37_60250",4,162,923,2264,2058,1802000102,"18010206","OEC","RaPIPOxe_fxp_18020001","RaPIPOxe","RaPIPOxe_fxp",56,"fxp","RaPIPOxe","RaPIPOxe_fxp","Ponderosa Pine - Xeric",3
"3_41_37_70855",4,162,923,1605,2397,1802000102,"18010206","OEC","RaMCONdy_fmd_1802000102","RaMCONdy","RaMCONdy_fmd",28,"fmd","RaMCONdy","RaMCONdy_fmd","Mixed Conifer - Eastside Dry",1
"8_53_7_98196",10,18,77,2291,1392,1702000902,"17020008","WEC","Na0710412_fmh_WEC","Na0710412","Na0710412_fmh",4,"fmh","Na0710412","Na0710412_fmh","North Pacific Mountain Hemlock Forest - Xeric",5
"8_53_7_90029",10,18,77,95,1456,1702000902,"17020008","WEC","RaMCONdy_fmd_1702000902","RaMCONdy","RaMCONdy_fmd",28,"fmd","RaMCONdy","RaMCONdy_fmd","Mixed Conifer - Eastside Dry",1
"8_53_7_64889",10,18,77,95,2281,1702000902,"17020008","WEC","RaMCONdy_fmd_1702000902","RaMCONdy","RaMCONdy_fmd",28,"fmd","RaMCONdy","RaMCONdy_fmd","Mixed Conifer - Eastside Dry",1
"8_53_7_59090",10,18,77,2291,1424,1702000902,"17020008","WEC","Na0710412_fmh_WEC","Na0710412","Na0710412_fmh",4,"fmh","Na0710412","Na0710412_fmh","North Pacific Mountain Hemlock Forest - Xeric",5
"8_53_7_87684",10,19,80,1842,1757,1702001002,"17020009","WEC","RaSAWD_fal_17020010","RaSAWD","RaSAWD_fal",2,"fal","RaSAWD","RaSAWD_fal","Subalpine Woodland",3
"8_53_7_62345",10,19,80,2291,1696,1702001002,"17020009","WEC","Na0710412_fmh_WEC","Na0710412","Na0710412_fmh",4,"fmh","Na0710412","Na0710412_fmh","North Pacific Mountain Hemlock Forest - Xeric",5
"8_53_7_99720",10,19,80,2291,1675,1702001002,"17020009","WEC","Na0710412_fmh_WEC","Na0710412","Na0710412_fmh",4,"fmh","Na0710412","Na0710412_fmh","North Pacific Mountain Hemlock Forest - Xeric",5
"8_53_7_67466",10,19,80,2291,1160,1702001002,"17020009","WEC","Na0710412_fmh_WEC","Na0710412","Na0710412_fmh",4,"fmh","Na0710412","Na0710412_fmh","North Pacific Mountain Hemlock Forest - Xeric",5
"8_53_7_64302",10,19,80,2291,781,1702001002,"17020009","WEC","Na0710412_fmh_WEC","Na0710412","Na0710412_fmh",4,"fmh","Na0710412","Na0710412_fmh","North Pacific Mountain Hemlock Forest - Xeric",5
"8_53_7_92137",10,19,80,1846,2083,1702001002,"17020009","WEC","RaMCONms_fmm_17020010","RaMCONms","RaMCONms_fmm",27,"fmm","RaMCONms","RaMCONms_fmm","Mixed Conifer - Eastside Mesic",3
"8_53_7_77361",10,19,80,2291,2228,1702001002,"17020009","WEC","Na0710412_fmh_WEC","Na0710412","Na0710412_fmh",4,"fmh","Na0710412","Na0710412_fmh","North Pacific Mountain Hemlock Forest - Xeric",5
"8_53_7_56019",10,19,80,1842,1894,1702001002,"17020009","WEC","RaSAWD_fal_17020010","RaSAWD","RaSAWD_fal",2,"fal","RaSAWD","RaSAWD_fal","Subalpine Woodland",3
"8_53_7_80650",10,19,79,2291,1501,1702001001,"17020009","WEC","Na0710412_fmh_WEC","Na0710412","Na0710412_fmh",4,"fmh","Na0710412","Na0710412_fmh","North Pacific Mountain Hemlock Forest - Xeric",5
"8_53_7_60101",10,19,79,2291,1429,1702001001,"17020009","WEC","Na0710412_fmh_WEC","Na0710412","Na0710412_fmh",4,"fmh","Na0710412","Na0710412_fmh","North Pacific Mountain Hemlock Forest - Xeric",5
"8_53_7_97868",10,19,79,2291,1842,1702001001,"17020009","WEC","Na0710412_fmh_WEC","Na0710412","Na0710412_fmh",4,"fmh","Na0710412","Na0710412_fmh","North Pacific Mountain Hemlock Forest - Xeric",5
"8_53_7_96591",10,19,79,2291,937,1702001001,"17020009","WEC","Na0710412_fmh_WEC","Na0710412","Na0710412_fmh",4,"fmh","Na0710412","Na0710412_fmh","North Pacific Mountain Hemlock Forest - Xeric",5
"8_53_7_95131",10,19,79,2291,1501,1702001001,"17020009","WEC","Na0710412_fmh_WEC","Na0710412","Na0710412_fmh",4,"fmh","Na0710412","Na0710412_fmh","North Pacific Mountain Hemlock Forest - Xeric",5
"8_53_7_56193",10,20,86,1847,1557,1702001103,"17020010","WEC","RaMCONms_fmm_17020011","RaMCONms","RaMCONms_fmm",27,"fmm","RaMCONms","RaMCONms_fmm","Mixed Conifer - Eastside Mesic",3
"8_53_7_97704",10,20,90,1847,1029,1702001107,"17020010","WEC","RaMCONms_fmm_17020011","RaMCONms","RaMCONms_fmm",27,"fmm","RaMCONms","RaMCONms_fmm","Mixed Conifer - Eastside Mesic",3
"8_53_7_67386",10,20,90,1847,1380,1702001107,"17020010","WEC","RaMCONms_fmm_17020011","RaMCONms","RaMCONms_fmm",27,"fmm","RaMCONms","RaMCONms_fmm","Mixed Conifer - Eastside Mesic",3
"8_53_7_83467",10,20,90,145,1397,1702001107,"17020010","WEC","RaMCONdy_fmd_1702001107","RaMCONdy","RaMCONdy_fmd",28,"fmd","RaMCONdy","RaMCONdy_fmd","Mixed Conifer - Eastside Dry",1
"8_53_7_94289",10,20,90,145,2053,1702001107,"17020010","WEC","RaMCONdy_fmd_1702001107","RaMCONdy","RaMCONdy_fmd",28,"fmd","RaMCONdy","RaMCONdy_fmd","Mixed Conifer - Eastside Dry",1
"8_53_7_59183",10,20,90,145,1931,1702001107,"17020010","WEC","RaMCONdy_fmd_1702001107","RaMCONdy","RaMCONdy_fmd",28,"fmd","RaMCONdy","RaMCONdy_fmd","Mixed Conifer - Eastside Dry",1
"8_53_7_87554",10,20,88,176,1011,1702001105,"17020010","WEC","RaPIPOm_fpd_1702001105","RaPIPOm","RaPIPOm_fpd",51,"fpd","RaPIPOm","RaPIPOm_fpd","Dry Ponderosa Pine - Mesic",1
"8_53_7_58081",10,20,88,177,1984,1702001105,"17020010","WEC","RaMCONdy_fmd_1702001105","RaMCONdy","RaMCONdy_fmd",28,"fmd","RaMCONdy","RaMCONdy_fmd","Mixed Conifer - Eastside Dry",1
"8_53_7_96737",10,20,89,180,2294,1702001106,"17020010","WEC","RaMCONdy_fmd_1702001106","RaMCONdy","RaMCONdy_fmd",28,"fmd","RaMCONdy","RaMCONdy_fmd","Mixed Conifer - Eastside Dry",1
"8_53_7_59698",10,20,88,177,1347,1702001105,"17020010","WEC","RaMCONdy_fmd_1702001105","RaMCONdy","RaMCONdy_fmd",28,"fmd","RaMCONdy","RaMCONdy_fmd","Mixed Conifer - Eastside Dry",1
"8_53_7_79050",10,20,88,177,1897,1702001105,"17020010","WEC","RaMCONdy_fmd_1702001105","RaMCONdy","RaMCONdy_fmd",28,"fmd","RaMCONdy","RaMCONdy_fmd","Mixed Conifer - Eastside Dry",1
"8_53_7_63112",10,20,88,177,1168,1702001105,"17020010","WEC","RaMCONdy_fmd_1702001105","RaMCONdy","RaMCONdy_fmd",28,"fmd","RaMCONdy","RaMCONdy_fmd","Mixed Conifer - Eastside Dry",1
"8_53_7_75550",10,20,88,1847,1574,1702001105,"17020010","WEC","RaMCONms_fmm_17020011","RaMCONms","RaMCONms_fmm",27,"fmm","RaMCONms","RaMCONms_fmm","Mixed Conifer - Eastside Mesic",3
"8_53_37_89605",10,26,126,1898,1450,1703000105,"17020016","WEC","RaMCONms_fmm_17030001","RaMCONms","RaMCONms_fmm",27,"fmm","RaMCONms","RaMCONms_fmm","Mixed Conifer - Eastside Mesic",3
"8_53_37_54611",10,26,126,190,1199,1703000105,"17020016","WEC","RaMCONdy_fmd_1703000105","RaMCONdy","RaMCONdy_fmd",28,"fmd","RaMCONdy","RaMCONdy_fmd","Mixed Conifer - Eastside Dry",1
"8_53_37_70412",10,26,125,2291,567,1703000104,"17020016","WEC","Na0710412_fmh_WEC","Na0710412","Na0710412_fmh",4,"fmh","Na0710412","Na0710412_fmh","North Pacific Mountain Hemlock Forest - Xeric",5
"8_53_37_79548",10,26,126,190,1096,1703000105,"17020016","WEC","RaMCONdy_fmd_1703000105","RaMCONdy","RaMCONdy_fmd",28,"fmd","RaMCONdy","RaMCONdy_fmd","Mixed Conifer - Eastside Dry",1
"8_53_37_70328",10,26,126,2291,1470,1703000105,"17020016","WEC","Na0710412_fmh_WEC","Na0710412","Na0710412_fmh",4,"fmh","Na0710412","Na0710412_fmh","North Pacific Mountain Hemlock Forest - Xeric",5
"8_53_37_88017",10,26,126,2291,894,1703000105,"17020016","WEC","Na0710412_fmh_WEC","Na0710412","Na0710412_fmh",4,"fmh","Na0710412","Na0710412_fmh","North Pacific Mountain Hemlock Forest - Xeric",5
"8_53_37_98806",10,26,126,190,1609,1703000105,"17020016","WEC","RaMCONdy_fmd_1703000105","RaMCONdy","RaMCONdy_fmd",28,"fmd","RaMCONdy","RaMCONdy_fmd","Mixed Conifer - Eastside Dry",1
"8_53_39_75659",10,54,297,342,460,1707010113,"17060210","WEC","RaMCONdy_fmd_1707010113","RaMCONdy","RaMCONdy_fmd",28,"fmd","RaMCONdy","RaMCONdy_fmd","Mixed Conifer - Eastside Dry",1
"8_53_39_50768",10,54,297,342,550,1707010113,"17060210","WEC","RaMCONdy_fmd_1707010113","RaMCONdy","RaMCONdy_fmd",28,"fmd","RaMCONdy","RaMCONdy_fmd","Mixed Conifer - Eastside Dry",1
"8_53_39_85271",10,54,297,342,301,1707010113,"17060210","WEC","RaMCONdy_fmd_1707010113","RaMCONdy","RaMCONdy_fmd",28,"fmd","RaMCONdy","RaMCONdy_fmd","Mixed Conifer - Eastside Dry",1
"8_53_47_88252",12,17,70,54,1617,1702000802,"17020007","WNE","RaMCONdy_fdd_1702000802","RaMCONdy","RaMCONdy_fdd",42,"fdd","RaMCONdy","RaMCONdy_fdd","Mixed Conifer - Eastside Dry",1
"8_53_47_85755",12,17,70,54,1126,1702000802,"17020007","WNE","RaMCONdy_fdd_1702000802","RaMCONdy","RaMCONdy_fdd",42,"fdd","RaMCONdy","RaMCONdy_fdd","Mixed Conifer - Eastside Dry",1
"8_53_47_70741",12,17,70,54,838,1702000802,"17020007","WNE","RaMCONdy_fdd_1702000802","RaMCONdy","RaMCONdy_fdd",42,"fdd","RaMCONdy","RaMCONdy_fdd","Mixed Conifer - Eastside Dry",1
"8_53_47_80198",12,17,70,2283,561,1702000802,"17020007","WNE","RaSPFI_fcd_WNE","RaSPFI","RaSPFI_fcd",9,"fcd","RaSPFI","RaSPFI_fcd","Spruce - Fir",4
"8_53_47_67734",12,17,70,2283,871,1702000802,"17020007","WNE","RaSPFI_fcd_WNE","RaSPFI","RaSPFI_fcd",9,"fcd","RaSPFI","RaSPFI_fcd","Spruce - Fir",4
"8_53_47_67099",12,17,70,2283,715,1702000802,"17020007","WNE","RaSPFI_fcd_WNE","RaSPFI","RaSPFI_fcd",9,"fcd","RaSPFI","RaSPFI_fcd","Spruce - Fir",4
"3_41_31_74441",2,66,376,2028,2,1707020404,"17070203","OBM","RaPIPOxe_fxp_17070204","RaPIPOxe","RaPIPOxe_fxp",56,"fxp","RaPIPOxe","RaPIPOxe_fxp","Ponderosa Pine - Xeric",3
"8_53_47_59511",12,17,70,2283,1660,1702000802,"17020007","WNE","RaSPFI_fcd_WNE","RaSPFI","RaSPFI_fcd",9,"fcd","RaSPFI","RaSPFI_fcd","Spruce - Fir",4
"3_41_31_97616",2,66,376,2028,353,1707020404,"17070203","OBM","RaPIPOxe_fxp_17070204","RaPIPOxe","RaPIPOxe_fxp",56,"fxp","RaPIPOxe","RaPIPOxe_fxp","Ponderosa Pine - Xeric",3
"3_41_31_50555",2,75,446,721,967,1707030701,"17070306A","OBM","RaMCONdy_fdd_1707030701","RaMCONdy","RaMCONdy_fdd",42,"fdd","RaMCONdy","RaMCONdy_fdd","Mixed Conifer - Eastside Dry",1
"3_41_31_98655",2,75,446,742,776,1707030701,"17070306A","OBM","RaMCONdy_fdg_1707030701","RaMCONdy","RaMCONdy_fdg",23,"fdg","RaMCONdy","RaMCONdy_fdg","Mixed Conifer - Eastside Dry",1
"3_41_13_64022",2,75,446,738,873,1707030701,"17070306A","OBM","RaPIPOm_fdp_1707030701","RaPIPOm","RaPIPOm_fdp",52,"fdp","RaPIPOm","RaPIPOm_fdp","Dry Ponderosa Pine - Mesic",1
"3_41_13_87247",2,66,375,2064,1247,1707020403,"17070203","OBM","RaMCONms_fcm_17070204","RaMCONms","RaMCONms_fcm",22,"fcm","RaMCONms","RaMCONms_fcm","Mixed Conifer - Eastside Mesic",3
"8_53_47_86291",12,17,70,1786,748,1702000802,"17020007","WNE","RaSAWD_fal_17020008","RaSAWD","RaSAWD_fal",2,"fal","RaSAWD","RaSAWD_fal","Subalpine Woodland",3
"8_53_47_99515",12,17,70,2283,2306,1702000802,"17020007","WNE","RaSPFI_fcd_WNE","RaSPFI","RaSPFI_fcd",9,"fcd","RaSPFI","RaSPFI_fcd","Spruce - Fir",4
"3_41_13_80317",2,71,424,813,1324,1707030502,"17070304","OBM","RaMCONdy_fdd_1707030502","RaMCONdy","RaMCONdy_fdd",42,"fdd","RaMCONdy","RaMCONdy_fdd","Mixed Conifer - Eastside Dry",1
"3_41_13_86786",2,71,424,813,1161,1707030502,"17070304","OBM","RaMCONdy_fdd_1707030502","RaMCONdy","RaMCONdy_fdd",42,"fdd","RaMCONdy","RaMCONdy_fdd","Mixed Conifer - Eastside Dry",1
"3_41_13_60176",2,71,424,814,1032,1707030502,"17070304","OBM","RaPIPOm_fdp_1707030502","RaPIPOm","RaPIPOm_fdp",52,"fdp","RaPIPOm","RaPIPOm_fdp","Dry Ponderosa Pine - Mesic",1
"3_41_13_55588",2,71,424,2103,1834,1707030502,"17070304","OBM","RaPIPOxe_fxp_17070305A","RaPIPOxe","RaPIPOxe_fxp",56,"fxp","RaPIPOxe","RaPIPOxe_fxp","Ponderosa Pine - Xeric",3
"3_41_13_86967",2,71,426,857,2192,1707030504,"17070304","OBM","RaMCONdy_fdd_1707030504","RaMCONdy","RaMCONdy_fdd",42,"fdd","RaMCONdy","RaMCONdy_fdd","Mixed Conifer - Eastside Dry",1
"3_41_13_99821",2,70,420,895,1001,1707030406,"17070303","OBM","RaMCONdy_fdd_1707030406","RaMCONdy","RaMCONdy_fdd",42,"fdd","RaMCONdy","RaMCONdy_fdd","Mixed Conifer - Eastside Dry",1
"3_41_13_80336",2,70,420,2123,1136,1707030406,"17070303","OBM","RaPIPOxe_fxp_17070304","RaPIPOxe","RaPIPOxe_fxp",56,"fxp","RaPIPOxe","RaPIPOxe_fxp","Ponderosa Pine - Xeric",3
"3_41_13_85787",2,70,420,2123,39,1707030406,"17070303","OBM","RaPIPOxe_fxp_17070304","RaPIPOxe","RaPIPOxe_fxp",56,"fxp","RaPIPOxe","RaPIPOxe_fxp","Ponderosa Pine - Xeric",3
"8_53_47_83891",12,17,70,1786,1433,1702000802,"17020007","WNE","RaSAWD_fal_17020008","RaSAWD","RaSAWD_fal",2,"fal","RaSAWD","RaSAWD_fal","Subalpine Woodland",3
"3_41_13_61196",2,70,420,2123,865,1707030406,"17070303","OBM","RaPIPOxe_fxp_17070304","RaPIPOxe","RaPIPOxe_fxp",56,"fxp","RaPIPOxe","RaPIPOxe_fxp","Ponderosa Pine - Xeric",3
"3_41_13_87694",2,70,420,895,1126,1707030406,"17070303","OBM","RaMCONdy_fdd_1707030406","RaMCONdy","RaMCONdy_fdd",42,"fdd","RaMCONdy","RaMCONdy_fdd","Mixed Conifer - Eastside Dry",1
"3_41_13_89473",2,70,420,895,1182,1707030406,"17070303","OBM","RaMCONdy_fdd_1707030406","RaMCONdy","RaMCONdy_fdd",42,"fdd","RaMCONdy","RaMCONdy_fdd","Mixed Conifer - Eastside Dry",1
"3_41_13_78334",2,70,421,2123,295,1707030407,"17070303","OBM","RaPIPOxe_fxp_17070304","RaPIPOxe","RaPIPOxe_fxp",56,"fxp","RaPIPOxe","RaPIPOxe_fxp","Ponderosa Pine - Xeric",3
"3_41_13_80664",2,70,421,2123,16,1707030407,"17070303","OBM","RaPIPOxe_fxp_17070304","RaPIPOxe","RaPIPOxe_fxp",56,"fxp","RaPIPOxe","RaPIPOxe_fxp","Ponderosa Pine - Xeric",3
"8_53_47_78143",12,17,70,2283,934,1702000802,"17020007","WNE","RaSPFI_fcd_WNE","RaSPFI","RaSPFI_fcd",9,"fcd","RaSPFI","RaSPFI_fcd","Spruce - Fir",4
"8_53_47_92272",12,17,73,1786,1279,1702000805,"17020007","WNE","RaSAWD_fal_17020008","RaSAWD","RaSAWD_fal",2,"fal","RaSAWD","RaSAWD_fal","Subalpine Woodland",3
"8_53_47_53830",12,16,63,2283,2324,1702000701,"17020006","WNE","RaSPFI_fcd_WNE","RaSPFI","RaSPFI_fcd",9,"fcd","RaSPFI","RaSPFI_fcd","Spruce - Fir",4
"8_53_47_67360",12,17,73,2283,1425,1702000805,"17020007","WNE","RaSPFI_fcd_WNE","RaSPFI","RaSPFI_fcd",9,"fcd","RaSPFI","RaSPFI_fcd","Spruce - Fir",4
"3_41_37_92432",4,152,862,2224,452,1712000604,"17120005","OEC","RaPIPOxe_fxp_17120006","RaPIPOxe","RaPIPOxe_fxp",56,"fxp","RaPIPOxe","RaPIPOxe_fxp","Ponderosa Pine - Xeric",3
"8_53_7_64304",10,18,76,1810,1062,1702000901,"17020008","WEC","RaSAWD_fal_17020009","RaSAWD","RaSAWD_fal",2,"fal","RaSAWD","RaSAWD_fal","Subalpine Woodland",3
"3_41_37_78692",4,152,862,1487,2005,1712000604,"17120005","OEC","RaMCONdy_fmx_1712000604","RaMCONdy","RaMCONdy_fmx",29,"fmx","RaMCONdy","RaMCONdy_fmx","Mixed Conifer - Eastside Dry",1
"3_41_37_94147",4,152,862,1487,2764,1712000604,"17120005","OEC","RaMCONdy_fmx_1712000604","RaMCONdy","RaMCONdy_fmx",29,"fmx","RaMCONdy","RaMCONdy_fmx","Mixed Conifer - Eastside Dry",1
"3_41_37_96407",4,152,862,1487,935,1712000604,"17120005","OEC","RaMCONdy_fmx_1712000604","RaMCONdy","RaMCONdy_fmx",29,"fmx","RaMCONdy","RaMCONdy_fmx","Mixed Conifer - Eastside Dry",1
"3_41_37_85420",4,152,859,1491,1856,1712000601,"17120005","OEC","RaMCONdy_fmx_1712000601","RaMCONdy","RaMCONdy_fmx",29,"fmx","RaMCONdy","RaMCONdy_fmx","Mixed Conifer - Eastside Dry",1
"3_41_37_76648",4,162,923,1605,1662,1802000102,"18010206","OEC","RaMCONdy_fmd_1802000102","RaMCONdy","RaMCONdy_fmd",28,"fmd","RaMCONdy","RaMCONdy_fmd","Mixed Conifer - Eastside Dry",1
"3_41_37_96748",4,162,923,1605,1348,1802000102,"18010206","OEC","RaMCONdy_fmd_1802000102","RaMCONdy","RaMCONdy_fmd",28,"fmd","RaMCONdy","RaMCONdy_fmd","Mixed Conifer - Eastside Dry",1
"3_41_37_97461",4,162,923,1605,3164,1802000102,"18010206","OEC","RaMCONdy_fmd_1802000102","RaMCONdy","RaMCONdy_fmd",28,"fmd","RaMCONdy","RaMCONdy_fmd","Mixed Conifer - Eastside Dry",1
"8_53_7_59693",10,18,77,95,1306,1702000902,"17020008","WEC","RaMCONdy_fmd_1702000902","RaMCONdy","RaMCONdy_fmd",28,"fmd","RaMCONdy","RaMCONdy_fmd","Mixed Conifer - Eastside Dry",1
"8_53_7_91275",10,19,80,2291,1896,1702001002,"17020009","WEC","Na0710412_fmh_WEC","Na0710412","Na0710412_fmh",4,"fmh","Na0710412","Na0710412_fmh","North Pacific Mountain Hemlock Forest - Xeric",5
"8_53_7_75317",10,19,80,2291,1481,1702001002,"17020009","WEC","Na0710412_fmh_WEC","Na0710412","Na0710412_fmh",4,"fmh","Na0710412","Na0710412_fmh","North Pacific Mountain Hemlock Forest - Xeric",5
"8_53_7_89709",10,19,80,2291,1387,1702001002,"17020009","WEC","Na0710412_fmh_WEC","Na0710412","Na0710412_fmh",4,"fmh","Na0710412","Na0710412_fmh","North Pacific Mountain Hemlock Forest - Xeric",5
"8_53_7_98152",10,19,80,2291,2152,1702001002,"17020009","WEC","Na0710412_fmh_WEC","Na0710412","Na0710412_fmh",4,"fmh","Na0710412","Na0710412_fmh","North Pacific Mountain Hemlock Forest - Xeric",5
"8_53_7_85508",10,19,80,1846,1533,1702001002,"17020009","WEC","RaMCONms_fmm_17020010","RaMCONms","RaMCONms_fmm",27,"fmm","RaMCONms","RaMCONms_fmm","Mixed Conifer - Eastside Mesic",3
"8_53_7_63181",10,19,80,1846,1384,1702001002,"17020009","WEC","RaMCONms_fmm_17020010","RaMCONms","RaMCONms_fmm",27,"fmm","RaMCONms","RaMCONms_fmm","Mixed Conifer - Eastside Mesic",3
"8_53_7_89347",10,19,80,1846,1938,1702001002,"17020009","WEC","RaMCONms_fmm_17020010","RaMCONms","RaMCONms_fmm",27,"fmm","RaMCONms","RaMCONms_fmm","Mixed Conifer - Eastside Mesic",3
"8_53_7_53363",10,19,80,1846,1654,1702001002,"17020009","WEC","RaMCONms_fmm_17020010","RaMCONms","RaMCONms_fmm",27,"fmm","RaMCONms","RaMCONms_fmm","Mixed Conifer - Eastside Mesic",3
"8_53_47_62141",12,16,63,2283,2775,1702000701,"17020006","WNE","RaSPFI_fcd_WNE","RaSPFI","RaSPFI_fcd",9,"fcd","RaSPFI","RaSPFI_fcd","Spruce - Fir",4
"8_53_7_61037",10,19,80,1846,1574,1702001002,"17020009","WEC","RaMCONms_fmm_17020010","RaMCONms","RaMCONms_fmm",27,"fmm","RaMCONms","RaMCONms_fmm","Mixed Conifer - Eastside Mesic",3
"8_53_7_98710",10,19,80,1845,882,1702001002,"17020009","WEC","RaABAMlw_fsi_17020010","RaABAMlw","RaABAMlw_fsi",14,"fsi","RaABAMlw","RaABAMlw_fsi","Pacific Silver Fir - Low Elevation",3
"8_53_7_62247",10,19,79,2291,1236,1702001001,"17020009","WEC","Na0710412_fmh_WEC","Na0710412","Na0710412_fmh",4,"fmh","Na0710412","Na0710412_fmh","North Pacific Mountain Hemlock Forest - Xeric",5
"8_53_7_87051",10,19,79,2291,2650,1702001001,"17020009","WEC","Na0710412_fmh_WEC","Na0710412","Na0710412_fmh",4,"fmh","Na0710412","Na0710412_fmh","North Pacific Mountain Hemlock Forest - Xeric",5
"8_53_7_50815",10,19,79,2291,2465,1702001001,"17020009","WEC","Na0710412_fmh_WEC","Na0710412","Na0710412_fmh",4,"fmh","Na0710412","Na0710412_fmh","North Pacific Mountain Hemlock Forest - Xeric",5
"8_53_7_86131",10,19,79,2291,2028,1702001001,"17020009","WEC","Na0710412_fmh_WEC","Na0710412","Na0710412_fmh",4,"fmh","Na0710412","Na0710412_fmh","North Pacific Mountain Hemlock Forest - Xeric",5
"8_53_7_97594",10,19,79,2291,2570,1702001001,"17020009","WEC","Na0710412_fmh_WEC","Na0710412","Na0710412_fmh",4,"fmh","Na0710412","Na0710412_fmh","North Pacific Mountain Hemlock Forest - Xeric",5
"8_53_7_69704",10,20,90,1847,951,1702001107,"17020010","WEC","RaMCONms_fmm_17020011","RaMCONms","RaMCONms_fmm",27,"fmm","RaMCONms","RaMCONms_fmm","Mixed Conifer - Eastside Mesic",3
"8_53_7_74865",10,20,90,1847,1941,1702001107,"17020010","WEC","RaMCONms_fmm_17020011","RaMCONms","RaMCONms_fmm",27,"fmm","RaMCONms","RaMCONms_fmm","Mixed Conifer - Eastside Mesic",3
"8_53_7_57856",10,20,90,145,1436,1702001107,"17020010","WEC","RaMCONdy_fmd_1702001107","RaMCONdy","RaMCONdy_fmd",28,"fmd","RaMCONdy","RaMCONdy_fmd","Mixed Conifer - Eastside Dry",1
"8_53_47_56366",12,16,63,1784,1850,1702000701,"17020006","WNE","RaSAWD_fal_17020007","RaSAWD","RaSAWD_fal",2,"fal","RaSAWD","RaSAWD_fal","Subalpine Woodland",3
"8_53_47_91436",12,16,63,2283,1642,1702000701,"17020006","WNE","RaSPFI_fcd_WNE","RaSPFI","RaSPFI_fcd",9,"fcd","RaSPFI","RaSPFI_fcd","Spruce - Fir",4
"8_53_7_56337",10,20,90,145,1816,1702001107,"17020010","WEC","RaMCONdy_fmd_1702001107","RaMCONdy","RaMCONdy_fmd",28,"fmd","RaMCONdy","RaMCONdy_fmd","Mixed Conifer - Eastside Dry",1
"8_53_7_64418",10,20,90,153,1159,1702001107,"17020010","WEC","RaPIPOm_fpd_1702001107","RaPIPOm","RaPIPOm_fpd",51,"fpd","RaPIPOm","RaPIPOm_fpd","Dry Ponderosa Pine - Mesic",1
"8_53_7_76599",10,20,90,153,1164,1702001107,"17020010","WEC","RaPIPOm_fpd_1702001107","RaPIPOm","RaPIPOm_fpd",51,"fpd","RaPIPOm","RaPIPOm_fpd","Dry Ponderosa Pine - Mesic",1
"8_53_7_65675",10,20,89,180,2331,1702001106,"17020010","WEC","RaMCONdy_fmd_1702001106","RaMCONdy","RaMCONdy_fmd",28,"fmd","RaMCONdy","RaMCONdy_fmd","Mixed Conifer - Eastside Dry",1
"8_53_7_74565",10,20,89,180,1349,1702001106,"17020010","WEC","RaMCONdy_fmd_1702001106","RaMCONdy","RaMCONdy_fmd",28,"fmd","RaMCONdy","RaMCONdy_fmd","Mixed Conifer - Eastside Dry",1
"8_53_7_66455",10,20,88,177,905,1702001105,"17020010","WEC","RaMCONdy_fmd_1702001105","RaMCONdy","RaMCONdy_fmd",28,"fmd","RaMCONdy","RaMCONdy_fmd","Mixed Conifer - Eastside Dry",1
"8_53_7_54524",10,20,88,177,1138,1702001105,"17020010","WEC","RaMCONdy_fmd_1702001105","RaMCONdy","RaMCONdy_fmd",28,"fmd","RaMCONdy","RaMCONdy_fmd","Mixed Conifer - Eastside Dry",1
"8_53_37_82971",10,26,125,2291,1073,1703000104,"17020016","WEC","Na0710412_fmh_WEC","Na0710412","Na0710412_fmh",4,"fmh","Na0710412","Na0710412_fmh","North Pacific Mountain Hemlock Forest - Xeric",5
"8_53_37_85504",10,26,125,2291,1356,1703000104,"17020016","WEC","Na0710412_fmh_WEC","Na0710412","Na0710412_fmh",4,"fmh","Na0710412","Na0710412_fmh","North Pacific Mountain Hemlock Forest - Xeric",5
"8_53_37_59360",10,26,125,2291,1810,1703000104,"17020016","WEC","Na0710412_fmh_WEC","Na0710412","Na0710412_fmh",4,"fmh","Na0710412","Na0710412_fmh","North Pacific Mountain Hemlock Forest - Xeric",5
"8_53_37_96765",10,26,125,2291,1204,1703000104,"17020016","WEC","Na0710412_fmh_WEC","Na0710412","Na0710412_fmh",4,"fmh","Na0710412","Na0710412_fmh","North Pacific Mountain Hemlock Forest - Xeric",5
"8_53_37_56865",10,26,125,2291,1199,1703000104,"17020016","WEC","Na0710412_fmh_WEC","Na0710412","Na0710412_fmh",4,"fmh","Na0710412","Na0710412_fmh","North Pacific Mountain Hemlock Forest - Xeric",5
"8_53_37_62730",10,26,125,2291,1261,1703000104,"17020016","WEC","Na0710412_fmh_WEC","Na0710412","Na0710412_fmh",4,"fmh","Na0710412","Na0710412_fmh","North Pacific Mountain Hemlock Forest - Xeric",5
"8_53_37_90550",10,26,125,196,684,1703000104,"17020016","WEC","RaMCONdy_fmd_1703000104","RaMCONdy","RaMCONdy_fmd",28,"fmd","RaMCONdy","RaMCONdy_fmd","Mixed Conifer - Eastside Dry",1
"8_53_37_95518",10,26,126,190,1839,1703000105,"17020016","WEC","RaMCONdy_fmd_1703000105","RaMCONdy","RaMCONdy_fmd",28,"fmd","RaMCONdy","RaMCONdy_fmd","Mixed Conifer - Eastside Dry",1
"8_53_47_50993",12,17,69,2283,1506,1702000801,"17020007","WNE","RaSPFI_fcd_WNE","RaSPFI","RaSPFI_fcd",9,"fcd","RaSPFI","RaSPFI_fcd","Spruce - Fir",4
"2_41_19_98184",3,117,669,2315,408,1710030404,"17100303A","OCR","RaDFHEwt_fwn_OCR","RaDFHEwt","RaDFHEwt_fwn",32,"fwn","RaDFHEwt","RaDFHEwt_fwn","Douglas-fir Hemlock-Wet Mesic",5
"2_41_11_80035",3,117,669,2315,607,1710030404,"17100303A","OCR","RaDFHEwt_fwn_OCR","RaDFHEwt","RaDFHEwt_fwn",32,"fwn","RaDFHEwt","RaDFHEwt_fwn","Douglas-fir Hemlock-Wet Mesic",5
"2_41_11_70696",3,117,669,2315,1124,1710030404,"17100303A","OCR","RaDFHEwt_fwn_OCR","RaDFHEwt","RaDFHEwt_fwn",32,"fwn","RaDFHEwt","RaDFHEwt_fwn","Douglas-fir Hemlock-Wet Mesic",5
"2_41_11_75683",3,117,669,2315,1589,1710030404,"17100303A","OCR","RaDFHEwt_fwn_OCR","RaDFHEwt","RaDFHEwt_fwn",32,"fwn","RaDFHEwt","RaDFHEwt_fwn","Douglas-fir Hemlock-Wet Mesic",5
"2_41_11_66698",3,117,668,2315,1191,1710030403,"17100303A","OCR","RaDFHEwt_fwn_OCR","RaDFHEwt","RaDFHEwt_fwn",32,"fwn","RaDFHEwt","RaDFHEwt_fwn","Douglas-fir Hemlock-Wet Mesic",5
"2_41_11_69154",3,117,668,2315,1435,1710030403,"17100303A","OCR","RaDFHEwt_fwn_OCR","RaDFHEwt","RaDFHEwt_fwn",32,"fwn","RaDFHEwt","RaDFHEwt_fwn","Douglas-fir Hemlock-Wet Mesic",5
"2_41_11_69830",3,117,668,2316,1181,1710030403,"17100303A","OCR","RaDFHEwt_fww_OCR","RaDFHEwt","RaDFHEwt_fww",34,"fww","RaDFHEwt","RaDFHEwt_fww","Douglas-fir Hemlock-Wet Mesic",5
"2_41_11_75767",3,117,668,2316,567,1710030403,"17100303A","OCR","RaDFHEwt_fww_OCR","RaDFHEwt","RaDFHEwt_fww",34,"fww","RaDFHEwt","RaDFHEwt_fww","Douglas-fir Hemlock-Wet Mesic",5
"2_41_11_95393",6,118,671,2347,830,1710030502,"17100304","OSW","RaDFHEwt_fwm_OSW","RaDFHEwt","RaDFHEwt_fwm",33,"fwm","RaDFHEwt","RaDFHEwt_fwm","Douglas-fir Hemlock-Wet Mesic",5
"2_41_11_81538",6,118,671,2347,1689,1710030502,"17100304","OSW","RaDFHEwt_fwm_OSW","RaDFHEwt","RaDFHEwt_fwm",33,"fwm","RaDFHEwt","RaDFHEwt_fwm","Douglas-fir Hemlock-Wet Mesic",5
"2_41_11_80072",6,118,671,2347,989,1710030502,"17100304","OSW","RaDFHEwt_fwm_OSW","RaDFHEwt","RaDFHEwt_fwm",33,"fwm","RaDFHEwt","RaDFHEwt_fwm","Douglas-fir Hemlock-Wet Mesic",5
"2_41_11_88424",6,118,671,2198,1776,1710030502,"17100304","OSW","RaDFHEdy_fwi_17100305","RaDFHEdy","RaDFHEdy_fwi",31,"fwi","RaDFHEdy","RaDFHEdy_fwi","Douglas-fir Hemlock-Dry Mesic",3
"2_41_11_86549",6,118,671,2198,1769,1710030502,"17100304","OSW","RaDFHEdy_fwi_17100305","RaDFHEdy","RaDFHEdy_fwi",31,"fwi","RaDFHEdy","RaDFHEdy_fwi","Douglas-fir Hemlock-Dry Mesic",3
"6_53_9_52621",9,146,810,2295,2196,1711002107,"17110020","WCR","RaSSHE_fss_WCR","RaSSHE","RaSSHE_fss",60,"fss","RaSSHE","RaSSHE_fss","Sitka Spruce - Western Hemlock",5
"2_41_11_71678",6,118,671,1330,1279,1710030502,"17100304","OSW","RaMEVG_fuc_1710030502","RaMEVG","RaMEVG_fuc",59,"fuc","RaMEVG","RaMEVG_fuc","California Mixed Evergreen North",1
"2_41_11_61374",6,118,671,1330,1832,1710030502,"17100304","OSW","RaMEVG_fuc_1710030502","RaMEVG","RaMEVG_fuc",59,"fuc","RaMEVG","RaMEVG_fuc","California Mixed Evergreen North",1
"2_41_15_64773",6,118,671,2198,743,1710030502,"17100304","OSW","RaDFHEdy_fwi_17100305","RaDFHEdy","RaDFHEdy_fwi",31,"fwi","RaDFHEdy","RaDFHEdy_fwi","Douglas-fir Hemlock-Dry Mesic",3
"2_41_15_89035",6,123,702,1419,340,1710031006,"17100309","OSW","RaMEVG_fuc_1710031006","RaMEVG","RaMEVG_fuc",59,"fuc","RaMEVG","RaMEVG_fuc","California Mixed Evergreen North",1
"2_41_15_68124",6,123,703,1408,1131,1710031007,"17100309","OSW","RaTAOAco_ftm_1710031007","RaTAOAco","RaTAOAco_ftm",47,"ftm","RaTAOAco","RaTAOAco_ftm","Oregon Coastal Tanoak",1
"2_41_15_67479",6,123,703,1408,1617,1710031007,"17100309","OSW","RaTAOAco_ftm_1710031007","RaTAOAco","RaTAOAco_ftm",47,"ftm","RaTAOAco","RaTAOAco_ftm","Oregon Coastal Tanoak",1
"2_41_15_77417",6,123,704,1457,3175,1710031008,"17100309","OSW","RaTAOAco_ftm_1710031008","RaTAOAco","RaTAOAco_ftm",47,"ftm","RaTAOAco","RaTAOAco_ftm","Oregon Coastal Tanoak",1
"2_41_15_56240",6,123,704,1457,2958,1710031008,"17100309","OSW","RaTAOAco_ftm_1710031008","RaTAOAco","RaTAOAco_ftm",47,"ftm","RaTAOAco","RaTAOAco_ftm","Oregon Coastal Tanoak",1
"2_41_15_85158",6,123,704,1457,2171,1710031008,"17100309","OSW","RaTAOAco_ftm_1710031008","RaTAOAco","RaTAOAco_ftm",47,"ftm","RaTAOAco","RaTAOAco_ftm","Oregon Coastal Tanoak",1
"2_41_15_55686",6,124,715,1499,1023,1710031111,"17100310","OSW","RaTAOAco_ftm_1710031111","RaTAOAco","RaTAOAco_ftm",47,"ftm","RaTAOAco","RaTAOAco_ftm","Oregon Coastal Tanoak",1
"2_41_15_67778",6,124,715,1499,3243,1710031111,"17100310","OSW","RaTAOAco_ftm_1710031111","RaTAOAco","RaTAOAco_ftm",47,"ftm","RaTAOAco","RaTAOAco_ftm","Oregon Coastal Tanoak",1
"2_41_15_58591",6,124,715,1499,2439,1710031111,"17100310","OSW","RaTAOAco_ftm_1710031111","RaTAOAco","RaTAOAco_ftm",47,"ftm","RaTAOAco","RaTAOAco_ftm","Oregon Coastal Tanoak",1
"2_41_15_99474",6,124,715,2245,1171,1710031111,"17100310","OSW","RaREFI_fcw_17100311","RaREFI","RaREFI_fcw",19,"fcw","RaREFI","RaREFI_fcw","Red Fir",3
"2_41_15_77765",6,124,715,1519,1493,1710031111,"17100310","OSW","RaMEVG_fuc_1710031111","RaMEVG","RaMEVG_fuc",59,"fuc","RaMEVG","RaMEVG_fuc","California Mixed Evergreen North",1
"2_41_15_86545",6,124,712,2245,505,1710031108,"17100310","OSW","RaREFI_fcw_17100311","RaREFI","RaREFI_fcw",19,"fcw","RaREFI","RaREFI_fcw","Red Fir",3
"2_41_15_56343",6,124,712,2245,1081,1710031108,"17100310","OSW","RaREFI_fcw_17100311","RaREFI","RaREFI_fcw",19,"fcw","RaREFI","RaREFI_fcw","Red Fir",3
"2_41_15_60679",6,124,712,1541,658,1710031108,"17100310","OSW","RaTAOAco_ftm_1710031108","RaTAOAco","RaTAOAco_ftm",47,"ftm","RaTAOAco","RaTAOAco_ftm","Oregon Coastal Tanoak",1
"2_41_15_81879",6,124,712,1541,963,1710031108,"17100310","OSW","RaTAOAco_ftm_1710031108","RaTAOAco","RaTAOAco_ftm",47,"ftm","RaTAOAco","RaTAOAco_ftm","Oregon Coastal Tanoak",1
"2_41_15_58160",6,125,716,1606,1803,1710031201,"17100311","OSW","RaTAOAco_ftm_1710031201","RaTAOAco","RaTAOAco_ftm",47,"ftm","RaTAOAco","RaTAOAco_ftm","Oregon Coastal Tanoak",1
"2_41_15_94894",6,125,716,1597,525,1710031201,"17100311","OSW","RaMEVG_ftd_1710031201","RaMEVG","RaMEVG_ftd",48,"ftd","RaMEVG","RaMEVG_ftd","California Mixed Evergreen North",1
"2_41_15_81991",6,125,716,1606,3138,1710031201,"17100311","OSW","RaTAOAco_ftm_1710031201","RaTAOAco","RaTAOAco_ftm",47,"ftm","RaTAOAco","RaTAOAco_ftm","Oregon Coastal Tanoak",1
"2_41_15_78581",6,125,716,1606,3231,1710031201,"17100311","OSW","RaTAOAco_ftm_1710031201","RaTAOAco","RaTAOAco_ftm",47,"ftm","RaTAOAco","RaTAOAco_ftm","Oregon Coastal Tanoak",1
"2_41_15_57799",6,125,716,1606,1469,1710031201,"17100311","OSW","RaTAOAco_ftm_1710031201","RaTAOAco","RaTAOAco_ftm",47,"ftm","RaTAOAco","RaTAOAco_ftm","Oregon Coastal Tanoak",1
"6_53_9_76814",9,100,562,2295,2170,1710010101,"17090012A","WCR","RaSSHE_fss_WCR","RaSSHE","RaSSHE_fss",60,"fss","RaSSHE","RaSSHE_fss","Sitka Spruce - Western Hemlock",5
"2_41_15_85948",6,125,716,1606,2212,1710031201,"17100311","OSW","RaTAOAco_ftm_1710031201","RaTAOAco","RaTAOAco_ftm",47,"ftm","RaTAOAco","RaTAOAco_ftm","Oregon Coastal Tanoak",1
"2_41_15_90116",6,125,716,1606,3263,1710031201,"17100311","OSW","RaTAOAco_ftm_1710031201","RaTAOAco","RaTAOAco_ftm",47,"ftm","RaTAOAco","RaTAOAco_ftm","Oregon Coastal Tanoak",1
"2_41_15_68669",6,125,716,1606,2110,1710031201,"17100311","OSW","RaTAOAco_ftm_1710031201","RaTAOAco","RaTAOAco_ftm",47,"ftm","RaTAOAco","RaTAOAco_ftm","Oregon Coastal Tanoak",1
"2_41_15_98223",6,125,717,1706,1751,1710031202,"17100311","OSW","RaTAOAco_ftm_1710031202","RaTAOAco","RaTAOAco_ftm",47,"ftm","RaTAOAco","RaTAOAco_ftm","Oregon Coastal Tanoak",1
"2_41_15_53568",6,125,717,1706,1989,1710031202,"17100311","OSW","RaTAOAco_ftm_1710031202","RaTAOAco","RaTAOAco_ftm",47,"ftm","RaTAOAco","RaTAOAco_ftm","Oregon Coastal Tanoak",1
"2_41_15_71704",6,125,717,1706,3034,1710031202,"17100311","OSW","RaTAOAco_ftm_1710031202","RaTAOAco","RaTAOAco_ftm",47,"ftm","RaTAOAco","RaTAOAco_ftm","Oregon Coastal Tanoak",1
"2_41_15_62713",6,125,717,1706,1612,1710031202,"17100311","OSW","RaTAOAco_ftm_1710031202","RaTAOAco","RaTAOAco_ftm",47,"ftm","RaTAOAco","RaTAOAco_ftm","Oregon Coastal Tanoak",1
"2_41_15_86893",6,125,717,1706,2696,1710031202,"17100311","OSW","RaTAOAco_ftm_1710031202","RaTAOAco","RaTAOAco_ftm",47,"ftm","RaTAOAco","RaTAOAco_ftm","Oregon Coastal Tanoak",1
"6_53_9_87959",9,100,562,2295,2463,1710010101,"17090012A","WCR","RaSSHE_fss_WCR","RaSSHE","RaSSHE_fss",60,"fss","RaSSHE","RaSSHE_fss","Sitka Spruce - Western Hemlock",5
"6_53_9_50227",9,100,563,2295,1502,1710010102,"17090012A","WCR","RaSSHE_fss_WCR","RaSSHE","RaSSHE_fss",60,"fss","RaSSHE","RaSSHE_fss","Sitka Spruce - Western Hemlock",5
"6_53_9_83200",9,100,563,2295,2504,1710010102,"17090012A","WCR","RaSSHE_fss_WCR","RaSSHE","RaSSHE_fss",60,"fss","RaSSHE","RaSSHE_fss","Sitka Spruce - Western Hemlock",5
"6_53_9_62796",9,100,563,2295,1729,1710010102,"17090012A","WCR","RaSSHE_fss_WCR","RaSSHE","RaSSHE_fss",60,"fss","RaSSHE","RaSSHE_fss","Sitka Spruce - Western Hemlock",5
"6_53_9_63299",9,100,564,2295,2286,1710010103,"17090012A","WCR","RaSSHE_fss_WCR","RaSSHE","RaSSHE_fss",60,"fss","RaSSHE","RaSSHE_fss","Sitka Spruce - Western Hemlock",5
"6_53_9_68998",9,100,564,2295,2886,1710010103,"17090012A","WCR","RaSSHE_fss_WCR","RaSSHE","RaSSHE_fss",60,"fss","RaSSHE","RaSSHE_fss","Sitka Spruce - Western Hemlock",5
"6_53_9_73910",9,100,564,2295,3404,1710010103,"17090012A","WCR","RaSSHE_fss_WCR","RaSSHE","RaSSHE_fss",60,"fss","RaSSHE","RaSSHE_fss","Sitka Spruce - Western Hemlock",5
"6_53_9_78790",9,100,567,2295,2822,1710010106,"17090012A","WCR","RaSSHE_fss_WCR","RaSSHE","RaSSHE_fss",60,"fss","RaSSHE","RaSSHE_fss","Sitka Spruce - Western Hemlock",5
"6_53_31_68951",9,100,569,2295,2494,1710010108,"17090012A","WCR","RaSSHE_fss_WCR","RaSSHE","RaSSHE_fss",60,"fss","RaSSHE","RaSSHE_fss","Sitka Spruce - Western Hemlock",5
"6_53_31_91214",9,100,569,2295,2042,1710010108,"17090012A","WCR","RaSSHE_fss_WCR","RaSSHE","RaSSHE_fss",60,"fss","RaSSHE","RaSSHE_fss","Sitka Spruce - Western Hemlock",5
"8_53_39_80500",10,54,297,342,978,1707010113,"17060210","WEC","RaMCONdy_fmd_1707010113","RaMCONdy","RaMCONdy_fmd",28,"fmd","RaMCONdy","RaMCONdy_fmd","Mixed Conifer - Eastside Dry",1
"8_53_47_83183",12,17,69,35,825,1702000801,"17020007","WNE","RaMCONdy_fdd_1702000801","RaMCONdy","RaMCONdy_fdd",42,"fdd","RaMCONdy","RaMCONdy_fdd","Mixed Conifer - Eastside Dry",1
"8_53_47_51840",12,17,70,54,1078,1702000802,"17020007","WNE","RaMCONdy_fdd_1702000802","RaMCONdy","RaMCONdy_fdd",42,"fdd","RaMCONdy","RaMCONdy_fdd","Mixed Conifer - Eastside Dry",1
"8_53_47_86498",12,17,70,54,872,1702000802,"17020007","WNE","RaMCONdy_fdd_1702000802","RaMCONdy","RaMCONdy_fdd",42,"fdd","RaMCONdy","RaMCONdy_fdd","Mixed Conifer - Eastside Dry",1
"3_41_31_73805",2,66,376,643,810,1707020404,"17070203","OBM","RaMCONdy_fdd_1707020404","RaMCONdy","RaMCONdy_fdd",42,"fdd","RaMCONdy","RaMCONdy_fdd","Mixed Conifer - Eastside Dry",1
"3_41_13_94454",2,66,375,755,1529,1707020403,"17070203","OBM","RaMCONdy_fdd_1707020403","RaMCONdy","RaMCONdy_fdd",42,"fdd","RaMCONdy","RaMCONdy_fdd","Mixed Conifer - Eastside Dry",1
"3_41_13_71625",2,66,375,755,1064,1707020403,"17070203","OBM","RaMCONdy_fdd_1707020403","RaMCONdy","RaMCONdy_fdd",42,"fdd","RaMCONdy","RaMCONdy_fdd","Mixed Conifer - Eastside Dry",1
"3_41_13_95123",2,71,425,2106,1299,1707030503,"17070304","OBM","RaMCONms_fcm_17070305A","RaMCONms","RaMCONms_fcm",22,"fcm","RaMCONms","RaMCONms_fcm","Mixed Conifer - Eastside Mesic",3
"3_41_13_77506",2,71,424,812,1079,1707030502,"17070304","OBM","RaMCONdy_fdg_1707030502","RaMCONdy","RaMCONdy_fdg",23,"fdg","RaMCONdy","RaMCONdy_fdg","Mixed Conifer - Eastside Dry",1
"8_53_47_57750",12,17,70,2283,1728,1702000802,"17020007","WNE","RaSPFI_fcd_WNE","RaSPFI","RaSPFI_fcd",9,"fcd","RaSPFI","RaSPFI_fcd","Spruce - Fir",4
"3_41_13_75427",2,71,424,813,2453,1707030502,"17070304","OBM","RaMCONdy_fdd_1707030502","RaMCONdy","RaMCONdy_fdd",42,"fdd","RaMCONdy","RaMCONdy_fdd","Mixed Conifer - Eastside Dry",1
"3_41_13_75366",2,71,424,813,1967,1707030502,"17070304","OBM","RaMCONdy_fdd_1707030502","RaMCONdy","RaMCONdy_fdd",42,"fdd","RaMCONdy","RaMCONdy_fdd","Mixed Conifer - Eastside Dry",1
"3_41_13_80862",2,70,420,2123,1383,1707030406,"17070303","OBM","RaPIPOxe_fxp_17070304","RaPIPOxe","RaPIPOxe_fxp",56,"fxp","RaPIPOxe","RaPIPOxe_fxp","Ponderosa Pine - Xeric",3
"3_41_13_83294",2,70,420,2123,521,1707030406,"17070303","OBM","RaPIPOxe_fxp_17070304","RaPIPOxe","RaPIPOxe_fxp",56,"fxp","RaPIPOxe","RaPIPOxe_fxp","Ponderosa Pine - Xeric",3
"3_41_13_69502",2,70,420,2123,31,1707030406,"17070303","OBM","RaPIPOxe_fxp_17070304","RaPIPOxe","RaPIPOxe_fxp",56,"fxp","RaPIPOxe","RaPIPOxe_fxp","Ponderosa Pine - Xeric",3
"3_41_13_84861",2,70,420,895,1520,1707030406,"17070303","OBM","RaMCONdy_fdd_1707030406","RaMCONdy","RaMCONdy_fdd",42,"fdd","RaMCONdy","RaMCONdy_fdd","Mixed Conifer - Eastside Dry",1
"3_41_13_54647",2,70,421,2123,2324,1707030407,"17070303","OBM","RaPIPOxe_fxp_17070304","RaPIPOxe","RaPIPOxe_fxp",56,"fxp","RaPIPOxe","RaPIPOxe_fxp","Ponderosa Pine - Xeric",3
"3_41_13_68443",2,70,421,2123,1331,1707030407,"17070303","OBM","RaPIPOxe_fxp_17070304","RaPIPOxe","RaPIPOxe_fxp",56,"fxp","RaPIPOxe","RaPIPOxe_fxp","Ponderosa Pine - Xeric",3
"3_41_13_50765",2,70,421,2123,1251,1707030407,"17070303","OBM","RaPIPOxe_fxp_17070304","RaPIPOxe","RaPIPOxe_fxp",56,"fxp","RaPIPOxe","RaPIPOxe_fxp","Ponderosa Pine - Xeric",3
"8_53_47_83591",12,17,70,1786,1316,1702000802,"17020007","WNE","RaSAWD_fal_17020008","RaSAWD","RaSAWD_fal",2,"fal","RaSAWD","RaSAWD_fal","Subalpine Woodland",3
"8_53_47_56492",12,17,74,1786,1420,1702000806,"17020007","WNE","RaSAWD_fal_17020008","RaSAWD","RaSAWD_fal",2,"fal","RaSAWD","RaSAWD_fal","Subalpine Woodland",3
"8_53_47_60377",12,17,73,2283,768,1702000805,"17020007","WNE","RaSPFI_fcd_WNE","RaSPFI","RaSPFI_fcd",9,"fcd","RaSPFI","RaSPFI_fcd","Spruce - Fir",4
"8_53_47_89185",12,17,73,82,1873,1702000805,"17020007","WNE","RaMCONdy_fdd_1702000805","RaMCONdy","RaMCONdy_fdd",42,"fdd","RaMCONdy","RaMCONdy_fdd","Mixed Conifer - Eastside Dry",1
"3_41_37_59617",4,152,862,2224,517,1712000604,"17120005","OEC","RaPIPOxe_fxp_17120006","RaPIPOxe","RaPIPOxe_fxp",56,"fxp","RaPIPOxe","RaPIPOxe_fxp","Ponderosa Pine - Xeric",3
"8_53_47_83834",12,17,73,2283,1431,1702000805,"17020007","WNE","RaSPFI_fcd_WNE","RaSPFI","RaSPFI_fcd",9,"fcd","RaSPFI","RaSPFI_fcd","Spruce - Fir",4
"3_41_37_53387",4,152,862,2224,1458,1712000604,"17120005","OEC","RaPIPOxe_fxp_17120006","RaPIPOxe","RaPIPOxe_fxp",56,"fxp","RaPIPOxe","RaPIPOxe_fxp","Ponderosa Pine - Xeric",3
"3_41_37_59159",4,152,862,1487,2000,1712000604,"17120005","OEC","RaMCONdy_fmx_1712000604","RaMCONdy","RaMCONdy_fmx",29,"fmx","RaMCONdy","RaMCONdy_fmx","Mixed Conifer - Eastside Dry",1
"3_41_37_79156",4,152,862,1487,3460,1712000604,"17120005","OEC","RaMCONdy_fmx_1712000604","RaMCONdy","RaMCONdy_fmx",29,"fmx","RaMCONdy","RaMCONdy_fmx","Mixed Conifer - Eastside Dry",1
"3_41_37_52617",4,162,923,1605,1630,1802000102,"18010206","OEC","RaMCONdy_fmd_1802000102","RaMCONdy","RaMCONdy_fmd",28,"fmd","RaMCONdy","RaMCONdy_fmd","Mixed Conifer - Eastside Dry",1
"3_41_37_96904",4,162,923,1605,2495,1802000102,"18010206","OEC","RaMCONdy_fmd_1802000102","RaMCONdy","RaMCONdy_fmd",28,"fmd","RaMCONdy","RaMCONdy_fmd","Mixed Conifer - Eastside Dry",1
"3_41_37_67487",4,162,923,1605,1474,1802000102,"18010206","OEC","RaMCONdy_fmd_1802000102","RaMCONdy","RaMCONdy_fmd",28,"fmd","RaMCONdy","RaMCONdy_fmd","Mixed Conifer - Eastside Dry",1
"3_41_37_88945",4,162,923,1605,1116,1802000102,"18010206","OEC","RaMCONdy_fmd_1802000102","RaMCONdy","RaMCONdy_fmd",28,"fmd","RaMCONdy","RaMCONdy_fmd","Mixed Conifer - Eastside Dry",1
"8_53_47_51411",12,17,73,2283,1263,1702000805,"17020007","WNE","RaSPFI_fcd_WNE","RaSPFI","RaSPFI_fcd",9,"fcd","RaSPFI","RaSPFI_fcd","Spruce - Fir",4
"8_53_7_63235",10,18,77,2291,2119,1702000902,"17020008","WEC","Na0710412_fmh_WEC","Na0710412","Na0710412_fmh",4,"fmh","Na0710412","Na0710412_fmh","North Pacific Mountain Hemlock Forest - Xeric",5
"8_53_7_71517",10,18,77,95,288,1702000902,"17020008","WEC","RaMCONdy_fmd_1702000902","RaMCONdy","RaMCONdy_fmd",28,"fmd","RaMCONdy","RaMCONdy_fmd","Mixed Conifer - Eastside Dry",1
"8_53_7_66742",10,18,77,95,1406,1702000902,"17020008","WEC","RaMCONdy_fmd_1702000902","RaMCONdy","RaMCONdy_fmd",28,"fmd","RaMCONdy","RaMCONdy_fmd","Mixed Conifer - Eastside Dry",1
"8_53_7_80167",10,18,77,95,917,1702000902,"17020008","WEC","RaMCONdy_fmd_1702000902","RaMCONdy","RaMCONdy_fmd",28,"fmd","RaMCONdy","RaMCONdy_fmd","Mixed Conifer - Eastside Dry",1
"8_53_7_76606",10,18,77,2291,1401,1702000902,"17020008","WEC","Na0710412_fmh_WEC","Na0710412","Na0710412_fmh",4,"fmh","Na0710412","Na0710412_fmh","North Pacific Mountain Hemlock Forest - Xeric",5
"8_53_7_80093",10,19,80,1842,1334,1702001002,"17020009","WEC","RaSAWD_fal_17020010","RaSAWD","RaSAWD_fal",2,"fal","RaSAWD","RaSAWD_fal","Subalpine Woodland",3
"8_53_7_57989",10,18,77,2291,1574,1702000902,"17020008","WEC","Na0710412_fmh_WEC","Na0710412","Na0710412_fmh",4,"fmh","Na0710412","Na0710412_fmh","North Pacific Mountain Hemlock Forest - Xeric",5
"8_53_7_78182",10,19,80,2291,1652,1702001002,"17020009","WEC","Na0710412_fmh_WEC","Na0710412","Na0710412_fmh",4,"fmh","Na0710412","Na0710412_fmh","North Pacific Mountain Hemlock Forest - Xeric",5
"8_53_7_80871",10,19,80,2291,673,1702001002,"17020009","WEC","Na0710412_fmh_WEC","Na0710412","Na0710412_fmh",4,"fmh","Na0710412","Na0710412_fmh","North Pacific Mountain Hemlock Forest - Xeric",5
"8_53_7_62590",10,19,80,2291,2907,1702001002,"17020009","WEC","Na0710412_fmh_WEC","Na0710412","Na0710412_fmh",4,"fmh","Na0710412","Na0710412_fmh","North Pacific Mountain Hemlock Forest - Xeric",5
"8_53_7_97282",10,19,80,1846,2026,1702001002,"17020009","WEC","RaMCONms_fmm_17020010","RaMCONms","RaMCONms_fmm",27,"fmm","RaMCONms","RaMCONms_fmm","Mixed Conifer - Eastside Mesic",3
"8_53_7_57530",10,19,80,1846,2901,1702001002,"17020009","WEC","RaMCONms_fmm_17020010","RaMCONms","RaMCONms_fmm",27,"fmm","RaMCONms","RaMCONms_fmm","Mixed Conifer - Eastside Mesic",3
"8_53_7_98003",10,19,80,2291,2508,1702001002,"17020009","WEC","Na0710412_fmh_WEC","Na0710412","Na0710412_fmh",4,"fmh","Na0710412","Na0710412_fmh","North Pacific Mountain Hemlock Forest - Xeric",5
"8_53_7_88354",10,19,79,2291,1351,1702001001,"17020009","WEC","Na0710412_fmh_WEC","Na0710412","Na0710412_fmh",4,"fmh","Na0710412","Na0710412_fmh","North Pacific Mountain Hemlock Forest - Xeric",5
"8_53_7_89600",10,19,79,2291,1103,1702001001,"17020009","WEC","Na0710412_fmh_WEC","Na0710412","Na0710412_fmh",4,"fmh","Na0710412","Na0710412_fmh","North Pacific Mountain Hemlock Forest - Xeric",5
"8_53_7_64380",10,19,79,1846,1635,1702001001,"17020009","WEC","RaMCONms_fmm_17020010","RaMCONms","RaMCONms_fmm",27,"fmm","RaMCONms","RaMCONms_fmm","Mixed Conifer - Eastside Mesic",3
"8_53_7_77833",10,19,79,1846,924,1702001001,"17020009","WEC","RaMCONms_fmm_17020010","RaMCONms","RaMCONms_fmm",27,"fmm","RaMCONms","RaMCONms_fmm","Mixed Conifer - Eastside Mesic",3
"8_53_7_82835",10,19,79,2291,1403,1702001001,"17020009","WEC","Na0710412_fmh_WEC","Na0710412","Na0710412_fmh",4,"fmh","Na0710412","Na0710412_fmh","North Pacific Mountain Hemlock Forest - Xeric",5
"8_53_7_96861",10,19,79,1846,1257,1702001001,"17020009","WEC","RaMCONms_fmm_17020010","RaMCONms","RaMCONms_fmm",27,"fmm","RaMCONms","RaMCONms_fmm","Mixed Conifer - Eastside Mesic",3
"8_53_7_92536",10,20,90,145,2118,1702001107,"17020010","WEC","RaMCONdy_fmd_1702001107","RaMCONdy","RaMCONdy_fmd",28,"fmd","RaMCONdy","RaMCONdy_fmd","Mixed Conifer - Eastside Dry",1
"8_53_7_58633",10,20,90,145,2512,1702001107,"17020010","WEC","RaMCONdy_fmd_1702001107","RaMCONdy","RaMCONdy_fmd",28,"fmd","RaMCONdy","RaMCONdy_fmd","Mixed Conifer - Eastside Dry",1
"8_53_7_86392",10,20,90,145,2598,1702001107,"17020010","WEC","RaMCONdy_fmd_1702001107","RaMCONdy","RaMCONdy_fmd",28,"fmd","RaMCONdy","RaMCONdy_fmd","Mixed Conifer - Eastside Dry",1
"8_53_7_97373",10,20,90,145,1625,1702001107,"17020010","WEC","RaMCONdy_fmd_1702001107","RaMCONdy","RaMCONdy_fmd",28,"fmd","RaMCONdy","RaMCONdy_fmd","Mixed Conifer - Eastside Dry",1
"8_53_7_73844",10,20,89,181,920,1702001106,"17020010","WEC","RaPIPOm_fpd_1702001106","RaPIPOm","RaPIPOm_fpd",51,"fpd","RaPIPOm","RaPIPOm_fpd","Dry Ponderosa Pine - Mesic",1
"8_53_7_92223",10,20,89,180,1571,1702001106,"17020010","WEC","RaMCONdy_fmd_1702001106","RaMCONdy","RaMCONdy_fmd",28,"fmd","RaMCONdy","RaMCONdy_fmd","Mixed Conifer - Eastside Dry",1
"8_53_7_79967",10,20,89,181,632,1702001106,"17020010","WEC","RaPIPOm_fpd_1702001106","RaPIPOm","RaPIPOm_fpd",51,"fpd","RaPIPOm","RaPIPOm_fpd","Dry Ponderosa Pine - Mesic",1
"8_53_7_96938",10,20,89,180,1048,1702001106,"17020010","WEC","RaMCONdy_fmd_1702001106","RaMCONdy","RaMCONdy_fmd",28,"fmd","RaMCONdy","RaMCONdy_fmd","Mixed Conifer - Eastside Dry",1
"8_53_7_83814",10,20,89,180,1700,1702001106,"17020010","WEC","RaMCONdy_fmd_1702001106","RaMCONdy","RaMCONdy_fmd",28,"fmd","RaMCONdy","RaMCONdy_fmd","Mixed Conifer - Eastside Dry",1
"8_53_7_71450",10,20,89,180,826,1702001106,"17020010","WEC","RaMCONdy_fmd_1702001106","RaMCONdy","RaMCONdy_fmd",28,"fmd","RaMCONdy","RaMCONdy_fmd","Mixed Conifer - Eastside Dry",1
"8_53_7_65246",10,20,89,180,1178,1702001106,"17020010","WEC","RaMCONdy_fmd_1702001106","RaMCONdy","RaMCONdy_fmd",28,"fmd","RaMCONdy","RaMCONdy_fmd","Mixed Conifer - Eastside Dry",1
"8_53_37_94676",10,26,125,2291,994,1703000104,"17020016","WEC","Na0710412_fmh_WEC","Na0710412","Na0710412_fmh",4,"fmh","Na0710412","Na0710412_fmh","North Pacific Mountain Hemlock Forest - Xeric",5
"8_53_37_69293",10,26,125,2291,2282,1703000104,"17020016","WEC","Na0710412_fmh_WEC","Na0710412","Na0710412_fmh",4,"fmh","Na0710412","Na0710412_fmh","North Pacific Mountain Hemlock Forest - Xeric",5
"8_53_37_67049",10,26,125,2291,1408,1703000104,"17020016","WEC","Na0710412_fmh_WEC","Na0710412","Na0710412_fmh",4,"fmh","Na0710412","Na0710412_fmh","North Pacific Mountain Hemlock Forest - Xeric",5
"8_53_37_73012",10,26,125,2291,1530,1703000104,"17020016","WEC","Na0710412_fmh_WEC","Na0710412","Na0710412_fmh",4,"fmh","Na0710412","Na0710412_fmh","North Pacific Mountain Hemlock Forest - Xeric",5
"8_53_37_59843",10,26,125,196,1572,1703000104,"17020016","WEC","RaMCONdy_fmd_1703000104","RaMCONdy","RaMCONdy_fmd",28,"fmd","RaMCONdy","RaMCONdy_fmd","Mixed Conifer - Eastside Dry",1
"8_53_47_60754",12,17,69,1786,944,1702000801,"17020007","WNE","RaSAWD_fal_17020008","RaSAWD","RaSAWD_fal",2,"fal","RaSAWD","RaSAWD_fal","Subalpine Woodland",3
"8_53_39_94054",10,54,297,341,530,1707010113,"17060210","WEC","RaPIPOm_fpd_1707010113","RaPIPOm","RaPIPOm_fpd",51,"fpd","RaPIPOm","RaPIPOm_fpd","Dry Ponderosa Pine - Mesic",1
"8_53_39_86585",10,54,297,341,304,1707010113,"17060210","WEC","RaPIPOm_fpd_1707010113","RaPIPOm","RaPIPOm_fpd",51,"fpd","RaPIPOm","RaPIPOm_fpd","Dry Ponderosa Pine - Mesic",1
"8_53_39_96949",10,54,297,341,502,1707010113,"17060210","WEC","RaPIPOm_fpd_1707010113","RaPIPOm","RaPIPOm_fpd",51,"fpd","RaPIPOm","RaPIPOm_fpd","Dry Ponderosa Pine - Mesic",1
"8_53_39_67904",10,54,297,341,208,1707010113,"17060210","WEC","RaPIPOm_fpd_1707010113","RaPIPOm","RaPIPOm_fpd",51,"fpd","RaPIPOm","RaPIPOm_fpd","Dry Ponderosa Pine - Mesic",1
"8_53_47_70777",12,17,69,35,2995,1702000801,"17020007","WNE","RaMCONdy_fdd_1702000801","RaMCONdy","RaMCONdy_fdd",42,"fdd","RaMCONdy","RaMCONdy_fdd","Mixed Conifer - Eastside Dry",1
"8_53_47_83689",12,17,70,54,763,1702000802,"17020007","WNE","RaMCONdy_fdd_1702000802","RaMCONdy","RaMCONdy_fdd",42,"fdd","RaMCONdy","RaMCONdy_fdd","Mixed Conifer - Eastside Dry",1
"8_53_47_90002",12,17,70,54,1994,1702000802,"17020007","WNE","RaMCONdy_fdd_1702000802","RaMCONdy","RaMCONdy_fdd",42,"fdd","RaMCONdy","RaMCONdy_fdd","Mixed Conifer - Eastside Dry",1
"8_53_47_68627",12,17,70,54,980,1702000802,"17020007","WNE","RaMCONdy_fdd_1702000802","RaMCONdy","RaMCONdy_fdd",42,"fdd","RaMCONdy","RaMCONdy_fdd","Mixed Conifer - Eastside Dry",1
"8_53_47_77735",12,17,70,54,959,1702000802,"17020007","WNE","RaMCONdy_fdd_1702000802","RaMCONdy","RaMCONdy_fdd",42,"fdd","RaMCONdy","RaMCONdy_fdd","Mixed Conifer - Eastside Dry",1
"8_53_47_58562",12,17,70,54,1377,1702000802,"17020007","WNE","RaMCONdy_fdd_1702000802","RaMCONdy","RaMCONdy_fdd",42,"fdd","RaMCONdy","RaMCONdy_fdd","Mixed Conifer - Eastside Dry",1
"8_53_47_84886",12,17,70,54,1272,1702000802,"17020007","WNE","RaMCONdy_fdd_1702000802","RaMCONdy","RaMCONdy_fdd",42,"fdd","RaMCONdy","RaMCONdy_fdd","Mixed Conifer - Eastside Dry",1
"3_41_31_71967",2,66,375,759,1408,1707020403,"17070203","OBM","RaMCONdy_fdg_1707020403","RaMCONdy","RaMCONdy_fdg",23,"fdg","RaMCONdy","RaMCONdy_fdg","Mixed Conifer - Eastside Dry",1
"3_41_13_52139",2,66,375,2028,1669,1707020403,"17070203","OBM","RaPIPOxe_fxp_17070204","RaPIPOxe","RaPIPOxe_fxp",56,"fxp","RaPIPOxe","RaPIPOxe_fxp","Ponderosa Pine - Xeric",3
"3_41_13_90410",2,66,375,755,1669,1707020403,"17070203","OBM","RaMCONdy_fdd_1707020403","RaMCONdy","RaMCONdy_fdd",42,"fdd","RaMCONdy","RaMCONdy_fdd","Mixed Conifer - Eastside Dry",1
"3_41_13_62553",2,66,375,2064,1209,1707020403,"17070203","OBM","RaMCONms_fcm_17070204","RaMCONms","RaMCONms_fcm",22,"fcm","RaMCONms","RaMCONms_fcm","Mixed Conifer - Eastside Mesic",3
"3_41_13_89208",2,71,424,813,1600,1707030502,"17070304","OBM","RaMCONdy_fdd_1707030502","RaMCONdy","RaMCONdy_fdd",42,"fdd","RaMCONdy","RaMCONdy_fdd","Mixed Conifer - Eastside Dry",1
"3_41_13_50011",2,71,424,813,1242,1707030502,"17070304","OBM","RaMCONdy_fdd_1707030502","RaMCONdy","RaMCONdy_fdd",42,"fdd","RaMCONdy","RaMCONdy_fdd","Mixed Conifer - Eastside Dry",1
"8_53_47_77857",12,17,70,2283,1205,1702000802,"17020007","WNE","RaSPFI_fcd_WNE","RaSPFI","RaSPFI_fcd",9,"fcd","RaSPFI","RaSPFI_fcd","Spruce - Fir",4
"3_41_13_99003",2,71,424,813,2644,1707030502,"17070304","OBM","RaMCONdy_fdd_1707030502","RaMCONdy","RaMCONdy_fdd",42,"fdd","RaMCONdy","RaMCONdy_fdd","Mixed Conifer - Eastside Dry",1
"3_41_13_85075",2,71,424,813,1067,1707030502,"17070304","OBM","RaMCONdy_fdd_1707030502","RaMCONdy","RaMCONdy_fdd",42,"fdd","RaMCONdy","RaMCONdy_fdd","Mixed Conifer - Eastside Dry",1
"3_41_13_77746",2,71,424,813,1423,1707030502,"17070304","OBM","RaMCONdy_fdd_1707030502","RaMCONdy","RaMCONdy_fdd",42,"fdd","RaMCONdy","RaMCONdy_fdd","Mixed Conifer - Eastside Dry",1
"3_41_13_70286",2,71,424,814,1694,1707030502,"17070304","OBM","RaPIPOm_fdp_1707030502","RaPIPOm","RaPIPOm_fdp",52,"fdp","RaPIPOm","RaPIPOm_fdp","Dry Ponderosa Pine - Mesic",1
"3_41_13_59889",2,70,420,2123,35,1707030406,"17070303","OBM","RaPIPOxe_fxp_17070304","RaPIPOxe","RaPIPOxe_fxp",56,"fxp","RaPIPOxe","RaPIPOxe_fxp","Ponderosa Pine - Xeric",3
"8_53_47_83837",12,17,70,2283,1591,1702000802,"17020007","WNE","RaSPFI_fcd_WNE","RaSPFI","RaSPFI_fcd",9,"fcd","RaSPFI","RaSPFI_fcd","Spruce - Fir",4
"3_41_13_81691",2,70,420,901,821,1707030406,"17070303","OBM","RaPIPOm_fdp_1707030406","RaPIPOm","RaPIPOm_fdp",52,"fdp","RaPIPOm","RaPIPOm_fdp","Dry Ponderosa Pine - Mesic",1
"3_41_13_71777",2,70,421,2123,2328,1707030407,"17070303","OBM","RaPIPOxe_fxp_17070304","RaPIPOxe","RaPIPOxe_fxp",56,"fxp","RaPIPOxe","RaPIPOxe_fxp","Ponderosa Pine - Xeric",3
"3_41_13_52577",2,70,421,2123,1029,1707030407,"17070303","OBM","RaPIPOxe_fxp_17070304","RaPIPOxe","RaPIPOxe_fxp",56,"fxp","RaPIPOxe","RaPIPOxe_fxp","Ponderosa Pine - Xeric",3
"8_53_47_84273",12,16,63,1784,2628,1702000701,"17020006","WNE","RaSAWD_fal_17020007","RaSAWD","RaSAWD_fal",2,"fal","RaSAWD","RaSAWD_fal","Subalpine Woodland",3
"8_53_47_59283",12,17,73,82,2247,1702000805,"17020007","WNE","RaMCONdy_fdd_1702000805","RaMCONdy","RaMCONdy_fdd",42,"fdd","RaMCONdy","RaMCONdy_fdd","Mixed Conifer - Eastside Dry",1
"3_41_37_96493",4,152,862,1487,1445,1712000604,"17120005","OEC","RaMCONdy_fmx_1712000604","RaMCONdy","RaMCONdy_fmx",29,"fmx","RaMCONdy","RaMCONdy_fmx","Mixed Conifer - Eastside Dry",1
"3_41_37_80159",4,162,923,1605,1511,1802000102,"18010206","OEC","RaMCONdy_fmd_1802000102","RaMCONdy","RaMCONdy_fmd",28,"fmd","RaMCONdy","RaMCONdy_fmd","Mixed Conifer - Eastside Dry",1
"3_41_37_64617",4,162,923,1605,2710,1802000102,"18010206","OEC","RaMCONdy_fmd_1802000102","RaMCONdy","RaMCONdy_fmd",28,"fmd","RaMCONdy","RaMCONdy_fmd","Mixed Conifer - Eastside Dry",1
"3_41_37_61515",4,162,923,1605,2051,1802000102,"18010206","OEC","RaMCONdy_fmd_1802000102","RaMCONdy","RaMCONdy_fmd",28,"fmd","RaMCONdy","RaMCONdy_fmd","Mixed Conifer - Eastside Dry",1
"8_53_47_51116",12,16,63,2283,1225,1702000701,"17020006","WNE","RaSPFI_fcd_WNE","RaSPFI","RaSPFI_fcd",9,"fcd","RaSPFI","RaSPFI_fcd","Spruce - Fir",4
"8_53_7_76517",10,18,77,95,881,1702000902,"17020008","WEC","RaMCONdy_fmd_1702000902","RaMCONdy","RaMCONdy_fmd",28,"fmd","RaMCONdy","RaMCONdy_fmd","Mixed Conifer - Eastside Dry",1
"8_53_7_63298",10,18,77,95,1076,1702000902,"17020008","WEC","RaMCONdy_fmd_1702000902","RaMCONdy","RaMCONdy_fmd",28,"fmd","RaMCONdy","RaMCONdy_fmd","Mixed Conifer - Eastside Dry",1
"8_53_7_52126",10,18,77,95,1209,1702000902,"17020008","WEC","RaMCONdy_fmd_1702000902","RaMCONdy","RaMCONdy_fmd",28,"fmd","RaMCONdy","RaMCONdy_fmd","Mixed Conifer - Eastside Dry",1
"8_53_7_85164",10,18,77,2291,1750,1702000902,"17020008","WEC","Na0710412_fmh_WEC","Na0710412","Na0710412_fmh",4,"fmh","Na0710412","Na0710412_fmh","North Pacific Mountain Hemlock Forest - Xeric",5
"8_53_7_55715",10,19,80,2291,938,1702001002,"17020009","WEC","Na0710412_fmh_WEC","Na0710412","Na0710412_fmh",4,"fmh","Na0710412","Na0710412_fmh","North Pacific Mountain Hemlock Forest - Xeric",5
"8_53_7_71485",10,19,80,2291,2311,1702001002,"17020009","WEC","Na0710412_fmh_WEC","Na0710412","Na0710412_fmh",4,"fmh","Na0710412","Na0710412_fmh","North Pacific Mountain Hemlock Forest - Xeric",5
"8_53_7_57047",10,19,80,2291,2958,1702001002,"17020009","WEC","Na0710412_fmh_WEC","Na0710412","Na0710412_fmh",4,"fmh","Na0710412","Na0710412_fmh","North Pacific Mountain Hemlock Forest - Xeric",5
"8_53_47_79300",12,16,63,2283,766,1702000701,"17020006","WNE","RaSPFI_fcd_WNE","RaSPFI","RaSPFI_fcd",9,"fcd","RaSPFI","RaSPFI_fcd","Spruce - Fir",4
"8_53_7_63296",10,19,80,2291,1156,1702001002,"17020009","WEC","Na0710412_fmh_WEC","Na0710412","Na0710412_fmh",4,"fmh","Na0710412","Na0710412_fmh","North Pacific Mountain Hemlock Forest - Xeric",5
"8_53_7_83617",10,19,80,1846,2185,1702001002,"17020009","WEC","RaMCONms_fmm_17020010","RaMCONms","RaMCONms_fmm",27,"fmm","RaMCONms","RaMCONms_fmm","Mixed Conifer - Eastside Mesic",3
"8_53_7_65859",10,19,79,1842,1132,1702001001,"17020009","WEC","RaSAWD_fal_17020010","RaSAWD","RaSAWD_fal",2,"fal","RaSAWD","RaSAWD_fal","Subalpine Woodland",3
"8_53_7_88633",10,19,79,1846,739,1702001001,"17020009","WEC","RaMCONms_fmm_17020010","RaMCONms","RaMCONms_fmm",27,"fmm","RaMCONms","RaMCONms_fmm","Mixed Conifer - Eastside Mesic",3
"8_53_7_83582",10,19,79,1846,1783,1702001001,"17020009","WEC","RaMCONms_fmm_17020010","RaMCONms","RaMCONms_fmm",27,"fmm","RaMCONms","RaMCONms_fmm","Mixed Conifer - Eastside Mesic",3
"8_53_7_52701",10,19,79,1846,1080,1702001001,"17020009","WEC","RaMCONms_fmm_17020010","RaMCONms","RaMCONms_fmm",27,"fmm","RaMCONms","RaMCONms_fmm","Mixed Conifer - Eastside Mesic",3
"8_53_7_85033",10,19,79,1846,1305,1702001001,"17020009","WEC","RaMCONms_fmm_17020010","RaMCONms","RaMCONms_fmm",27,"fmm","RaMCONms","RaMCONms_fmm","Mixed Conifer - Eastside Mesic",3
"8_53_7_96981",10,19,79,1846,1358,1702001001,"17020009","WEC","RaMCONms_fmm_17020010","RaMCONms","RaMCONms_fmm",27,"fmm","RaMCONms","RaMCONms_fmm","Mixed Conifer - Eastside Mesic",3
"8_53_7_62645",10,20,90,145,2080,1702001107,"17020010","WEC","RaMCONdy_fmd_1702001107","RaMCONdy","RaMCONdy_fmd",28,"fmd","RaMCONdy","RaMCONdy_fmd","Mixed Conifer - Eastside Dry",1
"8_53_47_60020",12,17,69,2283,1275,1702000801,"17020007","WNE","RaSPFI_fcd_WNE","RaSPFI","RaSPFI_fcd",9,"fcd","RaSPFI","RaSPFI_fcd","Spruce - Fir",4
"8_53_47_58569",12,17,69,2283,2385,1702000801,"17020007","WNE","RaSPFI_fcd_WNE","RaSPFI","RaSPFI_fcd",9,"fcd","RaSPFI","RaSPFI_fcd","Spruce - Fir",4
"8_53_7_76277",10,20,90,145,2182,1702001107,"17020010","WEC","RaMCONdy_fmd_1702001107","RaMCONdy","RaMCONdy_fmd",28,"fmd","RaMCONdy","RaMCONdy_fmd","Mixed Conifer - Eastside Dry",1
"8_53_7_57346",10,20,90,145,1421,1702001107,"17020010","WEC","RaMCONdy_fmd_1702001107","RaMCONdy","RaMCONdy_fmd",28,"fmd","RaMCONdy","RaMCONdy_fmd","Mixed Conifer - Eastside Dry",1
"8_53_7_77146",10,20,90,153,355,1702001107,"17020010","WEC","RaPIPOm_fpd_1702001107","RaPIPOm","RaPIPOm_fpd",51,"fpd","RaPIPOm","RaPIPOm_fpd","Dry Ponderosa Pine - Mesic",1
"8_53_7_52505",10,20,89,181,560,1702001106,"17020010","WEC","RaPIPOm_fpd_1702001106","RaPIPOm","RaPIPOm_fpd",51,"fpd","RaPIPOm","RaPIPOm_fpd","Dry Ponderosa Pine - Mesic",1
"8_53_7_75840",10,20,89,180,1804,1702001106,"17020010","WEC","RaMCONdy_fmd_1702001106","RaMCONdy","RaMCONdy_fmd",28,"fmd","RaMCONdy","RaMCONdy_fmd","Mixed Conifer - Eastside Dry",1
"8_53_7_65100",10,20,89,181,186,1702001106,"17020010","WEC","RaPIPOm_fpd_1702001106","RaPIPOm","RaPIPOm_fpd",51,"fpd","RaPIPOm","RaPIPOm_fpd","Dry Ponderosa Pine - Mesic",1
"8_53_7_52284",10,20,89,181,1216,1702001106,"17020010","WEC","RaPIPOm_fpd_1702001106","RaPIPOm","RaPIPOm_fpd",51,"fpd","RaPIPOm","RaPIPOm_fpd","Dry Ponderosa Pine - Mesic",1
"8_53_7_87114",10,20,89,180,2555,1702001106,"17020010","WEC","RaMCONdy_fmd_1702001106","RaMCONdy","RaMCONdy_fmd",28,"fmd","RaMCONdy","RaMCONdy_fmd","Mixed Conifer - Eastside Dry",1
"8_53_7_55477",10,20,89,180,2577,1702001106,"17020010","WEC","RaMCONdy_fmd_1702001106","RaMCONdy","RaMCONdy_fmd",28,"fmd","RaMCONdy","RaMCONdy_fmd","Mixed Conifer - Eastside Dry",1
"8_53_7_98028",10,26,125,2291,1006,1703000104,"17020016","WEC","Na0710412_fmh_WEC","Na0710412","Na0710412_fmh",4,"fmh","Na0710412","Na0710412_fmh","North Pacific Mountain Hemlock Forest - Xeric",5
"8_53_47_96057",12,17,69,1786,1235,1702000801,"17020007","WNE","RaSAWD_fal_17020008","RaSAWD","RaSAWD_fal",2,"fal","RaSAWD","RaSAWD_fal","Subalpine Woodland",3
"8_53_47_88515",12,17,69,1786,2313,1702000801,"17020007","WNE","RaSAWD_fal_17020008","RaSAWD","RaSAWD_fal",2,"fal","RaSAWD","RaSAWD_fal","Subalpine Woodland",3
"8_53_39_67257",10,54,297,342,683,1707010113,"17060210","WEC","RaMCONdy_fmd_1707010113","RaMCONdy","RaMCONdy_fmd",28,"fmd","RaMCONdy","RaMCONdy_fmd","Mixed Conifer - Eastside Dry",1
"8_53_47_50709",12,17,70,2283,1383,1702000802,"17020007","WNE","RaSPFI_fcd_WNE","RaSPFI","RaSPFI_fcd",9,"fcd","RaSPFI","RaSPFI_fcd","Spruce - Fir",4
"8_53_47_87163",12,17,70,54,1832,1702000802,"17020007","WNE","RaMCONdy_fdd_1702000802","RaMCONdy","RaMCONdy_fdd",42,"fdd","RaMCONdy","RaMCONdy_fdd","Mixed Conifer - Eastside Dry",1
"8_53_47_65916",12,17,70,54,1437,1702000802,"17020007","WNE","RaMCONdy_fdd_1702000802","RaMCONdy","RaMCONdy_fdd",42,"fdd","RaMCONdy","RaMCONdy_fdd","Mixed Conifer - Eastside Dry",1
"8_53_47_75684",12,17,74,58,1610,1702000806,"17020007","WNE","RaMCONdy_fdd_1702000806","RaMCONdy","RaMCONdy_fdd",42,"fdd","RaMCONdy","RaMCONdy_fdd","Mixed Conifer - Eastside Dry",1
"3_41_31_80136",2,66,376,2028,119,1707020404,"17070203","OBM","RaPIPOxe_fxp_17070204","RaPIPOxe","RaPIPOxe_fxp",56,"fxp","RaPIPOxe","RaPIPOxe_fxp","Ponderosa Pine - Xeric",3
"3_41_31_79988",2,66,375,2028,124,1707020403,"17070203","OBM","RaPIPOxe_fxp_17070204","RaPIPOxe","RaPIPOxe_fxp",56,"fxp","RaPIPOxe","RaPIPOxe_fxp","Ponderosa Pine - Xeric",3
"3_41_13_84520",2,66,375,2028,917,1707020403,"17070203","OBM","RaPIPOxe_fxp_17070204","RaPIPOxe","RaPIPOxe_fxp",56,"fxp","RaPIPOxe","RaPIPOxe_fxp","Ponderosa Pine - Xeric",3
"3_41_69_82336",2,66,375,2028,520,1707020403,"17070203","OBM","RaPIPOxe_fxp_17070204","RaPIPOxe","RaPIPOxe_fxp",56,"fxp","RaPIPOxe","RaPIPOxe_fxp","Ponderosa Pine - Xeric",3
"3_41_13_53477",2,66,375,755,1673,1707020403,"17070203","OBM","RaMCONdy_fdd_1707020403","RaMCONdy","RaMCONdy_fdd",42,"fdd","RaMCONdy","RaMCONdy_fdd","Mixed Conifer - Eastside Dry",1
"3_41_13_69746",2,71,424,812,1380,1707030502,"17070304","OBM","RaMCONdy_fdg_1707030502","RaMCONdy","RaMCONdy_fdg",23,"fdg","RaMCONdy","RaMCONdy_fdg","Mixed Conifer - Eastside Dry",1
"3_41_13_50991",2,71,424,813,1234,1707030502,"17070304","OBM","RaMCONdy_fdd_1707030502","RaMCONdy","RaMCONdy_fdd",42,"fdd","RaMCONdy","RaMCONdy_fdd","Mixed Conifer - Eastside Dry",1
"8_53_47_54008",12,17,70,2283,1088,1702000802,"17020007","WNE","RaSPFI_fcd_WNE","RaSPFI","RaSPFI_fcd",9,"fcd","RaSPFI","RaSPFI_fcd","Spruce - Fir",4
"3_41_13_73946",2,71,424,813,2576,1707030502,"17070304","OBM","RaMCONdy_fdd_1707030502","RaMCONdy","RaMCONdy_fdd",42,"fdd","RaMCONdy","RaMCONdy_fdd","Mixed Conifer - Eastside Dry",1
"3_41_13_92087",2,71,424,813,1434,1707030502,"17070304","OBM","RaMCONdy_fdd_1707030502","RaMCONdy","RaMCONdy_fdd",42,"fdd","RaMCONdy","RaMCONdy_fdd","Mixed Conifer - Eastside Dry",1
"3_41_13_67209",2,71,424,813,844,1707030502,"17070304","OBM","RaMCONdy_fdd_1707030502","RaMCONdy","RaMCONdy_fdd",42,"fdd","RaMCONdy","RaMCONdy_fdd","Mixed Conifer - Eastside Dry",1
"3_41_13_97018",2,71,424,813,768,1707030502,"17070304","OBM","RaMCONdy_fdd_1707030502","RaMCONdy","RaMCONdy_fdd",42,"fdd","RaMCONdy","RaMCONdy_fdd","Mixed Conifer - Eastside Dry",1
"3_41_13_76715",2,71,424,813,820,1707030502,"17070304","OBM","RaMCONdy_fdd_1707030502","RaMCONdy","RaMCONdy_fdd",42,"fdd","RaMCONdy","RaMCONdy_fdd","Mixed Conifer - Eastside Dry",1
"3_41_13_59904",2,71,424,814,1427,1707030502,"17070304","OBM","RaPIPOm_fdp_1707030502","RaPIPOm","RaPIPOm_fdp",52,"fdp","RaPIPOm","RaPIPOm_fdp","Dry Ponderosa Pine - Mesic",1
"3_41_13_94649",2,70,420,2123,479,1707030406,"17070303","OBM","RaPIPOxe_fxp_17070304","RaPIPOxe","RaPIPOxe_fxp",56,"fxp","RaPIPOxe","RaPIPOxe_fxp","Ponderosa Pine - Xeric",3
"8_53_47_62375",12,17,74,2283,1712,1702000806,"17020007","WNE","RaSPFI_fcd_WNE","RaSPFI","RaSPFI_fcd",9,"fcd","RaSPFI","RaSPFI_fcd","Spruce - Fir",4
"3_41_13_81664",2,70,420,2123,2,1707030406,"17070303","OBM","RaPIPOxe_fxp_17070304","RaPIPOxe","RaPIPOxe_fxp",56,"fxp","RaPIPOxe","RaPIPOxe_fxp","Ponderosa Pine - Xeric",3
"3_41_13_71013",2,70,420,2123,639,1707030406,"17070303","OBM","RaPIPOxe_fxp_17070304","RaPIPOxe","RaPIPOxe_fxp",56,"fxp","RaPIPOxe","RaPIPOxe_fxp","Ponderosa Pine - Xeric",3
"3_41_13_61505",2,70,420,898,1278,1707030406,"17070303","OBM","RaMCONdy_fdg_1707030406","RaMCONdy","RaMCONdy_fdg",23,"fdg","RaMCONdy","RaMCONdy_fdg","Mixed Conifer - Eastside Dry",1
"3_41_13_51838",2,70,420,901,627,1707030406,"17070303","OBM","RaPIPOm_fdp_1707030406","RaPIPOm","RaPIPOm_fdp",52,"fdp","RaPIPOm","RaPIPOm_fdp","Dry Ponderosa Pine - Mesic",1
"3_41_13_65995",2,70,421,2123,1280,1707030407,"17070303","OBM","RaPIPOxe_fxp_17070304","RaPIPOxe","RaPIPOxe_fxp",56,"fxp","RaPIPOxe","RaPIPOxe_fxp","Ponderosa Pine - Xeric",3
"3_41_13_77554",2,70,421,2123,2598,1707030407,"17070303","OBM","RaPIPOxe_fxp_17070304","RaPIPOxe","RaPIPOxe_fxp",56,"fxp","RaPIPOxe","RaPIPOxe_fxp","Ponderosa Pine - Xeric",3
"3_41_13_67091",2,70,421,2123,344,1707030407,"17070303","OBM","RaPIPOxe_fxp_17070304","RaPIPOxe","RaPIPOxe_fxp",56,"fxp","RaPIPOxe","RaPIPOxe_fxp","Ponderosa Pine - Xeric",3
"8_53_47_58073",12,17,74,1786,1298,1702000806,"17020007","WNE","RaSAWD_fal_17020008","RaSAWD","RaSAWD_fal",2,"fal","RaSAWD","RaSAWD_fal","Subalpine Woodland",3
"3_41_13_70263",4,72,429,2127,36,1707030507,"17070305A","OEC","RaPIPOxe_fxp_17070305B","RaPIPOxe","RaPIPOxe_fxp",56,"fxp","RaPIPOxe","RaPIPOxe_fxp","Ponderosa Pine - Xeric",3
"8_53_47_82355",12,17,74,2283,2101,1702000806,"17020007","WNE","RaSPFI_fcd_WNE","RaSPFI","RaSPFI_fcd",9,"fcd","RaSPFI","RaSPFI_fcd","Spruce - Fir",4
"8_53_47_93998",12,17,73,2283,1781,1702000805,"17020007","WNE","RaSPFI_fcd_WNE","RaSPFI","RaSPFI_fcd",9,"fcd","RaSPFI","RaSPFI_fcd","Spruce - Fir",4
"8_53_47_91260",12,17,73,82,2178,1702000805,"17020007","WNE","RaMCONdy_fdd_1702000805","RaMCONdy","RaMCONdy_fdd",42,"fdd","RaMCONdy","RaMCONdy_fdd","Mixed Conifer - Eastside Dry",1
"3_41_37_95344",4,152,862,2224,1321,1712000604,"17120005","OEC","RaPIPOxe_fxp_17120006","RaPIPOxe","RaPIPOxe_fxp",56,"fxp","RaPIPOxe","RaPIPOxe_fxp","Ponderosa Pine - Xeric",3
"3_41_37_75923",4,152,862,1487,1500,1712000604,"17120005","OEC","RaMCONdy_fmx_1712000604","RaMCONdy","RaMCONdy_fmx",29,"fmx","RaMCONdy","RaMCONdy_fmx","Mixed Conifer - Eastside Dry",1
"3_41_37_71554",4,162,923,1605,2961,1802000102,"18010206","OEC","RaMCONdy_fmd_1802000102","RaMCONdy","RaMCONdy_fmd",28,"fmd","RaMCONdy","RaMCONdy_fmd","Mixed Conifer - Eastside Dry",1
"8_53_47_72358",12,17,73,2283,1120,1702000805,"17020007","WNE","RaSPFI_fcd_WNE","RaSPFI","RaSPFI_fcd",9,"fcd","RaSPFI","RaSPFI_fcd","Spruce - Fir",4
"8_53_47_57316",12,17,73,2283,1764,1702000805,"17020007","WNE","RaSPFI_fcd_WNE","RaSPFI","RaSPFI_fcd",9,"fcd","RaSPFI","RaSPFI_fcd","Spruce - Fir",4
"8_53_7_59965",10,18,77,1810,1783,1702000902,"17020008","WEC","RaSAWD_fal_17020009","RaSAWD","RaSAWD_fal",2,"fal","RaSAWD","RaSAWD_fal","Subalpine Woodland",3
"8_53_7_71352",10,18,77,95,1002,1702000902,"17020008","WEC","RaMCONdy_fmd_1702000902","RaMCONdy","RaMCONdy_fmd",28,"fmd","RaMCONdy","RaMCONdy_fmd","Mixed Conifer - Eastside Dry",1
"8_53_7_74341",10,18,77,95,2033,1702000902,"17020008","WEC","RaMCONdy_fmd_1702000902","RaMCONdy","RaMCONdy_fmd",28,"fmd","RaMCONdy","RaMCONdy_fmd","Mixed Conifer - Eastside Dry",1
"8_53_7_77803",10,18,77,95,942,1702000902,"17020008","WEC","RaMCONdy_fmd_1702000902","RaMCONdy","RaMCONdy_fmd",28,"fmd","RaMCONdy","RaMCONdy_fmd","Mixed Conifer - Eastside Dry",1
"8_53_7_54828",10,18,77,2291,2556,1702000902,"17020008","WEC","Na0710412_fmh_WEC","Na0710412","Na0710412_fmh",4,"fmh","Na0710412","Na0710412_fmh","North Pacific Mountain Hemlock Forest - Xeric",5
"8_53_7_54892",10,19,80,2291,2661,1702001002,"17020009","WEC","Na0710412_fmh_WEC","Na0710412","Na0710412_fmh",4,"fmh","Na0710412","Na0710412_fmh","North Pacific Mountain Hemlock Forest - Xeric",5
"8_53_7_71524",10,19,80,2291,2318,1702001002,"17020009","WEC","Na0710412_fmh_WEC","Na0710412","Na0710412_fmh",4,"fmh","Na0710412","Na0710412_fmh","North Pacific Mountain Hemlock Forest - Xeric",5
"8_53_47_92882",12,16,63,2283,1758,1702000701,"17020006","WNE","RaSPFI_fcd_WNE","RaSPFI","RaSPFI_fcd",9,"fcd","RaSPFI","RaSPFI_fcd","Spruce - Fir",4
"8_53_7_91693",10,19,80,125,2115,1702001002,"17020009","WEC","RaMCONdy_fmd_1702001002","RaMCONdy","RaMCONdy_fmd",28,"fmd","RaMCONdy","RaMCONdy_fmd","Mixed Conifer - Eastside Dry",1
"8_53_7_57847",10,19,80,125,1351,1702001002,"17020009","WEC","RaMCONdy_fmd_1702001002","RaMCONdy","RaMCONdy_fmd",28,"fmd","RaMCONdy","RaMCONdy_fmd","Mixed Conifer - Eastside Dry",1
"8_53_7_84584",10,19,80,1846,1779,1702001002,"17020009","WEC","RaMCONms_fmm_17020010","RaMCONms","RaMCONms_fmm",27,"fmm","RaMCONms","RaMCONms_fmm","Mixed Conifer - Eastside Mesic",3
"8_53_7_64338",10,19,80,1846,955,1702001002,"17020009","WEC","RaMCONms_fmm_17020010","RaMCONms","RaMCONms_fmm",27,"fmm","RaMCONms","RaMCONms_fmm","Mixed Conifer - Eastside Mesic",3
"8_53_7_60655",10,19,80,1846,1356,1702001002,"17020009","WEC","RaMCONms_fmm_17020010","RaMCONms","RaMCONms_fmm",27,"fmm","RaMCONms","RaMCONms_fmm","Mixed Conifer - Eastside Mesic",3
"8_53_7_61238",10,19,79,142,1398,1702001001,"17020009","WEC","RaMCONdy_fmd_1702001001","RaMCONdy","RaMCONdy_fmd",28,"fmd","RaMCONdy","RaMCONdy_fmd","Mixed Conifer - Eastside Dry",1
"8_53_7_76460",10,19,79,142,718,1702001001,"17020009","WEC","RaMCONdy_fmd_1702001001","RaMCONdy","RaMCONdy_fmd",28,"fmd","RaMCONdy","RaMCONdy_fmd","Mixed Conifer - Eastside Dry",1
"8_53_7_74570",10,19,79,142,1433,1702001001,"17020009","WEC","RaMCONdy_fmd_1702001001","RaMCONdy","RaMCONdy_fmd",28,"fmd","RaMCONdy","RaMCONdy_fmd","Mixed Conifer - Eastside Dry",1
"8_53_7_53745",10,19,79,142,1690,1702001001,"17020009","WEC","RaMCONdy_fmd_1702001001","RaMCONdy","RaMCONdy_fmd",28,"fmd","RaMCONdy","RaMCONdy_fmd","Mixed Conifer - Eastside Dry",1
"8_53_7_68474",10,19,80,2291,1192,1702001002,"17020009","WEC","Na0710412_fmh_WEC","Na0710412","Na0710412_fmh",4,"fmh","Na0710412","Na0710412_fmh","North Pacific Mountain Hemlock Forest - Xeric",5
"8_53_7_89130",10,19,81,143,2304,1702001003,"17020009","WEC","RaMCONdy_fmd_1702001003","RaMCONdy","RaMCONdy_fmd",28,"fmd","RaMCONdy","RaMCONdy_fmd","Mixed Conifer - Eastside Dry",1
"8_53_7_70316",10,19,81,143,608,1702001003,"17020009","WEC","RaMCONdy_fmd_1702001003","RaMCONdy","RaMCONdy_fmd",28,"fmd","RaMCONdy","RaMCONdy_fmd","Mixed Conifer - Eastside Dry",1
"8_53_7_53666",10,19,81,143,1431,1702001003,"17020009","WEC","RaMCONdy_fmd_1702001003","RaMCONdy","RaMCONdy_fmd",28,"fmd","RaMCONdy","RaMCONdy_fmd","Mixed Conifer - Eastside Dry",1
"8_53_7_74762",10,20,90,145,1315,1702001107,"17020010","WEC","RaMCONdy_fmd_1702001107","RaMCONdy","RaMCONdy_fmd",28,"fmd","RaMCONdy","RaMCONdy_fmd","Mixed Conifer - Eastside Dry",1
"8_53_7_77008",10,19,81,143,1910,1702001003,"17020009","WEC","RaMCONdy_fmd_1702001003","RaMCONdy","RaMCONdy_fmd",28,"fmd","RaMCONdy","RaMCONdy_fmd","Mixed Conifer - Eastside Dry",1
"8_53_47_62043",12,17,69,2283,836,1702000801,"17020007","WNE","RaSPFI_fcd_WNE","RaSPFI","RaSPFI_fcd",9,"fcd","RaSPFI","RaSPFI_fcd","Spruce - Fir",4
"8_53_7_57245",10,20,89,180,1926,1702001106,"17020010","WEC","RaMCONdy_fmd_1702001106","RaMCONdy","RaMCONdy_fmd",28,"fmd","RaMCONdy","RaMCONdy_fmd","Mixed Conifer - Eastside Dry",1
"8_53_7_90409",10,20,89,180,2739,1702001106,"17020010","WEC","RaMCONdy_fmd_1702001106","RaMCONdy","RaMCONdy_fmd",28,"fmd","RaMCONdy","RaMCONdy_fmd","Mixed Conifer - Eastside Dry",1
"8_53_37_99009",10,26,125,196,853,1703000104,"17020016","WEC","RaMCONdy_fmd_1703000104","RaMCONdy","RaMCONdy_fmd",28,"fmd","RaMCONdy","RaMCONdy_fmd","Mixed Conifer - Eastside Dry",1
"8_53_37_89359",10,26,125,196,642,1703000104,"17020016","WEC","RaMCONdy_fmd_1703000104","RaMCONdy","RaMCONdy_fmd",28,"fmd","RaMCONdy","RaMCONdy_fmd","Mixed Conifer - Eastside Dry",1
"8_53_37_98021",10,26,125,196,2352,1703000104,"17020016","WEC","RaMCONdy_fmd_1703000104","RaMCONdy","RaMCONdy_fmd",28,"fmd","RaMCONdy","RaMCONdy_fmd","Mixed Conifer - Eastside Dry",1
"8_53_47_95064",12,17,69,1786,1229,1702000801,"17020007","WNE","RaSAWD_fal_17020008","RaSAWD","RaSAWD_fal",2,"fal","RaSAWD","RaSAWD_fal","Subalpine Woodland",3
"8_53_39_81166",10,28,139,292,380,1703000308,"17030002","WEC","RaMCONdy_fmd_1703000308","RaMCONdy","RaMCONdy_fmd",28,"fmd","RaMCONdy","RaMCONdy_fmd","Mixed Conifer - Eastside Dry",1
"8_53_39_96453",10,54,295,333,578,1707010111,"17060210","WEC","RaMCONdy_fmd_1707010111","RaMCONdy","RaMCONdy_fmd",28,"fmd","RaMCONdy","RaMCONdy_fmd","Mixed Conifer - Eastside Dry",1
"8_53_39_87190",10,54,295,333,1026,1707010111,"17060210","WEC","RaMCONdy_fmd_1707010111","RaMCONdy","RaMCONdy_fmd",28,"fmd","RaMCONdy","RaMCONdy_fmd","Mixed Conifer - Eastside Dry",1
"8_53_47_54788",12,17,69,2283,1822,1702000801,"17020007","WNE","RaSPFI_fcd_WNE","RaSPFI","RaSPFI_fcd",9,"fcd","RaSPFI","RaSPFI_fcd","Spruce - Fir",4
"8_53_47_56236",12,17,74,2283,2640,1702000806,"17020007","WNE","RaSPFI_fcd_WNE","RaSPFI","RaSPFI_fcd",9,"fcd","RaSPFI","RaSPFI_fcd","Spruce - Fir",4
"8_53_47_53252",12,17,74,2283,1497,1702000806,"17020007","WNE","RaSPFI_fcd_WNE","RaSPFI","RaSPFI_fcd",9,"fcd","RaSPFI","RaSPFI_fcd","Spruce - Fir",4
"8_53_47_59955",12,17,74,58,2246,1702000806,"17020007","WNE","RaMCONdy_fdd_1702000806","RaMCONdy","RaMCONdy_fdd",42,"fdd","RaMCONdy","RaMCONdy_fdd","Mixed Conifer - Eastside Dry",1
"8_53_47_79075",12,17,74,58,981,1702000806,"17020007","WNE","RaMCONdy_fdd_1702000806","RaMCONdy","RaMCONdy_fdd",42,"fdd","RaMCONdy","RaMCONdy_fdd","Mixed Conifer - Eastside Dry",1
"3_41_69_68745",2,66,375,2028,6,1707020403,"17070203","OBM","RaPIPOxe_fxp_17070204","RaPIPOxe","RaPIPOxe_fxp",56,"fxp","RaPIPOxe","RaPIPOxe_fxp","Ponderosa Pine - Xeric",3
"3_41_69_93136",2,66,375,755,1388,1707020403,"17070203","OBM","RaMCONdy_fdd_1707020403","RaMCONdy","RaMCONdy_fdd",42,"fdd","RaMCONdy","RaMCONdy_fdd","Mixed Conifer - Eastside Dry",1
"3_41_69_97656",2,71,424,814,968,1707030502,"17070304","OBM","RaPIPOm_fdp_1707030502","RaPIPOm","RaPIPOm_fdp",52,"fdp","RaPIPOm","RaPIPOm_fdp","Dry Ponderosa Pine - Mesic",1
"3_41_69_56148",2,71,424,814,1356,1707030502,"17070304","OBM","RaPIPOm_fdp_1707030502","RaPIPOm","RaPIPOm_fdp",52,"fdp","RaPIPOm","RaPIPOm_fdp","Dry Ponderosa Pine - Mesic",1
"3_41_69_73890",2,71,424,814,1642,1707030502,"17070304","OBM","RaPIPOm_fdp_1707030502","RaPIPOm","RaPIPOm_fdp",52,"fdp","RaPIPOm","RaPIPOm_fdp","Dry Ponderosa Pine - Mesic",1
"3_41_69_74096",2,71,424,2106,1324,1707030502,"17070304","OBM","RaMCONms_fcm_17070305A","RaMCONms","RaMCONms_fcm",22,"fcm","RaMCONms","RaMCONms_fcm","Mixed Conifer - Eastside Mesic",3
"8_53_47_75173",12,17,74,58,2525,1702000806,"17020007","WNE","RaMCONdy_fdd_1702000806","RaMCONdy","RaMCONdy_fdd",42,"fdd","RaMCONdy","RaMCONdy_fdd","Mixed Conifer - Eastside Dry",1
"3_41_13_59778",2,71,424,813,1544,1707030502,"17070304","OBM","RaMCONdy_fdd_1707030502","RaMCONdy","RaMCONdy_fdd",42,"fdd","RaMCONdy","RaMCONdy_fdd","Mixed Conifer - Eastside Dry",1
"3_41_13_57974",2,71,424,812,1051,1707030502,"17070304","OBM","RaMCONdy_fdg_1707030502","RaMCONdy","RaMCONdy_fdg",23,"fdg","RaMCONdy","RaMCONdy_fdg","Mixed Conifer - Eastside Dry",1
"3_41_13_86278",2,71,424,812,654,1707030502,"17070304","OBM","RaMCONdy_fdg_1707030502","RaMCONdy","RaMCONdy_fdg",23,"fdg","RaMCONdy","RaMCONdy_fdg","Mixed Conifer - Eastside Dry",1
"3_41_13_91147",2,71,424,812,1037,1707030502,"17070304","OBM","RaMCONdy_fdg_1707030502","RaMCONdy","RaMCONdy_fdg",23,"fdg","RaMCONdy","RaMCONdy_fdg","Mixed Conifer - Eastside Dry",1
"3_41_13_78359",2,71,424,2106,917,1707030502,"17070304","OBM","RaMCONms_fcm_17070305A","RaMCONms","RaMCONms_fcm",22,"fcm","RaMCONms","RaMCONms_fcm","Mixed Conifer - Eastside Mesic",3
"3_41_13_64635",2,71,424,2112,440,1707030502,"17070304","OBM","RaSAWD_fsw_17070305A","RaSAWD","RaSAWD_fsw",3,"fsw","RaSAWD","RaSAWD_fsw","Subalpine Woodland",3
"3_41_13_96143",2,70,420,898,998,1707030406,"17070303","OBM","RaMCONdy_fdg_1707030406","RaMCONdy","RaMCONdy_fdg",23,"fdg","RaMCONdy","RaMCONdy_fdg","Mixed Conifer - Eastside Dry",1
"3_41_13_69489",2,70,420,901,1490,1707030406,"17070303","OBM","RaPIPOm_fdp_1707030406","RaPIPOm","RaPIPOm_fdp",52,"fdp","RaPIPOm","RaPIPOm_fdp","Dry Ponderosa Pine - Mesic",1
"3_41_13_86698",2,70,420,901,1616,1707030406,"17070303","OBM","RaPIPOm_fdp_1707030406","RaPIPOm","RaPIPOm_fdp",52,"fdp","RaPIPOm","RaPIPOm_fdp","Dry Ponderosa Pine - Mesic",1
"3_41_13_78257",2,70,420,901,1703,1707030406,"17070303","OBM","RaPIPOm_fdp_1707030406","RaPIPOm","RaPIPOm_fdp",52,"fdp","RaPIPOm","RaPIPOm_fdp","Dry Ponderosa Pine - Mesic",1
"8_53_47_87849",12,17,74,2283,2225,1702000806,"17020007","WNE","RaSPFI_fcd_WNE","RaSPFI","RaSPFI_fcd",9,"fcd","RaSPFI","RaSPFI_fcd","Spruce - Fir",4
"3_41_13_76987",2,70,420,2123,430,1707030406,"17070303","OBM","RaPIPOxe_fxp_17070304","RaPIPOxe","RaPIPOxe_fxp",56,"fxp","RaPIPOxe","RaPIPOxe_fxp","Ponderosa Pine - Xeric",3
"3_41_13_66291",2,70,421,2123,1652,1707030407,"17070303","OBM","RaPIPOxe_fxp_17070304","RaPIPOxe","RaPIPOxe_fxp",56,"fxp","RaPIPOxe","RaPIPOxe_fxp","Ponderosa Pine - Xeric",3
"3_41_13_93654",2,70,420,898,1229,1707030406,"17070303","OBM","RaMCONdy_fdg_1707030406","RaMCONdy","RaMCONdy_fdg",23,"fdg","RaMCONdy","RaMCONdy_fdg","Mixed Conifer - Eastside Dry",1
"3_41_13_70486",2,70,415,2123,8,1707030401,"17070303","OBM","RaPIPOxe_fxp_17070304","RaPIPOxe","RaPIPOxe_fxp",56,"fxp","RaPIPOxe","RaPIPOxe_fxp","Ponderosa Pine - Xeric",3
"8_53_47_71594",12,16,63,2283,1943,1702000701,"17020006","WNE","RaSPFI_fcd_WNE","RaSPFI","RaSPFI_fcd",9,"fcd","RaSPFI","RaSPFI_fcd","Spruce - Fir",4
"8_53_47_72308",12,17,73,82,1438,1702000805,"17020007","WNE","RaMCONdy_fdd_1702000805","RaMCONdy","RaMCONdy_fdd",42,"fdd","RaMCONdy","RaMCONdy_fdd","Mixed Conifer - Eastside Dry",1
"8_53_47_94525",12,17,73,2283,2942,1702000805,"17020007","WNE","RaSPFI_fcd_WNE","RaSPFI","RaSPFI_fcd",9,"fcd","RaSPFI","RaSPFI_fcd","Spruce - Fir",4
"8_53_47_84705",12,17,73,2283,2304,1702000805,"17020007","WNE","RaSPFI_fcd_WNE","RaSPFI","RaSPFI_fcd",9,"fcd","RaSPFI","RaSPFI_fcd","Spruce - Fir",4
"8_53_47_87782",12,17,73,82,1434,1702000805,"17020007","WNE","RaMCONdy_fdd_1702000805","RaMCONdy","RaMCONdy_fdd",42,"fdd","RaMCONdy","RaMCONdy_fdd","Mixed Conifer - Eastside Dry",1
"3_41_37_79622",4,152,862,2224,1807,1712000604,"17120005","OEC","RaPIPOxe_fxp_17120006","RaPIPOxe","RaPIPOxe_fxp",56,"fxp","RaPIPOxe","RaPIPOxe_fxp","Ponderosa Pine - Xeric",3
"3_41_37_91025",4,152,861,1589,793,1712000603,"17120005","OEC","RaMCONdy_fmd_1712000603","RaMCONdy","RaMCONdy_fmd",28,"fmd","RaMCONdy","RaMCONdy_fmd","Mixed Conifer - Eastside Dry",1
"3_41_37_53575",4,152,861,1589,1795,1712000603,"17120005","OEC","RaMCONdy_fmd_1712000603","RaMCONdy","RaMCONdy_fmd",28,"fmd","RaMCONdy","RaMCONdy_fmd","Mixed Conifer - Eastside Dry",1
"3_41_37_50612",4,152,862,1487,1143,1712000604,"17120005","OEC","RaMCONdy_fmx_1712000604","RaMCONdy","RaMCONdy_fmx",29,"fmx","RaMCONdy","RaMCONdy_fmx","Mixed Conifer - Eastside Dry",1
"3_41_37_75216",4,162,923,1605,1043,1802000102,"18010206","OEC","RaMCONdy_fmd_1802000102","RaMCONdy","RaMCONdy_fmd",28,"fmd","RaMCONdy","RaMCONdy_fmd","Mixed Conifer - Eastside Dry",1
"3_41_37_68872",4,162,923,2264,1173,1802000102,"18010206","OEC","RaPIPOxe_fxp_18020001","RaPIPOxe","RaPIPOxe_fxp",56,"fxp","RaPIPOxe","RaPIPOxe_fxp","Ponderosa Pine - Xeric",3
"8_53_47_79284",12,17,73,82,1410,1702000805,"17020007","WNE","RaMCONdy_fdd_1702000805","RaMCONdy","RaMCONdy_fdd",42,"fdd","RaMCONdy","RaMCONdy_fdd","Mixed Conifer - Eastside Dry",1
"8_53_47_83366",12,17,73,82,1321,1702000805,"17020007","WNE","RaMCONdy_fdd_1702000805","RaMCONdy","RaMCONdy_fdd",42,"fdd","RaMCONdy","RaMCONdy_fdd","Mixed Conifer - Eastside Dry",1
"8_53_47_79133",12,17,73,2283,1736,1702000805,"17020007","WNE","RaSPFI_fcd_WNE","RaSPFI","RaSPFI_fcd",9,"fcd","RaSPFI","RaSPFI_fcd","Spruce - Fir",4
"8_53_47_56303",10,18,77,1810,1067,1702000902,"17020008","WEC","RaSAWD_fal_17020009","RaSAWD","RaSAWD_fal",2,"fal","RaSAWD","RaSAWD_fal","Subalpine Woodland",3
"8_53_7_64289",10,18,77,1810,1356,1702000902,"17020008","WEC","RaSAWD_fal_17020009","RaSAWD","RaSAWD_fal",2,"fal","RaSAWD","RaSAWD_fal","Subalpine Woodland",3
"8_53_7_55614",10,18,77,1810,1582,1702000902,"17020008","WEC","RaSAWD_fal_17020009","RaSAWD","RaSAWD_fal",2,"fal","RaSAWD","RaSAWD_fal","Subalpine Woodland",3
"8_53_7_79643",10,18,77,2291,2485,1702000902,"17020008","WEC","Na0710412_fmh_WEC","Na0710412","Na0710412_fmh",4,"fmh","Na0710412","Na0710412_fmh","North Pacific Mountain Hemlock Forest - Xeric",5
"8_53_7_58078",10,18,77,2291,1793,1702000902,"17020008","WEC","Na0710412_fmh_WEC","Na0710412","Na0710412_fmh",4,"fmh","Na0710412","Na0710412_fmh","North Pacific Mountain Hemlock Forest - Xeric",5
"8_53_7_89468",10,18,77,95,1107,1702000902,"17020008","WEC","RaMCONdy_fmd_1702000902","RaMCONdy","RaMCONdy_fmd",28,"fmd","RaMCONdy","RaMCONdy_fmd","Mixed Conifer - Eastside Dry",1
"8_53_7_79496",10,18,77,95,2116,1702000902,"17020008","WEC","RaMCONdy_fmd_1702000902","RaMCONdy","RaMCONdy_fmd",28,"fmd","RaMCONdy","RaMCONdy_fmd","Mixed Conifer - Eastside Dry",1
"8_53_7_61451",10,18,78,2291,1772,1702000903,"17020008","WEC","Na0710412_fmh_WEC","Na0710412","Na0710412_fmh",4,"fmh","Na0710412","Na0710412_fmh","North Pacific Mountain Hemlock Forest - Xeric",5
"8_53_7_75413",10,18,78,2291,1799,1702000903,"17020008","WEC","Na0710412_fmh_WEC","Na0710412","Na0710412_fmh",4,"fmh","Na0710412","Na0710412_fmh","North Pacific Mountain Hemlock Forest - Xeric",5
"8_53_7_80091",10,18,78,2291,3205,1702000903,"17020008","WEC","Na0710412_fmh_WEC","Na0710412","Na0710412_fmh",4,"fmh","Na0710412","Na0710412_fmh","North Pacific Mountain Hemlock Forest - Xeric",5
"8_53_7_74077",10,19,80,125,1995,1702001002,"17020009","WEC","RaMCONdy_fmd_1702001002","RaMCONdy","RaMCONdy_fmd",28,"fmd","RaMCONdy","RaMCONdy_fmd","Mixed Conifer - Eastside Dry",1
"8_53_7_95826",10,19,80,125,2002,1702001002,"17020009","WEC","RaMCONdy_fmd_1702001002","RaMCONdy","RaMCONdy_fmd",28,"fmd","RaMCONdy","RaMCONdy_fmd","Mixed Conifer - Eastside Dry",1
"8_53_7_86381",10,19,80,125,1451,1702001002,"17020009","WEC","RaMCONdy_fmd_1702001002","RaMCONdy","RaMCONdy_fmd",28,"fmd","RaMCONdy","RaMCONdy_fmd","Mixed Conifer - Eastside Dry",1
"8_53_7_86464",10,19,80,125,427,1702001002,"17020009","WEC","RaMCONdy_fmd_1702001002","RaMCONdy","RaMCONdy_fmd",28,"fmd","RaMCONdy","RaMCONdy_fmd","Mixed Conifer - Eastside Dry",1
"8_53_7_98010",10,19,80,125,238,1702001002,"17020009","WEC","RaMCONdy_fmd_1702001002","RaMCONdy","RaMCONdy_fmd",28,"fmd","RaMCONdy","RaMCONdy_fmd","Mixed Conifer - Eastside Dry",1
"8_53_7_83787",10,19,80,125,881,1702001002,"17020009","WEC","RaMCONdy_fmd_1702001002","RaMCONdy","RaMCONdy_fmd",28,"fmd","RaMCONdy","RaMCONdy_fmd","Mixed Conifer - Eastside Dry",1
"8_53_7_53177",10,19,79,142,1031,1702001001,"17020009","WEC","RaMCONdy_fmd_1702001001","RaMCONdy","RaMCONdy_fmd",28,"fmd","RaMCONdy","RaMCONdy_fmd","Mixed Conifer - Eastside Dry",1
"8_53_7_65009",10,19,80,125,1179,1702001002,"17020009","WEC","RaMCONdy_fmd_1702001002","RaMCONdy","RaMCONdy_fmd",28,"fmd","RaMCONdy","RaMCONdy_fmd","Mixed Conifer - Eastside Dry",1
"8_53_7_59643",10,19,80,125,969,1702001002,"17020009","WEC","RaMCONdy_fmd_1702001002","RaMCONdy","RaMCONdy_fmd",28,"fmd","RaMCONdy","RaMCONdy_fmd","Mixed Conifer - Eastside Dry",1
"8_53_7_73927",10,19,81,143,1095,1702001003,"17020009","WEC","RaMCONdy_fmd_1702001003","RaMCONdy","RaMCONdy_fmd",28,"fmd","RaMCONdy","RaMCONdy_fmd","Mixed Conifer - Eastside Dry",1
"8_53_7_59578",10,19,81,143,2766,1702001003,"17020009","WEC","RaMCONdy_fmd_1702001003","RaMCONdy","RaMCONdy_fmd",28,"fmd","RaMCONdy","RaMCONdy_fmd","Mixed Conifer - Eastside Dry",1
"8_53_7_74063",10,19,81,143,2048,1702001003,"17020009","WEC","RaMCONdy_fmd_1702001003","RaMCONdy","RaMCONdy_fmd",28,"fmd","RaMCONdy","RaMCONdy_fmd","Mixed Conifer - Eastside Dry",1
"8_53_37_60918",10,26,125,196,2989,1703000104,"17020016","WEC","RaMCONdy_fmd_1703000104","RaMCONdy","RaMCONdy_fmd",28,"fmd","RaMCONdy","RaMCONdy_fmd","Mixed Conifer - Eastside Dry",1
"8_53_47_58427",12,17,74,2283,1586,1702000806,"17020007","WNE","RaSPFI_fcd_WNE","RaSPFI","RaSPFI_fcd",9,"fcd","RaSPFI","RaSPFI_fcd","Spruce - Fir",4
"8_53_47_77734",12,17,74,2283,2375,1702000806,"17020007","WNE","RaSPFI_fcd_WNE","RaSPFI","RaSPFI_fcd",9,"fcd","RaSPFI","RaSPFI_fcd","Spruce - Fir",4
"8_53_47_52716",12,17,74,2283,1918,1702000806,"17020007","WNE","RaSPFI_fcd_WNE","RaSPFI","RaSPFI_fcd",9,"fcd","RaSPFI","RaSPFI_fcd","Spruce - Fir",4
"8_53_47_55695",12,17,74,58,1865,1702000806,"17020007","WNE","RaMCONdy_fdd_1702000806","RaMCONdy","RaMCONdy_fdd",42,"fdd","RaMCONdy","RaMCONdy_fdd","Mixed Conifer - Eastside Dry",1
"8_53_47_90391",12,17,74,58,1810,1702000806,"17020007","WNE","RaMCONdy_fdd_1702000806","RaMCONdy","RaMCONdy_fdd",42,"fdd","RaMCONdy","RaMCONdy_fdd","Mixed Conifer - Eastside Dry",1
"3_41_69_63596",2,66,376,2028,4,1707020404,"17070203","OBM","RaPIPOxe_fxp_17070204","RaPIPOxe","RaPIPOxe_fxp",56,"fxp","RaPIPOxe","RaPIPOxe_fxp","Ponderosa Pine - Xeric",3
"8_53_47_95067",12,17,74,58,1674,1702000806,"17020007","WNE","RaMCONdy_fdd_1702000806","RaMCONdy","RaMCONdy_fdd",42,"fdd","RaMCONdy","RaMCONdy_fdd","Mixed Conifer - Eastside Dry",1
"8_53_47_60961",12,17,74,58,1611,1702000806,"17020007","WNE","RaMCONdy_fdd_1702000806","RaMCONdy","RaMCONdy_fdd",42,"fdd","RaMCONdy","RaMCONdy_fdd","Mixed Conifer - Eastside Dry",1
"3_41_69_93155",2,66,375,2028,1,1707020403,"17070203","OBM","RaPIPOxe_fxp_17070204","RaPIPOxe","RaPIPOxe_fxp",56,"fxp","RaPIPOxe","RaPIPOxe_fxp","Ponderosa Pine - Xeric",3
"3_41_69_76677",2,66,375,2028,43,1707020403,"17070203","OBM","RaPIPOxe_fxp_17070204","RaPIPOxe","RaPIPOxe_fxp",56,"fxp","RaPIPOxe","RaPIPOxe_fxp","Ponderosa Pine - Xeric",3
"3_41_69_91946",2,66,375,2028,22,1707020403,"17070203","OBM","RaPIPOxe_fxp_17070204","RaPIPOxe","RaPIPOxe_fxp",56,"fxp","RaPIPOxe","RaPIPOxe_fxp","Ponderosa Pine - Xeric",3
"3_41_69_96226",2,66,375,755,1208,1707020403,"17070203","OBM","RaMCONdy_fdd_1707020403","RaMCONdy","RaMCONdy_fdd",42,"fdd","RaMCONdy","RaMCONdy_fdd","Mixed Conifer - Eastside Dry",1
"3_41_69_58895",2,66,375,2064,1252,1707020403,"17070203","OBM","RaMCONms_fcm_17070204","RaMCONms","RaMCONms_fcm",22,"fcm","RaMCONms","RaMCONms_fcm","Mixed Conifer - Eastside Mesic",3
"3_41_69_84114",2,66,375,2064,1750,1707020403,"17070203","OBM","RaMCONms_fcm_17070204","RaMCONms","RaMCONms_fcm",22,"fcm","RaMCONms","RaMCONms_fcm","Mixed Conifer - Eastside Mesic",3
"3_41_69_67751",2,71,424,814,1911,1707030502,"17070304","OBM","RaPIPOm_fdp_1707030502","RaPIPOm","RaPIPOm_fdp",52,"fdp","RaPIPOm","RaPIPOm_fdp","Dry Ponderosa Pine - Mesic",1
"3_41_13_95205",2,70,417,830,1779,1707030403,"17070303","OBM","RaMCONdy_fdg_1707030403","RaMCONdy","RaMCONdy_fdg",23,"fdg","RaMCONdy","RaMCONdy_fdg","Mixed Conifer - Eastside Dry",1
"3_41_13_94730",2,71,424,812,727,1707030502,"17070304","OBM","RaMCONdy_fdg_1707030502","RaMCONdy","RaMCONdy_fdg",23,"fdg","RaMCONdy","RaMCONdy_fdg","Mixed Conifer - Eastside Dry",1
"3_41_13_84781",2,70,417,830,855,1707030403,"17070303","OBM","RaMCONdy_fdg_1707030403","RaMCONdy","RaMCONdy_fdg",23,"fdg","RaMCONdy","RaMCONdy_fdg","Mixed Conifer - Eastside Dry",1
"3_41_13_62805",2,70,417,834,825,1707030403,"17070303","OBM","RaPIPOm_fdp_1707030403","RaPIPOm","RaPIPOm_fdp",52,"fdp","RaPIPOm","RaPIPOm_fdp","Dry Ponderosa Pine - Mesic",1
"3_41_13_72735",2,70,417,2117,716,1707030403,"17070303","OBM","RaMCONms_fcm_17070304","RaMCONms","RaMCONms_fcm",22,"fcm","RaMCONms","RaMCONms_fcm","Mixed Conifer - Eastside Mesic",3
"3_41_13_83784",2,70,417,830,853,1707030403,"17070303","OBM","RaMCONdy_fdg_1707030403","RaMCONdy","RaMCONdy_fdg",23,"fdg","RaMCONdy","RaMCONdy_fdg","Mixed Conifer - Eastside Dry",1
"3_41_13_73228",2,70,417,830,2420,1707030403,"17070303","OBM","RaMCONdy_fdg_1707030403","RaMCONdy","RaMCONdy_fdg",23,"fdg","RaMCONdy","RaMCONdy_fdg","Mixed Conifer - Eastside Dry",1
"3_41_13_60712",2,70,417,830,1403,1707030403,"17070303","OBM","RaMCONdy_fdg_1707030403","RaMCONdy","RaMCONdy_fdg",23,"fdg","RaMCONdy","RaMCONdy_fdg","Mixed Conifer - Eastside Dry",1
"3_41_13_70391",2,70,417,830,1381,1707030403,"17070303","OBM","RaMCONdy_fdg_1707030403","RaMCONdy","RaMCONdy_fdg",23,"fdg","RaMCONdy","RaMCONdy_fdg","Mixed Conifer - Eastside Dry",1
"3_41_13_78783",2,70,420,901,2308,1707030406,"17070303","OBM","RaPIPOm_fdp_1707030406","RaPIPOm","RaPIPOm_fdp",52,"fdp","RaPIPOm","RaPIPOm_fdp","Dry Ponderosa Pine - Mesic",1
"8_53_47_73152",12,17,74,58,2609,1702000806,"17020007","WNE","RaMCONdy_fdd_1702000806","RaMCONdy","RaMCONdy_fdd",42,"fdd","RaMCONdy","RaMCONdy_fdd","Mixed Conifer - Eastside Dry",1
"8_53_47_63808",12,17,74,58,1243,1702000806,"17020007","WNE","RaMCONdy_fdd_1702000806","RaMCONdy","RaMCONdy_fdd",42,"fdd","RaMCONdy","RaMCONdy_fdd","Mixed Conifer - Eastside Dry",1
"3_41_13_61406",2,70,420,901,1176,1707030406,"17070303","OBM","RaPIPOm_fdp_1707030406","RaPIPOm","RaPIPOm_fdp",52,"fdp","RaPIPOm","RaPIPOm_fdp","Dry Ponderosa Pine - Mesic",1
"3_41_13_94232",2,70,420,898,1103,1707030406,"17070303","OBM","RaMCONdy_fdg_1707030406","RaMCONdy","RaMCONdy_fdg",23,"fdg","RaMCONdy","RaMCONdy_fdg","Mixed Conifer - Eastside Dry",1
"3_41_13_86566",2,70,415,2123,2440,1707030401,"17070303","OBM","RaPIPOxe_fxp_17070304","RaPIPOxe","RaPIPOxe_fxp",56,"fxp","RaPIPOxe","RaPIPOxe_fxp","Ponderosa Pine - Xeric",3
"3_41_13_96971",2,70,415,2123,30,1707030401,"17070303","OBM","RaPIPOxe_fxp_17070304","RaPIPOxe","RaPIPOxe_fxp",56,"fxp","RaPIPOxe","RaPIPOxe_fxp","Ponderosa Pine - Xeric",3
"8_53_47_53286",12,17,74,58,1264,1702000806,"17020007","WNE","RaMCONdy_fdd_1702000806","RaMCONdy","RaMCONdy_fdd",42,"fdd","RaMCONdy","RaMCONdy_fdd","Mixed Conifer - Eastside Dry",1
"8_53_47_89882",12,17,73,82,2172,1702000805,"17020007","WNE","RaMCONdy_fdd_1702000805","RaMCONdy","RaMCONdy_fdd",42,"fdd","RaMCONdy","RaMCONdy_fdd","Mixed Conifer - Eastside Dry",1
"8_53_47_71049",12,17,73,82,2164,1702000805,"17020007","WNE","RaMCONdy_fdd_1702000805","RaMCONdy","RaMCONdy_fdd",42,"fdd","RaMCONdy","RaMCONdy_fdd","Mixed Conifer - Eastside Dry",1
"8_53_47_67381",12,17,73,82,2310,1702000805,"17020007","WNE","RaMCONdy_fdd_1702000805","RaMCONdy","RaMCONdy_fdd",42,"fdd","RaMCONdy","RaMCONdy_fdd","Mixed Conifer - Eastside Dry",1
"8_53_47_84310",12,17,73,82,1234,1702000805,"17020007","WNE","RaMCONdy_fdd_1702000805","RaMCONdy","RaMCONdy_fdd",42,"fdd","RaMCONdy","RaMCONdy_fdd","Mixed Conifer - Eastside Dry",1
"3_41_37_76428",4,152,861,1589,1297,1712000603,"17120005","OEC","RaMCONdy_fmd_1712000603","RaMCONdy","RaMCONdy_fmd",28,"fmd","RaMCONdy","RaMCONdy_fmd","Mixed Conifer - Eastside Dry",1
"8_53_47_88256",12,17,73,82,1223,1702000805,"17020007","WNE","RaMCONdy_fdd_1702000805","RaMCONdy","RaMCONdy_fdd",42,"fdd","RaMCONdy","RaMCONdy_fdd","Mixed Conifer - Eastside Dry",1
"3_41_37_88972",4,162,923,1605,1839,1802000102,"18010206","OEC","RaMCONdy_fmd_1802000102","RaMCONdy","RaMCONdy_fmd",28,"fmd","RaMCONdy","RaMCONdy_fmd","Mixed Conifer - Eastside Dry",1
"3_41_37_83267",4,162,923,2264,547,1802000102,"18010206","OEC","RaPIPOxe_fxp_18020001","RaPIPOxe","RaPIPOxe_fxp",56,"fxp","RaPIPOxe","RaPIPOxe_fxp","Ponderosa Pine - Xeric",3
"8_53_47_54656",12,17,73,82,1787,1702000805,"17020007","WNE","RaMCONdy_fdd_1702000805","RaMCONdy","RaMCONdy_fdd",42,"fdd","RaMCONdy","RaMCONdy_fdd","Mixed Conifer - Eastside Dry",1
"8_53_47_52487",12,17,73,2283,1056,1702000805,"17020007","WNE","RaSPFI_fcd_WNE","RaSPFI","RaSPFI_fcd",9,"fcd","RaSPFI","RaSPFI_fcd","Spruce - Fir",4
"8_53_47_88155",12,17,73,2283,1084,1702000805,"17020007","WNE","RaSPFI_fcd_WNE","RaSPFI","RaSPFI_fcd",9,"fcd","RaSPFI","RaSPFI_fcd","Spruce - Fir",4
"8_53_47_79730",12,17,73,2283,2809,1702000805,"17020007","WNE","RaSPFI_fcd_WNE","RaSPFI","RaSPFI_fcd",9,"fcd","RaSPFI","RaSPFI_fcd","Spruce - Fir",4
"8_53_47_53107",12,16,65,1784,2563,1702000713,"17020006","WNE","RaSAWD_fal_17020007","RaSAWD","RaSAWD_fal",2,"fal","RaSAWD","RaSAWD_fal","Subalpine Woodland",3
"8_53_47_83108",12,17,75,1786,1820,1702000807,"17020007","WNE","RaSAWD_fal_17020008","RaSAWD","RaSAWD_fal",2,"fal","RaSAWD","RaSAWD_fal","Subalpine Woodland",3
"8_53_7_63976",10,18,77,2291,2071,1702000902,"17020008","WEC","Na0710412_fmh_WEC","Na0710412","Na0710412_fmh",4,"fmh","Na0710412","Na0710412_fmh","North Pacific Mountain Hemlock Forest - Xeric",5
"8_53_7_53513",10,18,77,2291,2533,1702000902,"17020008","WEC","Na0710412_fmh_WEC","Na0710412","Na0710412_fmh",4,"fmh","Na0710412","Na0710412_fmh","North Pacific Mountain Hemlock Forest - Xeric",5
"8_53_7_77238",10,18,77,95,2347,1702000902,"17020008","WEC","RaMCONdy_fmd_1702000902","RaMCONdy","RaMCONdy_fmd",28,"fmd","RaMCONdy","RaMCONdy_fmd","Mixed Conifer - Eastside Dry",1
"8_53_7_71964",10,18,77,95,1669,1702000902,"17020008","WEC","RaMCONdy_fmd_1702000902","RaMCONdy","RaMCONdy_fmd",28,"fmd","RaMCONdy","RaMCONdy_fmd","Mixed Conifer - Eastside Dry",1
"8_53_7_55849",10,18,77,95,1318,1702000902,"17020008","WEC","RaMCONdy_fmd_1702000902","RaMCONdy","RaMCONdy_fmd",28,"fmd","RaMCONdy","RaMCONdy_fmd","Mixed Conifer - Eastside Dry",1
"8_53_7_82405",10,18,78,119,1066,1702000903,"17020008","WEC","RaMCONdy_fmd_1702000903","RaMCONdy","RaMCONdy_fmd",28,"fmd","RaMCONdy","RaMCONdy_fmd","Mixed Conifer - Eastside Dry",1
"8_53_7_91912",10,18,78,119,1939,1702000903,"17020008","WEC","RaMCONdy_fmd_1702000903","RaMCONdy","RaMCONdy_fmd",28,"fmd","RaMCONdy","RaMCONdy_fmd","Mixed Conifer - Eastside Dry",1
"8_53_7_78012",10,18,78,2291,1864,1702000903,"17020008","WEC","Na0710412_fmh_WEC","Na0710412","Na0710412_fmh",4,"fmh","Na0710412","Na0710412_fmh","North Pacific Mountain Hemlock Forest - Xeric",5
"8_53_7_63025",10,18,78,2291,3122,1702000903,"17020008","WEC","Na0710412_fmh_WEC","Na0710412","Na0710412_fmh",4,"fmh","Na0710412","Na0710412_fmh","North Pacific Mountain Hemlock Forest - Xeric",5
"8_53_7_89663",10,19,80,2291,1488,1702001002,"17020009","WEC","Na0710412_fmh_WEC","Na0710412","Na0710412_fmh",4,"fmh","Na0710412","Na0710412_fmh","North Pacific Mountain Hemlock Forest - Xeric",5
"8_53_7_95645",10,19,80,125,1109,1702001002,"17020009","WEC","RaMCONdy_fmd_1702001002","RaMCONdy","RaMCONdy_fmd",28,"fmd","RaMCONdy","RaMCONdy_fmd","Mixed Conifer - Eastside Dry",1
"8_53_7_67948",10,19,80,125,1290,1702001002,"17020009","WEC","RaMCONdy_fmd_1702001002","RaMCONdy","RaMCONdy_fmd",28,"fmd","RaMCONdy","RaMCONdy_fmd","Mixed Conifer - Eastside Dry",1
"8_53_7_56438",10,19,80,125,724,1702001002,"17020009","WEC","RaMCONdy_fmd_1702001002","RaMCONdy","RaMCONdy_fmd",28,"fmd","RaMCONdy","RaMCONdy_fmd","Mixed Conifer - Eastside Dry",1
"8_53_7_98321",10,19,80,125,30,1702001002,"17020009","WEC","RaMCONdy_fmd_1702001002","RaMCONdy","RaMCONdy_fmd",28,"fmd","RaMCONdy","RaMCONdy_fmd","Mixed Conifer - Eastside Dry",1
"8_53_7_72014",10,19,80,125,51,1702001002,"17020009","WEC","RaMCONdy_fmd_1702001002","RaMCONdy","RaMCONdy_fmd",28,"fmd","RaMCONdy","RaMCONdy_fmd","Mixed Conifer - Eastside Dry",1
"8_53_7_55476",10,19,80,125,725,1702001002,"17020009","WEC","RaMCONdy_fmd_1702001002","RaMCONdy","RaMCONdy_fmd",28,"fmd","RaMCONdy","RaMCONdy_fmd","Mixed Conifer - Eastside Dry",1
"8_53_7_59409",10,19,80,125,401,1702001002,"17020009","WEC","RaMCONdy_fmd_1702001002","RaMCONdy","RaMCONdy_fmd",28,"fmd","RaMCONdy","RaMCONdy_fmd","Mixed Conifer - Eastside Dry",1
"8_53_7_96980",10,19,80,125,933,1702001002,"17020009","WEC","RaMCONdy_fmd_1702001002","RaMCONdy","RaMCONdy_fmd",28,"fmd","RaMCONdy","RaMCONdy_fmd","Mixed Conifer - Eastside Dry",1
"8_53_7_72373",10,19,80,125,1065,1702001002,"17020009","WEC","RaMCONdy_fmd_1702001002","RaMCONdy","RaMCONdy_fmd",28,"fmd","RaMCONdy","RaMCONdy_fmd","Mixed Conifer - Eastside Dry",1
"8_53_7_92466",10,19,80,125,2769,1702001002,"17020009","WEC","RaMCONdy_fmd_1702001002","RaMCONdy","RaMCONdy_fmd",28,"fmd","RaMCONdy","RaMCONdy_fmd","Mixed Conifer - Eastside Dry",1
"8_53_7_98964",10,19,80,125,980,1702001002,"17020009","WEC","RaMCONdy_fmd_1702001002","RaMCONdy","RaMCONdy_fmd",28,"fmd","RaMCONdy","RaMCONdy_fmd","Mixed Conifer - Eastside Dry",1
"8_53_7_93944",10,19,81,143,243,1702001003,"17020009","WEC","RaMCONdy_fmd_1702001003","RaMCONdy","RaMCONdy_fmd",28,"fmd","RaMCONdy","RaMCONdy_fmd","Mixed Conifer - Eastside Dry",1
"8_53_7_71885",10,19,81,143,945,1702001003,"17020009","WEC","RaMCONdy_fmd_1702001003","RaMCONdy","RaMCONdy_fmd",28,"fmd","RaMCONdy","RaMCONdy_fmd","Mixed Conifer - Eastside Dry",1
"8_53_7_89422",10,20,90,145,711,1702001107,"17020010","WEC","RaMCONdy_fmd_1702001107","RaMCONdy","RaMCONdy_fmd",28,"fmd","RaMCONdy","RaMCONdy_fmd","Mixed Conifer - Eastside Dry",1
"8_53_7_98954",10,20,90,153,2,1702001107,"17020010","WEC","RaPIPOm_fpd_1702001107","RaPIPOm","RaPIPOm_fpd",51,"fpd","RaPIPOm","RaPIPOm_fpd","Dry Ponderosa Pine - Mesic",1
"8_53_47_96746",12,17,69,1786,1842,1702000801,"17020007","WNE","RaSAWD_fal_17020008","RaSAWD","RaSAWD_fal",2,"fal","RaSAWD","RaSAWD_fal","Subalpine Woodland",3
"8_53_7_54320",10,19,81,143,2138,1702001003,"17020009","WEC","RaMCONdy_fmd_1702001003","RaMCONdy","RaMCONdy_fmd",28,"fmd","RaMCONdy","RaMCONdy_fmd","Mixed Conifer - Eastside Dry",1
"8_53_7_63275",10,19,81,2291,1738,1702001003,"17020009","WEC","Na0710412_fmh_WEC","Na0710412","Na0710412_fmh",4,"fmh","Na0710412","Na0710412_fmh","North Pacific Mountain Hemlock Forest - Xeric",5
"8_53_37_58276",10,26,125,2291,2207,1703000104,"17020016","WEC","Na0710412_fmh_WEC","Na0710412","Na0710412_fmh",4,"fmh","Na0710412","Na0710412_fmh","North Pacific Mountain Hemlock Forest - Xeric",5
"8_53_37_91755",10,26,125,196,1970,1703000104,"17020016","WEC","RaMCONdy_fmd_1703000104","RaMCONdy","RaMCONdy_fmd",28,"fmd","RaMCONdy","RaMCONdy_fmd","Mixed Conifer - Eastside Dry",1
"8_53_47_99200",12,17,69,2283,2010,1702000801,"17020007","WNE","RaSPFI_fcd_WNE","RaSPFI","RaSPFI_fcd",9,"fcd","RaSPFI","RaSPFI_fcd","Spruce - Fir",4
"8_53_47_83147",12,17,69,1786,1284,1702000801,"17020007","WNE","RaSAWD_fal_17020008","RaSAWD","RaSAWD_fal",2,"fal","RaSAWD","RaSAWD_fal","Subalpine Woodland",3
"8_53_47_60669",12,17,72,2283,1700,1702000804,"17020007","WNE","RaSPFI_fcd_WNE","RaSPFI","RaSPFI_fcd",9,"fcd","RaSPFI","RaSPFI_fcd","Spruce - Fir",4
"8_53_47_91299",12,17,74,1786,917,1702000806,"17020007","WNE","RaSAWD_fal_17020008","RaSAWD","RaSAWD_fal",2,"fal","RaSAWD","RaSAWD_fal","Subalpine Woodland",3
"8_53_39_57000",10,54,295,333,199,1707010111,"17060210","WEC","RaMCONdy_fmd_1707010111","RaMCONdy","RaMCONdy_fmd",28,"fmd","RaMCONdy","RaMCONdy_fmd","Mixed Conifer - Eastside Dry",1
"8_53_39_63735",10,54,296,340,104,1707010112,"17060210","WEC","RaMCONdy_fmd_1707010112","RaMCONdy","RaMCONdy_fmd",28,"fmd","RaMCONdy","RaMCONdy_fmd","Mixed Conifer - Eastside Dry",1
"8_53_47_86121",12,17,72,2283,1880,1702000804,"17020007","WNE","RaSPFI_fcd_WNE","RaSPFI","RaSPFI_fcd",9,"fcd","RaSPFI","RaSPFI_fcd","Spruce - Fir",4
"8_53_47_82470",12,17,74,58,1574,1702000806,"17020007","WNE","RaMCONdy_fdd_1702000806","RaMCONdy","RaMCONdy_fdd",42,"fdd","RaMCONdy","RaMCONdy_fdd","Mixed Conifer - Eastside Dry",1
"8_53_47_72996",12,17,72,46,695,1702000804,"17020007","WNE","RaMCONdy_fdd_1702000804","RaMCONdy","RaMCONdy_fdd",42,"fdd","RaMCONdy","RaMCONdy_fdd","Mixed Conifer - Eastside Dry",1
"8_53_47_68942",12,17,74,58,1762,1702000806,"17020007","WNE","RaMCONdy_fdd_1702000806","RaMCONdy","RaMCONdy_fdd",42,"fdd","RaMCONdy","RaMCONdy_fdd","Mixed Conifer - Eastside Dry",1
"8_53_47_56938",12,17,74,58,2278,1702000806,"17020007","WNE","RaMCONdy_fdd_1702000806","RaMCONdy","RaMCONdy_fdd",42,"fdd","RaMCONdy","RaMCONdy_fdd","Mixed Conifer - Eastside Dry",1
"3_41_69_60427",2,66,375,2064,1488,1707020403,"17070203","OBM","RaMCONms_fcm_17070204","RaMCONms","RaMCONms_fcm",22,"fcm","RaMCONms","RaMCONms_fcm","Mixed Conifer - Eastside Mesic",3
"3_41_69_73291",2,70,417,830,1003,1707030403,"17070303","OBM","RaMCONdy_fdg_1707030403","RaMCONdy","RaMCONdy_fdg",23,"fdg","RaMCONdy","RaMCONdy_fdg","Mixed Conifer - Eastside Dry",1
"3_41_69_87265",2,70,417,830,1653,1707030403,"17070303","OBM","RaMCONdy_fdg_1707030403","RaMCONdy","RaMCONdy_fdg",23,"fdg","RaMCONdy","RaMCONdy_fdg","Mixed Conifer - Eastside Dry",1
"8_53_47_55078",12,17,74,58,1711,1702000806,"17020007","WNE","RaMCONdy_fdd_1702000806","RaMCONdy","RaMCONdy_fdd",42,"fdd","RaMCONdy","RaMCONdy_fdd","Mixed Conifer - Eastside Dry",1
"3_41_13_91167",2,70,417,830,834,1707030403,"17070303","OBM","RaMCONdy_fdg_1707030403","RaMCONdy","RaMCONdy_fdg",23,"fdg","RaMCONdy","RaMCONdy_fdg","Mixed Conifer - Eastside Dry",1
"3_41_13_99483",2,70,417,834,1751,1707030403,"17070303","OBM","RaPIPOm_fdp_1707030403","RaPIPOm","RaPIPOm_fdp",52,"fdp","RaPIPOm","RaPIPOm_fdp","Dry Ponderosa Pine - Mesic",1
"3_41_13_98630",2,70,417,830,1508,1707030403,"17070303","OBM","RaMCONdy_fdg_1707030403","RaMCONdy","RaMCONdy_fdg",23,"fdg","RaMCONdy","RaMCONdy_fdg","Mixed Conifer - Eastside Dry",1
"3_41_13_76325",2,70,417,830,1783,1707030403,"17070303","OBM","RaMCONdy_fdg_1707030403","RaMCONdy","RaMCONdy_fdg",23,"fdg","RaMCONdy","RaMCONdy_fdg","Mixed Conifer - Eastside Dry",1
"3_41_13_60044",2,70,417,834,1648,1707030403,"17070303","OBM","RaPIPOm_fdp_1707030403","RaPIPOm","RaPIPOm_fdp",52,"fdp","RaPIPOm","RaPIPOm_fdp","Dry Ponderosa Pine - Mesic",1
"3_41_13_55815",2,70,417,830,2458,1707030403,"17070303","OBM","RaMCONdy_fdg_1707030403","RaMCONdy","RaMCONdy_fdg",23,"fdg","RaMCONdy","RaMCONdy_fdg","Mixed Conifer - Eastside Dry",1
"3_41_13_54035",2,70,420,901,2304,1707030406,"17070303","OBM","RaPIPOm_fdp_1707030406","RaPIPOm","RaPIPOm_fdp",52,"fdp","RaPIPOm","RaPIPOm_fdp","Dry Ponderosa Pine - Mesic",1
"3_41_13_82440",2,70,420,2123,1,1707030406,"17070303","OBM","RaPIPOxe_fxp_17070304","RaPIPOxe","RaPIPOxe_fxp",56,"fxp","RaPIPOxe","RaPIPOxe_fxp","Ponderosa Pine - Xeric",3
"8_53_47_92038",12,17,74,58,1012,1702000806,"17020007","WNE","RaMCONdy_fdd_1702000806","RaMCONdy","RaMCONdy_fdd",42,"fdd","RaMCONdy","RaMCONdy_fdd","Mixed Conifer - Eastside Dry",1
"3_41_13_87759",2,70,420,2123,974,1707030406,"17070303","OBM","RaPIPOxe_fxp_17070304","RaPIPOxe","RaPIPOxe_fxp",56,"fxp","RaPIPOxe","RaPIPOxe_fxp","Ponderosa Pine - Xeric",3
"3_41_13_94379",2,70,415,2123,2019,1707030401,"17070303","OBM","RaPIPOxe_fxp_17070304","RaPIPOxe","RaPIPOxe_fxp",56,"fxp","RaPIPOxe","RaPIPOxe_fxp","Ponderosa Pine - Xeric",3
"3_41_13_62212",2,70,415,981,1214,1707030401,"17070303","OBM","RaMCONdy_fdg_1707030401","RaMCONdy","RaMCONdy_fdg",23,"fdg","RaMCONdy","RaMCONdy_fdg","Mixed Conifer - Eastside Dry",1
"3_41_13_98422",2,70,415,2123,21,1707030401,"17070303","OBM","RaPIPOxe_fxp_17070304","RaPIPOxe","RaPIPOxe_fxp",56,"fxp","RaPIPOxe","RaPIPOxe_fxp","Ponderosa Pine - Xeric",3
"8_53_47_79152",12,17,74,58,1673,1702000806,"17020007","WNE","RaMCONdy_fdd_1702000806","RaMCONdy","RaMCONdy_fdd",42,"fdd","RaMCONdy","RaMCONdy_fdd","Mixed Conifer - Eastside Dry",1
"3_41_13_91970",4,72,429,2127,140,1707030507,"17070305A","OEC","RaPIPOxe_fxp_17070305B","RaPIPOxe","RaPIPOxe_fxp",56,"fxp","RaPIPOxe","RaPIPOxe_fxp","Ponderosa Pine - Xeric",3
"8_53_47_65909",12,16,65,2283,2786,1702000713,"17020006","WNE","RaSPFI_fcd_WNE","RaSPFI","RaSPFI_fcd",9,"fcd","RaSPFI","RaSPFI_fcd","Spruce - Fir",4
"8_53_47_98416",12,17,74,58,2106,1702000806,"17020007","WNE","RaMCONdy_fdd_1702000806","RaMCONdy","RaMCONdy_fdd",42,"fdd","RaMCONdy","RaMCONdy_fdd","Mixed Conifer - Eastside Dry",1
"8_53_47_83239",12,17,73,82,1117,1702000805,"17020007","WNE","RaMCONdy_fdd_1702000805","RaMCONdy","RaMCONdy_fdd",42,"fdd","RaMCONdy","RaMCONdy_fdd","Mixed Conifer - Eastside Dry",1
"8_53_47_86818",12,17,73,82,1336,1702000805,"17020007","WNE","RaMCONdy_fdd_1702000805","RaMCONdy","RaMCONdy_fdd",42,"fdd","RaMCONdy","RaMCONdy_fdd","Mixed Conifer - Eastside Dry",1
"8_53_47_70677",12,17,73,82,1724,1702000805,"17020007","WNE","RaMCONdy_fdd_1702000805","RaMCONdy","RaMCONdy_fdd",42,"fdd","RaMCONdy","RaMCONdy_fdd","Mixed Conifer - Eastside Dry",1
"8_53_47_57642",12,17,73,82,2501,1702000805,"17020007","WNE","RaMCONdy_fdd_1702000805","RaMCONdy","RaMCONdy_fdd",42,"fdd","RaMCONdy","RaMCONdy_fdd","Mixed Conifer - Eastside Dry",1
"3_41_37_65846",4,152,861,2248,1137,1712000603,"17120005","OEC","RaPIPOxe_fpd_17120006","RaPIPOxe","RaPIPOxe_fpd",53,"fpd","RaPIPOxe","RaPIPOxe_fpd","Ponderosa Pine - Xeric",3
"3_41_37_75989",4,152,861,2224,707,1712000603,"17120005","OEC","RaPIPOxe_fxp_17120006","RaPIPOxe","RaPIPOxe_fxp",56,"fxp","RaPIPOxe","RaPIPOxe_fxp","Ponderosa Pine - Xeric",3
"3_41_37_72527",4,152,861,2224,1167,1712000603,"17120005","OEC","RaPIPOxe_fxp_17120006","RaPIPOxe","RaPIPOxe_fxp",56,"fxp","RaPIPOxe","RaPIPOxe_fxp","Ponderosa Pine - Xeric",3
"3_41_37_97376",4,162,923,1605,816,1802000102,"18010206","OEC","RaMCONdy_fmd_1802000102","RaMCONdy","RaMCONdy_fmd",28,"fmd","RaMCONdy","RaMCONdy_fmd","Mixed Conifer - Eastside Dry",1
"3_41_37_83956",4,153,867,1655,3319,1712000703,"17120006","OEC","RaMCONdy_fmd_1712000703","RaMCONdy","RaMCONdy_fmd",28,"fmd","RaMCONdy","RaMCONdy_fmd","Mixed Conifer - Eastside Dry",1
"3_41_37_93283",4,153,867,1655,1238,1712000703,"17120006","OEC","RaMCONdy_fmd_1712000703","RaMCONdy","RaMCONdy_fmd",28,"fmd","RaMCONdy","RaMCONdy_fmd","Mixed Conifer - Eastside Dry",1
"3_41_37_52137",4,162,923,1605,579,1802000102,"18010206","OEC","RaMCONdy_fmd_1802000102","RaMCONdy","RaMCONdy_fmd",28,"fmd","RaMCONdy","RaMCONdy_fmd","Mixed Conifer - Eastside Dry",1
"3_41_37_69416",4,162,924,2263,745,1802000103,"18010206","OEC","RaPIPOxe_fpd_18020001","RaPIPOxe","RaPIPOxe_fpd",53,"fpd","RaPIPOxe","RaPIPOxe_fpd","Ponderosa Pine - Xeric",3
"3_41_37_74178",4,162,924,2264,906,1802000103,"18010206","OEC","RaPIPOxe_fxp_18020001","RaPIPOxe","RaPIPOxe_fxp",56,"fxp","RaPIPOxe","RaPIPOxe_fxp","Ponderosa Pine - Xeric",3
"8_53_47_67121",12,17,73,82,2192,1702000805,"17020007","WNE","RaMCONdy_fdd_1702000805","RaMCONdy","RaMCONdy_fdd",42,"fdd","RaMCONdy","RaMCONdy_fdd","Mixed Conifer - Eastside Dry",1
"8_53_47_56713",12,17,73,82,1114,1702000805,"17020007","WNE","RaMCONdy_fdd_1702000805","RaMCONdy","RaMCONdy_fdd",42,"fdd","RaMCONdy","RaMCONdy_fdd","Mixed Conifer - Eastside Dry",1
"8_53_47_59553",12,17,73,82,1000,1702000805,"17020007","WNE","RaMCONdy_fdd_1702000805","RaMCONdy","RaMCONdy_fdd",42,"fdd","RaMCONdy","RaMCONdy_fdd","Mixed Conifer - Eastside Dry",1
"8_53_47_93298",12,17,73,2283,1118,1702000805,"17020007","WNE","RaSPFI_fcd_WNE","RaSPFI","RaSPFI_fcd",9,"fcd","RaSPFI","RaSPFI_fcd","Spruce - Fir",4
"8_53_47_76308",12,17,75,1786,1009,1702000807,"17020007","WNE","RaSAWD_fal_17020008","RaSAWD","RaSAWD_fal",2,"fal","RaSAWD","RaSAWD_fal","Subalpine Woodland",3
"8_53_47_88419",12,17,75,1786,675,1702000807,"17020007","WNE","RaSAWD_fal_17020008","RaSAWD","RaSAWD_fal",2,"fal","RaSAWD","RaSAWD_fal","Subalpine Woodland",3
"8_53_47_86798",12,17,75,2283,1979,1702000807,"17020007","WNE","RaSPFI_fcd_WNE","RaSPFI","RaSPFI_fcd",9,"fcd","RaSPFI","RaSPFI_fcd","Spruce - Fir",4
"8_53_47_50277",12,17,75,2283,2448,1702000807,"17020007","WNE","RaSPFI_fcd_WNE","RaSPFI","RaSPFI_fcd",9,"fcd","RaSPFI","RaSPFI_fcd","Spruce - Fir",4
"8_53_47_93966",12,17,75,2283,2383,1702000807,"17020007","WNE","RaSPFI_fcd_WNE","RaSPFI","RaSPFI_fcd",9,"fcd","RaSPFI","RaSPFI_fcd","Spruce - Fir",4
"8_53_7_60575",10,18,77,2291,1487,1702000902,"17020008","WEC","Na0710412_fmh_WEC","Na0710412","Na0710412_fmh",4,"fmh","Na0710412","Na0710412_fmh","North Pacific Mountain Hemlock Forest - Xeric",5
"8_53_7_69079",10,18,77,95,1752,1702000902,"17020008","WEC","RaMCONdy_fmd_1702000902","RaMCONdy","RaMCONdy_fmd",28,"fmd","RaMCONdy","RaMCONdy_fmd","Mixed Conifer - Eastside Dry",1
"8_53_7_97178",10,18,77,95,194,1702000902,"17020008","WEC","RaMCONdy_fmd_1702000902","RaMCONdy","RaMCONdy_fmd",28,"fmd","RaMCONdy","RaMCONdy_fmd","Mixed Conifer - Eastside Dry",1
"8_53_7_66448",10,18,77,95,2778,1702000902,"17020008","WEC","RaMCONdy_fmd_1702000902","RaMCONdy","RaMCONdy_fmd",28,"fmd","RaMCONdy","RaMCONdy_fmd","Mixed Conifer - Eastside Dry",1
"8_53_7_54227",10,18,77,95,1227,1702000902,"17020008","WEC","RaMCONdy_fmd_1702000902","RaMCONdy","RaMCONdy_fmd",28,"fmd","RaMCONdy","RaMCONdy_fmd","Mixed Conifer - Eastside Dry",1
"8_53_7_51145",10,18,78,119,1816,1702000903,"17020008","WEC","RaMCONdy_fmd_1702000903","RaMCONdy","RaMCONdy_fmd",28,"fmd","RaMCONdy","RaMCONdy_fmd","Mixed Conifer - Eastside Dry",1
"8_53_7_92695",10,18,78,119,1909,1702000903,"17020008","WEC","RaMCONdy_fmd_1702000903","RaMCONdy","RaMCONdy_fmd",28,"fmd","RaMCONdy","RaMCONdy_fmd","Mixed Conifer - Eastside Dry",1
"8_53_47_90580",12,16,65,1784,1774,1702000713,"17020006","WNE","RaSAWD_fal_17020007","RaSAWD","RaSAWD_fal",2,"fal","RaSAWD","RaSAWD_fal","Subalpine Woodland",3
"8_53_7_69611",10,18,78,2291,2740,1702000903,"17020008","WEC","Na0710412_fmh_WEC","Na0710412","Na0710412_fmh",4,"fmh","Na0710412","Na0710412_fmh","North Pacific Mountain Hemlock Forest - Xeric",5
"8_53_7_95465",10,18,78,2291,2449,1702000903,"17020008","WEC","Na0710412_fmh_WEC","Na0710412","Na0710412_fmh",4,"fmh","Na0710412","Na0710412_fmh","North Pacific Mountain Hemlock Forest - Xeric",5
"8_53_7_56126",10,19,80,2291,707,1702001002,"17020009","WEC","Na0710412_fmh_WEC","Na0710412","Na0710412_fmh",4,"fmh","Na0710412","Na0710412_fmh","North Pacific Mountain Hemlock Forest - Xeric",5
"8_53_7_66017",10,19,80,125,500,1702001002,"17020009","WEC","RaMCONdy_fmd_1702001002","RaMCONdy","RaMCONdy_fmd",28,"fmd","RaMCONdy","RaMCONdy_fmd","Mixed Conifer - Eastside Dry",1
"8_53_7_69754",10,19,80,125,547,1702001002,"17020009","WEC","RaMCONdy_fmd_1702001002","RaMCONdy","RaMCONdy_fmd",28,"fmd","RaMCONdy","RaMCONdy_fmd","Mixed Conifer - Eastside Dry",1
"8_53_7_92897",10,19,80,125,962,1702001002,"17020009","WEC","RaMCONdy_fmd_1702001002","RaMCONdy","RaMCONdy_fmd",28,"fmd","RaMCONdy","RaMCONdy_fmd","Mixed Conifer - Eastside Dry",1
"8_53_7_97590",10,19,80,125,311,1702001002,"17020009","WEC","RaMCONdy_fmd_1702001002","RaMCONdy","RaMCONdy_fmd",28,"fmd","RaMCONdy","RaMCONdy_fmd","Mixed Conifer - Eastside Dry",1
"8_53_7_89304",10,19,80,125,429,1702001002,"17020009","WEC","RaMCONdy_fmd_1702001002","RaMCONdy","RaMCONdy_fmd",28,"fmd","RaMCONdy","RaMCONdy_fmd","Mixed Conifer - Eastside Dry",1
"8_53_7_75211",10,19,80,138,79,1702001002,"17020009","WEC","RaPIPOm_fpd_1702001002","RaPIPOm","RaPIPOm_fpd",51,"fpd","RaPIPOm","RaPIPOm_fpd","Dry Ponderosa Pine - Mesic",1
"8_53_7_71347",10,19,81,143,1236,1702001003,"17020009","WEC","RaMCONdy_fmd_1702001003","RaMCONdy","RaMCONdy_fmd",28,"fmd","RaMCONdy","RaMCONdy_fmd","Mixed Conifer - Eastside Dry",1
"8_53_37_62054",10,19,82,2291,1658,1702001004,"17020009","WEC","Na0710412_fmh_WEC","Na0710412","Na0710412_fmh",4,"fmh","Na0710412","Na0710412_fmh","North Pacific Mountain Hemlock Forest - Xeric",5
"8_53_37_66412",10,26,125,1898,568,1703000104,"17020016","WEC","RaMCONms_fmm_17030001","RaMCONms","RaMCONms_fmm",27,"fmm","RaMCONms","RaMCONms_fmm","Mixed Conifer - Eastside Mesic",3
"8_53_37_54832",10,26,125,196,3196,1703000104,"17020016","WEC","RaMCONdy_fmd_1703000104","RaMCONdy","RaMCONdy_fmd",28,"fmd","RaMCONdy","RaMCONdy_fmd","Mixed Conifer - Eastside Dry",1
"8_53_47_76718",12,17,69,1786,978,1702000801,"17020007","WNE","RaSAWD_fal_17020008","RaSAWD","RaSAWD_fal",2,"fal","RaSAWD","RaSAWD_fal","Subalpine Woodland",3
"8_53_47_85221",12,17,72,2283,2224,1702000804,"17020007","WNE","RaSPFI_fcd_WNE","RaSPFI","RaSPFI_fcd",9,"fcd","RaSPFI","RaSPFI_fcd","Spruce - Fir",4
"8_53_47_65561",12,17,72,2283,1876,1702000804,"17020007","WNE","RaSPFI_fcd_WNE","RaSPFI","RaSPFI_fcd",9,"fcd","RaSPFI","RaSPFI_fcd","Spruce - Fir",4
"8_53_47_65222",12,17,72,46,2230,1702000804,"17020007","WNE","RaMCONdy_fdd_1702000804","RaMCONdy","RaMCONdy_fdd",42,"fdd","RaMCONdy","RaMCONdy_fdd","Mixed Conifer - Eastside Dry",1
"8_53_47_69358",12,17,72,46,2415,1702000804,"17020007","WNE","RaMCONdy_fdd_1702000804","RaMCONdy","RaMCONdy_fdd",42,"fdd","RaMCONdy","RaMCONdy_fdd","Mixed Conifer - Eastside Dry",1
"8_53_47_67040",12,17,72,46,1890,1702000804,"17020007","WNE","RaMCONdy_fdd_1702000804","RaMCONdy","RaMCONdy_fdd",42,"fdd","RaMCONdy","RaMCONdy_fdd","Mixed Conifer - Eastside Dry",1
"8_53_47_68248",12,17,72,46,2165,1702000804,"17020007","WNE","RaMCONdy_fdd_1702000804","RaMCONdy","RaMCONdy_fdd",42,"fdd","RaMCONdy","RaMCONdy_fdd","Mixed Conifer - Eastside Dry",1
"8_53_47_61227",12,17,72,46,2477,1702000804,"17020007","WNE","RaMCONdy_fdd_1702000804","RaMCONdy","RaMCONdy_fdd",42,"fdd","RaMCONdy","RaMCONdy_fdd","Mixed Conifer - Eastside Dry",1
"3_41_69_99701",2,66,376,2028,53,1707020404,"17070203","OBM","RaPIPOxe_fxp_17070204","RaPIPOxe","RaPIPOxe_fxp",56,"fxp","RaPIPOxe","RaPIPOxe_fxp","Ponderosa Pine - Xeric",3
"3_41_69_96243",2,66,376,2028,948,1707020404,"17070203","OBM","RaPIPOxe_fxp_17070204","RaPIPOxe","RaPIPOxe_fxp",56,"fxp","RaPIPOxe","RaPIPOxe_fxp","Ponderosa Pine - Xeric",3
"3_41_69_53638",2,66,376,2028,293,1707020404,"17070203","OBM","RaPIPOxe_fxp_17070204","RaPIPOxe","RaPIPOxe_fxp",56,"fxp","RaPIPOxe","RaPIPOxe_fxp","Ponderosa Pine - Xeric",3
"3_41_69_92082",2,66,374,2028,161,1707020402,"17070203","OBM","RaPIPOxe_fxp_17070204","RaPIPOxe","RaPIPOxe_fxp",56,"fxp","RaPIPOxe","RaPIPOxe_fxp","Ponderosa Pine - Xeric",3
"8_53_47_72556",12,17,72,46,1890,1702000804,"17020007","WNE","RaMCONdy_fdd_1702000804","RaMCONdy","RaMCONdy_fdd",42,"fdd","RaMCONdy","RaMCONdy_fdd","Mixed Conifer - Eastside Dry",1
"3_41_69_64080",2,66,375,2028,11,1707020403,"17070203","OBM","RaPIPOxe_fxp_17070204","RaPIPOxe","RaPIPOxe_fxp",56,"fxp","RaPIPOxe","RaPIPOxe_fxp","Ponderosa Pine - Xeric",3
"3_41_69_57511",2,66,375,755,1036,1707020403,"17070203","OBM","RaMCONdy_fdd_1707020403","RaMCONdy","RaMCONdy_fdd",42,"fdd","RaMCONdy","RaMCONdy_fdd","Mixed Conifer - Eastside Dry",1
"3_41_69_85346",2,70,417,2117,1653,1707030403,"17070303","OBM","RaMCONms_fcm_17070304","RaMCONms","RaMCONms_fcm",22,"fcm","RaMCONms","RaMCONms_fcm","Mixed Conifer - Eastside Mesic",3
"8_53_47_56103",12,17,74,58,1835,1702000806,"17020007","WNE","RaMCONdy_fdd_1702000806","RaMCONdy","RaMCONdy_fdd",42,"fdd","RaMCONdy","RaMCONdy_fdd","Mixed Conifer - Eastside Dry",1
"8_53_47_70302",12,17,72,46,1111,1702000804,"17020007","WNE","RaMCONdy_fdd_1702000804","RaMCONdy","RaMCONdy_fdd",42,"fdd","RaMCONdy","RaMCONdy_fdd","Mixed Conifer - Eastside Dry",1
"3_41_13_88557",2,70,417,834,1505,1707030403,"17070303","OBM","RaPIPOm_fdp_1707030403","RaPIPOm","RaPIPOm_fdp",52,"fdp","RaPIPOm","RaPIPOm_fdp","Dry Ponderosa Pine - Mesic",1
"3_41_13_87359",2,70,417,834,1664,1707030403,"17070303","OBM","RaPIPOm_fdp_1707030403","RaPIPOm","RaPIPOm_fdp",52,"fdp","RaPIPOm","RaPIPOm_fdp","Dry Ponderosa Pine - Mesic",1
"3_41_13_92926",2,70,417,834,1996,1707030403,"17070303","OBM","RaPIPOm_fdp_1707030403","RaPIPOm","RaPIPOm_fdp",52,"fdp","RaPIPOm","RaPIPOm_fdp","Dry Ponderosa Pine - Mesic",1
"3_41_13_70460",2,70,417,834,2281,1707030403,"17070303","OBM","RaPIPOm_fdp_1707030403","RaPIPOm","RaPIPOm_fdp",52,"fdp","RaPIPOm","RaPIPOm_fdp","Dry Ponderosa Pine - Mesic",1
"3_41_13_60967",2,70,420,901,2275,1707030406,"17070303","OBM","RaPIPOm_fdp_1707030406","RaPIPOm","RaPIPOm_fdp",52,"fdp","RaPIPOm","RaPIPOm_fdp","Dry Ponderosa Pine - Mesic",1
"3_41_13_66716",2,70,420,2123,32,1707030406,"17070303","OBM","RaPIPOxe_fxp_17070304","RaPIPOxe","RaPIPOxe_fxp",56,"fxp","RaPIPOxe","RaPIPOxe_fxp","Ponderosa Pine - Xeric",3
"3_41_13_75953",2,70,416,2123,787,1707030402,"17070303","OBM","RaPIPOxe_fxp_17070304","RaPIPOxe","RaPIPOxe_fxp",56,"fxp","RaPIPOxe","RaPIPOxe_fxp","Ponderosa Pine - Xeric",3
"3_41_13_65137",2,70,416,966,1398,1707030402,"17070303","OBM","RaPIPOm_fdp_1707030402","RaPIPOm","RaPIPOm_fdp",52,"fdp","RaPIPOm","RaPIPOm_fdp","Dry Ponderosa Pine - Mesic",1
"3_41_13_65489",2,70,415,2123,913,1707030401,"17070303","OBM","RaPIPOxe_fxp_17070304","RaPIPOxe","RaPIPOxe_fxp",56,"fxp","RaPIPOxe","RaPIPOxe_fxp","Ponderosa Pine - Xeric",3
"3_41_13_94209",2,70,415,2123,160,1707030401,"17070303","OBM","RaPIPOxe_fxp_17070304","RaPIPOxe","RaPIPOxe_fxp",56,"fxp","RaPIPOxe","RaPIPOxe_fxp","Ponderosa Pine - Xeric",3
"3_41_13_73735",2,70,415,2123,80,1707030401,"17070303","OBM","RaPIPOxe_fxp_17070304","RaPIPOxe","RaPIPOxe_fxp",56,"fxp","RaPIPOxe","RaPIPOxe_fxp","Ponderosa Pine - Xeric",3
"3_41_13_93276",2,70,415,2123,194,1707030401,"17070303","OBM","RaPIPOxe_fxp_17070304","RaPIPOxe","RaPIPOxe_fxp",56,"fxp","RaPIPOxe","RaPIPOxe_fxp","Ponderosa Pine - Xeric",3
"8_53_47_73736",12,17,74,58,2117,1702000806,"17020007","WNE","RaMCONdy_fdd_1702000806","RaMCONdy","RaMCONdy_fdd",42,"fdd","RaMCONdy","RaMCONdy_fdd","Mixed Conifer - Eastside Dry",1
"8_53_47_56916",12,16,65,1784,1913,1702000713,"17020006","WNE","RaSAWD_fal_17020007","RaSAWD","RaSAWD_fal",2,"fal","RaSAWD","RaSAWD_fal","Subalpine Woodland",3
"8_53_47_79717",12,16,65,1784,2772,1702000713,"17020006","WNE","RaSAWD_fal_17020007","RaSAWD","RaSAWD_fal",2,"fal","RaSAWD","RaSAWD_fal","Subalpine Woodland",3
"8_53_47_54247",12,17,74,58,1586,1702000806,"17020007","WNE","RaMCONdy_fdd_1702000806","RaMCONdy","RaMCONdy_fdd",42,"fdd","RaMCONdy","RaMCONdy_fdd","Mixed Conifer - Eastside Dry",1
"8_53_47_63461",12,17,73,82,1880,1702000805,"17020007","WNE","RaMCONdy_fdd_1702000805","RaMCONdy","RaMCONdy_fdd",42,"fdd","RaMCONdy","RaMCONdy_fdd","Mixed Conifer - Eastside Dry",1
"8_53_47_71336",12,17,74,58,1697,1702000806,"17020007","WNE","RaMCONdy_fdd_1702000806","RaMCONdy","RaMCONdy_fdd",42,"fdd","RaMCONdy","RaMCONdy_fdd","Mixed Conifer - Eastside Dry",1
"8_53_47_78545",12,17,73,82,1955,1702000805,"17020007","WNE","RaMCONdy_fdd_1702000805","RaMCONdy","RaMCONdy_fdd",42,"fdd","RaMCONdy","RaMCONdy_fdd","Mixed Conifer - Eastside Dry",1
"8_53_47_73074",12,17,73,82,1803,1702000805,"17020007","WNE","RaMCONdy_fdd_1702000805","RaMCONdy","RaMCONdy_fdd",42,"fdd","RaMCONdy","RaMCONdy_fdd","Mixed Conifer - Eastside Dry",1
"3_41_37_66633",4,152,861,2248,2129,1712000603,"17120005","OEC","RaPIPOxe_fpd_17120006","RaPIPOxe","RaPIPOxe_fpd",53,"fpd","RaPIPOxe","RaPIPOxe_fpd","Ponderosa Pine - Xeric",3
"3_41_37_74649",4,152,861,1589,2248,1712000603,"17120005","OEC","RaMCONdy_fmd_1712000603","RaMCONdy","RaMCONdy_fmd",28,"fmd","RaMCONdy","RaMCONdy_fmd","Mixed Conifer - Eastside Dry",1
"3_41_37_84358",4,152,861,1589,1358,1712000603,"17120005","OEC","RaMCONdy_fmd_1712000603","RaMCONdy","RaMCONdy_fmd",28,"fmd","RaMCONdy","RaMCONdy_fmd","Mixed Conifer - Eastside Dry",1
"3_41_37_62371",4,152,861,1589,859,1712000603,"17120005","OEC","RaMCONdy_fmd_1712000603","RaMCONdy","RaMCONdy_fmd",28,"fmd","RaMCONdy","RaMCONdy_fmd","Mixed Conifer - Eastside Dry",1
"3_41_37_65742",4,152,861,1589,2161,1712000603,"17120005","OEC","RaMCONdy_fmd_1712000603","RaMCONdy","RaMCONdy_fmd",28,"fmd","RaMCONdy","RaMCONdy_fmd","Mixed Conifer - Eastside Dry",1
"3_41_37_82956",4,152,861,2224,337,1712000603,"17120005","OEC","RaPIPOxe_fxp_17120006","RaPIPOxe","RaPIPOxe_fxp",56,"fxp","RaPIPOxe","RaPIPOxe_fxp","Ponderosa Pine - Xeric",3
"3_41_37_78664",4,152,861,1589,1470,1712000603,"17120005","OEC","RaMCONdy_fmd_1712000603","RaMCONdy","RaMCONdy_fmd",28,"fmd","RaMCONdy","RaMCONdy_fmd","Mixed Conifer - Eastside Dry",1
"3_41_37_84388",4,153,867,1655,2092,1712000703,"17120006","OEC","RaMCONdy_fmd_1712000703","RaMCONdy","RaMCONdy_fmd",28,"fmd","RaMCONdy","RaMCONdy_fmd","Mixed Conifer - Eastside Dry",1
"8_53_47_74154",12,17,73,82,1028,1702000805,"17020007","WNE","RaMCONdy_fdd_1702000805","RaMCONdy","RaMCONdy_fdd",42,"fdd","RaMCONdy","RaMCONdy_fdd","Mixed Conifer - Eastside Dry",1
"8_53_47_72141",12,17,73,82,1600,1702000805,"17020007","WNE","RaMCONdy_fdd_1702000805","RaMCONdy","RaMCONdy_fdd",42,"fdd","RaMCONdy","RaMCONdy_fdd","Mixed Conifer - Eastside Dry",1
"8_53_47_51520",12,17,73,82,2227,1702000805,"17020007","WNE","RaMCONdy_fdd_1702000805","RaMCONdy","RaMCONdy_fdd",42,"fdd","RaMCONdy","RaMCONdy_fdd","Mixed Conifer - Eastside Dry",1
"3_41_37_90155",4,153,867,1655,1202,1712000703,"17120006","OEC","RaMCONdy_fmd_1712000703","RaMCONdy","RaMCONdy_fmd",28,"fmd","RaMCONdy","RaMCONdy_fmd","Mixed Conifer - Eastside Dry",1
"3_41_37_74820",4,153,867,1655,3330,1712000703,"17120006","OEC","RaMCONdy_fmd_1712000703","RaMCONdy","RaMCONdy_fmd",28,"fmd","RaMCONdy","RaMCONdy_fmd","Mixed Conifer - Eastside Dry",1
"3_41_37_72077",4,153,867,1655,1589,1712000703,"17120006","OEC","RaMCONdy_fmd_1712000703","RaMCONdy","RaMCONdy_fmd",28,"fmd","RaMCONdy","RaMCONdy_fmd","Mixed Conifer - Eastside Dry",1
"3_41_37_76557",4,162,924,1732,1863,1802000103,"18010206","OEC","RaMCONdy_fmd_1802000103","RaMCONdy","RaMCONdy_fmd",28,"fmd","RaMCONdy","RaMCONdy_fmd","Mixed Conifer - Eastside Dry",1
"3_41_37_73356",4,162,924,1732,1212,1802000103,"18010206","OEC","RaMCONdy_fmd_1802000103","RaMCONdy","RaMCONdy_fmd",28,"fmd","RaMCONdy","RaMCONdy_fmd","Mixed Conifer - Eastside Dry",1
"3_41_37_85215",4,162,924,1732,1326,1802000103,"18010206","OEC","RaMCONdy_fmd_1802000103","RaMCONdy","RaMCONdy_fmd",28,"fmd","RaMCONdy","RaMCONdy_fmd","Mixed Conifer - Eastside Dry",1
"3_41_37_54176",4,162,924,1732,1519,1802000103,"18010206","OEC","RaMCONdy_fmd_1802000103","RaMCONdy","RaMCONdy_fmd",28,"fmd","RaMCONdy","RaMCONdy_fmd","Mixed Conifer - Eastside Dry",1
"3_41_37_69855",4,162,924,1732,1334,1802000103,"18010206","OEC","RaMCONdy_fmd_1802000103","RaMCONdy","RaMCONdy_fmd",28,"fmd","RaMCONdy","RaMCONdy_fmd","Mixed Conifer - Eastside Dry",1
"8_53_47_64954",12,17,73,82,1247,1702000805,"17020007","WNE","RaMCONdy_fdd_1702000805","RaMCONdy","RaMCONdy_fdd",42,"fdd","RaMCONdy","RaMCONdy_fdd","Mixed Conifer - Eastside Dry",1
"8_53_47_92734",12,17,75,99,1907,1702000807,"17020007","WNE","RaMCONdy_fdd_1702000807","RaMCONdy","RaMCONdy_fdd",42,"fdd","RaMCONdy","RaMCONdy_fdd","Mixed Conifer - Eastside Dry",1
"8_53_47_94020",12,17,75,99,1431,1702000807,"17020007","WNE","RaMCONdy_fdd_1702000807","RaMCONdy","RaMCONdy_fdd",42,"fdd","RaMCONdy","RaMCONdy_fdd","Mixed Conifer - Eastside Dry",1
"8_53_47_62207",12,17,75,2283,2124,1702000807,"17020007","WNE","RaSPFI_fcd_WNE","RaSPFI","RaSPFI_fcd",9,"fcd","RaSPFI","RaSPFI_fcd","Spruce - Fir",4
"8_53_47_88239",12,17,75,99,1646,1702000807,"17020007","WNE","RaMCONdy_fdd_1702000807","RaMCONdy","RaMCONdy_fdd",42,"fdd","RaMCONdy","RaMCONdy_fdd","Mixed Conifer - Eastside Dry",1
"8_53_47_86952",12,17,75,2283,1964,1702000807,"17020007","WNE","RaSPFI_fcd_WNE","RaSPFI","RaSPFI_fcd",9,"fcd","RaSPFI","RaSPFI_fcd","Spruce - Fir",4
"8_53_47_96415",12,17,75,2283,3137,1702000807,"17020007","WNE","RaSPFI_fcd_WNE","RaSPFI","RaSPFI_fcd",9,"fcd","RaSPFI","RaSPFI_fcd","Spruce - Fir",4
"8_53_47_71225",12,17,75,2283,2544,1702000807,"17020007","WNE","RaSPFI_fcd_WNE","RaSPFI","RaSPFI_fcd",9,"fcd","RaSPFI","RaSPFI_fcd","Spruce - Fir",4
"8_53_7_87942",10,18,78,2291,3103,1702000903,"17020008","WEC","Na0710412_fmh_WEC","Na0710412","Na0710412_fmh",4,"fmh","Na0710412","Na0710412_fmh","North Pacific Mountain Hemlock Forest - Xeric",5
"8_53_7_81771",10,18,78,2291,2088,1702000903,"17020008","WEC","Na0710412_fmh_WEC","Na0710412","Na0710412_fmh",4,"fmh","Na0710412","Na0710412_fmh","North Pacific Mountain Hemlock Forest - Xeric",5
"8_53_7_97750",10,18,77,95,1784,1702000902,"17020008","WEC","RaMCONdy_fmd_1702000902","RaMCONdy","RaMCONdy_fmd",28,"fmd","RaMCONdy","RaMCONdy_fmd","Mixed Conifer - Eastside Dry",1
"8_53_7_60430",10,18,77,95,717,1702000902,"17020008","WEC","RaMCONdy_fmd_1702000902","RaMCONdy","RaMCONdy_fmd",28,"fmd","RaMCONdy","RaMCONdy_fmd","Mixed Conifer - Eastside Dry",1
"8_53_7_51694",10,18,78,119,414,1702000903,"17020008","WEC","RaMCONdy_fmd_1702000903","RaMCONdy","RaMCONdy_fmd",28,"fmd","RaMCONdy","RaMCONdy_fmd","Mixed Conifer - Eastside Dry",1
"8_53_7_99252",10,18,78,119,2504,1702000903,"17020008","WEC","RaMCONdy_fmd_1702000903","RaMCONdy","RaMCONdy_fmd",28,"fmd","RaMCONdy","RaMCONdy_fmd","Mixed Conifer - Eastside Dry",1
"8_53_47_96197",12,16,65,1784,2161,1702000713,"17020006","WNE","RaSAWD_fal_17020007","RaSAWD","RaSAWD_fal",2,"fal","RaSAWD","RaSAWD_fal","Subalpine Woodland",3
"8_53_7_84009",10,18,78,119,1534,1702000903,"17020008","WEC","RaMCONdy_fmd_1702000903","RaMCONdy","RaMCONdy_fmd",28,"fmd","RaMCONdy","RaMCONdy_fmd","Mixed Conifer - Eastside Dry",1
"8_53_7_68184",10,18,78,119,1052,1702000903,"17020008","WEC","RaMCONdy_fmd_1702000903","RaMCONdy","RaMCONdy_fmd",28,"fmd","RaMCONdy","RaMCONdy_fmd","Mixed Conifer - Eastside Dry",1
"8_53_7_52175",10,18,78,119,1726,1702000903,"17020008","WEC","RaMCONdy_fmd_1702000903","RaMCONdy","RaMCONdy_fmd",28,"fmd","RaMCONdy","RaMCONdy_fmd","Mixed Conifer - Eastside Dry",1
"8_53_7_52908",10,18,78,119,992,1702000903,"17020008","WEC","RaMCONdy_fmd_1702000903","RaMCONdy","RaMCONdy_fmd",28,"fmd","RaMCONdy","RaMCONdy_fmd","Mixed Conifer - Eastside Dry",1
"8_53_7_53502",10,19,80,125,710,1702001002,"17020009","WEC","RaMCONdy_fmd_1702001002","RaMCONdy","RaMCONdy_fmd",28,"fmd","RaMCONdy","RaMCONdy_fmd","Mixed Conifer - Eastside Dry",1
"8_53_7_52371",10,19,80,125,576,1702001002,"17020009","WEC","RaMCONdy_fmd_1702001002","RaMCONdy","RaMCONdy_fmd",28,"fmd","RaMCONdy","RaMCONdy_fmd","Mixed Conifer - Eastside Dry",1
"8_53_7_54414",10,19,81,143,390,1702001003,"17020009","WEC","RaMCONdy_fmd_1702001003","RaMCONdy","RaMCONdy_fmd",28,"fmd","RaMCONdy","RaMCONdy_fmd","Mixed Conifer - Eastside Dry",1
"8_53_7_79573",10,19,80,125,442,1702001002,"17020009","WEC","RaMCONdy_fmd_1702001002","RaMCONdy","RaMCONdy_fmd",28,"fmd","RaMCONdy","RaMCONdy_fmd","Mixed Conifer - Eastside Dry",1
"8_53_7_87045",10,19,80,125,588,1702001002,"17020009","WEC","RaMCONdy_fmd_1702001002","RaMCONdy","RaMCONdy_fmd",28,"fmd","RaMCONdy","RaMCONdy_fmd","Mixed Conifer - Eastside Dry",1
"8_53_7_75914",10,19,80,125,624,1702001002,"17020009","WEC","RaMCONdy_fmd_1702001002","RaMCONdy","RaMCONdy_fmd",28,"fmd","RaMCONdy","RaMCONdy_fmd","Mixed Conifer - Eastside Dry",1
"8_53_7_51070",10,19,80,125,312,1702001002,"17020009","WEC","RaMCONdy_fmd_1702001002","RaMCONdy","RaMCONdy_fmd",28,"fmd","RaMCONdy","RaMCONdy_fmd","Mixed Conifer - Eastside Dry",1
"8_53_7_53982",10,19,80,125,2392,1702001002,"17020009","WEC","RaMCONdy_fmd_1702001002","RaMCONdy","RaMCONdy_fmd",28,"fmd","RaMCONdy","RaMCONdy_fmd","Mixed Conifer - Eastside Dry",1
"8_53_47_90057",12,17,71,2283,2300,1702000803,"17020007","WNE","RaSPFI_fcd_WNE","RaSPFI","RaSPFI_fcd",9,"fcd","RaSPFI","RaSPFI_fcd","Spruce - Fir",4
"8_53_37_76762",10,19,82,2291,506,1702001004,"17020009","WEC","Na0710412_fmh_WEC","Na0710412","Na0710412_fmh",4,"fmh","Na0710412","Na0710412_fmh","North Pacific Mountain Hemlock Forest - Xeric",5
"8_53_47_50419",12,17,71,2283,1047,1702000803,"17020007","WNE","RaSPFI_fcd_WNE","RaSPFI","RaSPFI_fcd",9,"fcd","RaSPFI","RaSPFI_fcd","Spruce - Fir",4
"8_53_47_89048",12,17,72,2283,2641,1702000804,"17020007","WNE","RaSPFI_fcd_WNE","RaSPFI","RaSPFI_fcd",9,"fcd","RaSPFI","RaSPFI_fcd","Spruce - Fir",4
"8_53_47_55249",12,17,72,2283,2285,1702000804,"17020007","WNE","RaSPFI_fcd_WNE","RaSPFI","RaSPFI_fcd",9,"fcd","RaSPFI","RaSPFI_fcd","Spruce - Fir",4
"8_53_47_65923",12,17,72,46,2108,1702000804,"17020007","WNE","RaMCONdy_fdd_1702000804","RaMCONdy","RaMCONdy_fdd",42,"fdd","RaMCONdy","RaMCONdy_fdd","Mixed Conifer - Eastside Dry",1
"8_53_47_68990",12,17,72,46,2522,1702000804,"17020007","WNE","RaMCONdy_fdd_1702000804","RaMCONdy","RaMCONdy_fdd",42,"fdd","RaMCONdy","RaMCONdy_fdd","Mixed Conifer - Eastside Dry",1
"8_53_47_84390",12,17,72,46,3096,1702000804,"17020007","WNE","RaMCONdy_fdd_1702000804","RaMCONdy","RaMCONdy_fdd",42,"fdd","RaMCONdy","RaMCONdy_fdd","Mixed Conifer - Eastside Dry",1
"8_53_47_57700",12,17,72,46,2875,1702000804,"17020007","WNE","RaMCONdy_fdd_1702000804","RaMCONdy","RaMCONdy_fdd",42,"fdd","RaMCONdy","RaMCONdy_fdd","Mixed Conifer - Eastside Dry",1
"8_53_47_87472",12,17,72,46,2137,1702000804,"17020007","WNE","RaMCONdy_fdd_1702000804","RaMCONdy","RaMCONdy_fdd",42,"fdd","RaMCONdy","RaMCONdy_fdd","Mixed Conifer - Eastside Dry",1
"8_53_47_57373",12,17,72,46,1917,1702000804,"17020007","WNE","RaMCONdy_fdd_1702000804","RaMCONdy","RaMCONdy_fdd",42,"fdd","RaMCONdy","RaMCONdy_fdd","Mixed Conifer - Eastside Dry",1
"3_41_69_83337",2,66,375,2028,2,1707020403,"17070203","OBM","RaPIPOxe_fxp_17070204","RaPIPOxe","RaPIPOxe_fxp",56,"fxp","RaPIPOxe","RaPIPOxe_fxp","Ponderosa Pine - Xeric",3
"3_41_69_56510",2,66,375,2064,1331,1707020403,"17070203","OBM","RaMCONms_fcm_17070204","RaMCONms","RaMCONms_fcm",22,"fcm","RaMCONms","RaMCONms_fcm","Mixed Conifer - Eastside Mesic",3
"8_53_47_88837",12,17,72,46,1599,1702000804,"17020007","WNE","RaMCONdy_fdd_1702000804","RaMCONdy","RaMCONdy_fdd",42,"fdd","RaMCONdy","RaMCONdy_fdd","Mixed Conifer - Eastside Dry",1
"8_53_47_66295",12,17,72,46,1650,1702000804,"17020007","WNE","RaMCONdy_fdd_1702000804","RaMCONdy","RaMCONdy_fdd",42,"fdd","RaMCONdy","RaMCONdy_fdd","Mixed Conifer - Eastside Dry",1
"3_41_13_84325",2,70,417,834,1533,1707030403,"17070303","OBM","RaPIPOm_fdp_1707030403","RaPIPOm","RaPIPOm_fdp",52,"fdp","RaPIPOm","RaPIPOm_fdp","Dry Ponderosa Pine - Mesic",1
"3_41_13_75943",2,70,417,834,1551,1707030403,"17070303","OBM","RaPIPOm_fdp_1707030403","RaPIPOm","RaPIPOm_fdp",52,"fdp","RaPIPOm","RaPIPOm_fdp","Dry Ponderosa Pine - Mesic",1
"3_41_13_52812",2,70,417,834,1637,1707030403,"17070303","OBM","RaPIPOm_fdp_1707030403","RaPIPOm","RaPIPOm_fdp",52,"fdp","RaPIPOm","RaPIPOm_fdp","Dry Ponderosa Pine - Mesic",1
"3_41_13_93465",2,70,417,834,1477,1707030403,"17070303","OBM","RaPIPOm_fdp_1707030403","RaPIPOm","RaPIPOm_fdp",52,"fdp","RaPIPOm","RaPIPOm_fdp","Dry Ponderosa Pine - Mesic",1
"3_41_13_74425",2,70,419,886,1555,1707030405,"17070303","OBM","RaPIPOm_fdp_1707030405","RaPIPOm","RaPIPOm_fdp",52,"fdp","RaPIPOm","RaPIPOm_fdp","Dry Ponderosa Pine - Mesic",1
"3_41_13_63677",2,70,416,959,848,1707030402,"17070303","OBM","RaMCONdy_fdd_1707030402","RaMCONdy","RaMCONdy_fdd",42,"fdd","RaMCONdy","RaMCONdy_fdd","Mixed Conifer - Eastside Dry",1
"3_41_13_70307",2,70,416,966,1227,1707030402,"17070303","OBM","RaPIPOm_fdp_1707030402","RaPIPOm","RaPIPOm_fdp",52,"fdp","RaPIPOm","RaPIPOm_fdp","Dry Ponderosa Pine - Mesic",1
"3_41_13_51732",2,70,415,981,1271,1707030401,"17070303","OBM","RaMCONdy_fdg_1707030401","RaMCONdy","RaMCONdy_fdg",23,"fdg","RaMCONdy","RaMCONdy_fdg","Mixed Conifer - Eastside Dry",1
"8_53_47_65249",12,17,74,58,2515,1702000806,"17020007","WNE","RaMCONdy_fdd_1702000806","RaMCONdy","RaMCONdy_fdd",42,"fdd","RaMCONdy","RaMCONdy_fdd","Mixed Conifer - Eastside Dry",1
"8_53_47_79838",12,17,73,82,918,1702000805,"17020007","WNE","RaMCONdy_fdd_1702000805","RaMCONdy","RaMCONdy_fdd",42,"fdd","RaMCONdy","RaMCONdy_fdd","Mixed Conifer - Eastside Dry",1
"3_41_37_75289",4,153,868,1564,2945,1712000704,"17120006","OEC","RaMCONdy_fmd_1712000704","RaMCONdy","RaMCONdy_fmd",28,"fmd","RaMCONdy","RaMCONdy_fmd","Mixed Conifer - Eastside Dry",1
"3_41_37_60261",4,153,868,1564,2560,1712000704,"17120006","OEC","RaMCONdy_fmd_1712000704","RaMCONdy","RaMCONdy_fmd",28,"fmd","RaMCONdy","RaMCONdy_fmd","Mixed Conifer - Eastside Dry",1
"3_41_37_85341",4,153,868,1564,919,1712000704,"17120006","OEC","RaMCONdy_fmd_1712000704","RaMCONdy","RaMCONdy_fmd",28,"fmd","RaMCONdy","RaMCONdy_fmd","Mixed Conifer - Eastside Dry",1
"3_41_37_54090",4,153,868,1564,2898,1712000704,"17120006","OEC","RaMCONdy_fmd_1712000704","RaMCONdy","RaMCONdy_fmd",28,"fmd","RaMCONdy","RaMCONdy_fmd","Mixed Conifer - Eastside Dry",1
"3_41_37_79791",4,152,861,1589,2034,1712000603,"17120005","OEC","RaMCONdy_fmd_1712000603","RaMCONdy","RaMCONdy_fmd",28,"fmd","RaMCONdy","RaMCONdy_fmd","Mixed Conifer - Eastside Dry",1
"3_41_37_54460",4,153,867,1655,1432,1712000703,"17120006","OEC","RaMCONdy_fmd_1712000703","RaMCONdy","RaMCONdy_fmd",28,"fmd","RaMCONdy","RaMCONdy_fmd","Mixed Conifer - Eastside Dry",1
"3_41_37_88401",4,153,867,1655,3345,1712000703,"17120006","OEC","RaMCONdy_fmd_1712000703","RaMCONdy","RaMCONdy_fmd",28,"fmd","RaMCONdy","RaMCONdy_fmd","Mixed Conifer - Eastside Dry",1
"3_41_37_72776",4,153,867,1655,2088,1712000703,"17120006","OEC","RaMCONdy_fmd_1712000703","RaMCONdy","RaMCONdy_fmd",28,"fmd","RaMCONdy","RaMCONdy_fmd","Mixed Conifer - Eastside Dry",1
"3_41_37_84969",4,153,867,1655,3409,1712000703,"17120006","OEC","RaMCONdy_fmd_1712000703","RaMCONdy","RaMCONdy_fmd",28,"fmd","RaMCONdy","RaMCONdy_fmd","Mixed Conifer - Eastside Dry",1
"3_41_37_66444",4,153,867,1655,3483,1712000703,"17120006","OEC","RaMCONdy_fmd_1712000703","RaMCONdy","RaMCONdy_fmd",28,"fmd","RaMCONdy","RaMCONdy_fmd","Mixed Conifer - Eastside Dry",1
"3_41_37_93775",4,153,867,1655,1702,1712000703,"17120006","OEC","RaMCONdy_fmd_1712000703","RaMCONdy","RaMCONdy_fmd",28,"fmd","RaMCONdy","RaMCONdy_fmd","Mixed Conifer - Eastside Dry",1
"3_41_37_84269",4,153,867,1655,2181,1712000703,"17120006","OEC","RaMCONdy_fmd_1712000703","RaMCONdy","RaMCONdy_fmd",28,"fmd","RaMCONdy","RaMCONdy_fmd","Mixed Conifer - Eastside Dry",1
"3_41_37_92084",4,153,867,2256,586,1712000703,"17120006","OEC","RaMCONms_fmm_17120007","RaMCONms","RaMCONms_fmm",27,"fmm","RaMCONms","RaMCONms_fmm","Mixed Conifer - Eastside Mesic",3
"3_41_37_95689",4,162,924,1732,657,1802000103,"18010206","OEC","RaMCONdy_fmd_1802000103","RaMCONdy","RaMCONdy_fmd",28,"fmd","RaMCONdy","RaMCONdy_fmd","Mixed Conifer - Eastside Dry",1
"3_41_37_58961",4,162,924,1732,1374,1802000103,"18010206","OEC","RaMCONdy_fmd_1802000103","RaMCONdy","RaMCONdy_fmd",28,"fmd","RaMCONdy","RaMCONdy_fmd","Mixed Conifer - Eastside Dry",1
"8_53_47_54532",12,17,73,82,1198,1702000805,"17020007","WNE","RaMCONdy_fdd_1702000805","RaMCONdy","RaMCONdy_fdd",42,"fdd","RaMCONdy","RaMCONdy_fdd","Mixed Conifer - Eastside Dry",1
"8_53_47_81256",12,17,73,82,3319,1702000805,"17020007","WNE","RaMCONdy_fdd_1702000805","RaMCONdy","RaMCONdy_fdd",42,"fdd","RaMCONdy","RaMCONdy_fdd","Mixed Conifer - Eastside Dry",1
"8_53_47_83999",12,17,75,99,1401,1702000807,"17020007","WNE","RaMCONdy_fdd_1702000807","RaMCONdy","RaMCONdy_fdd",42,"fdd","RaMCONdy","RaMCONdy_fdd","Mixed Conifer - Eastside Dry",1
"8_53_47_62790",12,17,75,99,2178,1702000807,"17020007","WNE","RaMCONdy_fdd_1702000807","RaMCONdy","RaMCONdy_fdd",42,"fdd","RaMCONdy","RaMCONdy_fdd","Mixed Conifer - Eastside Dry",1
"8_53_47_83327",12,17,75,99,1457,1702000807,"17020007","WNE","RaMCONdy_fdd_1702000807","RaMCONdy","RaMCONdy_fdd",42,"fdd","RaMCONdy","RaMCONdy_fdd","Mixed Conifer - Eastside Dry",1
"8_53_47_81342",12,17,75,99,1423,1702000807,"17020007","WNE","RaMCONdy_fdd_1702000807","RaMCONdy","RaMCONdy_fdd",42,"fdd","RaMCONdy","RaMCONdy_fdd","Mixed Conifer - Eastside Dry",1
"8_53_47_76741",12,17,75,99,1779,1702000807,"17020007","WNE","RaMCONdy_fdd_1702000807","RaMCONdy","RaMCONdy_fdd",42,"fdd","RaMCONdy","RaMCONdy_fdd","Mixed Conifer - Eastside Dry",1
"8_53_47_74803",12,17,75,99,2193,1702000807,"17020007","WNE","RaMCONdy_fdd_1702000807","RaMCONdy","RaMCONdy_fdd",42,"fdd","RaMCONdy","RaMCONdy_fdd","Mixed Conifer - Eastside Dry",1
"8_53_47_70368",12,17,75,2283,2730,1702000807,"17020007","WNE","RaSPFI_fcd_WNE","RaSPFI","RaSPFI_fcd",9,"fcd","RaSPFI","RaSPFI_fcd","Spruce - Fir",4
"8_53_7_55897",10,18,78,2291,1103,1702000903,"17020008","WEC","Na0710412_fmh_WEC","Na0710412","Na0710412_fmh",4,"fmh","Na0710412","Na0710412_fmh","North Pacific Mountain Hemlock Forest - Xeric",5
"8_53_7_85462",10,18,78,119,2529,1702000903,"17020008","WEC","RaMCONdy_fmd_1702000903","RaMCONdy","RaMCONdy_fmd",28,"fmd","RaMCONdy","RaMCONdy_fmd","Mixed Conifer - Eastside Dry",1
"8_53_7_51985",10,18,78,119,1597,1702000903,"17020008","WEC","RaMCONdy_fmd_1702000903","RaMCONdy","RaMCONdy_fmd",28,"fmd","RaMCONdy","RaMCONdy_fmd","Mixed Conifer - Eastside Dry",1
"8_53_7_81242",10,18,78,119,1726,1702000903,"17020008","WEC","RaMCONdy_fmd_1702000903","RaMCONdy","RaMCONdy_fmd",28,"fmd","RaMCONdy","RaMCONdy_fmd","Mixed Conifer - Eastside Dry",1
"8_53_7_71621",10,18,78,119,1836,1702000903,"17020008","WEC","RaMCONdy_fmd_1702000903","RaMCONdy","RaMCONdy_fmd",28,"fmd","RaMCONdy","RaMCONdy_fmd","Mixed Conifer - Eastside Dry",1
"8_53_7_85411",10,18,78,119,1311,1702000903,"17020008","WEC","RaMCONdy_fmd_1702000903","RaMCONdy","RaMCONdy_fmd",28,"fmd","RaMCONdy","RaMCONdy_fmd","Mixed Conifer - Eastside Dry",1
"8_53_7_89972",10,18,78,119,1320,1702000903,"17020008","WEC","RaMCONdy_fmd_1702000903","RaMCONdy","RaMCONdy_fmd",28,"fmd","RaMCONdy","RaMCONdy_fmd","Mixed Conifer - Eastside Dry",1
"8_53_7_50390",10,19,81,143,661,1702001003,"17020009","WEC","RaMCONdy_fmd_1702001003","RaMCONdy","RaMCONdy_fmd",28,"fmd","RaMCONdy","RaMCONdy_fmd","Mixed Conifer - Eastside Dry",1
"8_53_7_75927",10,19,81,143,1274,1702001003,"17020009","WEC","RaMCONdy_fmd_1702001003","RaMCONdy","RaMCONdy_fmd",28,"fmd","RaMCONdy","RaMCONdy_fmd","Mixed Conifer - Eastside Dry",1
"8_53_7_67570",10,19,81,143,88,1702001003,"17020009","WEC","RaMCONdy_fmd_1702001003","RaMCONdy","RaMCONdy_fmd",28,"fmd","RaMCONdy","RaMCONdy_fmd","Mixed Conifer - Eastside Dry",1
"8_53_7_56998",10,19,81,143,45,1702001003,"17020009","WEC","RaMCONdy_fmd_1702001003","RaMCONdy","RaMCONdy_fmd",28,"fmd","RaMCONdy","RaMCONdy_fmd","Mixed Conifer - Eastside Dry",1
"8_53_7_75762",10,19,81,143,1,1702001003,"17020009","WEC","RaMCONdy_fmd_1702001003","RaMCONdy","RaMCONdy_fmd",28,"fmd","RaMCONdy","RaMCONdy_fmd","Mixed Conifer - Eastside Dry",1
"8_53_7_79894",10,19,82,195,990,1702001004,"17020009","WEC","RaMCONdy_fmd_1702001004","RaMCONdy","RaMCONdy_fmd",28,"fmd","RaMCONdy","RaMCONdy_fmd","Mixed Conifer - Eastside Dry",1
"8_53_37_98937",10,19,82,195,1591,1702001004,"17020009","WEC","RaMCONdy_fmd_1702001004","RaMCONdy","RaMCONdy_fmd",28,"fmd","RaMCONdy","RaMCONdy_fmd","Mixed Conifer - Eastside Dry",1
"8_53_37_66344",10,19,82,195,1732,1702001004,"17020009","WEC","RaMCONdy_fmd_1702001004","RaMCONdy","RaMCONdy_fmd",28,"fmd","RaMCONdy","RaMCONdy_fmd","Mixed Conifer - Eastside Dry",1
"8_53_47_53855",12,17,71,1786,1641,1702000803,"17020007","WNE","RaSAWD_fal_17020008","RaSAWD","RaSAWD_fal",2,"fal","RaSAWD","RaSAWD_fal","Subalpine Woodland",3
"8_53_47_56150",12,17,71,2283,2996,1702000803,"17020007","WNE","RaSPFI_fcd_WNE","RaSPFI","RaSPFI_fcd",9,"fcd","RaSPFI","RaSPFI_fcd","Spruce - Fir",4
"8_53_47_89585",12,17,72,2283,2362,1702000804,"17020007","WNE","RaSPFI_fcd_WNE","RaSPFI","RaSPFI_fcd",9,"fcd","RaSPFI","RaSPFI_fcd","Spruce - Fir",4
"8_53_47_84125",12,17,72,46,2717,1702000804,"17020007","WNE","RaMCONdy_fdd_1702000804","RaMCONdy","RaMCONdy_fdd",42,"fdd","RaMCONdy","RaMCONdy_fdd","Mixed Conifer - Eastside Dry",1
"8_53_47_80005",12,17,72,46,1929,1702000804,"17020007","WNE","RaMCONdy_fdd_1702000804","RaMCONdy","RaMCONdy_fdd",42,"fdd","RaMCONdy","RaMCONdy_fdd","Mixed Conifer - Eastside Dry",1
"8_53_47_93365",12,17,72,46,2802,1702000804,"17020007","WNE","RaMCONdy_fdd_1702000804","RaMCONdy","RaMCONdy_fdd",42,"fdd","RaMCONdy","RaMCONdy_fdd","Mixed Conifer - Eastside Dry",1
"3_41_69_65108",2,66,377,2028,9,1707020405,"17070203","OBM","RaPIPOxe_fxp_17070204","RaPIPOxe","RaPIPOxe_fxp",56,"fxp","RaPIPOxe","RaPIPOxe_fxp","Ponderosa Pine - Xeric",3
"8_53_47_82980",12,17,72,46,3044,1702000804,"17020007","WNE","RaMCONdy_fdd_1702000804","RaMCONdy","RaMCONdy_fdd",42,"fdd","RaMCONdy","RaMCONdy_fdd","Mixed Conifer - Eastside Dry",1
"3_41_69_51819",2,66,377,609,1805,1707020405,"17070203","OBM","RaMCONdy_fdd_1707020405","RaMCONdy","RaMCONdy_fdd",42,"fdd","RaMCONdy","RaMCONdy_fdd","Mixed Conifer - Eastside Dry",1
"3_41_69_68203",2,66,374,2028,4,1707020402,"17070203","OBM","RaPIPOxe_fxp_17070204","RaPIPOxe","RaPIPOxe_fxp",56,"fxp","RaPIPOxe","RaPIPOxe_fxp","Ponderosa Pine - Xeric",3
"3_41_69_79707",2,66,374,2028,10,1707020402,"17070203","OBM","RaPIPOxe_fxp_17070204","RaPIPOxe","RaPIPOxe_fxp",56,"fxp","RaPIPOxe","RaPIPOxe_fxp","Ponderosa Pine - Xeric",3
"8_53_47_57033",12,17,72,46,1904,1702000804,"17020007","WNE","RaMCONdy_fdd_1702000804","RaMCONdy","RaMCONdy_fdd",42,"fdd","RaMCONdy","RaMCONdy_fdd","Mixed Conifer - Eastside Dry",1
"3_41_69_86032",2,66,374,2028,14,1707020402,"17070203","OBM","RaPIPOxe_fxp_17070204","RaPIPOxe","RaPIPOxe_fxp",56,"fxp","RaPIPOxe","RaPIPOxe_fxp","Ponderosa Pine - Xeric",3
"3_41_69_81120",2,66,375,755,1032,1707020403,"17070203","OBM","RaMCONdy_fdd_1707020403","RaMCONdy","RaMCONdy_fdd",42,"fdd","RaMCONdy","RaMCONdy_fdd","Mixed Conifer - Eastside Dry",1
"3_41_69_62538",2,70,417,830,2201,1707030403,"17070303","OBM","RaMCONdy_fdg_1707030403","RaMCONdy","RaMCONdy_fdg",23,"fdg","RaMCONdy","RaMCONdy_fdg","Mixed Conifer - Eastside Dry",1
"8_53_47_81380",12,17,72,46,259,1702000804,"17020007","WNE","RaMCONdy_fdd_1702000804","RaMCONdy","RaMCONdy_fdd",42,"fdd","RaMCONdy","RaMCONdy_fdd","Mixed Conifer - Eastside Dry",1
"3_41_13_61951",2,70,417,834,1414,1707030403,"17070303","OBM","RaPIPOm_fdp_1707030403","RaPIPOm","RaPIPOm_fdp",52,"fdp","RaPIPOm","RaPIPOm_fdp","Dry Ponderosa Pine - Mesic",1
"3_41_13_59987",2,70,417,834,1252,1707030403,"17070303","OBM","RaPIPOm_fdp_1707030403","RaPIPOm","RaPIPOm_fdp",52,"fdp","RaPIPOm","RaPIPOm_fdp","Dry Ponderosa Pine - Mesic",1
"3_41_13_90536",2,70,419,886,759,1707030405,"17070303","OBM","RaPIPOm_fdp_1707030405","RaPIPOm","RaPIPOm_fdp",52,"fdp","RaPIPOm","RaPIPOm_fdp","Dry Ponderosa Pine - Mesic",1
"3_41_13_77154",2,70,419,886,1162,1707030405,"17070303","OBM","RaPIPOm_fdp_1707030405","RaPIPOm","RaPIPOm_fdp",52,"fdp","RaPIPOm","RaPIPOm_fdp","Dry Ponderosa Pine - Mesic",1
"3_41_13_72195",2,70,419,2123,105,1707030405,"17070303","OBM","RaPIPOxe_fxp_17070304","RaPIPOxe","RaPIPOxe_fxp",56,"fxp","RaPIPOxe","RaPIPOxe_fxp","Ponderosa Pine - Xeric",3
"3_41_13_52793",2,70,416,2123,606,1707030402,"17070303","OBM","RaPIPOxe_fxp_17070304","RaPIPOxe","RaPIPOxe_fxp",56,"fxp","RaPIPOxe","RaPIPOxe_fxp","Ponderosa Pine - Xeric",3
"3_41_13_65651",2,70,415,2123,449,1707030401,"17070303","OBM","RaPIPOxe_fxp_17070304","RaPIPOxe","RaPIPOxe_fxp",56,"fxp","RaPIPOxe","RaPIPOxe_fxp","Ponderosa Pine - Xeric",3
"3_41_13_78098",2,70,415,2123,24,1707030401,"17070303","OBM","RaPIPOxe_fxp_17070304","RaPIPOxe","RaPIPOxe_fxp",56,"fxp","RaPIPOxe","RaPIPOxe_fxp","Ponderosa Pine - Xeric",3
"3_41_13_84567",2,70,415,2123,3,1707030401,"17070303","OBM","RaPIPOxe_fxp_17070304","RaPIPOxe","RaPIPOxe_fxp",56,"fxp","RaPIPOxe","RaPIPOxe_fxp","Ponderosa Pine - Xeric",3
"3_41_13_75261",2,69,414,2133,26,1707030310,"17070302","OBM","RaPIPOxe_fxp_17070303","RaPIPOxe","RaPIPOxe_fxp",56,"fxp","RaPIPOxe","RaPIPOxe_fxp","Ponderosa Pine - Xeric",3
"3_41_13_56980",2,69,414,2133,64,1707030310,"17070302","OBM","RaPIPOxe_fxp_17070303","RaPIPOxe","RaPIPOxe_fxp",56,"fxp","RaPIPOxe","RaPIPOxe_fxp","Ponderosa Pine - Xeric",3
"3_41_13_97458",2,69,406,2133,37,1707030302,"17070302","OBM","RaPIPOxe_fxp_17070303","RaPIPOxe","RaPIPOxe_fxp",56,"fxp","RaPIPOxe","RaPIPOxe_fxp","Ponderosa Pine - Xeric",3
"3_41_37_83588",4,153,870,2253,439,1712000706,"17120006","OEC","RaPIPOxe_fpd_17120007","RaPIPOxe","RaPIPOxe_fpd",53,"fpd","RaPIPOxe","RaPIPOxe_fpd","Ponderosa Pine - Xeric",3
"3_41_37_58129",4,153,868,1564,1488,1712000704,"17120006","OEC","RaMCONdy_fmd_1712000704","RaMCONdy","RaMCONdy_fmd",28,"fmd","RaMCONdy","RaMCONdy_fmd","Mixed Conifer - Eastside Dry",1
"3_41_37_70891",4,153,868,1564,1120,1712000704,"17120006","OEC","RaMCONdy_fmd_1712000704","RaMCONdy","RaMCONdy_fmd",28,"fmd","RaMCONdy","RaMCONdy_fmd","Mixed Conifer - Eastside Dry",1
"3_41_37_60865",4,153,868,1564,2432,1712000704,"17120006","OEC","RaMCONdy_fmd_1712000704","RaMCONdy","RaMCONdy_fmd",28,"fmd","RaMCONdy","RaMCONdy_fmd","Mixed Conifer - Eastside Dry",1
"3_41_37_87857",4,153,868,1564,1448,1712000704,"17120006","OEC","RaMCONdy_fmd_1712000704","RaMCONdy","RaMCONdy_fmd",28,"fmd","RaMCONdy","RaMCONdy_fmd","Mixed Conifer - Eastside Dry",1
"3_41_37_89023",4,152,861,1589,1535,1712000603,"17120005","OEC","RaMCONdy_fmd_1712000603","RaMCONdy","RaMCONdy_fmd",28,"fmd","RaMCONdy","RaMCONdy_fmd","Mixed Conifer - Eastside Dry",1
"3_41_37_54688",4,153,867,1655,1318,1712000703,"17120006","OEC","RaMCONdy_fmd_1712000703","RaMCONdy","RaMCONdy_fmd",28,"fmd","RaMCONdy","RaMCONdy_fmd","Mixed Conifer - Eastside Dry",1
"3_41_37_65447",4,153,867,2272,709,1712000703,"17120006","OEC","RaSAWD_fal_17120007","RaSAWD","RaSAWD_fal",2,"fal","RaSAWD","RaSAWD_fal","Subalpine Woodland",3
"8_53_47_71398",12,17,73,82,1822,1702000805,"17020007","WNE","RaMCONdy_fdd_1702000805","RaMCONdy","RaMCONdy_fdd",42,"fdd","RaMCONdy","RaMCONdy_fdd","Mixed Conifer - Eastside Dry",1
"3_41_37_87983",4,153,867,2253,1912,1712000703,"17120006","OEC","RaPIPOxe_fpd_17120007","RaPIPOxe","RaPIPOxe_fpd",53,"fpd","RaPIPOxe","RaPIPOxe_fpd","Ponderosa Pine - Xeric",3
"3_41_37_60649",4,153,867,1655,1838,1712000703,"17120006","OEC","RaMCONdy_fmd_1712000703","RaMCONdy","RaMCONdy_fmd",28,"fmd","RaMCONdy","RaMCONdy_fmd","Mixed Conifer - Eastside Dry",1
"3_41_37_81888",4,153,867,1655,1823,1712000703,"17120006","OEC","RaMCONdy_fmd_1712000703","RaMCONdy","RaMCONdy_fmd",28,"fmd","RaMCONdy","RaMCONdy_fmd","Mixed Conifer - Eastside Dry",1
"3_41_37_73209",4,153,867,1655,1510,1712000703,"17120006","OEC","RaMCONdy_fmd_1712000703","RaMCONdy","RaMCONdy_fmd",28,"fmd","RaMCONdy","RaMCONdy_fmd","Mixed Conifer - Eastside Dry",1
"3_41_37_53229",4,153,867,1655,808,1712000703,"17120006","OEC","RaMCONdy_fmd_1712000703","RaMCONdy","RaMCONdy_fmd",28,"fmd","RaMCONdy","RaMCONdy_fmd","Mixed Conifer - Eastside Dry",1
"3_41_37_51300",4,153,867,1655,2305,1712000703,"17120006","OEC","RaMCONdy_fmd_1712000703","RaMCONdy","RaMCONdy_fmd",28,"fmd","RaMCONdy","RaMCONdy_fmd","Mixed Conifer - Eastside Dry",1
"3_41_37_63115",4,153,867,2256,611,1712000703,"17120006","OEC","RaMCONms_fmm_17120007","RaMCONms","RaMCONms_fmm",27,"fmm","RaMCONms","RaMCONms_fmm","Mixed Conifer - Eastside Mesic",3
"3_41_37_88154",4,153,867,2256,748,1712000703,"17120006","OEC","RaMCONms_fmm_17120007","RaMCONms","RaMCONms_fmm",27,"fmm","RaMCONms","RaMCONms_fmm","Mixed Conifer - Eastside Mesic",3
"3_41_37_82089",4,153,867,2256,679,1712000703,"17120006","OEC","RaMCONms_fmm_17120007","RaMCONms","RaMCONms_fmm",27,"fmm","RaMCONms","RaMCONms_fmm","Mixed Conifer - Eastside Mesic",3
"8_53_47_70762",12,17,73,82,2974,1702000805,"17020007","WNE","RaMCONdy_fdd_1702000805","RaMCONdy","RaMCONdy_fdd",42,"fdd","RaMCONdy","RaMCONdy_fdd","Mixed Conifer - Eastside Dry",1
"8_53_47_52461",12,17,75,99,2164,1702000807,"17020007","WNE","RaMCONdy_fdd_1702000807","RaMCONdy","RaMCONdy_fdd",42,"fdd","RaMCONdy","RaMCONdy_fdd","Mixed Conifer - Eastside Dry",1
"8_53_47_51109",12,17,75,99,1970,1702000807,"17020007","WNE","RaMCONdy_fdd_1702000807","RaMCONdy","RaMCONdy_fdd",42,"fdd","RaMCONdy","RaMCONdy_fdd","Mixed Conifer - Eastside Dry",1
"8_53_47_75459",12,17,75,99,1419,1702000807,"17020007","WNE","RaMCONdy_fdd_1702000807","RaMCONdy","RaMCONdy_fdd",42,"fdd","RaMCONdy","RaMCONdy_fdd","Mixed Conifer - Eastside Dry",1
"8_53_47_88659",12,17,75,99,1954,1702000807,"17020007","WNE","RaMCONdy_fdd_1702000807","RaMCONdy","RaMCONdy_fdd",42,"fdd","RaMCONdy","RaMCONdy_fdd","Mixed Conifer - Eastside Dry",1
"8_53_47_63743",12,17,75,99,2529,1702000807,"17020007","WNE","RaMCONdy_fdd_1702000807","RaMCONdy","RaMCONdy_fdd",42,"fdd","RaMCONdy","RaMCONdy_fdd","Mixed Conifer - Eastside Dry",1
"8_53_47_86450",12,17,75,99,2943,1702000807,"17020007","WNE","RaMCONdy_fdd_1702000807","RaMCONdy","RaMCONdy_fdd",42,"fdd","RaMCONdy","RaMCONdy_fdd","Mixed Conifer - Eastside Dry",1
"8_53_47_72234",12,17,75,2283,2368,1702000807,"17020007","WNE","RaSPFI_fcd_WNE","RaSPFI","RaSPFI_fcd",9,"fcd","RaSPFI","RaSPFI_fcd","Spruce - Fir",4
"8_53_7_89637",10,18,78,119,2671,1702000903,"17020008","WEC","RaMCONdy_fmd_1702000903","RaMCONdy","RaMCONdy_fmd",28,"fmd","RaMCONdy","RaMCONdy_fmd","Mixed Conifer - Eastside Dry",1
"8_53_7_56922",10,18,78,119,1862,1702000903,"17020008","WEC","RaMCONdy_fmd_1702000903","RaMCONdy","RaMCONdy_fmd",28,"fmd","RaMCONdy","RaMCONdy_fmd","Mixed Conifer - Eastside Dry",1
"8_53_7_64712",10,18,78,119,382,1702000903,"17020008","WEC","RaMCONdy_fmd_1702000903","RaMCONdy","RaMCONdy_fmd",28,"fmd","RaMCONdy","RaMCONdy_fmd","Mixed Conifer - Eastside Dry",1
"8_53_7_83877",10,18,78,119,837,1702000903,"17020008","WEC","RaMCONdy_fmd_1702000903","RaMCONdy","RaMCONdy_fmd",28,"fmd","RaMCONdy","RaMCONdy_fmd","Mixed Conifer - Eastside Dry",1
"8_53_7_80573",10,18,78,119,354,1702000903,"17020008","WEC","RaMCONdy_fmd_1702000903","RaMCONdy","RaMCONdy_fmd",28,"fmd","RaMCONdy","RaMCONdy_fmd","Mixed Conifer - Eastside Dry",1
"8_53_7_93660",10,19,81,143,617,1702001003,"17020009","WEC","RaMCONdy_fmd_1702001003","RaMCONdy","RaMCONdy_fmd",28,"fmd","RaMCONdy","RaMCONdy_fmd","Mixed Conifer - Eastside Dry",1
"8_53_7_89908",10,19,81,143,47,1702001003,"17020009","WEC","RaMCONdy_fmd_1702001003","RaMCONdy","RaMCONdy_fmd",28,"fmd","RaMCONdy","RaMCONdy_fmd","Mixed Conifer - Eastside Dry",1
"8_53_47_57839",12,17,71,1786,1920,1702000803,"17020007","WNE","RaSAWD_fal_17020008","RaSAWD","RaSAWD_fal",2,"fal","RaSAWD","RaSAWD_fal","Subalpine Woodland",3
"8_53_47_85855",12,17,71,2283,2092,1702000803,"17020007","WNE","RaSPFI_fcd_WNE","RaSPFI","RaSPFI_fcd",9,"fcd","RaSPFI","RaSPFI_fcd","Spruce - Fir",4
"8_53_47_77696",12,17,71,2283,1355,1702000803,"17020007","WNE","RaSPFI_fcd_WNE","RaSPFI","RaSPFI_fcd",9,"fcd","RaSPFI","RaSPFI_fcd","Spruce - Fir",4
"8_53_47_67634",12,17,72,46,1398,1702000804,"17020007","WNE","RaMCONdy_fdd_1702000804","RaMCONdy","RaMCONdy_fdd",42,"fdd","RaMCONdy","RaMCONdy_fdd","Mixed Conifer - Eastside Dry",1
"8_53_47_71269",12,17,72,2283,1524,1702000804,"17020007","WNE","RaSPFI_fcd_WNE","RaSPFI","RaSPFI_fcd",9,"fcd","RaSPFI","RaSPFI_fcd","Spruce - Fir",4
"8_53_47_68760",12,17,72,46,1629,1702000804,"17020007","WNE","RaMCONdy_fdd_1702000804","RaMCONdy","RaMCONdy_fdd",42,"fdd","RaMCONdy","RaMCONdy_fdd","Mixed Conifer - Eastside Dry",1
"8_53_47_80929",12,17,72,46,2050,1702000804,"17020007","WNE","RaMCONdy_fdd_1702000804","RaMCONdy","RaMCONdy_fdd",42,"fdd","RaMCONdy","RaMCONdy_fdd","Mixed Conifer - Eastside Dry",1
"8_53_47_59979",12,17,72,46,3062,1702000804,"17020007","WNE","RaMCONdy_fdd_1702000804","RaMCONdy","RaMCONdy_fdd",42,"fdd","RaMCONdy","RaMCONdy_fdd","Mixed Conifer - Eastside Dry",1
"8_53_47_65730",12,17,72,46,2003,1702000804,"17020007","WNE","RaMCONdy_fdd_1702000804","RaMCONdy","RaMCONdy_fdd",42,"fdd","RaMCONdy","RaMCONdy_fdd","Mixed Conifer - Eastside Dry",1
"8_53_47_83737",12,17,72,46,2102,1702000804,"17020007","WNE","RaMCONdy_fdd_1702000804","RaMCONdy","RaMCONdy_fdd",42,"fdd","RaMCONdy","RaMCONdy_fdd","Mixed Conifer - Eastside Dry",1
"8_53_47_59796",12,17,72,46,2288,1702000804,"17020007","WNE","RaMCONdy_fdd_1702000804","RaMCONdy","RaMCONdy_fdd",42,"fdd","RaMCONdy","RaMCONdy_fdd","Mixed Conifer - Eastside Dry",1
"8_53_47_68206",12,17,72,46,1680,1702000804,"17020007","WNE","RaMCONdy_fdd_1702000804","RaMCONdy","RaMCONdy_fdd",42,"fdd","RaMCONdy","RaMCONdy_fdd","Mixed Conifer - Eastside Dry",1
"8_53_47_75977",12,17,72,46,1706,1702000804,"17020007","WNE","RaMCONdy_fdd_1702000804","RaMCONdy","RaMCONdy_fdd",42,"fdd","RaMCONdy","RaMCONdy_fdd","Mixed Conifer - Eastside Dry",1
"3_41_69_73057",2,63,355,2091,2359,1707020112,"17070106","OBM","RaMCONms_fcm_17070201","RaMCONms","RaMCONms_fcm",22,"fcm","RaMCONms","RaMCONms_fcm","Mixed Conifer - Eastside Mesic",3
"3_41_69_57878",2,63,355,2091,2169,1707020112,"17070106","OBM","RaMCONms_fcm_17070201","RaMCONms","RaMCONms_fcm",22,"fcm","RaMCONms","RaMCONms_fcm","Mixed Conifer - Eastside Mesic",3
"8_53_47_69401",12,17,72,46,1857,1702000804,"17020007","WNE","RaMCONdy_fdd_1702000804","RaMCONdy","RaMCONdy_fdd",42,"fdd","RaMCONdy","RaMCONdy_fdd","Mixed Conifer - Eastside Dry",1
"8_53_47_59765",12,17,72,46,638,1702000804,"17020007","WNE","RaMCONdy_fdd_1702000804","RaMCONdy","RaMCONdy_fdd",42,"fdd","RaMCONdy","RaMCONdy_fdd","Mixed Conifer - Eastside Dry",1
"3_41_13_71973",2,70,417,834,1688,1707030403,"17070303","OBM","RaPIPOm_fdp_1707030403","RaPIPOm","RaPIPOm_fdp",52,"fdp","RaPIPOm","RaPIPOm_fdp","Dry Ponderosa Pine - Mesic",1
"3_41_13_51045",2,70,419,886,491,1707030405,"17070303","OBM","RaPIPOm_fdp_1707030405","RaPIPOm","RaPIPOm_fdp",52,"fdp","RaPIPOm","RaPIPOm_fdp","Dry Ponderosa Pine - Mesic",1
"3_41_13_92022",2,70,419,886,778,1707030405,"17070303","OBM","RaPIPOm_fdp_1707030405","RaPIPOm","RaPIPOm_fdp",52,"fdp","RaPIPOm","RaPIPOm_fdp","Dry Ponderosa Pine - Mesic",1
"3_41_13_53551",2,69,414,2133,49,1707030310,"17070302","OBM","RaPIPOxe_fxp_17070303","RaPIPOxe","RaPIPOxe_fxp",56,"fxp","RaPIPOxe","RaPIPOxe_fxp","Ponderosa Pine - Xeric",3
"3_41_37_97869",4,153,870,2228,749,1712000706,"17120006","OEC","RaPIPOxe_fxp_17120007","RaPIPOxe","RaPIPOxe_fxp",56,"fxp","RaPIPOxe","RaPIPOxe_fxp","Ponderosa Pine - Xeric",3
"3_41_37_50263",4,153,868,2228,1348,1712000704,"17120006","OEC","RaPIPOxe_fxp_17120007","RaPIPOxe","RaPIPOxe_fxp",56,"fxp","RaPIPOxe","RaPIPOxe_fxp","Ponderosa Pine - Xeric",3
"3_41_37_84049",4,153,868,2253,1013,1712000704,"17120006","OEC","RaPIPOxe_fpd_17120007","RaPIPOxe","RaPIPOxe_fpd",53,"fpd","RaPIPOxe","RaPIPOxe_fpd","Ponderosa Pine - Xeric",3
"3_41_37_96879",4,153,868,1564,1932,1712000704,"17120006","OEC","RaMCONdy_fmd_1712000704","RaMCONdy","RaMCONdy_fmd",28,"fmd","RaMCONdy","RaMCONdy_fmd","Mixed Conifer - Eastside Dry",1
"3_41_37_99217",4,153,868,1564,1899,1712000704,"17120006","OEC","RaMCONdy_fmd_1712000704","RaMCONdy","RaMCONdy_fmd",28,"fmd","RaMCONdy","RaMCONdy_fmd","Mixed Conifer - Eastside Dry",1
"3_41_37_92787",4,153,868,1564,1237,1712000704,"17120006","OEC","RaMCONdy_fmd_1712000704","RaMCONdy","RaMCONdy_fmd",28,"fmd","RaMCONdy","RaMCONdy_fmd","Mixed Conifer - Eastside Dry",1
"3_41_37_83755",4,153,867,2253,1486,1712000703,"17120006","OEC","RaPIPOxe_fpd_17120007","RaPIPOxe","RaPIPOxe_fpd",53,"fpd","RaPIPOxe","RaPIPOxe_fpd","Ponderosa Pine - Xeric",3
"3_41_37_57044",4,153,867,2228,880,1712000703,"17120006","OEC","RaPIPOxe_fxp_17120007","RaPIPOxe","RaPIPOxe_fxp",56,"fxp","RaPIPOxe","RaPIPOxe_fxp","Ponderosa Pine - Xeric",3
"3_41_37_97820",4,153,867,1655,701,1712000703,"17120006","OEC","RaMCONdy_fmd_1712000703","RaMCONdy","RaMCONdy_fmd",28,"fmd","RaMCONdy","RaMCONdy_fmd","Mixed Conifer - Eastside Dry",1
"3_41_37_94148",4,153,867,2253,769,1712000703,"17120006","OEC","RaPIPOxe_fpd_17120007","RaPIPOxe","RaPIPOxe_fpd",53,"fpd","RaPIPOxe","RaPIPOxe_fpd","Ponderosa Pine - Xeric",3
"3_41_37_82761",4,153,867,2228,240,1712000703,"17120006","OEC","RaPIPOxe_fxp_17120007","RaPIPOxe","RaPIPOxe_fxp",56,"fxp","RaPIPOxe","RaPIPOxe_fxp","Ponderosa Pine - Xeric",3
"3_41_37_77541",4,153,867,2228,148,1712000703,"17120006","OEC","RaPIPOxe_fxp_17120007","RaPIPOxe","RaPIPOxe_fxp",56,"fxp","RaPIPOxe","RaPIPOxe_fxp","Ponderosa Pine - Xeric",3
"8_53_47_72471",12,17,74,58,3268,1702000806,"17020007","WNE","RaMCONdy_fdd_1702000806","RaMCONdy","RaMCONdy_fdd",42,"fdd","RaMCONdy","RaMCONdy_fdd","Mixed Conifer - Eastside Dry",1
"8_53_47_87974",12,17,75,99,3057,1702000807,"17020007","WNE","RaMCONdy_fdd_1702000807","RaMCONdy","RaMCONdy_fdd",42,"fdd","RaMCONdy","RaMCONdy_fdd","Mixed Conifer - Eastside Dry",1
"8_53_47_74811",12,17,75,99,2430,1702000807,"17020007","WNE","RaMCONdy_fdd_1702000807","RaMCONdy","RaMCONdy_fdd",42,"fdd","RaMCONdy","RaMCONdy_fdd","Mixed Conifer - Eastside Dry",1
"8_53_47_84568",12,17,75,99,2924,1702000807,"17020007","WNE","RaMCONdy_fdd_1702000807","RaMCONdy","RaMCONdy_fdd",42,"fdd","RaMCONdy","RaMCONdy_fdd","Mixed Conifer - Eastside Dry",1
"8_53_47_78564",12,17,75,99,1721,1702000807,"17020007","WNE","RaMCONdy_fdd_1702000807","RaMCONdy","RaMCONdy_fdd",42,"fdd","RaMCONdy","RaMCONdy_fdd","Mixed Conifer - Eastside Dry",1
"8_53_47_83777",12,17,75,99,2510,1702000807,"17020007","WNE","RaMCONdy_fdd_1702000807","RaMCONdy","RaMCONdy_fdd",42,"fdd","RaMCONdy","RaMCONdy_fdd","Mixed Conifer - Eastside Dry",1
"8_53_47_96593",12,17,75,99,1734,1702000807,"17020007","WNE","RaMCONdy_fdd_1702000807","RaMCONdy","RaMCONdy_fdd",42,"fdd","RaMCONdy","RaMCONdy_fdd","Mixed Conifer - Eastside Dry",1
"8_53_47_63049",12,17,75,99,980,1702000807,"17020007","WNE","RaMCONdy_fdd_1702000807","RaMCONdy","RaMCONdy_fdd",42,"fdd","RaMCONdy","RaMCONdy_fdd","Mixed Conifer - Eastside Dry",1
"8_53_7_97267",10,18,78,119,2464,1702000903,"17020008","WEC","RaMCONdy_fmd_1702000903","RaMCONdy","RaMCONdy_fmd",28,"fmd","RaMCONdy","RaMCONdy_fmd","Mixed Conifer - Eastside Dry",1
"8_53_7_56336",10,18,78,119,1212,1702000903,"17020008","WEC","RaMCONdy_fmd_1702000903","RaMCONdy","RaMCONdy_fmd",28,"fmd","RaMCONdy","RaMCONdy_fmd","Mixed Conifer - Eastside Dry",1
"8_53_7_80702",10,18,78,119,492,1702000903,"17020008","WEC","RaMCONdy_fmd_1702000903","RaMCONdy","RaMCONdy_fmd",28,"fmd","RaMCONdy","RaMCONdy_fmd","Mixed Conifer - Eastside Dry",1
"8_53_7_64547",10,18,78,119,62,1702000903,"17020008","WEC","RaMCONdy_fmd_1702000903","RaMCONdy","RaMCONdy_fmd",28,"fmd","RaMCONdy","RaMCONdy_fmd","Mixed Conifer - Eastside Dry",1
"8_53_7_65509",10,19,81,143,483,1702001003,"17020009","WEC","RaMCONdy_fmd_1702001003","RaMCONdy","RaMCONdy_fmd",28,"fmd","RaMCONdy","RaMCONdy_fmd","Mixed Conifer - Eastside Dry",1
"8_53_17_69373",10,19,81,144,30,1702001003,"17020009","WEC","RaPIPOm_fpd_1702001003","RaPIPOm","RaPIPOm_fpd",51,"fpd","RaPIPOm","RaPIPOm_fpd","Dry Ponderosa Pine - Mesic",1
"8_53_47_54685",12,17,71,28,1671,1702000803,"17020007","WNE","RaMCONdy_fdd_1702000803","RaMCONdy","RaMCONdy_fdd",42,"fdd","RaMCONdy","RaMCONdy_fdd","Mixed Conifer - Eastside Dry",1
"2_41_19_92244",3,112,633,2314,493,1710020701,"17100206","OCR","RaSSHE_fss_OCR","RaSSHE","RaSSHE_fss",60,"fss","RaSSHE","RaSSHE_fss","Sitka Spruce - Western Hemlock",5
"2_41_19_91776",3,112,633,2314,934,1710020701,"17100206","OCR","RaSSHE_fss_OCR","RaSSHE","RaSSHE_fss",60,"fss","RaSSHE","RaSSHE_fss","Sitka Spruce - Western Hemlock",5
"2_41_19_97910",3,117,669,2314,971,1710030404,"17100303A","OCR","RaSSHE_fss_OCR","RaSSHE","RaSSHE_fss",60,"fss","RaSSHE","RaSSHE_fss","Sitka Spruce - Western Hemlock",5
"2_41_11_56123",3,117,668,2315,1356,1710030403,"17100303A","OCR","RaDFHEwt_fwn_OCR","RaDFHEwt","RaDFHEwt_fwn",32,"fwn","RaDFHEwt","RaDFHEwt_fwn","Douglas-fir Hemlock-Wet Mesic",5
"2_41_11_59973",3,117,668,2316,661,1710030403,"17100303A","OCR","RaDFHEwt_fww_OCR","RaDFHEwt","RaDFHEwt_fww",34,"fww","RaDFHEwt","RaDFHEwt_fww","Douglas-fir Hemlock-Wet Mesic",5
"2_41_11_81833",6,118,674,2350,2121,1710030505,"17100304","OSW","RaDFHEwt_fwn_OSW","RaDFHEwt","RaDFHEwt_fwn",32,"fwn","RaDFHEwt","RaDFHEwt_fwn","Douglas-fir Hemlock-Wet Mesic",5
"2_41_11_64745",6,118,673,2350,1545,1710030504,"17100304","OSW","RaDFHEwt_fwn_OSW","RaDFHEwt","RaDFHEwt_fwn",32,"fwn","RaDFHEwt","RaDFHEwt_fwn","Douglas-fir Hemlock-Wet Mesic",5
"2_41_11_66854",6,118,673,2350,1588,1710030504,"17100304","OSW","RaDFHEwt_fwn_OSW","RaDFHEwt","RaDFHEwt_fwn",32,"fwn","RaDFHEwt","RaDFHEwt_fwn","Douglas-fir Hemlock-Wet Mesic",5
"2_41_11_86440",6,118,671,2347,713,1710030502,"17100304","OSW","RaDFHEwt_fwm_OSW","RaDFHEwt","RaDFHEwt_fwm",33,"fwm","RaDFHEwt","RaDFHEwt_fwm","Douglas-fir Hemlock-Wet Mesic",5
"2_41_11_65033",6,118,671,2347,859,1710030502,"17100304","OSW","RaDFHEwt_fwm_OSW","RaDFHEwt","RaDFHEwt_fwm",33,"fwm","RaDFHEwt","RaDFHEwt_fwm","Douglas-fir Hemlock-Wet Mesic",5
"2_41_11_60951",6,118,671,2347,1833,1710030502,"17100304","OSW","RaDFHEwt_fwm_OSW","RaDFHEwt","RaDFHEwt_fwm",33,"fwm","RaDFHEwt","RaDFHEwt_fwm","Douglas-fir Hemlock-Wet Mesic",5
"2_41_11_72959",6,118,671,2347,2124,1710030502,"17100304","OSW","RaDFHEwt_fwm_OSW","RaDFHEwt","RaDFHEwt_fwm",33,"fwm","RaDFHEwt","RaDFHEwt_fwm","Douglas-fir Hemlock-Wet Mesic",5
"2_41_11_88619",6,118,671,2198,2483,1710030502,"17100304","OSW","RaDFHEdy_fwi_17100305","RaDFHEdy","RaDFHEdy_fwi",31,"fwi","RaDFHEdy","RaDFHEdy_fwi","Douglas-fir Hemlock-Dry Mesic",3
"2_41_11_93814",6,118,671,1223,1578,1710030502,"17100304","OSW","RaTAOAco_ftm_1710030502","RaTAOAco","RaTAOAco_ftm",47,"ftm","RaTAOAco","RaTAOAco_ftm","Oregon Coastal Tanoak",1
"2_41_11_81759",6,118,671,1223,2121,1710030502,"17100304","OSW","RaTAOAco_ftm_1710030502","RaTAOAco","RaTAOAco_ftm",47,"ftm","RaTAOAco","RaTAOAco_ftm","Oregon Coastal Tanoak",1
"2_41_11_76800",6,118,671,2198,2008,1710030502,"17100304","OSW","RaDFHEdy_fwi_17100305","RaDFHEdy","RaDFHEdy_fwi",31,"fwi","RaDFHEdy","RaDFHEdy_fwi","Douglas-fir Hemlock-Dry Mesic",3
"2_41_11_50462",6,118,671,2198,730,1710030502,"17100304","OSW","RaDFHEdy_fwi_17100305","RaDFHEdy","RaDFHEdy_fwi",31,"fwi","RaDFHEdy","RaDFHEdy_fwi","Douglas-fir Hemlock-Dry Mesic",3
"2_41_15_80201",6,123,702,1417,1463,1710031006,"17100309","OSW","RaTAOAco_ftm_1710031006","RaTAOAco","RaTAOAco_ftm",47,"ftm","RaTAOAco","RaTAOAco_ftm","Oregon Coastal Tanoak",1
"2_41_15_87499",6,123,702,1417,1076,1710031006,"17100309","OSW","RaTAOAco_ftm_1710031006","RaTAOAco","RaTAOAco_ftm",47,"ftm","RaTAOAco","RaTAOAco_ftm","Oregon Coastal Tanoak",1
"2_41_15_66199",6,123,702,1417,1422,1710031006,"17100309","OSW","RaTAOAco_ftm_1710031006","RaTAOAco","RaTAOAco_ftm",47,"ftm","RaTAOAco","RaTAOAco_ftm","Oregon Coastal Tanoak",1
"2_41_15_71002",6,123,702,1417,942,1710031006,"17100309","OSW","RaTAOAco_ftm_1710031006","RaTAOAco","RaTAOAco_ftm",47,"ftm","RaTAOAco","RaTAOAco_ftm","Oregon Coastal Tanoak",1
"2_41_15_90921",6,123,704,1457,1661,1710031008,"17100309","OSW","RaTAOAco_ftm_1710031008","RaTAOAco","RaTAOAco_ftm",47,"ftm","RaTAOAco","RaTAOAco_ftm","Oregon Coastal Tanoak",1
"2_41_15_58220",6,123,704,1457,1279,1710031008,"17100309","OSW","RaTAOAco_ftm_1710031008","RaTAOAco","RaTAOAco_ftm",47,"ftm","RaTAOAco","RaTAOAco_ftm","Oregon Coastal Tanoak",1
"2_41_15_62203",6,124,715,1499,2152,1710031111,"17100310","OSW","RaTAOAco_ftm_1710031111","RaTAOAco","RaTAOAco_ftm",47,"ftm","RaTAOAco","RaTAOAco_ftm","Oregon Coastal Tanoak",1
"2_41_15_64986",6,124,715,1504,1153,1710031111,"17100310","OSW","RaMEVG_ftd_1710031111","RaMEVG","RaMEVG_ftd",48,"ftd","RaMEVG","RaMEVG_ftd","California Mixed Evergreen North",1
"2_41_15_52161",6,124,715,1504,1432,1710031111,"17100310","OSW","RaMEVG_ftd_1710031111","RaMEVG","RaMEVG_ftd",48,"ftd","RaMEVG","RaMEVG_ftd","California Mixed Evergreen North",1
"2_41_15_78948",6,124,715,1519,1787,1710031111,"17100310","OSW","RaMEVG_fuc_1710031111","RaMEVG","RaMEVG_fuc",59,"fuc","RaMEVG","RaMEVG_fuc","California Mixed Evergreen North",1
"2_41_15_89114",6,125,716,1606,1479,1710031201,"17100311","OSW","RaTAOAco_ftm_1710031201","RaTAOAco","RaTAOAco_ftm",47,"ftm","RaTAOAco","RaTAOAco_ftm","Oregon Coastal Tanoak",1
"2_41_15_85768",6,125,716,1606,657,1710031201,"17100311","OSW","RaTAOAco_ftm_1710031201","RaTAOAco","RaTAOAco_ftm",47,"ftm","RaTAOAco","RaTAOAco_ftm","Oregon Coastal Tanoak",1
"2_41_15_57185",6,125,716,1606,900,1710031201,"17100311","OSW","RaTAOAco_ftm_1710031201","RaTAOAco","RaTAOAco_ftm",47,"ftm","RaTAOAco","RaTAOAco_ftm","Oregon Coastal Tanoak",1
"2_41_15_53730",6,125,716,1606,1946,1710031201,"17100311","OSW","RaTAOAco_ftm_1710031201","RaTAOAco","RaTAOAco_ftm",47,"ftm","RaTAOAco","RaTAOAco_ftm","Oregon Coastal Tanoak",1
"2_41_15_59701",6,125,716,1606,2227,1710031201,"17100311","OSW","RaTAOAco_ftm_1710031201","RaTAOAco","RaTAOAco_ftm",47,"ftm","RaTAOAco","RaTAOAco_ftm","Oregon Coastal Tanoak",1
"2_41_15_79745",6,125,716,1606,3081,1710031201,"17100311","OSW","RaTAOAco_ftm_1710031201","RaTAOAco","RaTAOAco_ftm",47,"ftm","RaTAOAco","RaTAOAco_ftm","Oregon Coastal Tanoak",1
"2_41_15_88140",6,125,716,1606,3244,1710031201,"17100311","OSW","RaTAOAco_ftm_1710031201","RaTAOAco","RaTAOAco_ftm",47,"ftm","RaTAOAco","RaTAOAco_ftm","Oregon Coastal Tanoak",1
"2_41_15_86725",6,125,716,1606,3308,1710031201,"17100311","OSW","RaTAOAco_ftm_1710031201","RaTAOAco","RaTAOAco_ftm",47,"ftm","RaTAOAco","RaTAOAco_ftm","Oregon Coastal Tanoak",1
"2_41_15_84485",6,125,716,1606,2885,1710031201,"17100311","OSW","RaTAOAco_ftm_1710031201","RaTAOAco","RaTAOAco_ftm",47,"ftm","RaTAOAco","RaTAOAco_ftm","Oregon Coastal Tanoak",1
"2_41_15_68303",6,125,716,1606,3269,1710031201,"17100311","OSW","RaTAOAco_ftm_1710031201","RaTAOAco","RaTAOAco_ftm",47,"ftm","RaTAOAco","RaTAOAco_ftm","Oregon Coastal Tanoak",1
"2_41_15_51869",6,125,717,1706,2287,1710031202,"17100311","OSW","RaTAOAco_ftm_1710031202","RaTAOAco","RaTAOAco_ftm",47,"ftm","RaTAOAco","RaTAOAco_ftm","Oregon Coastal Tanoak",1
"2_41_15_66418",6,125,717,1706,2292,1710031202,"17100311","OSW","RaTAOAco_ftm_1710031202","RaTAOAco","RaTAOAco_ftm",47,"ftm","RaTAOAco","RaTAOAco_ftm","Oregon Coastal Tanoak",1
"2_41_15_84422",6,125,717,1706,1632,1710031202,"17100311","OSW","RaTAOAco_ftm_1710031202","RaTAOAco","RaTAOAco_ftm",47,"ftm","RaTAOAco","RaTAOAco_ftm","Oregon Coastal Tanoak",1
"2_41_15_78988",6,125,717,1706,2214,1710031202,"17100311","OSW","RaTAOAco_ftm_1710031202","RaTAOAco","RaTAOAco_ftm",47,"ftm","RaTAOAco","RaTAOAco_ftm","Oregon Coastal Tanoak",1
"2_41_15_66117",6,125,717,1706,1902,1710031202,"17100311","OSW","RaTAOAco_ftm_1710031202","RaTAOAco","RaTAOAco_ftm",47,"ftm","RaTAOAco","RaTAOAco_ftm","Oregon Coastal Tanoak",1
"6_53_9_95358",9,100,563,2295,491,1710010102,"17090012A","WCR","RaSSHE_fss_WCR","RaSSHE","RaSSHE_fss",60,"fss","RaSSHE","RaSSHE_fss","Sitka Spruce - Western Hemlock",5
"6_53_9_69462",9,100,564,2295,3270,1710010103,"17090012A","WCR","RaSSHE_fss_WCR","RaSSHE","RaSSHE_fss",60,"fss","RaSSHE","RaSSHE_fss","Sitka Spruce - Western Hemlock",5
"6_53_9_51727",9,100,564,2295,1090,1710010103,"17090012A","WCR","RaSSHE_fss_WCR","RaSSHE","RaSSHE_fss",60,"fss","RaSSHE","RaSSHE_fss","Sitka Spruce - Western Hemlock",5
"6_53_9_91717",9,100,566,2295,1958,1710010105,"17090012A","WCR","RaSSHE_fss_WCR","RaSSHE","RaSSHE_fss",60,"fss","RaSSHE","RaSSHE_fss","Sitka Spruce - Western Hemlock",5
"6_53_31_62196",9,100,566,2295,1947,1710010105,"17090012A","WCR","RaSSHE_fss_WCR","RaSSHE","RaSSHE_fss",60,"fss","RaSSHE","RaSSHE_fss","Sitka Spruce - Western Hemlock",5
"6_53_31_54136",9,100,569,2295,1338,1710010108,"17090012A","WCR","RaSSHE_fss_WCR","RaSSHE","RaSSHE_fss",60,"fss","RaSSHE","RaSSHE_fss","Sitka Spruce - Western Hemlock",5
"6_53_31_69969",9,100,569,2295,725,1710010108,"17090012A","WCR","RaSSHE_fss_WCR","RaSSHE","RaSSHE_fss",60,"fss","RaSSHE","RaSSHE_fss","Sitka Spruce - Western Hemlock",5
"8_53_47_75411",12,17,71,28,731,1702000803,"17020007","WNE","RaMCONdy_fdd_1702000803","RaMCONdy","RaMCONdy_fdd",42,"fdd","RaMCONdy","RaMCONdy_fdd","Mixed Conifer - Eastside Dry",1
"8_53_47_67642",12,17,72,46,1336,1702000804,"17020007","WNE","RaMCONdy_fdd_1702000804","RaMCONdy","RaMCONdy_fdd",42,"fdd","RaMCONdy","RaMCONdy_fdd","Mixed Conifer - Eastside Dry",1
"8_53_47_85947",12,17,72,46,2485,1702000804,"17020007","WNE","RaMCONdy_fdd_1702000804","RaMCONdy","RaMCONdy_fdd",42,"fdd","RaMCONdy","RaMCONdy_fdd","Mixed Conifer - Eastside Dry",1
"8_53_47_72120",12,17,72,46,2342,1702000804,"17020007","WNE","RaMCONdy_fdd_1702000804","RaMCONdy","RaMCONdy_fdd",42,"fdd","RaMCONdy","RaMCONdy_fdd","Mixed Conifer - Eastside Dry",1
"8_53_47_79172",12,17,72,46,2054,1702000804,"17020007","WNE","RaMCONdy_fdd_1702000804","RaMCONdy","RaMCONdy_fdd",42,"fdd","RaMCONdy","RaMCONdy_fdd","Mixed Conifer - Eastside Dry",1
"8_53_47_75742",12,17,72,46,1951,1702000804,"17020007","WNE","RaMCONdy_fdd_1702000804","RaMCONdy","RaMCONdy_fdd",42,"fdd","RaMCONdy","RaMCONdy_fdd","Mixed Conifer - Eastside Dry",1
"8_53_47_72395",12,17,72,46,1396,1702000804,"17020007","WNE","RaMCONdy_fdd_1702000804","RaMCONdy","RaMCONdy_fdd",42,"fdd","RaMCONdy","RaMCONdy_fdd","Mixed Conifer - Eastside Dry",1
"3_41_69_53059",2,66,377,609,1198,1707020405,"17070203","OBM","RaMCONdy_fdd_1707020405","RaMCONdy","RaMCONdy_fdd",42,"fdd","RaMCONdy","RaMCONdy_fdd","Mixed Conifer - Eastside Dry",1
"3_41_69_71717",2,66,377,609,561,1707020405,"17070203","OBM","RaMCONdy_fdd_1707020405","RaMCONdy","RaMCONdy_fdd",42,"fdd","RaMCONdy","RaMCONdy_fdd","Mixed Conifer - Eastside Dry",1
"3_41_69_85912",2,66,377,609,1314,1707020405,"17070203","OBM","RaMCONdy_fdd_1707020405","RaMCONdy","RaMCONdy_fdd",42,"fdd","RaMCONdy","RaMCONdy_fdd","Mixed Conifer - Eastside Dry",1
"3_41_69_92369",2,66,374,2028,2065,1707020402,"17070203","OBM","RaPIPOxe_fxp_17070204","RaPIPOxe","RaPIPOxe_fxp",56,"fxp","RaPIPOxe","RaPIPOxe_fxp","Ponderosa Pine - Xeric",3
"3_41_69_59100",2,66,374,2028,90,1707020402,"17070203","OBM","RaPIPOxe_fxp_17070204","RaPIPOxe","RaPIPOxe_fxp",56,"fxp","RaPIPOxe","RaPIPOxe_fxp","Ponderosa Pine - Xeric",3
"8_53_47_76386",12,17,72,46,2535,1702000804,"17020007","WNE","RaMCONdy_fdd_1702000804","RaMCONdy","RaMCONdy_fdd",42,"fdd","RaMCONdy","RaMCONdy_fdd","Mixed Conifer - Eastside Dry",1
"3_41_69_93452",2,66,374,2028,76,1707020402,"17070203","OBM","RaPIPOxe_fxp_17070204","RaPIPOxe","RaPIPOxe_fxp",56,"fxp","RaPIPOxe","RaPIPOxe_fxp","Ponderosa Pine - Xeric",3
"3_41_69_61714",2,66,375,755,1656,1707020403,"17070203","OBM","RaMCONdy_fdd_1707020403","RaMCONdy","RaMCONdy_fdd",42,"fdd","RaMCONdy","RaMCONdy_fdd","Mixed Conifer - Eastside Dry",1
"3_41_69_75083",2,63,355,751,1661,1707020112,"17070106","OBM","RaMCONdy_fdg_1707020112","RaMCONdy","RaMCONdy_fdg",23,"fdg","RaMCONdy","RaMCONdy_fdg","Mixed Conifer - Eastside Dry",1
"3_41_13_91685",2,63,355,2091,1594,1707020112,"17070106","OBM","RaMCONms_fcm_17070201","RaMCONms","RaMCONms_fcm",22,"fcm","RaMCONms","RaMCONms_fcm","Mixed Conifer - Eastside Mesic",3
"8_53_47_58968",12,17,72,46,2082,1702000804,"17020007","WNE","RaMCONdy_fdd_1702000804","RaMCONdy","RaMCONdy_fdd",42,"fdd","RaMCONdy","RaMCONdy_fdd","Mixed Conifer - Eastside Dry",1
"3_41_13_99166",2,70,417,830,2088,1707030403,"17070303","OBM","RaMCONdy_fdg_1707030403","RaMCONdy","RaMCONdy_fdg",23,"fdg","RaMCONdy","RaMCONdy_fdg","Mixed Conifer - Eastside Dry",1
"3_41_13_79335",2,70,417,834,1503,1707030403,"17070303","OBM","RaPIPOm_fdp_1707030403","RaPIPOm","RaPIPOm_fdp",52,"fdp","RaPIPOm","RaPIPOm_fdp","Dry Ponderosa Pine - Mesic",1
"3_41_13_61908",2,70,417,834,2704,1707030403,"17070303","OBM","RaPIPOm_fdp_1707030403","RaPIPOm","RaPIPOm_fdp",52,"fdp","RaPIPOm","RaPIPOm_fdp","Dry Ponderosa Pine - Mesic",1
"3_41_13_56891",2,70,417,834,1132,1707030403,"17070303","OBM","RaPIPOm_fdp_1707030403","RaPIPOm","RaPIPOm_fdp",52,"fdp","RaPIPOm","RaPIPOm_fdp","Dry Ponderosa Pine - Mesic",1
"3_41_13_74706",2,70,419,886,1615,1707030405,"17070303","OBM","RaPIPOm_fdp_1707030405","RaPIPOm","RaPIPOm_fdp",52,"fdp","RaPIPOm","RaPIPOm_fdp","Dry Ponderosa Pine - Mesic",1
"3_41_13_71292",2,70,419,886,622,1707030405,"17070303","OBM","RaPIPOm_fdp_1707030405","RaPIPOm","RaPIPOm_fdp",52,"fdp","RaPIPOm","RaPIPOm_fdp","Dry Ponderosa Pine - Mesic",1
"3_41_13_87846",2,70,419,2123,568,1707030405,"17070303","OBM","RaPIPOxe_fxp_17070304","RaPIPOxe","RaPIPOxe_fxp",56,"fxp","RaPIPOxe","RaPIPOxe_fxp","Ponderosa Pine - Xeric",3
"3_41_13_77650",2,70,419,2123,201,1707030405,"17070303","OBM","RaPIPOxe_fxp_17070304","RaPIPOxe","RaPIPOxe_fxp",56,"fxp","RaPIPOxe","RaPIPOxe_fxp","Ponderosa Pine - Xeric",3
"8_53_47_70067",12,17,72,46,2311,1702000804,"17020007","WNE","RaMCONdy_fdd_1702000804","RaMCONdy","RaMCONdy_fdd",42,"fdd","RaMCONdy","RaMCONdy_fdd","Mixed Conifer - Eastside Dry",1
"8_53_47_80398",12,17,74,58,1276,1702000806,"17020007","WNE","RaMCONdy_fdd_1702000806","RaMCONdy","RaMCONdy_fdd",42,"fdd","RaMCONdy","RaMCONdy_fdd","Mixed Conifer - Eastside Dry",1
"8_53_47_69151",12,17,72,46,1644,1702000804,"17020007","WNE","RaMCONdy_fdd_1702000804","RaMCONdy","RaMCONdy_fdd",42,"fdd","RaMCONdy","RaMCONdy_fdd","Mixed Conifer - Eastside Dry",1
"8_53_47_91407",12,17,71,2283,2167,1702000803,"17020007","WNE","RaSPFI_fcd_WNE","RaSPFI","RaSPFI_fcd",9,"fcd","RaSPFI","RaSPFI_fcd","Spruce - Fir",4
"8_53_47_72719",12,17,74,58,333,1702000806,"17020007","WNE","RaMCONdy_fdd_1702000806","RaMCONdy","RaMCONdy_fdd",42,"fdd","RaMCONdy","RaMCONdy_fdd","Mixed Conifer - Eastside Dry",1
"3_41_37_77349",4,153,867,1655,1139,1712000703,"17120006","OEC","RaMCONdy_fmd_1712000703","RaMCONdy","RaMCONdy_fmd",28,"fmd","RaMCONdy","RaMCONdy_fmd","Mixed Conifer - Eastside Dry",1
"3_41_37_70449",4,153,867,2253,1142,1712000703,"17120006","OEC","RaPIPOxe_fpd_17120007","RaPIPOxe","RaPIPOxe_fpd",53,"fpd","RaPIPOxe","RaPIPOxe_fpd","Ponderosa Pine - Xeric",3
"3_41_37_73249",4,153,867,1655,547,1712000703,"17120006","OEC","RaMCONdy_fmd_1712000703","RaMCONdy","RaMCONdy_fmd",28,"fmd","RaMCONdy","RaMCONdy_fmd","Mixed Conifer - Eastside Dry",1
"3_41_37_81733",4,153,865,1757,746,1712000701,"17120006","OEC","RaMCONdy_fmd_1712000701","RaMCONdy","RaMCONdy_fmd",28,"fmd","RaMCONdy","RaMCONdy_fmd","Mixed Conifer - Eastside Dry",1
"3_41_37_93379",4,153,865,2228,444,1712000701,"17120006","OEC","RaPIPOxe_fxp_17120007","RaPIPOxe","RaPIPOxe_fxp",56,"fxp","RaPIPOxe","RaPIPOxe_fxp","Ponderosa Pine - Xeric",3
"8_53_47_76398",12,17,74,58,3015,1702000806,"17020007","WNE","RaMCONdy_fdd_1702000806","RaMCONdy","RaMCONdy_fdd",42,"fdd","RaMCONdy","RaMCONdy_fdd","Mixed Conifer - Eastside Dry",1
"8_53_47_58915",12,17,74,58,1169,1702000806,"17020007","WNE","RaMCONdy_fdd_1702000806","RaMCONdy","RaMCONdy_fdd",42,"fdd","RaMCONdy","RaMCONdy_fdd","Mixed Conifer - Eastside Dry",1
"8_53_47_79850",12,17,74,58,399,1702000806,"17020007","WNE","RaMCONdy_fdd_1702000806","RaMCONdy","RaMCONdy_fdd",42,"fdd","RaMCONdy","RaMCONdy_fdd","Mixed Conifer - Eastside Dry",1
"8_53_47_91692",12,17,75,99,897,1702000807,"17020007","WNE","RaMCONdy_fdd_1702000807","RaMCONdy","RaMCONdy_fdd",42,"fdd","RaMCONdy","RaMCONdy_fdd","Mixed Conifer - Eastside Dry",1
"8_53_47_63869",12,17,75,99,2107,1702000807,"17020007","WNE","RaMCONdy_fdd_1702000807","RaMCONdy","RaMCONdy_fdd",42,"fdd","RaMCONdy","RaMCONdy_fdd","Mixed Conifer - Eastside Dry",1
"8_53_47_82728",12,17,75,99,1552,1702000807,"17020007","WNE","RaMCONdy_fdd_1702000807","RaMCONdy","RaMCONdy_fdd",42,"fdd","RaMCONdy","RaMCONdy_fdd","Mixed Conifer - Eastside Dry",1
"8_53_47_74696",12,17,75,99,1566,1702000807,"17020007","WNE","RaMCONdy_fdd_1702000807","RaMCONdy","RaMCONdy_fdd",42,"fdd","RaMCONdy","RaMCONdy_fdd","Mixed Conifer - Eastside Dry",1
"8_53_47_87598",12,17,75,99,1915,1702000807,"17020007","WNE","RaMCONdy_fdd_1702000807","RaMCONdy","RaMCONdy_fdd",42,"fdd","RaMCONdy","RaMCONdy_fdd","Mixed Conifer - Eastside Dry",1
"8_53_47_83906",12,17,75,99,1645,1702000807,"17020007","WNE","RaMCONdy_fdd_1702000807","RaMCONdy","RaMCONdy_fdd",42,"fdd","RaMCONdy","RaMCONdy_fdd","Mixed Conifer - Eastside Dry",1
"8_53_47_60180",12,17,75,99,782,1702000807,"17020007","WNE","RaMCONdy_fdd_1702000807","RaMCONdy","RaMCONdy_fdd",42,"fdd","RaMCONdy","RaMCONdy_fdd","Mixed Conifer - Eastside Dry",1
"8_53_7_74396",10,18,78,119,1170,1702000903,"17020008","WEC","RaMCONdy_fmd_1702000903","RaMCONdy","RaMCONdy_fmd",28,"fmd","RaMCONdy","RaMCONdy_fmd","Mixed Conifer - Eastside Dry",1
"8_53_47_97039",12,17,75,99,904,1702000807,"17020007","WNE","RaMCONdy_fdd_1702000807","RaMCONdy","RaMCONdy_fdd",42,"fdd","RaMCONdy","RaMCONdy_fdd","Mixed Conifer - Eastside Dry",1
"8_53_7_87649",10,18,78,119,1458,1702000903,"17020008","WEC","RaMCONdy_fmd_1702000903","RaMCONdy","RaMCONdy_fmd",28,"fmd","RaMCONdy","RaMCONdy_fmd","Mixed Conifer - Eastside Dry",1
"8_53_7_68020",10,18,78,119,824,1702000903,"17020008","WEC","RaMCONdy_fmd_1702000903","RaMCONdy","RaMCONdy_fmd",28,"fmd","RaMCONdy","RaMCONdy_fmd","Mixed Conifer - Eastside Dry",1
"8_53_7_76978",10,18,78,119,51,1702000903,"17020008","WEC","RaMCONdy_fmd_1702000903","RaMCONdy","RaMCONdy_fmd",28,"fmd","RaMCONdy","RaMCONdy_fmd","Mixed Conifer - Eastside Dry",1
"8_53_47_85641",12,17,71,2283,2809,1702000803,"17020007","WNE","RaSPFI_fcd_WNE","RaSPFI","RaSPFI_fcd",9,"fcd","RaSPFI","RaSPFI_fcd","Spruce - Fir",4
"8_53_17_82492",10,19,81,144,153,1702001003,"17020009","WEC","RaPIPOm_fpd_1702001003","RaPIPOm","RaPIPOm_fpd",51,"fpd","RaPIPOm","RaPIPOm_fpd","Dry Ponderosa Pine - Mesic",1
"8_53_47_61552",12,17,71,1786,1909,1702000803,"17020007","WNE","RaSAWD_fal_17020008","RaSAWD","RaSAWD_fal",2,"fal","RaSAWD","RaSAWD_fal","Subalpine Woodland",3
"8_53_47_70490",12,17,71,2283,1732,1702000803,"17020007","WNE","RaSPFI_fcd_WNE","RaSPFI","RaSPFI_fcd",9,"fcd","RaSPFI","RaSPFI_fcd","Spruce - Fir",4
"8_53_47_56176",12,17,71,28,1833,1702000803,"17020007","WNE","RaMCONdy_fdd_1702000803","RaMCONdy","RaMCONdy_fdd",42,"fdd","RaMCONdy","RaMCONdy_fdd","Mixed Conifer - Eastside Dry",1
"8_53_47_96179",12,17,72,1786,1126,1702000804,"17020007","WNE","RaSAWD_fal_17020008","RaSAWD","RaSAWD_fal",2,"fal","RaSAWD","RaSAWD_fal","Subalpine Woodland",3
"8_53_47_93791",12,17,72,2283,960,1702000804,"17020007","WNE","RaSPFI_fcd_WNE","RaSPFI","RaSPFI_fcd",9,"fcd","RaSPFI","RaSPFI_fcd","Spruce - Fir",4
"8_53_47_68697",12,17,72,2283,1403,1702000804,"17020007","WNE","RaSPFI_fcd_WNE","RaSPFI","RaSPFI_fcd",9,"fcd","RaSPFI","RaSPFI_fcd","Spruce - Fir",4
"8_53_47_93580",12,17,72,46,1515,1702000804,"17020007","WNE","RaMCONdy_fdd_1702000804","RaMCONdy","RaMCONdy_fdd",42,"fdd","RaMCONdy","RaMCONdy_fdd","Mixed Conifer - Eastside Dry",1
"8_53_47_66941",12,17,72,2283,2577,1702000804,"17020007","WNE","RaSPFI_fcd_WNE","RaSPFI","RaSPFI_fcd",9,"fcd","RaSPFI","RaSPFI_fcd","Spruce - Fir",4
"8_53_47_84805",12,17,72,46,2100,1702000804,"17020007","WNE","RaMCONdy_fdd_1702000804","RaMCONdy","RaMCONdy_fdd",42,"fdd","RaMCONdy","RaMCONdy_fdd","Mixed Conifer - Eastside Dry",1
"8_53_47_86539",12,17,72,46,1064,1702000804,"17020007","WNE","RaMCONdy_fdd_1702000804","RaMCONdy","RaMCONdy_fdd",42,"fdd","RaMCONdy","RaMCONdy_fdd","Mixed Conifer - Eastside Dry",1
"8_53_47_76429",12,17,72,46,2539,1702000804,"17020007","WNE","RaMCONdy_fdd_1702000804","RaMCONdy","RaMCONdy_fdd",42,"fdd","RaMCONdy","RaMCONdy_fdd","Mixed Conifer - Eastside Dry",1
"3_41_69_60474",2,66,380,584,1007,1707020408,"17070203","OBM","RaMCONdy_fdd_1707020408","RaMCONdy","RaMCONdy_fdd",42,"fdd","RaMCONdy","RaMCONdy_fdd","Mixed Conifer - Eastside Dry",1
"3_41_69_86358",2,66,374,2028,441,1707020402,"17070203","OBM","RaPIPOxe_fxp_17070204","RaPIPOxe","RaPIPOxe_fxp",56,"fxp","RaPIPOxe","RaPIPOxe_fxp","Ponderosa Pine - Xeric",3
"3_41_69_59731",2,66,374,2028,871,1707020402,"17070203","OBM","RaPIPOxe_fxp_17070204","RaPIPOxe","RaPIPOxe_fxp",56,"fxp","RaPIPOxe","RaPIPOxe_fxp","Ponderosa Pine - Xeric",3
"8_53_47_95334",12,17,72,46,1862,1702000804,"17020007","WNE","RaMCONdy_fdd_1702000804","RaMCONdy","RaMCONdy_fdd",42,"fdd","RaMCONdy","RaMCONdy_fdd","Mixed Conifer - Eastside Dry",1
"3_41_69_96173",2,63,355,2091,1167,1707020112,"17070106","OBM","RaMCONms_fcm_17070201","RaMCONms","RaMCONms_fcm",22,"fcm","RaMCONms","RaMCONms_fcm","Mixed Conifer - Eastside Mesic",3
"3_41_69_69103",2,63,355,2091,1514,1707020112,"17070106","OBM","RaMCONms_fcm_17070201","RaMCONms","RaMCONms_fcm",22,"fcm","RaMCONms","RaMCONms_fcm","Mixed Conifer - Eastside Mesic",3
"3_41_13_88268",2,70,417,2117,1589,1707030403,"17070303","OBM","RaMCONms_fcm_17070304","RaMCONms","RaMCONms_fcm",22,"fcm","RaMCONms","RaMCONms_fcm","Mixed Conifer - Eastside Mesic",3
"8_53_47_56475",12,17,72,46,3037,1702000804,"17020007","WNE","RaMCONdy_fdd_1702000804","RaMCONdy","RaMCONdy_fdd",42,"fdd","RaMCONdy","RaMCONdy_fdd","Mixed Conifer - Eastside Dry",1
"3_41_13_54599",2,70,417,830,2383,1707030403,"17070303","OBM","RaMCONdy_fdg_1707030403","RaMCONdy","RaMCONdy_fdg",23,"fdg","RaMCONdy","RaMCONdy_fdg","Mixed Conifer - Eastside Dry",1
"3_41_13_69035",2,70,417,834,1740,1707030403,"17070303","OBM","RaPIPOm_fdp_1707030403","RaPIPOm","RaPIPOm_fdp",52,"fdp","RaPIPOm","RaPIPOm_fdp","Dry Ponderosa Pine - Mesic",1
"3_41_13_60095",2,70,417,834,1493,1707030403,"17070303","OBM","RaPIPOm_fdp_1707030403","RaPIPOm","RaPIPOm_fdp",52,"fdp","RaPIPOm","RaPIPOm_fdp","Dry Ponderosa Pine - Mesic",1
"3_41_13_85191",2,70,419,886,1607,1707030405,"17070303","OBM","RaPIPOm_fdp_1707030405","RaPIPOm","RaPIPOm_fdp",52,"fdp","RaPIPOm","RaPIPOm_fdp","Dry Ponderosa Pine - Mesic",1
"3_41_13_51950",2,70,419,2123,1461,1707030405,"17070303","OBM","RaPIPOxe_fxp_17070304","RaPIPOxe","RaPIPOxe_fxp",56,"fxp","RaPIPOxe","RaPIPOxe_fxp","Ponderosa Pine - Xeric",3
"3_41_13_52572",2,70,416,2123,41,1707030402,"17070303","OBM","RaPIPOxe_fxp_17070304","RaPIPOxe","RaPIPOxe_fxp",56,"fxp","RaPIPOxe","RaPIPOxe_fxp","Ponderosa Pine - Xeric",3
"8_53_47_98507",12,17,72,46,1565,1702000804,"17020007","WNE","RaMCONdy_fdd_1702000804","RaMCONdy","RaMCONdy_fdd",42,"fdd","RaMCONdy","RaMCONdy_fdd","Mixed Conifer - Eastside Dry",1
"3_41_13_64441",2,69,414,2133,140,1707030310,"17070302","OBM","RaPIPOxe_fxp_17070303","RaPIPOxe","RaPIPOxe_fxp",56,"fxp","RaPIPOxe","RaPIPOxe_fxp","Ponderosa Pine - Xeric",3
"3_41_13_90918",2,69,414,2133,25,1707030310,"17070302","OBM","RaPIPOxe_fxp_17070303","RaPIPOxe","RaPIPOxe_fxp",56,"fxp","RaPIPOxe","RaPIPOxe_fxp","Ponderosa Pine - Xeric",3
"8_53_47_77674",12,17,74,58,1395,1702000806,"17020007","WNE","RaMCONdy_fdd_1702000806","RaMCONdy","RaMCONdy_fdd",42,"fdd","RaMCONdy","RaMCONdy_fdd","Mixed Conifer - Eastside Dry",1
"8_53_47_72221",12,17,74,58,2088,1702000806,"17020007","WNE","RaMCONdy_fdd_1702000806","RaMCONdy","RaMCONdy_fdd",42,"fdd","RaMCONdy","RaMCONdy_fdd","Mixed Conifer - Eastside Dry",1
"8_53_47_62555",12,17,74,58,1530,1702000806,"17020007","WNE","RaMCONdy_fdd_1702000806","RaMCONdy","RaMCONdy_fdd",42,"fdd","RaMCONdy","RaMCONdy_fdd","Mixed Conifer - Eastside Dry",1
"3_41_37_90838",4,151,854,2176,73,1712000515,"17120004","OEC","RaPIPOxe_fxp_17120005","RaPIPOxe","RaPIPOxe_fxp",56,"fxp","RaPIPOxe","RaPIPOxe_fxp","Ponderosa Pine - Xeric",3
"8_53_47_70608",12,17,75,99,868,1702000807,"17020007","WNE","RaMCONdy_fdd_1702000807","RaMCONdy","RaMCONdy_fdd",42,"fdd","RaMCONdy","RaMCONdy_fdd","Mixed Conifer - Eastside Dry",1
"8_53_47_84233",12,17,75,99,965,1702000807,"17020007","WNE","RaMCONdy_fdd_1702000807","RaMCONdy","RaMCONdy_fdd",42,"fdd","RaMCONdy","RaMCONdy_fdd","Mixed Conifer - Eastside Dry",1
"8_53_47_99654",12,17,75,99,1504,1702000807,"17020007","WNE","RaMCONdy_fdd_1702000807","RaMCONdy","RaMCONdy_fdd",42,"fdd","RaMCONdy","RaMCONdy_fdd","Mixed Conifer - Eastside Dry",1
"8_53_47_61686",12,17,75,99,2284,1702000807,"17020007","WNE","RaMCONdy_fdd_1702000807","RaMCONdy","RaMCONdy_fdd",42,"fdd","RaMCONdy","RaMCONdy_fdd","Mixed Conifer - Eastside Dry",1
"8_53_47_68847",12,17,75,99,1660,1702000807,"17020007","WNE","RaMCONdy_fdd_1702000807","RaMCONdy","RaMCONdy_fdd",42,"fdd","RaMCONdy","RaMCONdy_fdd","Mixed Conifer - Eastside Dry",1
"8_53_47_80158",12,17,75,99,1693,1702000807,"17020007","WNE","RaMCONdy_fdd_1702000807","RaMCONdy","RaMCONdy_fdd",42,"fdd","RaMCONdy","RaMCONdy_fdd","Mixed Conifer - Eastside Dry",1
"8_53_47_86632",12,17,75,99,2111,1702000807,"17020007","WNE","RaMCONdy_fdd_1702000807","RaMCONdy","RaMCONdy_fdd",42,"fdd","RaMCONdy","RaMCONdy_fdd","Mixed Conifer - Eastside Dry",1
"8_53_47_90566",12,14,54,102,674,1702000505,"17020004","WNE","RaMCONdy_fmd_1702000505","RaMCONdy","RaMCONdy_fmd",28,"fmd","RaMCONdy","RaMCONdy_fmd","Mixed Conifer - Eastside Dry",1
"8_53_47_80000",12,17,75,2283,1227,1702000807,"17020007","WNE","RaSPFI_fcd_WNE","RaSPFI","RaSPFI_fcd",9,"fcd","RaSPFI","RaSPFI_fcd","Spruce - Fir",4
"8_53_7_73576",10,18,78,119,461,1702000903,"17020008","WEC","RaMCONdy_fmd_1702000903","RaMCONdy","RaMCONdy_fmd",28,"fmd","RaMCONdy","RaMCONdy_fmd","Mixed Conifer - Eastside Dry",1
"8_53_47_51261",12,17,71,2283,2917,1702000803,"17020007","WNE","RaSPFI_fcd_WNE","RaSPFI","RaSPFI_fcd",9,"fcd","RaSPFI","RaSPFI_fcd","Spruce - Fir",4
"8_53_47_81109",12,17,71,28,1243,1702000803,"17020007","WNE","RaMCONdy_fdd_1702000803","RaMCONdy","RaMCONdy_fdd",42,"fdd","RaMCONdy","RaMCONdy_fdd","Mixed Conifer - Eastside Dry",1
"8_53_47_95461",12,17,72,2283,1645,1702000804,"17020007","WNE","RaSPFI_fcd_WNE","RaSPFI","RaSPFI_fcd",9,"fcd","RaSPFI","RaSPFI_fcd","Spruce - Fir",4
"8_53_47_71854",12,17,72,2283,1022,1702000804,"17020007","WNE","RaSPFI_fcd_WNE","RaSPFI","RaSPFI_fcd",9,"fcd","RaSPFI","RaSPFI_fcd","Spruce - Fir",4
"8_53_47_91569",12,17,72,2283,2211,1702000804,"17020007","WNE","RaSPFI_fcd_WNE","RaSPFI","RaSPFI_fcd",9,"fcd","RaSPFI","RaSPFI_fcd","Spruce - Fir",4
"8_53_47_51734",12,17,72,2283,2268,1702000804,"17020007","WNE","RaSPFI_fcd_WNE","RaSPFI","RaSPFI_fcd",9,"fcd","RaSPFI","RaSPFI_fcd","Spruce - Fir",4
"8_53_47_62827",12,17,72,2283,2759,1702000804,"17020007","WNE","RaSPFI_fcd_WNE","RaSPFI","RaSPFI_fcd",9,"fcd","RaSPFI","RaSPFI_fcd","Spruce - Fir",4
"8_53_47_77985",12,17,72,2283,2744,1702000804,"17020007","WNE","RaSPFI_fcd_WNE","RaSPFI","RaSPFI_fcd",9,"fcd","RaSPFI","RaSPFI_fcd","Spruce - Fir",4
"3_41_69_70796",2,66,380,584,1517,1707020408,"17070203","OBM","RaMCONdy_fdd_1707020408","RaMCONdy","RaMCONdy_fdd",42,"fdd","RaMCONdy","RaMCONdy_fdd","Mixed Conifer - Eastside Dry",1
"8_53_47_88487",12,17,72,46,1949,1702000804,"17020007","WNE","RaMCONdy_fdd_1702000804","RaMCONdy","RaMCONdy_fdd",42,"fdd","RaMCONdy","RaMCONdy_fdd","Mixed Conifer - Eastside Dry",1
"3_41_69_67795",2,66,374,646,1199,1707020402,"17070203","OBM","RaMCONdy_fdd_1707020402","RaMCONdy","RaMCONdy_fdd",42,"fdd","RaMCONdy","RaMCONdy_fdd","Mixed Conifer - Eastside Dry",1
"3_41_69_91907",2,66,374,2028,1241,1707020402,"17070203","OBM","RaPIPOxe_fxp_17070204","RaPIPOxe","RaPIPOxe_fxp",56,"fxp","RaPIPOxe","RaPIPOxe_fxp","Ponderosa Pine - Xeric",3
"3_41_69_52462",2,66,374,2028,61,1707020402,"17070203","OBM","RaPIPOxe_fxp_17070204","RaPIPOxe","RaPIPOxe_fxp",56,"fxp","RaPIPOxe","RaPIPOxe_fxp","Ponderosa Pine - Xeric",3
"8_53_47_89376",12,17,72,2283,2343,1702000804,"17020007","WNE","RaSPFI_fcd_WNE","RaSPFI","RaSPFI_fcd",9,"fcd","RaSPFI","RaSPFI_fcd","Spruce - Fir",4
"3_41_69_72635",2,66,374,2028,596,1707020402,"17070203","OBM","RaPIPOxe_fxp_17070204","RaPIPOxe","RaPIPOxe_fxp",56,"fxp","RaPIPOxe","RaPIPOxe_fxp","Ponderosa Pine - Xeric",3
"3_41_69_52958",2,66,374,2064,603,1707020402,"17070203","OBM","RaMCONms_fcm_17070204","RaMCONms","RaMCONms_fcm",22,"fcm","RaMCONms","RaMCONms_fcm","Mixed Conifer - Eastside Mesic",3
"3_41_69_90991",2,66,375,755,610,1707020403,"17070203","OBM","RaMCONdy_fdd_1707020403","RaMCONdy","RaMCONdy_fdd",42,"fdd","RaMCONdy","RaMCONdy_fdd","Mixed Conifer - Eastside Dry",1
"3_41_69_87021",2,63,355,750,1044,1707020112,"17070106","OBM","RaPIPOm_fdp_1707020112","RaPIPOm","RaPIPOm_fdp",52,"fdp","RaPIPOm","RaPIPOm_fdp","Dry Ponderosa Pine - Mesic",1
"3_41_69_82598",2,63,355,2091,1464,1707020112,"17070106","OBM","RaMCONms_fcm_17070201","RaMCONms","RaMCONms_fcm",22,"fcm","RaMCONms","RaMCONms_fcm","Mixed Conifer - Eastside Mesic",3
"3_41_69_59608",2,70,418,2117,1040,1707030404,"17070303","OBM","RaMCONms_fcm_17070304","RaMCONms","RaMCONms_fcm",22,"fcm","RaMCONms","RaMCONms_fcm","Mixed Conifer - Eastside Mesic",3
"3_41_13_93747",2,70,418,838,1110,1707030404,"17070303","OBM","RaMCONdy_fdg_1707030404","RaMCONdy","RaMCONdy_fdg",23,"fdg","RaMCONdy","RaMCONdy_fdg","Mixed Conifer - Eastside Dry",1
"8_53_47_90434",12,17,72,2283,1754,1702000804,"17020007","WNE","RaSPFI_fcd_WNE","RaSPFI","RaSPFI_fcd",9,"fcd","RaSPFI","RaSPFI_fcd","Spruce - Fir",4
"3_41_13_74616",2,70,418,838,1967,1707030404,"17070303","OBM","RaMCONdy_fdg_1707030404","RaMCONdy","RaMCONdy_fdg",23,"fdg","RaMCONdy","RaMCONdy_fdg","Mixed Conifer - Eastside Dry",1
"3_41_13_66641",2,70,418,838,990,1707030404,"17070303","OBM","RaMCONdy_fdg_1707030404","RaMCONdy","RaMCONdy_fdg",23,"fdg","RaMCONdy","RaMCONdy_fdg","Mixed Conifer - Eastside Dry",1
"3_41_13_68264",2,70,418,836,816,1707030404,"17070303","OBM","RaPIPOm_fdp_1707030404","RaPIPOm","RaPIPOm_fdp",52,"fdp","RaPIPOm","RaPIPOm_fdp","Dry Ponderosa Pine - Mesic",1
"3_41_13_94188",2,70,418,836,1294,1707030404,"17070303","OBM","RaPIPOm_fdp_1707030404","RaPIPOm","RaPIPOm_fdp",52,"fdp","RaPIPOm","RaPIPOm_fdp","Dry Ponderosa Pine - Mesic",1
"3_41_13_72175",2,69,412,2133,744,1707030308,"17070302","OBM","RaPIPOxe_fxp_17070303","RaPIPOxe","RaPIPOxe_fxp",56,"fxp","RaPIPOxe","RaPIPOxe_fxp","Ponderosa Pine - Xeric",3
"3_41_13_76505",2,69,412,2133,136,1707030308,"17070302","OBM","RaPIPOxe_fxp_17070303","RaPIPOxe","RaPIPOxe_fxp",56,"fxp","RaPIPOxe","RaPIPOxe_fxp","Ponderosa Pine - Xeric",3
"8_53_47_61345",12,17,72,2283,3068,1702000804,"17020007","WNE","RaSPFI_fcd_WNE","RaSPFI","RaSPFI_fcd",9,"fcd","RaSPFI","RaSPFI_fcd","Spruce - Fir",4
"3_41_13_88539",2,69,414,2133,3,1707030310,"17070302","OBM","RaPIPOxe_fxp_17070303","RaPIPOxe","RaPIPOxe_fxp",56,"fxp","RaPIPOxe","RaPIPOxe_fxp","Ponderosa Pine - Xeric",3
"3_41_13_67094",2,69,414,2133,27,1707030310,"17070302","OBM","RaPIPOxe_fxp_17070303","RaPIPOxe","RaPIPOxe_fxp",56,"fxp","RaPIPOxe","RaPIPOxe_fxp","Ponderosa Pine - Xeric",3
"3_41_13_91196",2,69,414,2133,62,1707030310,"17070302","OBM","RaPIPOxe_fxp_17070303","RaPIPOxe","RaPIPOxe_fxp",56,"fxp","RaPIPOxe","RaPIPOxe_fxp","Ponderosa Pine - Xeric",3
"8_53_47_64615",12,17,74,2283,1537,1702000806,"17020007","WNE","RaSPFI_fcd_WNE","RaSPFI","RaSPFI_fcd",9,"fcd","RaSPFI","RaSPFI_fcd","Spruce - Fir",4
"8_53_47_91257",12,17,74,58,1083,1702000806,"17020007","WNE","RaMCONdy_fdd_1702000806","RaMCONdy","RaMCONdy_fdd",42,"fdd","RaMCONdy","RaMCONdy_fdd","Mixed Conifer - Eastside Dry",1
"8_53_47_74040",12,17,74,2283,2117,1702000806,"17020007","WNE","RaSPFI_fcd_WNE","RaSPFI","RaSPFI_fcd",9,"fcd","RaSPFI","RaSPFI_fcd","Spruce - Fir",4
"8_53_47_68315",12,17,71,1786,2188,1702000803,"17020007","WNE","RaSAWD_fal_17020008","RaSAWD","RaSAWD_fal",2,"fal","RaSAWD","RaSAWD_fal","Subalpine Woodland",3
"8_53_47_63229",12,17,74,58,1183,1702000806,"17020007","WNE","RaMCONdy_fdd_1702000806","RaMCONdy","RaMCONdy_fdd",42,"fdd","RaMCONdy","RaMCONdy_fdd","Mixed Conifer - Eastside Dry",1
"8_53_47_65630",12,17,74,58,961,1702000806,"17020007","WNE","RaMCONdy_fdd_1702000806","RaMCONdy","RaMCONdy_fdd",42,"fdd","RaMCONdy","RaMCONdy_fdd","Mixed Conifer - Eastside Dry",1
"8_53_47_93249",12,17,75,99,339,1702000807,"17020007","WNE","RaMCONdy_fdd_1702000807","RaMCONdy","RaMCONdy_fdd",42,"fdd","RaMCONdy","RaMCONdy_fdd","Mixed Conifer - Eastside Dry",1
"8_53_47_72528",12,17,75,99,791,1702000807,"17020007","WNE","RaMCONdy_fdd_1702000807","RaMCONdy","RaMCONdy_fdd",42,"fdd","RaMCONdy","RaMCONdy_fdd","Mixed Conifer - Eastside Dry",1
"8_53_47_87972",12,17,75,99,702,1702000807,"17020007","WNE","RaMCONdy_fdd_1702000807","RaMCONdy","RaMCONdy_fdd",42,"fdd","RaMCONdy","RaMCONdy_fdd","Mixed Conifer - Eastside Dry",1
"8_53_47_91984",12,17,75,99,1027,1702000807,"17020007","WNE","RaMCONdy_fdd_1702000807","RaMCONdy","RaMCONdy_fdd",42,"fdd","RaMCONdy","RaMCONdy_fdd","Mixed Conifer - Eastside Dry",1
"8_53_47_97233",12,17,75,99,2075,1702000807,"17020007","WNE","RaMCONdy_fdd_1702000807","RaMCONdy","RaMCONdy_fdd",42,"fdd","RaMCONdy","RaMCONdy_fdd","Mixed Conifer - Eastside Dry",1
"8_53_47_75596",12,14,54,102,931,1702000505,"17020004","WNE","RaMCONdy_fmd_1702000505","RaMCONdy","RaMCONdy_fmd",28,"fmd","RaMCONdy","RaMCONdy_fmd","Mixed Conifer - Eastside Dry",1
"8_53_7_82133",10,18,78,119,1408,1702000903,"17020008","WEC","RaMCONdy_fmd_1702000903","RaMCONdy","RaMCONdy_fmd",28,"fmd","RaMCONdy","RaMCONdy_fmd","Mixed Conifer - Eastside Dry",1
"8_53_7_78463",12,14,54,102,1174,1702000505,"17020004","WNE","RaMCONdy_fmd_1702000505","RaMCONdy","RaMCONdy_fmd",28,"fmd","RaMCONdy","RaMCONdy_fmd","Mixed Conifer - Eastside Dry",1
"8_53_47_94015",12,17,71,2283,2856,1702000803,"17020007","WNE","RaSPFI_fcd_WNE","RaSPFI","RaSPFI_fcd",9,"fcd","RaSPFI","RaSPFI_fcd","Spruce - Fir",4
"8_53_47_53705",12,17,71,2283,2071,1702000803,"17020007","WNE","RaSPFI_fcd_WNE","RaSPFI","RaSPFI_fcd",9,"fcd","RaSPFI","RaSPFI_fcd","Spruce - Fir",4
"8_53_47_92563",12,17,71,28,660,1702000803,"17020007","WNE","RaMCONdy_fdd_1702000803","RaMCONdy","RaMCONdy_fdd",42,"fdd","RaMCONdy","RaMCONdy_fdd","Mixed Conifer - Eastside Dry",1
"8_53_47_92254",12,17,71,2283,1691,1702000803,"17020007","WNE","RaSPFI_fcd_WNE","RaSPFI","RaSPFI_fcd",9,"fcd","RaSPFI","RaSPFI_fcd","Spruce - Fir",4
"8_53_47_77461",12,17,71,2283,1970,1702000803,"17020007","WNE","RaSPFI_fcd_WNE","RaSPFI","RaSPFI_fcd",9,"fcd","RaSPFI","RaSPFI_fcd","Spruce - Fir",4
"8_53_47_77562",12,17,72,2283,1753,1702000804,"17020007","WNE","RaSPFI_fcd_WNE","RaSPFI","RaSPFI_fcd",9,"fcd","RaSPFI","RaSPFI_fcd","Spruce - Fir",4
"8_53_47_95932",12,17,72,2283,1456,1702000804,"17020007","WNE","RaSPFI_fcd_WNE","RaSPFI","RaSPFI_fcd",9,"fcd","RaSPFI","RaSPFI_fcd","Spruce - Fir",4
"8_53_47_64665",12,17,72,2283,1801,1702000804,"17020007","WNE","RaSPFI_fcd_WNE","RaSPFI","RaSPFI_fcd",9,"fcd","RaSPFI","RaSPFI_fcd","Spruce - Fir",4
"8_53_47_71680",12,17,72,2283,2976,1702000804,"17020007","WNE","RaSPFI_fcd_WNE","RaSPFI","RaSPFI_fcd",9,"fcd","RaSPFI","RaSPFI_fcd","Spruce - Fir",4
"8_53_47_57966",12,17,72,2283,2002,1702000804,"17020007","WNE","RaSPFI_fcd_WNE","RaSPFI","RaSPFI_fcd",9,"fcd","RaSPFI","RaSPFI_fcd","Spruce - Fir",4
"8_53_47_72610",12,17,72,2283,2854,1702000804,"17020007","WNE","RaSPFI_fcd_WNE","RaSPFI","RaSPFI_fcd",9,"fcd","RaSPFI","RaSPFI_fcd","Spruce - Fir",4
"8_53_47_84544",12,17,72,2283,2206,1702000804,"17020007","WNE","RaSPFI_fcd_WNE","RaSPFI","RaSPFI_fcd",9,"fcd","RaSPFI","RaSPFI_fcd","Spruce - Fir",4
"3_41_69_52430",2,66,373,635,904,1707020401,"17070203","OBM","RaMCONdy_fdd_1707020401","RaMCONdy","RaMCONdy_fdd",42,"fdd","RaMCONdy","RaMCONdy_fdd","Mixed Conifer - Eastside Dry",1
"3_41_69_51103",2,66,373,2028,599,1707020401,"17070203","OBM","RaPIPOxe_fxp_17070204","RaPIPOxe","RaPIPOxe_fxp",56,"fxp","RaPIPOxe","RaPIPOxe_fxp","Ponderosa Pine - Xeric",3
"3_41_69_59144",2,66,374,2028,160,1707020402,"17070203","OBM","RaPIPOxe_fxp_17070204","RaPIPOxe","RaPIPOxe_fxp",56,"fxp","RaPIPOxe","RaPIPOxe_fxp","Ponderosa Pine - Xeric",3
"3_41_69_73230",2,66,374,2028,13,1707020402,"17070203","OBM","RaPIPOxe_fxp_17070204","RaPIPOxe","RaPIPOxe_fxp",56,"fxp","RaPIPOxe","RaPIPOxe_fxp","Ponderosa Pine - Xeric",3
"8_53_47_94759",12,17,72,2283,2919,1702000804,"17020007","WNE","RaSPFI_fcd_WNE","RaSPFI","RaSPFI_fcd",9,"fcd","RaSPFI","RaSPFI_fcd","Spruce - Fir",4
"3_41_69_98156",2,66,374,646,605,1707020402,"17070203","OBM","RaMCONdy_fdd_1707020402","RaMCONdy","RaMCONdy_fdd",42,"fdd","RaMCONdy","RaMCONdy_fdd","Mixed Conifer - Eastside Dry",1
"3_41_69_72303",2,63,355,749,1322,1707020112,"17070106","OBM","RaMCONdy_fdd_1707020112","RaMCONdy","RaMCONdy_fdd",42,"fdd","RaMCONdy","RaMCONdy_fdd","Mixed Conifer - Eastside Dry",1
"3_41_69_87460",2,63,355,749,167,1707020112,"17070106","OBM","RaMCONdy_fdd_1707020112","RaMCONdy","RaMCONdy_fdd",42,"fdd","RaMCONdy","RaMCONdy_fdd","Mixed Conifer - Eastside Dry",1
"3_41_69_65930",2,63,355,2091,1906,1707020112,"17070106","OBM","RaMCONms_fcm_17070201","RaMCONms","RaMCONms_fcm",22,"fcm","RaMCONms","RaMCONms_fcm","Mixed Conifer - Eastside Mesic",3
"8_53_47_83901",12,17,72,2283,3280,1702000804,"17020007","WNE","RaSPFI_fcd_WNE","RaSPFI","RaSPFI_fcd",9,"fcd","RaSPFI","RaSPFI_fcd","Spruce - Fir",4
"3_41_13_73329",2,70,418,838,1388,1707030404,"17070303","OBM","RaMCONdy_fdg_1707030404","RaMCONdy","RaMCONdy_fdg",23,"fdg","RaMCONdy","RaMCONdy_fdg","Mixed Conifer - Eastside Dry",1
"3_41_13_66297",2,70,418,838,1582,1707030404,"17070303","OBM","RaMCONdy_fdg_1707030404","RaMCONdy","RaMCONdy_fdg",23,"fdg","RaMCONdy","RaMCONdy_fdg","Mixed Conifer - Eastside Dry",1
"3_41_13_52849",2,69,412,889,596,1707030308,"17070302","OBM","RaPIPOm_fdp_1707030308","RaPIPOm","RaPIPOm_fdp",52,"fdp","RaPIPOm","RaPIPOm_fdp","Dry Ponderosa Pine - Mesic",1
"3_41_13_81122",2,70,418,836,1234,1707030404,"17070303","OBM","RaPIPOm_fdp_1707030404","RaPIPOm","RaPIPOm_fdp",52,"fdp","RaPIPOm","RaPIPOm_fdp","Dry Ponderosa Pine - Mesic",1
"3_41_13_61798",2,69,412,889,712,1707030308,"17070302","OBM","RaPIPOm_fdp_1707030308","RaPIPOm","RaPIPOm_fdp",52,"fdp","RaPIPOm","RaPIPOm_fdp","Dry Ponderosa Pine - Mesic",1
"3_41_13_90786",2,69,412,2133,16,1707030308,"17070302","OBM","RaPIPOxe_fxp_17070303","RaPIPOxe","RaPIPOxe_fxp",56,"fxp","RaPIPOxe","RaPIPOxe_fxp","Ponderosa Pine - Xeric",3
"8_53_47_78329",12,17,74,2283,1383,1702000806,"17020007","WNE","RaSPFI_fcd_WNE","RaSPFI","RaSPFI_fcd",9,"fcd","RaSPFI","RaSPFI_fcd","Spruce - Fir",4
"8_53_47_66911",12,17,74,2283,1502,1702000806,"17020007","WNE","RaSPFI_fcd_WNE","RaSPFI","RaSPFI_fcd",9,"fcd","RaSPFI","RaSPFI_fcd","Spruce - Fir",4
"8_53_47_71493",12,17,74,58,1392,1702000806,"17020007","WNE","RaMCONdy_fdd_1702000806","RaMCONdy","RaMCONdy_fdd",42,"fdd","RaMCONdy","RaMCONdy_fdd","Mixed Conifer - Eastside Dry",1
"8_53_47_53529",12,17,74,58,2125,1702000806,"17020007","WNE","RaMCONdy_fdd_1702000806","RaMCONdy","RaMCONdy_fdd",42,"fdd","RaMCONdy","RaMCONdy_fdd","Mixed Conifer - Eastside Dry",1
"8_53_47_74135",12,17,74,58,2452,1702000806,"17020007","WNE","RaMCONdy_fdd_1702000806","RaMCONdy","RaMCONdy_fdd",42,"fdd","RaMCONdy","RaMCONdy_fdd","Mixed Conifer - Eastside Dry",1
"8_53_47_77504",12,17,74,58,1506,1702000806,"17020007","WNE","RaMCONdy_fdd_1702000806","RaMCONdy","RaMCONdy_fdd",42,"fdd","RaMCONdy","RaMCONdy_fdd","Mixed Conifer - Eastside Dry",1
"8_53_47_51139",12,17,74,58,1636,1702000806,"17020007","WNE","RaMCONdy_fdd_1702000806","RaMCONdy","RaMCONdy_fdd",42,"fdd","RaMCONdy","RaMCONdy_fdd","Mixed Conifer - Eastside Dry",1
"8_53_47_52296",12,17,74,58,815,1702000806,"17020007","WNE","RaMCONdy_fdd_1702000806","RaMCONdy","RaMCONdy_fdd",42,"fdd","RaMCONdy","RaMCONdy_fdd","Mixed Conifer - Eastside Dry",1
"8_53_47_74648",12,17,74,58,1155,1702000806,"17020007","WNE","RaMCONdy_fdd_1702000806","RaMCONdy","RaMCONdy_fdd",42,"fdd","RaMCONdy","RaMCONdy_fdd","Mixed Conifer - Eastside Dry",1
"8_53_47_99766",12,17,74,58,1160,1702000806,"17020007","WNE","RaMCONdy_fdd_1702000806","RaMCONdy","RaMCONdy_fdd",42,"fdd","RaMCONdy","RaMCONdy_fdd","Mixed Conifer - Eastside Dry",1
"8_53_47_53733",12,17,74,58,2265,1702000806,"17020007","WNE","RaMCONdy_fdd_1702000806","RaMCONdy","RaMCONdy_fdd",42,"fdd","RaMCONdy","RaMCONdy_fdd","Mixed Conifer - Eastside Dry",1
"8_53_47_63560",12,17,75,99,1866,1702000807,"17020007","WNE","RaMCONdy_fdd_1702000807","RaMCONdy","RaMCONdy_fdd",42,"fdd","RaMCONdy","RaMCONdy_fdd","Mixed Conifer - Eastside Dry",1
"8_53_47_71477",12,17,75,99,1584,1702000807,"17020007","WNE","RaMCONdy_fdd_1702000807","RaMCONdy","RaMCONdy_fdd",42,"fdd","RaMCONdy","RaMCONdy_fdd","Mixed Conifer - Eastside Dry",1
"8_53_47_98203",12,17,75,99,2374,1702000807,"17020007","WNE","RaMCONdy_fdd_1702000807","RaMCONdy","RaMCONdy_fdd",42,"fdd","RaMCONdy","RaMCONdy_fdd","Mixed Conifer - Eastside Dry",1
"8_53_47_73741",12,14,54,102,1896,1702000505,"17020004","WNE","RaMCONdy_fmd_1702000505","RaMCONdy","RaMCONdy_fmd",28,"fmd","RaMCONdy","RaMCONdy_fmd","Mixed Conifer - Eastside Dry",1
"8_53_47_83120",12,17,71,2283,1883,1702000803,"17020007","WNE","RaSPFI_fcd_WNE","RaSPFI","RaSPFI_fcd",9,"fcd","RaSPFI","RaSPFI_fcd","Spruce - Fir",4
"8_53_47_82404",12,17,71,2283,1278,1702000803,"17020007","WNE","RaSPFI_fcd_WNE","RaSPFI","RaSPFI_fcd",9,"fcd","RaSPFI","RaSPFI_fcd","Spruce - Fir",4
"8_53_47_64836",12,17,71,2283,1223,1702000803,"17020007","WNE","RaSPFI_fcd_WNE","RaSPFI","RaSPFI_fcd",9,"fcd","RaSPFI","RaSPFI_fcd","Spruce - Fir",4
"8_53_47_85542",12,17,71,2283,822,1702000803,"17020007","WNE","RaSPFI_fcd_WNE","RaSPFI","RaSPFI_fcd",9,"fcd","RaSPFI","RaSPFI_fcd","Spruce - Fir",4
"8_53_47_70950",12,17,71,2283,1314,1702000803,"17020007","WNE","RaSPFI_fcd_WNE","RaSPFI","RaSPFI_fcd",9,"fcd","RaSPFI","RaSPFI_fcd","Spruce - Fir",4
"8_53_47_80958",12,17,72,2283,1682,1702000804,"17020007","WNE","RaSPFI_fcd_WNE","RaSPFI","RaSPFI_fcd",9,"fcd","RaSPFI","RaSPFI_fcd","Spruce - Fir",4
"8_53_47_91201",12,17,72,2283,1544,1702000804,"17020007","WNE","RaSPFI_fcd_WNE","RaSPFI","RaSPFI_fcd",9,"fcd","RaSPFI","RaSPFI_fcd","Spruce - Fir",4
"8_53_47_83644",12,17,72,2283,1696,1702000804,"17020007","WNE","RaSPFI_fcd_WNE","RaSPFI","RaSPFI_fcd",9,"fcd","RaSPFI","RaSPFI_fcd","Spruce - Fir",4
"8_53_47_53736",12,17,72,1786,2014,1702000804,"17020007","WNE","RaSAWD_fal_17020008","RaSAWD","RaSAWD_fal",2,"fal","RaSAWD","RaSAWD_fal","Subalpine Woodland",3
"8_53_47_94214",12,17,72,2283,3302,1702000804,"17020007","WNE","RaSPFI_fcd_WNE","RaSPFI","RaSPFI_fcd",9,"fcd","RaSPFI","RaSPFI_fcd","Spruce - Fir",4
"3_41_69_75204",2,66,380,584,1838,1707020408,"17070203","OBM","RaMCONdy_fdd_1707020408","RaMCONdy","RaMCONdy_fdd",42,"fdd","RaMCONdy","RaMCONdy_fdd","Mixed Conifer - Eastside Dry",1
"3_41_69_77919",2,66,383,566,1383,1707020411,"17070203","OBM","RaMCONdy_fdd_1707020411","RaMCONdy","RaMCONdy_fdd",42,"fdd","RaMCONdy","RaMCONdy_fdd","Mixed Conifer - Eastside Dry",1
"3_41_69_58807",2,66,383,581,592,1707020411,"17070203","OBM","RaMCONdy_fdg_1707020411","RaMCONdy","RaMCONdy_fdg",23,"fdg","RaMCONdy","RaMCONdy_fdg","Mixed Conifer - Eastside Dry",1
"3_41_69_99815",2,66,383,581,1334,1707020411,"17070203","OBM","RaMCONdy_fdg_1707020411","RaMCONdy","RaMCONdy_fdg",23,"fdg","RaMCONdy","RaMCONdy_fdg","Mixed Conifer - Eastside Dry",1
"8_53_47_87514",12,17,72,2283,3085,1702000804,"17020007","WNE","RaSPFI_fcd_WNE","RaSPFI","RaSPFI_fcd",9,"fcd","RaSPFI","RaSPFI_fcd","Spruce - Fir",4
"3_41_69_52511",2,66,373,2028,681,1707020401,"17070203","OBM","RaPIPOxe_fxp_17070204","RaPIPOxe","RaPIPOxe_fxp",56,"fxp","RaPIPOxe","RaPIPOxe_fxp","Ponderosa Pine - Xeric",3
"8_53_47_92003",12,17,72,1786,1356,1702000804,"17020007","WNE","RaSAWD_fal_17020008","RaSAWD","RaSAWD_fal",2,"fal","RaSAWD","RaSAWD_fal","Subalpine Woodland",3
"3_41_69_69961",2,63,355,2091,1270,1707020112,"17070106","OBM","RaMCONms_fcm_17070201","RaMCONms","RaMCONms_fcm",22,"fcm","RaMCONms","RaMCONms_fcm","Mixed Conifer - Eastside Mesic",3
"3_41_69_80062",2,70,418,838,1514,1707030404,"17070303","OBM","RaMCONdy_fdg_1707030404","RaMCONdy","RaMCONdy_fdg",23,"fdg","RaMCONdy","RaMCONdy_fdg","Mixed Conifer - Eastside Dry",1
"3_41_69_87182",2,70,418,838,853,1707030404,"17070303","OBM","RaMCONdy_fdg_1707030404","RaMCONdy","RaMCONdy_fdg",23,"fdg","RaMCONdy","RaMCONdy_fdg","Mixed Conifer - Eastside Dry",1
"8_53_47_60622",12,15,60,2283,1844,1702000620,"17020005","WNE","RaSPFI_fcd_WNE","RaSPFI","RaSPFI_fcd",9,"fcd","RaSPFI","RaSPFI_fcd","Spruce - Fir",4
"8_53_47_99435",12,15,60,2283,809,1702000620,"17020005","WNE","RaSPFI_fcd_WNE","RaSPFI","RaSPFI_fcd",9,"fcd","RaSPFI","RaSPFI_fcd","Spruce - Fir",4
"3_41_69_93855",2,70,418,838,976,1707030404,"17070303","OBM","RaMCONdy_fdg_1707030404","RaMCONdy","RaMCONdy_fdg",23,"fdg","RaMCONdy","RaMCONdy_fdg","Mixed Conifer - Eastside Dry",1
"3_41_13_93735",2,70,418,836,1626,1707030404,"17070303","OBM","RaPIPOm_fdp_1707030404","RaPIPOm","RaPIPOm_fdp",52,"fdp","RaPIPOm","RaPIPOm_fdp","Dry Ponderosa Pine - Mesic",1
"3_41_13_52383",2,70,418,836,1142,1707030404,"17070303","OBM","RaPIPOm_fdp_1707030404","RaPIPOm","RaPIPOm_fdp",52,"fdp","RaPIPOm","RaPIPOm_fdp","Dry Ponderosa Pine - Mesic",1
"3_41_13_89031",2,70,418,836,1144,1707030404,"17070303","OBM","RaPIPOm_fdp_1707030404","RaPIPOm","RaPIPOm_fdp",52,"fdp","RaPIPOm","RaPIPOm_fdp","Dry Ponderosa Pine - Mesic",1
"3_41_13_86320",2,70,418,836,1045,1707030404,"17070303","OBM","RaPIPOm_fdp_1707030404","RaPIPOm","RaPIPOm_fdp",52,"fdp","RaPIPOm","RaPIPOm_fdp","Dry Ponderosa Pine - Mesic",1
"3_41_13_52890",2,69,412,889,1060,1707030308,"17070302","OBM","RaPIPOm_fdp_1707030308","RaPIPOm","RaPIPOm_fdp",52,"fdp","RaPIPOm","RaPIPOm_fdp","Dry Ponderosa Pine - Mesic",1
"3_41_13_97773",2,69,412,889,498,1707030308,"17070302","OBM","RaPIPOm_fdp_1707030308","RaPIPOm","RaPIPOm_fdp",52,"fdp","RaPIPOm","RaPIPOm_fdp","Dry Ponderosa Pine - Mesic",1
"3_41_13_57482",2,69,412,2133,822,1707030308,"17070302","OBM","RaPIPOxe_fxp_17070303","RaPIPOxe","RaPIPOxe_fxp",56,"fxp","RaPIPOxe","RaPIPOxe_fxp","Ponderosa Pine - Xeric",3
"3_41_13_83318",2,69,412,889,657,1707030308,"17070302","OBM","RaPIPOm_fdp_1707030308","RaPIPOm","RaPIPOm_fdp",52,"fdp","RaPIPOm","RaPIPOm_fdp","Dry Ponderosa Pine - Mesic",1
"3_41_13_97414",2,69,413,871,45,1707030309,"17070302","OBM","RaMCONdy_fdd_1707030309","RaMCONdy","RaMCONdy_fdd",42,"fdd","RaMCONdy","RaMCONdy_fdd","Mixed Conifer - Eastside Dry",1
"3_41_13_62154",2,69,413,2133,17,1707030309,"17070302","OBM","RaPIPOxe_fxp_17070303","RaPIPOxe","RaPIPOxe_fxp",56,"fxp","RaPIPOxe","RaPIPOxe_fxp","Ponderosa Pine - Xeric",3
"8_53_47_67394",12,17,74,2283,1140,1702000806,"17020007","WNE","RaSPFI_fcd_WNE","RaSPFI","RaSPFI_fcd",9,"fcd","RaSPFI","RaSPFI_fcd","Spruce - Fir",4
"8_53_47_74297",12,17,74,2283,2297,1702000806,"17020007","WNE","RaSPFI_fcd_WNE","RaSPFI","RaSPFI_fcd",9,"fcd","RaSPFI","RaSPFI_fcd","Spruce - Fir",4
"8_53_47_58356",12,17,71,1786,1553,1702000803,"17020007","WNE","RaSAWD_fal_17020008","RaSAWD","RaSAWD_fal",2,"fal","RaSAWD","RaSAWD_fal","Subalpine Woodland",3
"8_53_47_77925",12,17,74,58,1580,1702000806,"17020007","WNE","RaMCONdy_fdd_1702000806","RaMCONdy","RaMCONdy_fdd",42,"fdd","RaMCONdy","RaMCONdy_fdd","Mixed Conifer - Eastside Dry",1
"8_53_47_60123",12,17,74,58,2388,1702000806,"17020007","WNE","RaMCONdy_fdd_1702000806","RaMCONdy","RaMCONdy_fdd",42,"fdd","RaMCONdy","RaMCONdy_fdd","Mixed Conifer - Eastside Dry",1
"8_53_47_51758",12,17,74,58,1569,1702000806,"17020007","WNE","RaMCONdy_fdd_1702000806","RaMCONdy","RaMCONdy_fdd",42,"fdd","RaMCONdy","RaMCONdy_fdd","Mixed Conifer - Eastside Dry",1
"8_53_47_80499",12,17,74,58,1939,1702000806,"17020007","WNE","RaMCONdy_fdd_1702000806","RaMCONdy","RaMCONdy_fdd",42,"fdd","RaMCONdy","RaMCONdy_fdd","Mixed Conifer - Eastside Dry",1
"3_41_37_92784",4,153,869,2228,5,1712000705,"17120006","OEC","RaPIPOxe_fxp_17120007","RaPIPOxe","RaPIPOxe_fxp",56,"fxp","RaPIPOxe","RaPIPOxe_fxp","Ponderosa Pine - Xeric",3
"8_53_47_71067",12,17,74,58,556,1702000806,"17020007","WNE","RaMCONdy_fdd_1702000806","RaMCONdy","RaMCONdy_fdd",42,"fdd","RaMCONdy","RaMCONdy_fdd","Mixed Conifer - Eastside Dry",1
"3_41_37_52052",4,153,867,2228,3,1712000703,"17120006","OEC","RaPIPOxe_fxp_17120007","RaPIPOxe","RaPIPOxe_fxp",56,"fxp","RaPIPOxe","RaPIPOxe_fxp","Ponderosa Pine - Xeric",3
"3_41_37_76585",4,153,869,2228,27,1712000705,"17120006","OEC","RaPIPOxe_fxp_17120007","RaPIPOxe","RaPIPOxe_fxp",56,"fxp","RaPIPOxe","RaPIPOxe_fxp","Ponderosa Pine - Xeric",3
"8_53_47_84300",12,17,74,58,1240,1702000806,"17020007","WNE","RaMCONdy_fdd_1702000806","RaMCONdy","RaMCONdy_fdd",42,"fdd","RaMCONdy","RaMCONdy_fdd","Mixed Conifer - Eastside Dry",1
"8_53_47_90843",12,17,74,58,1500,1702000806,"17020007","WNE","RaMCONdy_fdd_1702000806","RaMCONdy","RaMCONdy_fdd",42,"fdd","RaMCONdy","RaMCONdy_fdd","Mixed Conifer - Eastside Dry",1
"8_53_47_87352",12,17,75,99,879,1702000807,"17020007","WNE","RaMCONdy_fdd_1702000807","RaMCONdy","RaMCONdy_fdd",42,"fdd","RaMCONdy","RaMCONdy_fdd","Mixed Conifer - Eastside Dry",1
"8_53_47_69532",12,17,75,99,901,1702000807,"17020007","WNE","RaMCONdy_fdd_1702000807","RaMCONdy","RaMCONdy_fdd",42,"fdd","RaMCONdy","RaMCONdy_fdd","Mixed Conifer - Eastside Dry",1
"8_53_47_67266",12,17,75,99,460,1702000807,"17020007","WNE","RaMCONdy_fdd_1702000807","RaMCONdy","RaMCONdy_fdd",42,"fdd","RaMCONdy","RaMCONdy_fdd","Mixed Conifer - Eastside Dry",1
"8_53_47_68298",12,17,75,99,605,1702000807,"17020007","WNE","RaMCONdy_fdd_1702000807","RaMCONdy","RaMCONdy_fdd",42,"fdd","RaMCONdy","RaMCONdy_fdd","Mixed Conifer - Eastside Dry",1
"8_53_47_54618",12,17,75,99,1358,1702000807,"17020007","WNE","RaMCONdy_fdd_1702000807","RaMCONdy","RaMCONdy_fdd",42,"fdd","RaMCONdy","RaMCONdy_fdd","Mixed Conifer - Eastside Dry",1
"8_53_47_85418",12,17,71,1786,863,1702000803,"17020007","WNE","RaSAWD_fal_17020008","RaSAWD","RaSAWD_fal",2,"fal","RaSAWD","RaSAWD_fal","Subalpine Woodland",3
"8_53_47_84350",12,17,71,2283,1808,1702000803,"17020007","WNE","RaSPFI_fcd_WNE","RaSPFI","RaSPFI_fcd",9,"fcd","RaSPFI","RaSPFI_fcd","Spruce - Fir",4
"8_53_47_76282",12,17,71,2283,1675,1702000803,"17020007","WNE","RaSPFI_fcd_WNE","RaSPFI","RaSPFI_fcd",9,"fcd","RaSPFI","RaSPFI_fcd","Spruce - Fir",4
"8_53_47_66397",12,17,71,2283,1425,1702000803,"17020007","WNE","RaSPFI_fcd_WNE","RaSPFI","RaSPFI_fcd",9,"fcd","RaSPFI","RaSPFI_fcd","Spruce - Fir",4
"8_53_47_98767",12,17,71,2283,2996,1702000803,"17020007","WNE","RaSPFI_fcd_WNE","RaSPFI","RaSPFI_fcd",9,"fcd","RaSPFI","RaSPFI_fcd","Spruce - Fir",4
"8_53_47_80626",12,17,71,2283,1507,1702000803,"17020007","WNE","RaSPFI_fcd_WNE","RaSPFI","RaSPFI_fcd",9,"fcd","RaSPFI","RaSPFI_fcd","Spruce - Fir",4
"8_53_47_99153",12,17,71,2283,1973,1702000803,"17020007","WNE","RaSPFI_fcd_WNE","RaSPFI","RaSPFI_fcd",9,"fcd","RaSPFI","RaSPFI_fcd","Spruce - Fir",4
"8_53_47_72759",12,17,71,2283,1953,1702000803,"17020007","WNE","RaSPFI_fcd_WNE","RaSPFI","RaSPFI_fcd",9,"fcd","RaSPFI","RaSPFI_fcd","Spruce - Fir",4
"8_53_47_53910",12,17,72,2283,1543,1702000804,"17020007","WNE","RaSPFI_fcd_WNE","RaSPFI","RaSPFI_fcd",9,"fcd","RaSPFI","RaSPFI_fcd","Spruce - Fir",4
"8_53_47_62263",12,16,67,2283,987,1702000719,"17020006","WNE","RaSPFI_fcd_WNE","RaSPFI","RaSPFI_fcd",9,"fcd","RaSPFI","RaSPFI_fcd","Spruce - Fir",4
"8_53_47_64467",12,16,67,1784,663,1702000719,"17020006","WNE","RaSAWD_fal_17020007","RaSAWD","RaSAWD_fal",2,"fal","RaSAWD","RaSAWD_fal","Subalpine Woodland",3
"8_53_47_73245",12,15,60,1794,1714,1702000620,"17020005","WNE","RaSAWD_fal_17020006","RaSAWD","RaSAWD_fal",2,"fal","RaSAWD","RaSAWD_fal","Subalpine Woodland",3
"8_53_47_64532",12,15,60,1794,1120,1702000620,"17020005","WNE","RaSAWD_fal_17020006","RaSAWD","RaSAWD_fal",2,"fal","RaSAWD","RaSAWD_fal","Subalpine Woodland",3
"3_41_69_83878",2,66,383,566,3196,1707020411,"17070203","OBM","RaMCONdy_fdd_1707020411","RaMCONdy","RaMCONdy_fdd",42,"fdd","RaMCONdy","RaMCONdy_fdd","Mixed Conifer - Eastside Dry",1
"3_41_69_90806",2,66,383,577,1130,1707020411,"17070203","OBM","RaPIPOm_fdp_1707020411","RaPIPOm","RaPIPOm_fdp",52,"fdp","RaPIPOm","RaPIPOm_fdp","Dry Ponderosa Pine - Mesic",1
"8_53_47_93596",12,15,60,2283,1578,1702000620,"17020005","WNE","RaSPFI_fcd_WNE","RaSPFI","RaSPFI_fcd",9,"fcd","RaSPFI","RaSPFI_fcd","Spruce - Fir",4
"3_41_69_92026",2,66,373,2028,932,1707020401,"17070203","OBM","RaPIPOxe_fxp_17070204","RaPIPOxe","RaPIPOxe_fxp",56,"fxp","RaPIPOxe","RaPIPOxe_fxp","Ponderosa Pine - Xeric",3
"3_41_69_98199",2,66,373,2028,1193,1707020401,"17070203","OBM","RaPIPOxe_fxp_17070204","RaPIPOxe","RaPIPOxe_fxp",56,"fxp","RaPIPOxe","RaPIPOxe_fxp","Ponderosa Pine - Xeric",3
"3_41_69_75229",2,66,373,635,1365,1707020401,"17070203","OBM","RaMCONdy_fdd_1707020401","RaMCONdy","RaMCONdy_fdd",42,"fdd","RaMCONdy","RaMCONdy_fdd","Mixed Conifer - Eastside Dry",1
"8_53_47_61417",12,15,60,2283,1819,1702000620,"17020005","WNE","RaSPFI_fcd_WNE","RaSPFI","RaSPFI_fcd",9,"fcd","RaSPFI","RaSPFI_fcd","Spruce - Fir",4
"3_41_69_80927",2,66,373,635,744,1707020401,"17070203","OBM","RaMCONdy_fdd_1707020401","RaMCONdy","RaMCONdy_fdd",42,"fdd","RaMCONdy","RaMCONdy_fdd","Mixed Conifer - Eastside Dry",1
"3_41_69_68259",2,63,355,750,1309,1707020112,"17070106","OBM","RaPIPOm_fdp_1707020112","RaPIPOm","RaPIPOm_fdp",52,"fdp","RaPIPOm","RaPIPOm_fdp","Dry Ponderosa Pine - Mesic",1
"8_53_47_90177",12,15,60,64,2197,1702000620,"17020005","WNE","RaMCONdy_fdd_1702000620","RaMCONdy","RaMCONdy_fdd",42,"fdd","RaMCONdy","RaMCONdy_fdd","Mixed Conifer - Eastside Dry",1
"3_41_69_69558",2,70,418,838,1461,1707030404,"17070303","OBM","RaMCONdy_fdg_1707030404","RaMCONdy","RaMCONdy_fdg",23,"fdg","RaMCONdy","RaMCONdy_fdg","Mixed Conifer - Eastside Dry",1
"3_41_13_91846",2,70,418,2318,930,1707030404,"17070303","OBM","RaSPFI_fcd_OBM","RaSPFI","RaSPFI_fcd",9,"fcd","RaSPFI","RaSPFI_fcd","Spruce - Fir",4
"3_41_13_83989",2,70,418,836,1300,1707030404,"17070303","OBM","RaPIPOm_fdp_1707030404","RaPIPOm","RaPIPOm_fdp",52,"fdp","RaPIPOm","RaPIPOm_fdp","Dry Ponderosa Pine - Mesic",1
"3_41_13_51214",2,69,413,871,1427,1707030309,"17070302","OBM","RaMCONdy_fdd_1707030309","RaMCONdy","RaMCONdy_fdd",42,"fdd","RaMCONdy","RaMCONdy_fdd","Mixed Conifer - Eastside Dry",1
"3_41_13_90383",2,69,413,2133,888,1707030309,"17070302","OBM","RaPIPOxe_fxp_17070303","RaPIPOxe","RaPIPOxe_fxp",56,"fxp","RaPIPOxe","RaPIPOxe_fxp","Ponderosa Pine - Xeric",3
"8_53_47_51922",12,15,60,64,1609,1702000620,"17020005","WNE","RaMCONdy_fdd_1702000620","RaMCONdy","RaMCONdy_fdd",42,"fdd","RaMCONdy","RaMCONdy_fdd","Mixed Conifer - Eastside Dry",1
"3_41_13_95763",2,69,413,2133,31,1707030309,"17070302","OBM","RaPIPOxe_fxp_17070303","RaPIPOxe","RaPIPOxe_fxp",56,"fxp","RaPIPOxe","RaPIPOxe_fxp","Ponderosa Pine - Xeric",3
"8_53_47_91710",12,15,60,2283,1860,1702000620,"17020005","WNE","RaSPFI_fcd_WNE","RaSPFI","RaSPFI_fcd",9,"fcd","RaSPFI","RaSPFI_fcd","Spruce - Fir",4
"8_53_47_89741",12,17,74,2283,1975,1702000806,"17020007","WNE","RaSPFI_fcd_WNE","RaSPFI","RaSPFI_fcd",9,"fcd","RaSPFI","RaSPFI_fcd","Spruce - Fir",4
"8_53_47_97126",12,16,66,1784,797,1702000718,"17020006","WNE","RaSAWD_fal_17020007","RaSAWD","RaSAWD_fal",2,"fal","RaSAWD","RaSAWD_fal","Subalpine Woodland",3
"3_41_37_58682",4,151,854,2176,49,1712000515,"17120004","OEC","RaPIPOxe_fxp_17120005","RaPIPOxe","RaPIPOxe_fxp",56,"fxp","RaPIPOxe","RaPIPOxe_fxp","Ponderosa Pine - Xeric",3
"8_53_47_59923",12,17,74,58,1067,1702000806,"17020007","WNE","RaMCONdy_fdd_1702000806","RaMCONdy","RaMCONdy_fdd",42,"fdd","RaMCONdy","RaMCONdy_fdd","Mixed Conifer - Eastside Dry",1
"8_53_47_98839",12,17,74,58,1140,1702000806,"17020007","WNE","RaMCONdy_fdd_1702000806","RaMCONdy","RaMCONdy_fdd",42,"fdd","RaMCONdy","RaMCONdy_fdd","Mixed Conifer - Eastside Dry",1
"8_53_47_51647",12,17,74,58,1148,1702000806,"17020007","WNE","RaMCONdy_fdd_1702000806","RaMCONdy","RaMCONdy_fdd",42,"fdd","RaMCONdy","RaMCONdy_fdd","Mixed Conifer - Eastside Dry",1
"8_53_47_64520",12,17,74,58,1300,1702000806,"17020007","WNE","RaMCONdy_fdd_1702000806","RaMCONdy","RaMCONdy_fdd",42,"fdd","RaMCONdy","RaMCONdy_fdd","Mixed Conifer - Eastside Dry",1
"8_53_47_53347",12,17,74,58,1367,1702000806,"17020007","WNE","RaMCONdy_fdd_1702000806","RaMCONdy","RaMCONdy_fdd",42,"fdd","RaMCONdy","RaMCONdy_fdd","Mixed Conifer - Eastside Dry",1
"8_53_47_51235",12,17,74,58,1373,1702000806,"17020007","WNE","RaMCONdy_fdd_1702000806","RaMCONdy","RaMCONdy_fdd",42,"fdd","RaMCONdy","RaMCONdy_fdd","Mixed Conifer - Eastside Dry",1
"8_53_47_82455",12,17,74,58,1954,1702000806,"17020007","WNE","RaMCONdy_fdd_1702000806","RaMCONdy","RaMCONdy_fdd",42,"fdd","RaMCONdy","RaMCONdy_fdd","Mixed Conifer - Eastside Dry",1
"8_53_47_97789",12,17,74,58,1557,1702000806,"17020007","WNE","RaMCONdy_fdd_1702000806","RaMCONdy","RaMCONdy_fdd",42,"fdd","RaMCONdy","RaMCONdy_fdd","Mixed Conifer - Eastside Dry",1
"8_53_47_86447",12,17,74,58,1620,1702000806,"17020007","WNE","RaMCONdy_fdd_1702000806","RaMCONdy","RaMCONdy_fdd",42,"fdd","RaMCONdy","RaMCONdy_fdd","Mixed Conifer - Eastside Dry",1
"8_53_47_63460",12,17,74,58,1681,1702000806,"17020007","WNE","RaMCONdy_fdd_1702000806","RaMCONdy","RaMCONdy_fdd",42,"fdd","RaMCONdy","RaMCONdy_fdd","Mixed Conifer - Eastside Dry",1
"8_53_47_71961",12,17,74,58,1016,1702000806,"17020007","WNE","RaMCONdy_fdd_1702000806","RaMCONdy","RaMCONdy_fdd",42,"fdd","RaMCONdy","RaMCONdy_fdd","Mixed Conifer - Eastside Dry",1
"8_53_47_67996",12,14,54,101,1059,1702000505,"17020004","WNE","RaPIPOm_fpd_1702000505","RaPIPOm","RaPIPOm_fpd",51,"fpd","RaPIPOm","RaPIPOm_fpd","Dry Ponderosa Pine - Mesic",1
"8_53_47_98745",12,14,54,102,2204,1702000505,"17020004","WNE","RaMCONdy_fmd_1702000505","RaMCONdy","RaMCONdy_fmd",28,"fmd","RaMCONdy","RaMCONdy_fmd","Mixed Conifer - Eastside Dry",1
"8_53_47_88079",12,14,54,101,1147,1702000505,"17020004","WNE","RaPIPOm_fpd_1702000505","RaPIPOm","RaPIPOm_fpd",51,"fpd","RaPIPOm","RaPIPOm_fpd","Dry Ponderosa Pine - Mesic",1
"8_53_47_77662",12,16,66,2283,2840,1702000718,"17020006","WNE","RaSPFI_fcd_WNE","RaSPFI","RaSPFI_fcd",9,"fcd","RaSPFI","RaSPFI_fcd","Spruce - Fir",4
"8_53_47_93190",12,16,66,2283,2782,1702000718,"17020006","WNE","RaSPFI_fcd_WNE","RaSPFI","RaSPFI_fcd",9,"fcd","RaSPFI","RaSPFI_fcd","Spruce - Fir",4
"8_53_47_87696",12,16,66,2283,2754,1702000718,"17020006","WNE","RaSPFI_fcd_WNE","RaSPFI","RaSPFI_fcd",9,"fcd","RaSPFI","RaSPFI_fcd","Spruce - Fir",4
"8_53_47_73229",12,16,66,2283,2428,1702000718,"17020006","WNE","RaSPFI_fcd_WNE","RaSPFI","RaSPFI_fcd",9,"fcd","RaSPFI","RaSPFI_fcd","Spruce - Fir",4
"8_53_47_86752",12,15,60,2283,2102,1702000620,"17020005","WNE","RaSPFI_fcd_WNE","RaSPFI","RaSPFI_fcd",9,"fcd","RaSPFI","RaSPFI_fcd","Spruce - Fir",4
"8_53_47_70200",12,15,60,2283,2211,1702000620,"17020005","WNE","RaSPFI_fcd_WNE","RaSPFI","RaSPFI_fcd",9,"fcd","RaSPFI","RaSPFI_fcd","Spruce - Fir",4
"3_41_69_94350",2,66,383,577,1318,1707020411,"17070203","OBM","RaPIPOm_fdp_1707020411","RaPIPOm","RaPIPOm_fdp",52,"fdp","RaPIPOm","RaPIPOm_fdp","Dry Ponderosa Pine - Mesic",1
"8_53_47_93416",12,15,60,2283,2432,1702000620,"17020005","WNE","RaSPFI_fcd_WNE","RaSPFI","RaSPFI_fcd",9,"fcd","RaSPFI","RaSPFI_fcd","Spruce - Fir",4
"3_41_69_76911",2,66,373,635,734,1707020401,"17070203","OBM","RaMCONdy_fdd_1707020401","RaMCONdy","RaMCONdy_fdd",42,"fdd","RaMCONdy","RaMCONdy_fdd","Mixed Conifer - Eastside Dry",1
"8_53_47_80596",12,15,60,64,2903,1702000620,"17020005","WNE","RaMCONdy_fdd_1702000620","RaMCONdy","RaMCONdy_fdd",42,"fdd","RaMCONdy","RaMCONdy_fdd","Mixed Conifer - Eastside Dry",1
"3_41_69_86675",2,66,373,635,1239,1707020401,"17070203","OBM","RaMCONdy_fdd_1707020401","RaMCONdy","RaMCONdy_fdd",42,"fdd","RaMCONdy","RaMCONdy_fdd","Mixed Conifer - Eastside Dry",1
"3_41_69_84610",2,63,355,749,10,1707020112,"17070106","OBM","RaMCONdy_fdd_1707020112","RaMCONdy","RaMCONdy_fdd",42,"fdd","RaMCONdy","RaMCONdy_fdd","Mixed Conifer - Eastside Dry",1
"3_41_69_83462",2,63,355,2091,684,1707020112,"17070106","OBM","RaMCONms_fcm_17070201","RaMCONms","RaMCONms_fcm",22,"fcm","RaMCONms","RaMCONms_fcm","Mixed Conifer - Eastside Mesic",3
"3_41_69_89517",2,70,418,2117,412,1707030404,"17070303","OBM","RaMCONms_fcm_17070304","RaMCONms","RaMCONms_fcm",22,"fcm","RaMCONms","RaMCONms_fcm","Mixed Conifer - Eastside Mesic",3
"8_53_47_80301",12,15,60,64,3229,1702000620,"17020005","WNE","RaMCONdy_fdd_1702000620","RaMCONdy","RaMCONdy_fdd",42,"fdd","RaMCONdy","RaMCONdy_fdd","Mixed Conifer - Eastside Dry",1
"3_41_69_65670",2,70,418,836,1007,1707030404,"17070303","OBM","RaPIPOm_fdp_1707030404","RaPIPOm","RaPIPOm_fdp",52,"fdp","RaPIPOm","RaPIPOm_fdp","Dry Ponderosa Pine - Mesic",1
"3_41_69_82879",2,70,418,836,1528,1707030404,"17070303","OBM","RaPIPOm_fdp_1707030404","RaPIPOm","RaPIPOm_fdp",52,"fdp","RaPIPOm","RaPIPOm_fdp","Dry Ponderosa Pine - Mesic",1
"3_41_69_92477",2,70,418,838,1820,1707030404,"17070303","OBM","RaMCONdy_fdg_1707030404","RaMCONdy","RaMCONdy_fdg",23,"fdg","RaMCONdy","RaMCONdy_fdg","Mixed Conifer - Eastside Dry",1
"3_41_69_70585",2,70,418,838,1987,1707030404,"17070303","OBM","RaMCONdy_fdg_1707030404","RaMCONdy","RaMCONdy_fdg",23,"fdg","RaMCONdy","RaMCONdy_fdg","Mixed Conifer - Eastside Dry",1
"3_41_69_97840",2,69,413,871,1108,1707030309,"17070302","OBM","RaMCONdy_fdd_1707030309","RaMCONdy","RaMCONdy_fdd",42,"fdd","RaMCONdy","RaMCONdy_fdd","Mixed Conifer - Eastside Dry",1
"3_41_13_71087",2,69,413,871,470,1707030309,"17070302","OBM","RaMCONdy_fdd_1707030309","RaMCONdy","RaMCONdy_fdd",42,"fdd","RaMCONdy","RaMCONdy_fdd","Mixed Conifer - Eastside Dry",1
"3_41_13_80845",2,69,413,2133,1226,1707030309,"17070302","OBM","RaPIPOxe_fxp_17070303","RaPIPOxe","RaPIPOxe_fxp",56,"fxp","RaPIPOxe","RaPIPOxe_fxp","Ponderosa Pine - Xeric",3
"8_53_47_95052",12,15,60,64,2459,1702000620,"17020005","WNE","RaMCONdy_fdd_1702000620","RaMCONdy","RaMCONdy_fdd",42,"fdd","RaMCONdy","RaMCONdy_fdd","Mixed Conifer - Eastside Dry",1
"8_53_47_66438",12,15,60,2283,1490,1702000620,"17020005","WNE","RaSPFI_fcd_WNE","RaSPFI","RaSPFI_fcd",9,"fcd","RaSPFI","RaSPFI_fcd","Spruce - Fir",4
"8_53_47_78972",12,15,60,2283,1563,1702000620,"17020005","WNE","RaSPFI_fcd_WNE","RaSPFI","RaSPFI_fcd",9,"fcd","RaSPFI","RaSPFI_fcd","Spruce - Fir",4
"8_53_47_54438",12,16,66,2283,2254,1702000718,"17020006","WNE","RaSPFI_fcd_WNE","RaSPFI","RaSPFI_fcd",9,"fcd","RaSPFI","RaSPFI_fcd","Spruce - Fir",4
"8_53_47_72866",12,17,74,2283,907,1702000806,"17020007","WNE","RaSPFI_fcd_WNE","RaSPFI","RaSPFI_fcd",9,"fcd","RaSPFI","RaSPFI_fcd","Spruce - Fir",4
"8_53_47_79783",12,17,74,58,587,1702000806,"17020007","WNE","RaMCONdy_fdd_1702000806","RaMCONdy","RaMCONdy_fdd",42,"fdd","RaMCONdy","RaMCONdy_fdd","Mixed Conifer - Eastside Dry",1
"8_53_47_87787",12,17,74,58,899,1702000806,"17020007","WNE","RaMCONdy_fdd_1702000806","RaMCONdy","RaMCONdy_fdd",42,"fdd","RaMCONdy","RaMCONdy_fdd","Mixed Conifer - Eastside Dry",1
"8_53_47_73326",12,17,74,58,1255,1702000806,"17020007","WNE","RaMCONdy_fdd_1702000806","RaMCONdy","RaMCONdy_fdd",42,"fdd","RaMCONdy","RaMCONdy_fdd","Mixed Conifer - Eastside Dry",1
"8_53_47_72818",12,17,74,58,686,1702000806,"17020007","WNE","RaMCONdy_fdd_1702000806","RaMCONdy","RaMCONdy_fdd",42,"fdd","RaMCONdy","RaMCONdy_fdd","Mixed Conifer - Eastside Dry",1
"8_53_47_51361",12,15,62,79,856,1702000622,"17020005","WNE","RaMCONdy_fmd_1702000622","RaMCONdy","RaMCONdy_fmd",28,"fmd","RaMCONdy","RaMCONdy_fmd","Mixed Conifer - Eastside Dry",1
"3_41_37_80741",4,153,869,2228,573,1712000705,"17120006","OEC","RaPIPOxe_fxp_17120007","RaPIPOxe","RaPIPOxe_fxp",56,"fxp","RaPIPOxe","RaPIPOxe_fxp","Ponderosa Pine - Xeric",3
"8_53_47_50194",12,14,54,101,1242,1702000505,"17020004","WNE","RaPIPOm_fpd_1702000505","RaPIPOm","RaPIPOm_fpd",51,"fpd","RaPIPOm","RaPIPOm_fpd","Dry Ponderosa Pine - Mesic",1
"8_53_47_55464",12,14,54,102,1087,1702000505,"17020004","WNE","RaMCONdy_fmd_1702000505","RaMCONdy","RaMCONdy_fmd",28,"fmd","RaMCONdy","RaMCONdy_fmd","Mixed Conifer - Eastside Dry",1
"8_53_47_89246",12,16,66,2283,1583,1702000718,"17020006","WNE","RaSPFI_fcd_WNE","RaSPFI","RaSPFI_fcd",9,"fcd","RaSPFI","RaSPFI_fcd","Spruce - Fir",4
"8_53_47_76652",12,16,66,2283,2181,1702000718,"17020006","WNE","RaSPFI_fcd_WNE","RaSPFI","RaSPFI_fcd",9,"fcd","RaSPFI","RaSPFI_fcd","Spruce - Fir",4
"8_53_47_93351",12,16,66,2283,2418,1702000718,"17020006","WNE","RaSPFI_fcd_WNE","RaSPFI","RaSPFI_fcd",9,"fcd","RaSPFI","RaSPFI_fcd","Spruce - Fir",4
"8_53_47_85237",12,16,66,2283,2684,1702000718,"17020006","WNE","RaSPFI_fcd_WNE","RaSPFI","RaSPFI_fcd",9,"fcd","RaSPFI","RaSPFI_fcd","Spruce - Fir",4
"8_53_47_68398",12,16,67,2283,1917,1702000719,"17020006","WNE","RaSPFI_fcd_WNE","RaSPFI","RaSPFI_fcd",9,"fcd","RaSPFI","RaSPFI_fcd","Spruce - Fir",4
"8_53_47_68661",12,15,60,64,1562,1702000620,"17020005","WNE","RaMCONdy_fdd_1702000620","RaMCONdy","RaMCONdy_fdd",42,"fdd","RaMCONdy","RaMCONdy_fdd","Mixed Conifer - Eastside Dry",1
"8_53_47_92629",12,15,60,64,1338,1702000620,"17020005","WNE","RaMCONdy_fdd_1702000620","RaMCONdy","RaMCONdy_fdd",42,"fdd","RaMCONdy","RaMCONdy_fdd","Mixed Conifer - Eastside Dry",1
"3_41_69_72566",2,66,383,566,663,1707020411,"17070203","OBM","RaMCONdy_fdd_1707020411","RaMCONdy","RaMCONdy_fdd",42,"fdd","RaMCONdy","RaMCONdy_fdd","Mixed Conifer - Eastside Dry",1
"3_41_69_56231",2,66,383,566,1101,1707020411,"17070203","OBM","RaMCONdy_fdd_1707020411","RaMCONdy","RaMCONdy_fdd",42,"fdd","RaMCONdy","RaMCONdy_fdd","Mixed Conifer - Eastside Dry",1
"3_41_69_70531",2,66,383,577,1649,1707020411,"17070203","OBM","RaPIPOm_fdp_1707020411","RaPIPOm","RaPIPOm_fdp",52,"fdp","RaPIPOm","RaPIPOm_fdp","Dry Ponderosa Pine - Mesic",1
"3_41_69_82207",2,66,383,581,1858,1707020411,"17070203","OBM","RaMCONdy_fdg_1707020411","RaMCONdy","RaMCONdy_fdg",23,"fdg","RaMCONdy","RaMCONdy_fdg","Mixed Conifer - Eastside Dry",1
"8_53_47_50478",12,15,60,2283,1630,1702000620,"17020005","WNE","RaSPFI_fcd_WNE","RaSPFI","RaSPFI_fcd",9,"fcd","RaSPFI","RaSPFI_fcd","Spruce - Fir",4
"3_41_69_82403",2,66,373,635,1620,1707020401,"17070203","OBM","RaMCONdy_fdd_1707020401","RaMCONdy","RaMCONdy_fdd",42,"fdd","RaMCONdy","RaMCONdy_fdd","Mixed Conifer - Eastside Dry",1
"3_41_69_55453",2,66,373,635,106,1707020401,"17070203","OBM","RaMCONdy_fdd_1707020401","RaMCONdy","RaMCONdy_fdd",42,"fdd","RaMCONdy","RaMCONdy_fdd","Mixed Conifer - Eastside Dry",1
"3_41_69_72804",2,66,373,2028,38,1707020401,"17070203","OBM","RaPIPOxe_fxp_17070204","RaPIPOxe","RaPIPOxe_fxp",56,"fxp","RaPIPOxe","RaPIPOxe_fxp","Ponderosa Pine - Xeric",3
"3_41_69_77040",2,66,373,630,1186,1707020401,"17070203","OBM","RaPIPOm_fdp_1707020401","RaPIPOm","RaPIPOm_fdp",52,"fdp","RaPIPOm","RaPIPOm_fdp","Dry Ponderosa Pine - Mesic",1
"3_41_69_60467",2,66,373,635,1192,1707020401,"17070203","OBM","RaMCONdy_fdd_1707020401","RaMCONdy","RaMCONdy_fdd",42,"fdd","RaMCONdy","RaMCONdy_fdd","Mixed Conifer - Eastside Dry",1
"8_53_47_90334",12,15,60,64,1252,1702000620,"17020005","WNE","RaMCONdy_fdd_1702000620","RaMCONdy","RaMCONdy_fdd",42,"fdd","RaMCONdy","RaMCONdy_fdd","Mixed Conifer - Eastside Dry",1
"3_41_69_56361",2,63,355,750,323,1707020112,"17070106","OBM","RaPIPOm_fdp_1707020112","RaPIPOm","RaPIPOm_fdp",52,"fdp","RaPIPOm","RaPIPOm_fdp","Dry Ponderosa Pine - Mesic",1
"3_41_69_88478",2,63,356,800,1084,1707020113,"17070106","OBM","RaPIPOm_fdp_1707020113","RaPIPOm","RaPIPOm_fdp",52,"fdp","RaPIPOm","RaPIPOm_fdp","Dry Ponderosa Pine - Mesic",1
"3_41_69_53506",2,63,356,824,1248,1707020113,"17070106","OBM","RaMCONdy_fdg_1707020113","RaMCONdy","RaMCONdy_fdg",23,"fdg","RaMCONdy","RaMCONdy_fdg","Mixed Conifer - Eastside Dry",1
"3_41_69_81465",2,63,356,824,1335,1707020113,"17070106","OBM","RaMCONdy_fdg_1707020113","RaMCONdy","RaMCONdy_fdg",23,"fdg","RaMCONdy","RaMCONdy_fdg","Mixed Conifer - Eastside Dry",1
"3_41_69_64575",2,63,356,824,1453,1707020113,"17070106","OBM","RaMCONdy_fdg_1707020113","RaMCONdy","RaMCONdy_fdg",23,"fdg","RaMCONdy","RaMCONdy_fdg","Mixed Conifer - Eastside Dry",1
"3_41_69_71890",2,63,356,824,653,1707020113,"17070106","OBM","RaMCONdy_fdg_1707020113","RaMCONdy","RaMCONdy_fdg",23,"fdg","RaMCONdy","RaMCONdy_fdg","Mixed Conifer - Eastside Dry",1
"3_41_69_58026",2,70,418,838,1048,1707030404,"17070303","OBM","RaMCONdy_fdg_1707030404","RaMCONdy","RaMCONdy_fdg",23,"fdg","RaMCONdy","RaMCONdy_fdg","Mixed Conifer - Eastside Dry",1
"3_41_69_81602",2,69,413,871,1339,1707030309,"17070302","OBM","RaMCONdy_fdd_1707030309","RaMCONdy","RaMCONdy_fdd",42,"fdd","RaMCONdy","RaMCONdy_fdd","Mixed Conifer - Eastside Dry",1
"3_41_13_60399",2,69,413,2133,432,1707030309,"17070302","OBM","RaPIPOxe_fxp_17070303","RaPIPOxe","RaPIPOxe_fxp",56,"fxp","RaPIPOxe","RaPIPOxe_fxp","Ponderosa Pine - Xeric",3
"3_41_13_66660",2,69,413,873,1073,1707030309,"17070302","OBM","RaPIPOm_fdp_1707030309","RaPIPOm","RaPIPOm_fdp",52,"fdp","RaPIPOm","RaPIPOm_fdp","Dry Ponderosa Pine - Mesic",1
"3_41_13_97263",2,69,413,2133,1201,1707030309,"17070302","OBM","RaPIPOxe_fxp_17070303","RaPIPOxe","RaPIPOxe_fxp",56,"fxp","RaPIPOxe","RaPIPOxe_fxp","Ponderosa Pine - Xeric",3
"8_53_47_69124",12,15,60,64,1961,1702000620,"17020005","WNE","RaMCONdy_fdd_1702000620","RaMCONdy","RaMCONdy_fdd",42,"fdd","RaMCONdy","RaMCONdy_fdd","Mixed Conifer - Eastside Dry",1
"8_53_47_89209",12,15,60,64,1643,1702000620,"17020005","WNE","RaMCONdy_fdd_1702000620","RaMCONdy","RaMCONdy_fdd",42,"fdd","RaMCONdy","RaMCONdy_fdd","Mixed Conifer - Eastside Dry",1
"4_41_25_51912",2,69,407,2133,160,1707030303,"17070302","OBM","RaPIPOxe_fxp_17070303","RaPIPOxe","RaPIPOxe_fxp",56,"fxp","RaPIPOxe","RaPIPOxe_fxp","Ponderosa Pine - Xeric",3
"8_53_47_98492",12,15,60,64,1100,1702000620,"17020005","WNE","RaMCONdy_fdd_1702000620","RaMCONdy","RaMCONdy_fdd",42,"fdd","RaMCONdy","RaMCONdy_fdd","Mixed Conifer - Eastside Dry",1
"8_53_47_53008",12,15,60,64,1522,1702000620,"17020005","WNE","RaMCONdy_fdd_1702000620","RaMCONdy","RaMCONdy_fdd",42,"fdd","RaMCONdy","RaMCONdy_fdd","Mixed Conifer - Eastside Dry",1
"8_53_47_73578",12,15,60,2283,1018,1702000620,"17020005","WNE","RaSPFI_fcd_WNE","RaSPFI","RaSPFI_fcd",9,"fcd","RaSPFI","RaSPFI_fcd","Spruce - Fir",4
"8_53_47_64343",12,15,60,64,1811,1702000620,"17020005","WNE","RaMCONdy_fdd_1702000620","RaMCONdy","RaMCONdy_fdd",42,"fdd","RaMCONdy","RaMCONdy_fdd","Mixed Conifer - Eastside Dry",1
"8_53_47_88255",12,15,62,79,1351,1702000622,"17020005","WNE","RaMCONdy_fmd_1702000622","RaMCONdy","RaMCONdy_fmd",28,"fmd","RaMCONdy","RaMCONdy_fmd","Mixed Conifer - Eastside Dry",1
"8_53_47_95532",12,15,62,79,1333,1702000622,"17020005","WNE","RaMCONdy_fmd_1702000622","RaMCONdy","RaMCONdy_fmd",28,"fmd","RaMCONdy","RaMCONdy_fmd","Mixed Conifer - Eastside Dry",1
"8_53_47_59551",12,14,54,102,583,1702000505,"17020004","WNE","RaMCONdy_fmd_1702000505","RaMCONdy","RaMCONdy_fmd",28,"fmd","RaMCONdy","RaMCONdy_fmd","Mixed Conifer - Eastside Dry",1
"8_53_47_74812",12,16,66,2283,2293,1702000718,"17020006","WNE","RaSPFI_fcd_WNE","RaSPFI","RaSPFI_fcd",9,"fcd","RaSPFI","RaSPFI_fcd","Spruce - Fir",4
"8_53_47_92845",12,14,54,101,49,1702000505,"17020004","WNE","RaPIPOm_fpd_1702000505","RaPIPOm","RaPIPOm_fpd",51,"fpd","RaPIPOm","RaPIPOm_fpd","Dry Ponderosa Pine - Mesic",1
"8_53_47_81182",12,14,54,102,42,1702000505,"17020004","WNE","RaMCONdy_fmd_1702000505","RaMCONdy","RaMCONdy_fmd",28,"fmd","RaMCONdy","RaMCONdy_fmd","Mixed Conifer - Eastside Dry",1
"8_53_47_69986",12,16,66,27,1759,1702000718,"17020006","WNE","RaMCONdy_fdd_1702000718","RaMCONdy","RaMCONdy_fdd",42,"fdd","RaMCONdy","RaMCONdy_fdd","Mixed Conifer - Eastside Dry",1
"8_53_47_95397",12,16,66,2283,1870,1702000718,"17020006","WNE","RaSPFI_fcd_WNE","RaSPFI","RaSPFI_fcd",9,"fcd","RaSPFI","RaSPFI_fcd","Spruce - Fir",4
"8_53_47_87792",12,16,66,27,2600,1702000718,"17020006","WNE","RaMCONdy_fdd_1702000718","RaMCONdy","RaMCONdy_fdd",42,"fdd","RaMCONdy","RaMCONdy_fdd","Mixed Conifer - Eastside Dry",1
"8_53_47_81412",12,16,67,2283,1523,1702000719,"17020006","WNE","RaSPFI_fcd_WNE","RaSPFI","RaSPFI_fcd",9,"fcd","RaSPFI","RaSPFI_fcd","Spruce - Fir",4
"8_53_47_87279",12,16,67,2283,1582,1702000719,"17020006","WNE","RaSPFI_fcd_WNE","RaSPFI","RaSPFI_fcd",9,"fcd","RaSPFI","RaSPFI_fcd","Spruce - Fir",4
"8_53_47_66573",12,16,67,33,131,1702000719,"17020006","WNE","RaMCONdy_fdd_1702000719","RaMCONdy","RaMCONdy_fdd",42,"fdd","RaMCONdy","RaMCONdy_fdd","Mixed Conifer - Eastside Dry",1
"8_53_47_69393",12,16,67,2283,1443,1702000719,"17020006","WNE","RaSPFI_fcd_WNE","RaSPFI","RaSPFI_fcd",9,"fcd","RaSPFI","RaSPFI_fcd","Spruce - Fir",4
"8_53_47_94624",12,15,60,64,1006,1702000620,"17020005","WNE","RaMCONdy_fdd_1702000620","RaMCONdy","RaMCONdy_fdd",42,"fdd","RaMCONdy","RaMCONdy_fdd","Mixed Conifer - Eastside Dry",1
"8_53_47_54391",12,15,60,64,2457,1702000620,"17020005","WNE","RaMCONdy_fdd_1702000620","RaMCONdy","RaMCONdy_fdd",42,"fdd","RaMCONdy","RaMCONdy_fdd","Mixed Conifer - Eastside Dry",1
"3_41_69_61555",2,66,383,581,2276,1707020411,"17070203","OBM","RaMCONdy_fdg_1707020411","RaMCONdy","RaMCONdy_fdg",23,"fdg","RaMCONdy","RaMCONdy_fdg","Mixed Conifer - Eastside Dry",1
"8_53_47_90294",12,15,60,64,2262,1702000620,"17020005","WNE","RaMCONdy_fdd_1702000620","RaMCONdy","RaMCONdy_fdd",42,"fdd","RaMCONdy","RaMCONdy_fdd","Mixed Conifer - Eastside Dry",1
"3_41_69_85965",2,66,373,630,759,1707020401,"17070203","OBM","RaPIPOm_fdp_1707020401","RaPIPOm","RaPIPOm_fdp",52,"fdp","RaPIPOm","RaPIPOm_fdp","Dry Ponderosa Pine - Mesic",1
"3_41_69_65225",2,66,373,2028,18,1707020401,"17070203","OBM","RaPIPOxe_fxp_17070204","RaPIPOxe","RaPIPOxe_fxp",56,"fxp","RaPIPOxe","RaPIPOxe_fxp","Ponderosa Pine - Xeric",3
"8_53_47_84493",12,15,60,64,1759,1702000620,"17020005","WNE","RaMCONdy_fdd_1702000620","RaMCONdy","RaMCONdy_fdd",42,"fdd","RaMCONdy","RaMCONdy_fdd","Mixed Conifer - Eastside Dry",1
"3_41_69_66510",2,63,356,800,1211,1707020113,"17070106","OBM","RaPIPOm_fdp_1707020113","RaPIPOm","RaPIPOm_fdp",52,"fdp","RaPIPOm","RaPIPOm_fdp","Dry Ponderosa Pine - Mesic",1
"3_41_69_77085",2,63,356,824,1022,1707020113,"17070106","OBM","RaMCONdy_fdg_1707020113","RaMCONdy","RaMCONdy_fdg",23,"fdg","RaMCONdy","RaMCONdy_fdg","Mixed Conifer - Eastside Dry",1
"3_41_69_83132",2,69,413,870,1232,1707030309,"17070302","OBM","RaMCONdy_fdg_1707030309","RaMCONdy","RaMCONdy_fdg",23,"fdg","RaMCONdy","RaMCONdy_fdg","Mixed Conifer - Eastside Dry",1
"3_41_13_85147",2,69,413,871,1653,1707030309,"17070302","OBM","RaMCONdy_fdd_1707030309","RaMCONdy","RaMCONdy_fdd",42,"fdd","RaMCONdy","RaMCONdy_fdd","Mixed Conifer - Eastside Dry",1
"3_41_13_99134",2,69,411,2133,1082,1707030307,"17070302","OBM","RaPIPOxe_fxp_17070303","RaPIPOxe","RaPIPOxe_fxp",56,"fxp","RaPIPOxe","RaPIPOxe_fxp","Ponderosa Pine - Xeric",3
"3_41_13_61549",2,69,413,2133,733,1707030309,"17070302","OBM","RaPIPOxe_fxp_17070303","RaPIPOxe","RaPIPOxe_fxp",56,"fxp","RaPIPOxe","RaPIPOxe_fxp","Ponderosa Pine - Xeric",3
"8_53_47_89661",12,15,60,64,1872,1702000620,"17020005","WNE","RaMCONdy_fdd_1702000620","RaMCONdy","RaMCONdy_fdd",42,"fdd","RaMCONdy","RaMCONdy_fdd","Mixed Conifer - Eastside Dry",1
"3_41_13_94823",2,150,830,1011,1854,1712000402,"17120003","OBM","RaPIPOm_fdp_1712000402","RaPIPOm","RaPIPOm_fdp",52,"fdp","RaPIPOm","RaPIPOm_fdp","Dry Ponderosa Pine - Mesic",1
"3_41_13_94002",2,150,830,1011,1908,1712000402,"17120003","OBM","RaPIPOm_fdp_1712000402","RaPIPOm","RaPIPOm_fdp",52,"fdp","RaPIPOm","RaPIPOm_fdp","Dry Ponderosa Pine - Mesic",1
"3_41_13_60201",2,150,830,2160,3078,1712000402,"17120003","OBM","RaPIPOxe_fxp_17120004","RaPIPOxe","RaPIPOxe_fxp",56,"fxp","RaPIPOxe","RaPIPOxe_fxp","Ponderosa Pine - Xeric",3
"4_41_25_71541",2,150,830,2160,2833,1712000402,"17120003","OBM","RaPIPOxe_fxp_17120004","RaPIPOxe","RaPIPOxe_fxp",56,"fxp","RaPIPOxe","RaPIPOxe_fxp","Ponderosa Pine - Xeric",3
"8_53_47_95294",12,16,68,2283,1654,1702000720,"17020006","WNE","RaSPFI_fcd_WNE","RaSPFI","RaSPFI_fcd",9,"fcd","RaSPFI","RaSPFI_fcd","Spruce - Fir",4
"8_53_47_67023",12,16,68,1784,727,1702000720,"17020006","WNE","RaSAWD_fal_17020007","RaSAWD","RaSAWD_fal",2,"fal","RaSAWD","RaSAWD_fal","Subalpine Woodland",3
"8_53_47_94837",12,15,62,77,1017,1702000622,"17020005","WNE","RaPIPOm_fpd_1702000622","RaPIPOm","RaPIPOm_fpd",51,"fpd","RaPIPOm","RaPIPOm_fpd","Dry Ponderosa Pine - Mesic",1
"8_53_47_65919",12,15,62,77,2098,1702000622,"17020005","WNE","RaPIPOm_fpd_1702000622","RaPIPOm","RaPIPOm_fpd",51,"fpd","RaPIPOm","RaPIPOm_fpd","Dry Ponderosa Pine - Mesic",1
"8_53_47_80585",12,16,66,2283,3025,1702000718,"17020006","WNE","RaSPFI_fcd_WNE","RaSPFI","RaSPFI_fcd",9,"fcd","RaSPFI","RaSPFI_fcd","Spruce - Fir",4
"8_53_47_83908",12,16,66,2283,1545,1702000718,"17020006","WNE","RaSPFI_fcd_WNE","RaSPFI","RaSPFI_fcd",9,"fcd","RaSPFI","RaSPFI_fcd","Spruce - Fir",4
"8_53_47_95315",12,16,67,33,2419,1702000719,"17020006","WNE","RaMCONdy_fdd_1702000719","RaMCONdy","RaMCONdy_fdd",42,"fdd","RaMCONdy","RaMCONdy_fdd","Mixed Conifer - Eastside Dry",1
"8_53_47_80355",12,16,68,19,312,1702000720,"17020006","WNE","RaMCONdy_fdd_1702000720","RaMCONdy","RaMCONdy_fdd",42,"fdd","RaMCONdy","RaMCONdy_fdd","Mixed Conifer - Eastside Dry",1
"3_41_69_62961",2,66,373,630,1956,1707020401,"17070203","OBM","RaPIPOm_fdp_1707020401","RaPIPOm","RaPIPOm_fdp",52,"fdp","RaPIPOm","RaPIPOm_fdp","Dry Ponderosa Pine - Mesic",1
"8_53_47_96162",12,15,61,50,1691,1702000621,"17020005","WNE","RaMCONdy_fdd_1702000621","RaMCONdy","RaMCONdy_fdd",42,"fdd","RaMCONdy","RaMCONdy_fdd","Mixed Conifer - Eastside Dry",1
"8_53_47_55240",12,15,61,50,1457,1702000621,"17020005","WNE","RaMCONdy_fdd_1702000621","RaMCONdy","RaMCONdy_fdd",42,"fdd","RaMCONdy","RaMCONdy_fdd","Mixed Conifer - Eastside Dry",1
"3_41_69_77918",2,66,373,630,2372,1707020401,"17070203","OBM","RaPIPOm_fdp_1707020401","RaPIPOm","RaPIPOm_fdp",52,"fdp","RaPIPOm","RaPIPOm_fdp","Dry Ponderosa Pine - Mesic",1
"3_41_69_83824",2,66,373,2028,148,1707020401,"17070203","OBM","RaPIPOxe_fxp_17070204","RaPIPOxe","RaPIPOxe_fxp",56,"fxp","RaPIPOxe","RaPIPOxe_fxp","Ponderosa Pine - Xeric",3
"8_53_47_72995",12,15,60,64,1073,1702000620,"17020005","WNE","RaMCONdy_fdd_1702000620","RaMCONdy","RaMCONdy_fdd",42,"fdd","RaMCONdy","RaMCONdy_fdd","Mixed Conifer - Eastside Dry",1
"3_41_69_79181",2,63,357,707,923,1707020114,"17070106","OBM","RaMCONdy_fdg_1707020114","RaMCONdy","RaMCONdy_fdg",23,"fdg","RaMCONdy","RaMCONdy_fdg","Mixed Conifer - Eastside Dry",1
"3_41_69_74410",2,63,357,706,576,1707020114,"17070106","OBM","RaMCONdy_fdd_1707020114","RaMCONdy","RaMCONdy_fdd",42,"fdd","RaMCONdy","RaMCONdy_fdd","Mixed Conifer - Eastside Dry",1
"3_41_69_75400",2,63,355,749,165,1707020112,"17070106","OBM","RaMCONdy_fdd_1707020112","RaMCONdy","RaMCONdy_fdd",42,"fdd","RaMCONdy","RaMCONdy_fdd","Mixed Conifer - Eastside Dry",1
"3_41_69_88652",2,63,356,824,1144,1707020113,"17070106","OBM","RaMCONdy_fdg_1707020113","RaMCONdy","RaMCONdy_fdg",23,"fdg","RaMCONdy","RaMCONdy_fdg","Mixed Conifer - Eastside Dry",1
"3_41_69_80647",2,63,356,2091,925,1707020113,"17070106","OBM","RaMCONms_fcm_17070201","RaMCONms","RaMCONms_fcm",22,"fcm","RaMCONms","RaMCONms_fcm","Mixed Conifer - Eastside Mesic",3
"3_41_69_58288",2,63,356,2091,1247,1707020113,"17070106","OBM","RaMCONms_fcm_17070201","RaMCONms","RaMCONms_fcm",22,"fcm","RaMCONms","RaMCONms_fcm","Mixed Conifer - Eastside Mesic",3
"3_41_69_92840",2,63,356,824,1699,1707020113,"17070106","OBM","RaMCONdy_fdg_1707020113","RaMCONdy","RaMCONdy_fdg",23,"fdg","RaMCONdy","RaMCONdy_fdg","Mixed Conifer - Eastside Dry",1
"3_41_69_80371",2,69,413,870,1591,1707030309,"17070302","OBM","RaMCONdy_fdg_1707030309","RaMCONdy","RaMCONdy_fdg",23,"fdg","RaMCONdy","RaMCONdy_fdg","Mixed Conifer - Eastside Dry",1
"3_41_13_83657",2,69,411,885,532,1707030307,"17070302","OBM","RaPIPOm_fdp_1707030307","RaPIPOm","RaPIPOm_fdp",52,"fdp","RaPIPOm","RaPIPOm_fdp","Dry Ponderosa Pine - Mesic",1
"3_41_13_91936",2,69,411,2133,1984,1707030307,"17070302","OBM","RaPIPOxe_fxp_17070303","RaPIPOxe","RaPIPOxe_fxp",56,"fxp","RaPIPOxe","RaPIPOxe_fxp","Ponderosa Pine - Xeric",3
"8_53_47_84344",12,15,60,64,1010,1702000620,"17020005","WNE","RaMCONdy_fdd_1702000620","RaMCONdy","RaMCONdy_fdd",42,"fdd","RaMCONdy","RaMCONdy_fdd","Mixed Conifer - Eastside Dry",1
"4_41_25_83048",2,150,830,1011,2113,1712000402,"17120003","OBM","RaPIPOm_fdp_1712000402","RaPIPOm","RaPIPOm_fdp",52,"fdp","RaPIPOm","RaPIPOm_fdp","Dry Ponderosa Pine - Mesic",1
"4_41_25_76970",2,150,830,1011,1979,1712000402,"17120003","OBM","RaPIPOm_fdp_1712000402","RaPIPOm","RaPIPOm_fdp",52,"fdp","RaPIPOm","RaPIPOm_fdp","Dry Ponderosa Pine - Mesic",1
"4_41_25_74351",2,150,830,1011,1604,1712000402,"17120003","OBM","RaPIPOm_fdp_1712000402","RaPIPOm","RaPIPOm_fdp",52,"fdp","RaPIPOm","RaPIPOm_fdp","Dry Ponderosa Pine - Mesic",1
"4_41_25_91933",2,150,830,2160,2413,1712000402,"17120003","OBM","RaPIPOxe_fxp_17120004","RaPIPOxe","RaPIPOxe_fxp",56,"fxp","RaPIPOxe","RaPIPOxe_fxp","Ponderosa Pine - Xeric",3
"4_41_25_94404",2,150,830,2160,2383,1712000402,"17120003","OBM","RaPIPOxe_fxp_17120004","RaPIPOxe","RaPIPOxe_fxp",56,"fxp","RaPIPOxe","RaPIPOxe_fxp","Ponderosa Pine - Xeric",3
"8_53_47_57629",12,15,62,79,830,1702000622,"17020005","WNE","RaMCONdy_fmd_1702000622","RaMCONdy","RaMCONdy_fmd",28,"fmd","RaMCONdy","RaMCONdy_fmd","Mixed Conifer - Eastside Dry",1
"8_53_47_75517",12,15,62,77,1673,1702000622,"17020005","WNE","RaPIPOm_fpd_1702000622","RaPIPOm","RaPIPOm_fpd",51,"fpd","RaPIPOm","RaPIPOm_fpd","Dry Ponderosa Pine - Mesic",1
"8_53_47_64887",12,15,62,79,1165,1702000622,"17020005","WNE","RaMCONdy_fmd_1702000622","RaMCONdy","RaMCONdy_fmd",28,"fmd","RaMCONdy","RaMCONdy_fmd","Mixed Conifer - Eastside Dry",1
"2_41_19_64768",3,112,633,2314,980,1710020701,"17100206","OCR","RaSSHE_fss_OCR","RaSSHE","RaSSHE_fss",60,"fss","RaSSHE","RaSSHE_fss","Sitka Spruce - Western Hemlock",5
"2_41_19_71464",3,112,633,2314,919,1710020701,"17100206","OCR","RaSSHE_fss_OCR","RaSSHE","RaSSHE_fss",60,"fss","RaSSHE","RaSSHE_fss","Sitka Spruce - Western Hemlock",5
"2_41_19_51856",3,112,633,2314,1089,1710020701,"17100206","OCR","RaSSHE_fss_OCR","RaSSHE","RaSSHE_fss",60,"fss","RaSSHE","RaSSHE_fss","Sitka Spruce - Western Hemlock",5
"2_41_19_68472",3,112,633,2314,503,1710020701,"17100206","OCR","RaSSHE_fss_OCR","RaSSHE","RaSSHE_fss",60,"fss","RaSSHE","RaSSHE_fss","Sitka Spruce - Western Hemlock",5
"2_41_11_53142",3,117,669,2315,1037,1710030404,"17100303A","OCR","RaDFHEwt_fwn_OCR","RaDFHEwt","RaDFHEwt_fwn",32,"fwn","RaDFHEwt","RaDFHEwt_fwn","Douglas-fir Hemlock-Wet Mesic",5
"2_41_11_51814",3,117,669,2316,1671,1710030404,"17100303A","OCR","RaDFHEwt_fww_OCR","RaDFHEwt","RaDFHEwt_fww",34,"fww","RaDFHEwt","RaDFHEwt_fww","Douglas-fir Hemlock-Wet Mesic",5
"2_41_11_76634",3,117,668,2315,1191,1710030403,"17100303A","OCR","RaDFHEwt_fwn_OCR","RaDFHEwt","RaDFHEwt_fwn",32,"fwn","RaDFHEwt","RaDFHEwt_fwn","Douglas-fir Hemlock-Wet Mesic",5
"2_41_11_50257",3,117,668,2315,1479,1710030403,"17100303A","OCR","RaDFHEwt_fwn_OCR","RaDFHEwt","RaDFHEwt_fwn",32,"fwn","RaDFHEwt","RaDFHEwt_fwn","Douglas-fir Hemlock-Wet Mesic",5
"2_41_11_57382",3,117,667,2315,1334,1710030402,"17100303A","OCR","RaDFHEwt_fwn_OCR","RaDFHEwt","RaDFHEwt_fwn",32,"fwn","RaDFHEwt","RaDFHEwt_fwn","Douglas-fir Hemlock-Wet Mesic",5
"2_41_11_63823",3,117,666,2316,1050,1710030401,"17100303A","OCR","RaDFHEwt_fww_OCR","RaDFHEwt","RaDFHEwt_fww",34,"fww","RaDFHEwt","RaDFHEwt_fww","Douglas-fir Hemlock-Wet Mesic",5
"2_41_11_72267",3,117,666,2315,816,1710030401,"17100303A","OCR","RaDFHEwt_fwn_OCR","RaDFHEwt","RaDFHEwt_fwn",32,"fwn","RaDFHEwt","RaDFHEwt_fwn","Douglas-fir Hemlock-Wet Mesic",5
"2_41_11_94278",3,117,668,2315,1624,1710030403,"17100303A","OCR","RaDFHEwt_fwn_OCR","RaDFHEwt","RaDFHEwt_fwn",32,"fwn","RaDFHEwt","RaDFHEwt_fwn","Douglas-fir Hemlock-Wet Mesic",5
"2_41_11_90710",6,118,673,2350,2024,1710030504,"17100304","OSW","RaDFHEwt_fwn_OSW","RaDFHEwt","RaDFHEwt_fwn",32,"fwn","RaDFHEwt","RaDFHEwt_fwn","Douglas-fir Hemlock-Wet Mesic",5
"2_41_11_53948",6,118,673,2350,2170,1710030504,"17100304","OSW","RaDFHEwt_fwn_OSW","RaDFHEwt","RaDFHEwt_fwn",32,"fwn","RaDFHEwt","RaDFHEwt_fwn","Douglas-fir Hemlock-Wet Mesic",5
"2_41_11_61438",6,118,671,2347,1875,1710030502,"17100304","OSW","RaDFHEwt_fwm_OSW","RaDFHEwt","RaDFHEwt_fwm",33,"fwm","RaDFHEwt","RaDFHEwt_fwm","Douglas-fir Hemlock-Wet Mesic",5
"2_41_11_59306",6,118,671,2347,2193,1710030502,"17100304","OSW","RaDFHEwt_fwm_OSW","RaDFHEwt","RaDFHEwt_fwm",33,"fwm","RaDFHEwt","RaDFHEwt_fwm","Douglas-fir Hemlock-Wet Mesic",5
"2_41_11_75512",6,118,671,2347,1094,1710030502,"17100304","OSW","RaDFHEwt_fwm_OSW","RaDFHEwt","RaDFHEwt_fwm",33,"fwm","RaDFHEwt","RaDFHEwt_fwm","Douglas-fir Hemlock-Wet Mesic",5
"2_41_11_74401",6,118,671,1230,1235,1710030502,"17100304","OSW","RaMCONsw_fdm_1710030502","RaMCONsw","RaMCONsw_fdm",41,"fdm","RaMCONsw","RaMCONsw_fdm","Mixed Conifer - Southwest Oregon",1
"6_53_9_83240",9,146,810,2295,3201,1711002107,"17110020","WCR","RaSSHE_fss_WCR","RaSSHE","RaSSHE_fss",60,"fss","RaSSHE","RaSSHE_fss","Sitka Spruce - Western Hemlock",5
"2_41_11_94332",6,118,671,2198,1212,1710030502,"17100304","OSW","RaDFHEdy_fwi_17100305","RaDFHEdy","RaDFHEdy_fwi",31,"fwi","RaDFHEdy","RaDFHEdy_fwi","Douglas-fir Hemlock-Dry Mesic",3
"2_41_11_63597",6,118,671,2347,661,1710030502,"17100304","OSW","RaDFHEwt_fwm_OSW","RaDFHEwt","RaDFHEwt_fwm",33,"fwm","RaDFHEwt","RaDFHEwt_fwm","Douglas-fir Hemlock-Wet Mesic",5
"2_41_15_70366",6,123,702,1417,1246,1710031006,"17100309","OSW","RaTAOAco_ftm_1710031006","RaTAOAco","RaTAOAco_ftm",47,"ftm","RaTAOAco","RaTAOAco_ftm","Oregon Coastal Tanoak",1
"2_41_15_97255",6,123,702,1417,2545,1710031006,"17100309","OSW","RaTAOAco_ftm_1710031006","RaTAOAco","RaTAOAco_ftm",47,"ftm","RaTAOAco","RaTAOAco_ftm","Oregon Coastal Tanoak",1
"2_41_15_84616",6,123,702,1417,1189,1710031006,"17100309","OSW","RaTAOAco_ftm_1710031006","RaTAOAco","RaTAOAco_ftm",47,"ftm","RaTAOAco","RaTAOAco_ftm","Oregon Coastal Tanoak",1
"2_41_15_93387",6,123,702,1417,842,1710031006,"17100309","OSW","RaTAOAco_ftm_1710031006","RaTAOAco","RaTAOAco_ftm",47,"ftm","RaTAOAco","RaTAOAco_ftm","Oregon Coastal Tanoak",1
"2_41_15_59425",6,124,715,1499,792,1710031111,"17100310","OSW","RaTAOAco_ftm_1710031111","RaTAOAco","RaTAOAco_ftm",47,"ftm","RaTAOAco","RaTAOAco_ftm","Oregon Coastal Tanoak",1
"2_41_15_58456",6,124,715,1504,1745,1710031111,"17100310","OSW","RaMEVG_ftd_1710031111","RaMEVG","RaMEVG_ftd",48,"ftd","RaMEVG","RaMEVG_ftd","California Mixed Evergreen North",1
"2_41_15_63992",6,124,715,1499,1532,1710031111,"17100310","OSW","RaTAOAco_ftm_1710031111","RaTAOAco","RaTAOAco_ftm",47,"ftm","RaTAOAco","RaTAOAco_ftm","Oregon Coastal Tanoak",1
"2_41_15_85991",6,124,715,1504,886,1710031111,"17100310","OSW","RaMEVG_ftd_1710031111","RaMEVG","RaMEVG_ftd",48,"ftd","RaMEVG","RaMEVG_ftd","California Mixed Evergreen North",1
"2_41_15_72187",6,124,715,1499,948,1710031111,"17100310","OSW","RaTAOAco_ftm_1710031111","RaTAOAco","RaTAOAco_ftm",47,"ftm","RaTAOAco","RaTAOAco_ftm","Oregon Coastal Tanoak",1
"2_41_33_58244",6,124,712,1541,1713,1710031108,"17100310","OSW","RaTAOAco_ftm_1710031108","RaTAOAco","RaTAOAco_ftm",47,"ftm","RaTAOAco","RaTAOAco_ftm","Oregon Coastal Tanoak",1
"2_41_15_97924",6,125,716,1606,2693,1710031201,"17100311","OSW","RaTAOAco_ftm_1710031201","RaTAOAco","RaTAOAco_ftm",47,"ftm","RaTAOAco","RaTAOAco_ftm","Oregon Coastal Tanoak",1
"2_41_15_77343",6,125,716,1606,2425,1710031201,"17100311","OSW","RaTAOAco_ftm_1710031201","RaTAOAco","RaTAOAco_ftm",47,"ftm","RaTAOAco","RaTAOAco_ftm","Oregon Coastal Tanoak",1
"2_41_15_52316",6,125,716,1606,2804,1710031201,"17100311","OSW","RaTAOAco_ftm_1710031201","RaTAOAco","RaTAOAco_ftm",47,"ftm","RaTAOAco","RaTAOAco_ftm","Oregon Coastal Tanoak",1
"6_53_9_93073",9,146,810,2295,2745,1711002107,"17110020","WCR","RaSSHE_fss_WCR","RaSSHE","RaSSHE_fss",60,"fss","RaSSHE","RaSSHE_fss","Sitka Spruce - Western Hemlock",5
"6_53_9_99581",9,146,810,2295,2046,1711002107,"17110020","WCR","RaSSHE_fss_WCR","RaSSHE","RaSSHE_fss",60,"fss","RaSSHE","RaSSHE_fss","Sitka Spruce - Western Hemlock",5
"2_41_15_83911",6,125,716,1606,1677,1710031201,"17100311","OSW","RaTAOAco_ftm_1710031201","RaTAOAco","RaTAOAco_ftm",47,"ftm","RaTAOAco","RaTAOAco_ftm","Oregon Coastal Tanoak",1
"2_41_15_87337",6,125,716,1606,3416,1710031201,"17100311","OSW","RaTAOAco_ftm_1710031201","RaTAOAco","RaTAOAco_ftm",47,"ftm","RaTAOAco","RaTAOAco_ftm","Oregon Coastal Tanoak",1
"2_41_15_67557",6,125,716,1606,2692,1710031201,"17100311","OSW","RaTAOAco_ftm_1710031201","RaTAOAco","RaTAOAco_ftm",47,"ftm","RaTAOAco","RaTAOAco_ftm","Oregon Coastal Tanoak",1
"2_41_15_68679",6,125,717,1706,2000,1710031202,"17100311","OSW","RaTAOAco_ftm_1710031202","RaTAOAco","RaTAOAco_ftm",47,"ftm","RaTAOAco","RaTAOAco_ftm","Oregon Coastal Tanoak",1
"2_41_15_53971",6,156,891,1709,1492,1801010101,"17120009","OSW","RaTAOAco_ftm_1801010101","RaTAOAco","RaTAOAco_ftm",47,"ftm","RaTAOAco","RaTAOAco_ftm","Oregon Coastal Tanoak",1
"2_41_15_93798",6,156,891,1709,1313,1801010101,"17120009","OSW","RaTAOAco_ftm_1801010101","RaTAOAco","RaTAOAco_ftm",47,"ftm","RaTAOAco","RaTAOAco_ftm","Oregon Coastal Tanoak",1
"2_41_15_85503",6,156,891,1709,2138,1801010101,"17120009","OSW","RaTAOAco_ftm_1801010101","RaTAOAco","RaTAOAco_ftm",47,"ftm","RaTAOAco","RaTAOAco_ftm","Oregon Coastal Tanoak",1
"2_41_15_89876",6,156,891,1709,2109,1801010101,"17120009","OSW","RaTAOAco_ftm_1801010101","RaTAOAco","RaTAOAco_ftm",47,"ftm","RaTAOAco","RaTAOAco_ftm","Oregon Coastal Tanoak",1
"6_53_9_84529",9,100,563,2295,2223,1710010102,"17090012A","WCR","RaSSHE_fss_WCR","RaSSHE","RaSSHE_fss",60,"fss","RaSSHE","RaSSHE_fss","Sitka Spruce - Western Hemlock",5
"6_53_9_53851",9,146,810,2295,1978,1711002107,"17110020","WCR","RaSSHE_fss_WCR","RaSSHE","RaSSHE_fss",60,"fss","RaSSHE","RaSSHE_fss","Sitka Spruce - Western Hemlock",5
"6_53_9_62049",9,100,564,2295,1628,1710010103,"17090012A","WCR","RaSSHE_fss_WCR","RaSSHE","RaSSHE_fss",60,"fss","RaSSHE","RaSSHE_fss","Sitka Spruce - Western Hemlock",5
"6_53_9_72209",9,100,564,2295,1760,1710010103,"17090012A","WCR","RaSSHE_fss_WCR","RaSSHE","RaSSHE_fss",60,"fss","RaSSHE","RaSSHE_fss","Sitka Spruce - Western Hemlock",5
"6_53_9_80125",9,100,564,2295,1873,1710010103,"17090012A","WCR","RaSSHE_fss_WCR","RaSSHE","RaSSHE_fss",60,"fss","RaSSHE","RaSSHE_fss","Sitka Spruce - Western Hemlock",5
"6_53_31_80442",9,100,566,2295,1044,1710010105,"17090012A","WCR","RaSSHE_fss_WCR","RaSSHE","RaSSHE_fss",60,"fss","RaSSHE","RaSSHE_fss","Sitka Spruce - Western Hemlock",5
"6_53_31_59429",9,100,569,2295,2088,1710010108,"17090012A","WCR","RaSSHE_fss_WCR","RaSSHE","RaSSHE_fss",60,"fss","RaSSHE","RaSSHE_fss","Sitka Spruce - Western Hemlock",5
"8_53_47_93135",12,16,67,33,1303,1702000719,"17020006","WNE","RaMCONdy_fdd_1702000719","RaMCONdy","RaMCONdy_fdd",42,"fdd","RaMCONdy","RaMCONdy_fdd","Mixed Conifer - Eastside Dry",1
"8_53_47_57303",12,16,67,33,2321,1702000719,"17020006","WNE","RaMCONdy_fdd_1702000719","RaMCONdy","RaMCONdy_fdd",42,"fdd","RaMCONdy","RaMCONdy_fdd","Mixed Conifer - Eastside Dry",1
"4_41_49_60056",2,58,325,2030,19,1707010403,"17070103","OBM","RaPIPOxe_fxp_17070104","RaPIPOxe","RaPIPOxe_fxp",56,"fxp","RaPIPOxe","RaPIPOxe_fxp","Ponderosa Pine - Xeric",3
"4_41_49_98914",2,66,383,566,630,1707020411,"17070203","OBM","RaMCONdy_fdd_1707020411","RaMCONdy","RaMCONdy_fdd",42,"fdd","RaMCONdy","RaMCONdy_fdd","Mixed Conifer - Eastside Dry",1
"4_41_49_70336",2,66,383,566,873,1707020411,"17070203","OBM","RaMCONdy_fdd_1707020411","RaMCONdy","RaMCONdy_fdd",42,"fdd","RaMCONdy","RaMCONdy_fdd","Mixed Conifer - Eastside Dry",1
"3_41_69_60223",2,64,365,579,656,1707020208,"17070201","OBM","RaMCONdy_fdg_1707020208","RaMCONdy","RaMCONdy_fdg",23,"fdg","RaMCONdy","RaMCONdy_fdg","Mixed Conifer - Eastside Dry",1
"3_41_69_90871",2,66,373,630,1037,1707020401,"17070203","OBM","RaPIPOm_fdp_1707020401","RaPIPOm","RaPIPOm_fdp",52,"fdp","RaPIPOm","RaPIPOm_fdp","Dry Ponderosa Pine - Mesic",1
"3_41_69_65855",2,66,373,630,1399,1707020401,"17070203","OBM","RaPIPOm_fdp_1707020401","RaPIPOm","RaPIPOm_fdp",52,"fdp","RaPIPOm","RaPIPOm_fdp","Dry Ponderosa Pine - Mesic",1
"8_53_47_75389",12,15,60,64,1656,1702000620,"17020005","WNE","RaMCONdy_fdd_1702000620","RaMCONdy","RaMCONdy_fdd",42,"fdd","RaMCONdy","RaMCONdy_fdd","Mixed Conifer - Eastside Dry",1
"3_41_69_57565",2,63,355,749,25,1707020112,"17070106","OBM","RaMCONdy_fdd_1707020112","RaMCONdy","RaMCONdy_fdd",42,"fdd","RaMCONdy","RaMCONdy_fdd","Mixed Conifer - Eastside Dry",1
"3_41_69_77408",2,63,356,790,1536,1707020113,"17070106","OBM","RaMCONdy_fdd_1707020113","RaMCONdy","RaMCONdy_fdd",42,"fdd","RaMCONdy","RaMCONdy_fdd","Mixed Conifer - Eastside Dry",1
"3_41_69_71349",2,63,347,2091,743,1707020104,"17070106","OBM","RaMCONms_fcm_17070201","RaMCONms","RaMCONms_fcm",22,"fcm","RaMCONms","RaMCONms_fcm","Mixed Conifer - Eastside Mesic",3
"3_41_69_70979",2,63,356,790,1058,1707020113,"17070106","OBM","RaMCONdy_fdd_1707020113","RaMCONdy","RaMCONdy_fdd",42,"fdd","RaMCONdy","RaMCONdy_fdd","Mixed Conifer - Eastside Dry",1
"3_41_69_96066",2,69,411,883,1266,1707030307,"17070302","OBM","RaMCONdy_fdg_1707030307","RaMCONdy","RaMCONdy_fdg",23,"fdg","RaMCONdy","RaMCONdy_fdg","Mixed Conifer - Eastside Dry",1
"3_41_13_91950",2,69,411,883,2349,1707030307,"17070302","OBM","RaMCONdy_fdg_1707030307","RaMCONdy","RaMCONdy_fdg",23,"fdg","RaMCONdy","RaMCONdy_fdg","Mixed Conifer - Eastside Dry",1
"3_41_13_81573",2,69,411,884,1185,1707030307,"17070302","OBM","RaMCONdy_fdd_1707030307","RaMCONdy","RaMCONdy_fdd",42,"fdd","RaMCONdy","RaMCONdy_fdd","Mixed Conifer - Eastside Dry",1
"3_41_13_77056",2,69,411,884,1593,1707030307,"17070302","OBM","RaMCONdy_fdd_1707030307","RaMCONdy","RaMCONdy_fdd",42,"fdd","RaMCONdy","RaMCONdy_fdd","Mixed Conifer - Eastside Dry",1
"3_41_13_95631",2,69,411,2133,1684,1707030307,"17070302","OBM","RaPIPOxe_fxp_17070303","RaPIPOxe","RaPIPOxe_fxp",56,"fxp","RaPIPOxe","RaPIPOxe_fxp","Ponderosa Pine - Xeric",3
"3_41_13_82673",2,69,411,2133,531,1707030307,"17070302","OBM","RaPIPOxe_fxp_17070303","RaPIPOxe","RaPIPOxe_fxp",56,"fxp","RaPIPOxe","RaPIPOxe_fxp","Ponderosa Pine - Xeric",3
"4_41_25_74745",2,150,830,1011,2122,1712000402,"17120003","OBM","RaPIPOm_fdp_1712000402","RaPIPOm","RaPIPOm_fdp",52,"fdp","RaPIPOm","RaPIPOm_fdp","Dry Ponderosa Pine - Mesic",1
"4_41_25_90338",2,150,830,1011,1660,1712000402,"17120003","OBM","RaPIPOm_fdp_1712000402","RaPIPOm","RaPIPOm_fdp",52,"fdp","RaPIPOm","RaPIPOm_fdp","Dry Ponderosa Pine - Mesic",1
"4_41_25_71602",2,150,830,1011,1841,1712000402,"17120003","OBM","RaPIPOm_fdp_1712000402","RaPIPOm","RaPIPOm_fdp",52,"fdp","RaPIPOm","RaPIPOm_fdp","Dry Ponderosa Pine - Mesic",1
"4_41_25_58258",2,150,830,1011,3109,1712000402,"17120003","OBM","RaPIPOm_fdp_1712000402","RaPIPOm","RaPIPOm_fdp",52,"fdp","RaPIPOm","RaPIPOm_fdp","Dry Ponderosa Pine - Mesic",1
"4_41_25_79334",2,150,830,1011,2839,1712000402,"17120003","OBM","RaPIPOm_fdp_1712000402","RaPIPOm","RaPIPOm_fdp",52,"fdp","RaPIPOm","RaPIPOm_fdp","Dry Ponderosa Pine - Mesic",1
"4_41_25_72173",2,150,830,1011,1912,1712000402,"17120003","OBM","RaPIPOm_fdp_1712000402","RaPIPOm","RaPIPOm_fdp",52,"fdp","RaPIPOm","RaPIPOm_fdp","Dry Ponderosa Pine - Mesic",1
"4_41_25_59211",2,150,830,2160,2882,1712000402,"17120003","OBM","RaPIPOxe_fxp_17120004","RaPIPOxe","RaPIPOxe_fxp",56,"fxp","RaPIPOxe","RaPIPOxe_fxp","Ponderosa Pine - Xeric",3
"4_41_25_94113",2,150,830,2160,2282,1712000402,"17120003","OBM","RaPIPOxe_fxp_17120004","RaPIPOxe","RaPIPOxe_fxp",56,"fxp","RaPIPOxe","RaPIPOxe_fxp","Ponderosa Pine - Xeric",3
"4_41_25_71234",2,150,830,2160,2875,1712000402,"17120003","OBM","RaPIPOxe_fxp_17120004","RaPIPOxe","RaPIPOxe_fxp",56,"fxp","RaPIPOxe","RaPIPOxe_fxp","Ponderosa Pine - Xeric",3
"8_53_47_52060",12,15,62,79,931,1702000622,"17020005","WNE","RaMCONdy_fmd_1702000622","RaMCONdy","RaMCONdy_fmd",28,"fmd","RaMCONdy","RaMCONdy_fmd","Mixed Conifer - Eastside Dry",1
"3_41_37_65239",5,154,874,2230,719,1712000803,"17120007","OSE","RaPIPOxe_fxp_17120008","RaPIPOxe","RaPIPOxe_fxp",56,"fxp","RaPIPOxe","RaPIPOxe_fxp","Ponderosa Pine - Xeric",3
"8_53_47_94968",12,16,67,33,1769,1702000719,"17020006","WNE","RaMCONdy_fdd_1702000719","RaMCONdy","RaMCONdy_fdd",42,"fdd","RaMCONdy","RaMCONdy_fdd","Mixed Conifer - Eastside Dry",1
"8_53_47_55200",12,16,66,27,1230,1702000718,"17020006","WNE","RaMCONdy_fdd_1702000718","RaMCONdy","RaMCONdy_fdd",42,"fdd","RaMCONdy","RaMCONdy_fdd","Mixed Conifer - Eastside Dry",1
"8_53_47_52448",12,16,67,33,1428,1702000719,"17020006","WNE","RaMCONdy_fdd_1702000719","RaMCONdy","RaMCONdy_fdd",42,"fdd","RaMCONdy","RaMCONdy_fdd","Mixed Conifer - Eastside Dry",1
"8_53_47_68257",12,16,67,33,1645,1702000719,"17020006","WNE","RaMCONdy_fdd_1702000719","RaMCONdy","RaMCONdy_fdd",42,"fdd","RaMCONdy","RaMCONdy_fdd","Mixed Conifer - Eastside Dry",1
"8_53_47_81736",12,16,67,33,999,1702000719,"17020006","WNE","RaMCONdy_fdd_1702000719","RaMCONdy","RaMCONdy_fdd",42,"fdd","RaMCONdy","RaMCONdy_fdd","Mixed Conifer - Eastside Dry",1
"3_41_69_90492",2,64,365,588,1052,1707020208,"17070201","OBM","RaMCONdy_fdd_1707020208","RaMCONdy","RaMCONdy_fdd",42,"fdd","RaMCONdy","RaMCONdy_fdd","Mixed Conifer - Eastside Dry",1
"3_41_69_68809",2,64,365,593,893,1707020208,"17070201","OBM","RaPIPOm_fdp_1707020208","RaPIPOm","RaPIPOm_fdp",52,"fdp","RaPIPOm","RaPIPOm_fdp","Dry Ponderosa Pine - Mesic",1
"3_41_69_97363",2,66,373,635,662,1707020401,"17070203","OBM","RaMCONdy_fdd_1707020401","RaMCONdy","RaMCONdy_fdd",42,"fdd","RaMCONdy","RaMCONdy_fdd","Mixed Conifer - Eastside Dry",1
"3_41_69_59572",2,66,373,635,1241,1707020401,"17070203","OBM","RaMCONdy_fdd_1707020401","RaMCONdy","RaMCONdy_fdd",42,"fdd","RaMCONdy","RaMCONdy_fdd","Mixed Conifer - Eastside Dry",1
"3_41_69_67039",2,66,373,2028,33,1707020401,"17070203","OBM","RaPIPOxe_fxp_17070204","RaPIPOxe","RaPIPOxe_fxp",56,"fxp","RaPIPOxe","RaPIPOxe_fxp","Ponderosa Pine - Xeric",3
"3_41_69_84679",2,66,373,635,836,1707020401,"17070203","OBM","RaMCONdy_fdd_1707020401","RaMCONdy","RaMCONdy_fdd",42,"fdd","RaMCONdy","RaMCONdy_fdd","Mixed Conifer - Eastside Dry",1
"3_41_69_72927",2,66,373,2028,49,1707020401,"17070203","OBM","RaPIPOxe_fxp_17070204","RaPIPOxe","RaPIPOxe_fxp",56,"fxp","RaPIPOxe","RaPIPOxe_fxp","Ponderosa Pine - Xeric",3
"3_41_69_96405",2,63,357,2084,18,1707020114,"17070106","OBM","RaPIPOxe_fxp_17070201","RaPIPOxe","RaPIPOxe_fxp",56,"fxp","RaPIPOxe","RaPIPOxe_fxp","Ponderosa Pine - Xeric",3
"3_41_69_87195",2,63,357,2084,864,1707020114,"17070106","OBM","RaPIPOxe_fxp_17070201","RaPIPOxe","RaPIPOxe_fxp",56,"fxp","RaPIPOxe","RaPIPOxe_fxp","Ponderosa Pine - Xeric",3
"3_41_69_97140",2,63,354,777,941,1707020111,"17070106","OBM","RaMCONdy_fdd_1707020111","RaMCONdy","RaMCONdy_fdd",42,"fdd","RaMCONdy","RaMCONdy_fdd","Mixed Conifer - Eastside Dry",1
"3_41_69_60773",2,63,354,776,1280,1707020111,"17070106","OBM","RaMCONdy_fdg_1707020111","RaMCONdy","RaMCONdy_fdg",23,"fdg","RaMCONdy","RaMCONdy_fdg","Mixed Conifer - Eastside Dry",1
"3_41_69_62103",2,63,347,851,580,1707020104,"17070106","OBM","RaPIPOm_fdp_1707020104","RaPIPOm","RaPIPOm_fdp",52,"fdp","RaPIPOm","RaPIPOm_fdp","Dry Ponderosa Pine - Mesic",1
"3_41_13_79663",2,69,411,883,1514,1707030307,"17070302","OBM","RaMCONdy_fdg_1707030307","RaMCONdy","RaMCONdy_fdg",23,"fdg","RaMCONdy","RaMCONdy_fdg","Mixed Conifer - Eastside Dry",1
"3_41_13_67174",2,69,411,885,1408,1707030307,"17070302","OBM","RaPIPOm_fdp_1707030307","RaPIPOm","RaPIPOm_fdp",52,"fdp","RaPIPOm","RaPIPOm_fdp","Dry Ponderosa Pine - Mesic",1
"3_41_13_94314",2,69,411,885,1237,1707030307,"17070302","OBM","RaPIPOm_fdp_1707030307","RaPIPOm","RaPIPOm_fdp",52,"fdp","RaPIPOm","RaPIPOm_fdp","Dry Ponderosa Pine - Mesic",1
"3_41_13_73410",2,69,411,2133,385,1707030307,"17070302","OBM","RaPIPOxe_fxp_17070303","RaPIPOxe","RaPIPOxe_fxp",56,"fxp","RaPIPOxe","RaPIPOxe_fxp","Ponderosa Pine - Xeric",3
"4_41_25_72276",2,150,830,1011,1645,1712000402,"17120003","OBM","RaPIPOm_fdp_1712000402","RaPIPOm","RaPIPOm_fdp",52,"fdp","RaPIPOm","RaPIPOm_fdp","Dry Ponderosa Pine - Mesic",1
"4_41_25_95749",2,150,830,1011,2292,1712000402,"17120003","OBM","RaPIPOm_fdp_1712000402","RaPIPOm","RaPIPOm_fdp",52,"fdp","RaPIPOm","RaPIPOm_fdp","Dry Ponderosa Pine - Mesic",1
"4_41_25_97951",2,150,830,1011,2804,1712000402,"17120003","OBM","RaPIPOm_fdp_1712000402","RaPIPOm","RaPIPOm_fdp",52,"fdp","RaPIPOm","RaPIPOm_fdp","Dry Ponderosa Pine - Mesic",1
"4_41_25_80309",2,150,830,1011,2073,1712000402,"17120003","OBM","RaPIPOm_fdp_1712000402","RaPIPOm","RaPIPOm_fdp",52,"fdp","RaPIPOm","RaPIPOm_fdp","Dry Ponderosa Pine - Mesic",1
"4_41_25_85080",2,150,830,1011,2542,1712000402,"17120003","OBM","RaPIPOm_fdp_1712000402","RaPIPOm","RaPIPOm_fdp",52,"fdp","RaPIPOm","RaPIPOm_fdp","Dry Ponderosa Pine - Mesic",1
"4_41_25_56202",2,150,830,1011,1245,1712000402,"17120003","OBM","RaPIPOm_fdp_1712000402","RaPIPOm","RaPIPOm_fdp",52,"fdp","RaPIPOm","RaPIPOm_fdp","Dry Ponderosa Pine - Mesic",1
"4_41_25_81305",2,150,830,2160,1197,1712000402,"17120003","OBM","RaPIPOxe_fxp_17120004","RaPIPOxe","RaPIPOxe_fxp",56,"fxp","RaPIPOxe","RaPIPOxe_fxp","Ponderosa Pine - Xeric",3
"4_41_25_77239",2,150,830,2160,597,1712000402,"17120003","OBM","RaPIPOxe_fxp_17120004","RaPIPOxe","RaPIPOxe_fxp",56,"fxp","RaPIPOxe","RaPIPOxe_fxp","Ponderosa Pine - Xeric",3
"4_41_25_95667",2,150,830,2160,90,1712000402,"17120003","OBM","RaPIPOxe_fxp_17120004","RaPIPOxe","RaPIPOxe_fxp",56,"fxp","RaPIPOxe","RaPIPOxe_fxp","Ponderosa Pine - Xeric",3
"4_41_25_92724",2,150,831,2160,1,1712000403,"17120003","OBM","RaPIPOxe_fxp_17120004","RaPIPOxe","RaPIPOxe_fxp",56,"fxp","RaPIPOxe","RaPIPOxe_fxp","Ponderosa Pine - Xeric",3
"4_41_25_52821",2,150,831,2160,12,1712000403,"17120003","OBM","RaPIPOxe_fxp_17120004","RaPIPOxe","RaPIPOxe_fxp",56,"fxp","RaPIPOxe","RaPIPOxe_fxp","Ponderosa Pine - Xeric",3
"8_53_47_52922",12,15,62,79,498,1702000622,"17020005","WNE","RaMCONdy_fmd_1702000622","RaMCONdy","RaMCONdy_fmd",28,"fmd","RaMCONdy","RaMCONdy_fmd","Mixed Conifer - Eastside Dry",1
"3_41_37_56860",4,153,869,2228,33,1712000705,"17120006","OEC","RaPIPOxe_fxp_17120007","RaPIPOxe","RaPIPOxe_fxp",56,"fxp","RaPIPOxe","RaPIPOxe_fxp","Ponderosa Pine - Xeric",3
"8_53_47_80302",12,15,61,50,1319,1702000621,"17020005","WNE","RaMCONdy_fdd_1702000621","RaMCONdy","RaMCONdy_fdd",42,"fdd","RaMCONdy","RaMCONdy_fdd","Mixed Conifer - Eastside Dry",1
"4_41_49_71991",2,66,383,566,1187,1707020411,"17070203","OBM","RaMCONdy_fdd_1707020411","RaMCONdy","RaMCONdy_fdd",42,"fdd","RaMCONdy","RaMCONdy_fdd","Mixed Conifer - Eastside Dry",1
"4_41_49_73864",2,66,383,566,1798,1707020411,"17070203","OBM","RaMCONdy_fdd_1707020411","RaMCONdy","RaMCONdy_fdd",42,"fdd","RaMCONdy","RaMCONdy_fdd","Mixed Conifer - Eastside Dry",1
"4_41_49_70135",2,64,365,588,2650,1707020208,"17070201","OBM","RaMCONdy_fdd_1707020208","RaMCONdy","RaMCONdy_fdd",42,"fdd","RaMCONdy","RaMCONdy_fdd","Mixed Conifer - Eastside Dry",1
"4_41_23_76360",2,64,365,588,1195,1707020208,"17070201","OBM","RaMCONdy_fdd_1707020208","RaMCONdy","RaMCONdy_fdd",42,"fdd","RaMCONdy","RaMCONdy_fdd","Mixed Conifer - Eastside Dry",1
"4_41_23_63423",2,64,365,588,1052,1707020208,"17070201","OBM","RaMCONdy_fdd_1707020208","RaMCONdy","RaMCONdy_fdd",42,"fdd","RaMCONdy","RaMCONdy_fdd","Mixed Conifer - Eastside Dry",1
"4_41_23_52056",2,64,365,588,1387,1707020208,"17070201","OBM","RaMCONdy_fdd_1707020208","RaMCONdy","RaMCONdy_fdd",42,"fdd","RaMCONdy","RaMCONdy_fdd","Mixed Conifer - Eastside Dry",1
"4_41_23_64352",2,64,365,588,1046,1707020208,"17070201","OBM","RaMCONdy_fdd_1707020208","RaMCONdy","RaMCONdy_fdd",42,"fdd","RaMCONdy","RaMCONdy_fdd","Mixed Conifer - Eastside Dry",1
"4_41_23_88019",2,64,365,588,809,1707020208,"17070201","OBM","RaMCONdy_fdd_1707020208","RaMCONdy","RaMCONdy_fdd",42,"fdd","RaMCONdy","RaMCONdy_fdd","Mixed Conifer - Eastside Dry",1
"4_41_23_94230",2,64,365,588,783,1707020208,"17070201","OBM","RaMCONdy_fdd_1707020208","RaMCONdy","RaMCONdy_fdd",42,"fdd","RaMCONdy","RaMCONdy_fdd","Mixed Conifer - Eastside Dry",1
"4_41_23_68330",2,66,373,630,1135,1707020401,"17070203","OBM","RaPIPOm_fdp_1707020401","RaPIPOm","RaPIPOm_fdp",52,"fdp","RaPIPOm","RaPIPOm_fdp","Dry Ponderosa Pine - Mesic",1
"4_41_23_84511",2,66,373,628,1017,1707020401,"17070203","OBM","RaMCONdy_fdg_1707020401","RaMCONdy","RaMCONdy_fdg",23,"fdg","RaMCONdy","RaMCONdy_fdg","Mixed Conifer - Eastside Dry",1
"4_41_23_58643",2,66,373,2028,1046,1707020401,"17070203","OBM","RaPIPOxe_fxp_17070204","RaPIPOxe","RaPIPOxe_fxp",56,"fxp","RaPIPOxe","RaPIPOxe_fxp","Ponderosa Pine - Xeric",3
"4_41_23_85230",2,63,354,2084,205,1707020111,"17070106","OBM","RaPIPOxe_fxp_17070201","RaPIPOxe","RaPIPOxe_fxp",56,"fxp","RaPIPOxe","RaPIPOxe_fxp","Ponderosa Pine - Xeric",3
"3_41_69_66520",2,63,354,777,1673,1707020111,"17070106","OBM","RaMCONdy_fdd_1707020111","RaMCONdy","RaMCONdy_fdd",42,"fdd","RaMCONdy","RaMCONdy_fdd","Mixed Conifer - Eastside Dry",1
"3_41_69_76365",2,63,354,776,1694,1707020111,"17070106","OBM","RaMCONdy_fdg_1707020111","RaMCONdy","RaMCONdy_fdg",23,"fdg","RaMCONdy","RaMCONdy_fdg","Mixed Conifer - Eastside Dry",1
"4_41_23_56298",2,63,347,849,539,1707020104,"17070106","OBM","RaMCONdy_fdd_1707020104","RaMCONdy","RaMCONdy_fdd",42,"fdd","RaMCONdy","RaMCONdy_fdd","Mixed Conifer - Eastside Dry",1
"3_41_69_72269",2,63,347,851,849,1707020104,"17070106","OBM","RaPIPOm_fdp_1707020104","RaPIPOm","RaPIPOm_fdp",52,"fdp","RaPIPOm","RaPIPOm_fdp","Dry Ponderosa Pine - Mesic",1
"4_41_23_87762",2,63,347,849,900,1707020104,"17070106","OBM","RaMCONdy_fdd_1707020104","RaMCONdy","RaMCONdy_fdd",42,"fdd","RaMCONdy","RaMCONdy_fdd","Mixed Conifer - Eastside Dry",1
"3_41_13_95434",2,63,347,851,894,1707020104,"17070106","OBM","RaPIPOm_fdp_1707020104","RaPIPOm","RaPIPOm_fdp",52,"fdp","RaPIPOm","RaPIPOm_fdp","Dry Ponderosa Pine - Mesic",1
"3_41_13_65588",2,69,411,885,1919,1707030307,"17070302","OBM","RaPIPOm_fdp_1707030307","RaPIPOm","RaPIPOm_fdp",52,"fdp","RaPIPOm","RaPIPOm_fdp","Dry Ponderosa Pine - Mesic",1
"4_41_23_97660",2,69,411,885,856,1707030307,"17070302","OBM","RaPIPOm_fdp_1707030307","RaPIPOm","RaPIPOm_fdp",52,"fdp","RaPIPOm","RaPIPOm_fdp","Dry Ponderosa Pine - Mesic",1
"4_41_23_58746",2,69,409,934,867,1707030305,"17070302","OBM","RaPIPOm_fdp_1707030305","RaPIPOm","RaPIPOm_fdp",52,"fdp","RaPIPOm","RaPIPOm_fdp","Dry Ponderosa Pine - Mesic",1
"4_41_25_97555",2,69,409,934,1462,1707030305,"17070302","OBM","RaPIPOm_fdp_1707030305","RaPIPOm","RaPIPOm_fdp",52,"fdp","RaPIPOm","RaPIPOm_fdp","Dry Ponderosa Pine - Mesic",1
"4_41_25_57244",2,150,830,1011,1931,1712000402,"17120003","OBM","RaPIPOm_fdp_1712000402","RaPIPOm","RaPIPOm_fdp",52,"fdp","RaPIPOm","RaPIPOm_fdp","Dry Ponderosa Pine - Mesic",1
"4_41_25_65363",2,150,830,1011,1846,1712000402,"17120003","OBM","RaPIPOm_fdp_1712000402","RaPIPOm","RaPIPOm_fdp",52,"fdp","RaPIPOm","RaPIPOm_fdp","Dry Ponderosa Pine - Mesic",1
"4_41_25_95818",2,150,830,1011,2722,1712000402,"17120003","OBM","RaPIPOm_fdp_1712000402","RaPIPOm","RaPIPOm_fdp",52,"fdp","RaPIPOm","RaPIPOm_fdp","Dry Ponderosa Pine - Mesic",1
"4_41_25_72914",2,150,830,1011,1755,1712000402,"17120003","OBM","RaPIPOm_fdp_1712000402","RaPIPOm","RaPIPOm_fdp",52,"fdp","RaPIPOm","RaPIPOm_fdp","Dry Ponderosa Pine - Mesic",1
"4_41_25_67277",2,150,830,1011,2023,1712000402,"17120003","OBM","RaPIPOm_fdp_1712000402","RaPIPOm","RaPIPOm_fdp",52,"fdp","RaPIPOm","RaPIPOm_fdp","Dry Ponderosa Pine - Mesic",1
"4_41_25_55022",2,150,830,1011,1375,1712000402,"17120003","OBM","RaPIPOm_fdp_1712000402","RaPIPOm","RaPIPOm_fdp",52,"fdp","RaPIPOm","RaPIPOm_fdp","Dry Ponderosa Pine - Mesic",1
"4_41_25_52869",2,150,830,2160,821,1712000402,"17120003","OBM","RaPIPOxe_fxp_17120004","RaPIPOxe","RaPIPOxe_fxp",56,"fxp","RaPIPOxe","RaPIPOxe_fxp","Ponderosa Pine - Xeric",3
"4_41_25_57004",2,150,830,2160,659,1712000402,"17120003","OBM","RaPIPOxe_fxp_17120004","RaPIPOxe","RaPIPOxe_fxp",56,"fxp","RaPIPOxe","RaPIPOxe_fxp","Ponderosa Pine - Xeric",3
"8_53_47_56764",12,16,68,19,982,1702000720,"17020006","WNE","RaMCONdy_fdd_1702000720","RaMCONdy","RaMCONdy_fdd",42,"fdd","RaMCONdy","RaMCONdy_fdd","Mixed Conifer - Eastside Dry",1
"8_53_47_88880",12,16,68,19,221,1702000720,"17020006","WNE","RaMCONdy_fdd_1702000720","RaMCONdy","RaMCONdy_fdd",42,"fdd","RaMCONdy","RaMCONdy_fdd","Mixed Conifer - Eastside Dry",1
"4_41_23_82783",2,64,365,588,1258,1707020208,"17070201","OBM","RaMCONdy_fdd_1707020208","RaMCONdy","RaMCONdy_fdd",42,"fdd","RaMCONdy","RaMCONdy_fdd","Mixed Conifer - Eastside Dry",1
"4_41_23_71531",2,64,365,588,1105,1707020208,"17070201","OBM","RaMCONdy_fdd_1707020208","RaMCONdy","RaMCONdy_fdd",42,"fdd","RaMCONdy","RaMCONdy_fdd","Mixed Conifer - Eastside Dry",1
"4_41_23_71021",2,64,365,2062,695,1707020208,"17070201","OBM","RaPIPOxe_fxp_17070202","RaPIPOxe","RaPIPOxe_fxp",56,"fxp","RaPIPOxe","RaPIPOxe_fxp","Ponderosa Pine - Xeric",3
"4_41_23_55176",2,64,365,588,1299,1707020208,"17070201","OBM","RaMCONdy_fdd_1707020208","RaMCONdy","RaMCONdy_fdd",42,"fdd","RaMCONdy","RaMCONdy_fdd","Mixed Conifer - Eastside Dry",1
"4_41_23_74479",2,64,365,579,945,1707020208,"17070201","OBM","RaMCONdy_fdg_1707020208","RaMCONdy","RaMCONdy_fdg",23,"fdg","RaMCONdy","RaMCONdy_fdg","Mixed Conifer - Eastside Dry",1
"4_41_23_77485",2,66,373,630,1207,1707020401,"17070203","OBM","RaPIPOm_fdp_1707020401","RaPIPOm","RaPIPOm_fdp",52,"fdp","RaPIPOm","RaPIPOm_fdp","Dry Ponderosa Pine - Mesic",1
"4_41_23_53088",2,66,373,2028,764,1707020401,"17070203","OBM","RaPIPOxe_fxp_17070204","RaPIPOxe","RaPIPOxe_fxp",56,"fxp","RaPIPOxe","RaPIPOxe_fxp","Ponderosa Pine - Xeric",3
"8_53_47_58701",12,15,61,50,1370,1702000621,"17020005","WNE","RaMCONdy_fdd_1702000621","RaMCONdy","RaMCONdy_fdd",42,"fdd","RaMCONdy","RaMCONdy_fdd","Mixed Conifer - Eastside Dry",1
"4_41_23_93218",2,63,354,776,1649,1707020111,"17070106","OBM","RaMCONdy_fdg_1707020111","RaMCONdy","RaMCONdy_fdg",23,"fdg","RaMCONdy","RaMCONdy_fdg","Mixed Conifer - Eastside Dry",1
"4_41_23_85309",2,63,354,777,1416,1707020111,"17070106","OBM","RaMCONdy_fdd_1707020111","RaMCONdy","RaMCONdy_fdd",42,"fdd","RaMCONdy","RaMCONdy_fdd","Mixed Conifer - Eastside Dry",1
"4_41_23_69690",2,63,347,849,1041,1707020104,"17070106","OBM","RaMCONdy_fdd_1707020104","RaMCONdy","RaMCONdy_fdd",42,"fdd","RaMCONdy","RaMCONdy_fdd","Mixed Conifer - Eastside Dry",1
"4_41_23_84003",2,63,347,849,1216,1707020104,"17070106","OBM","RaMCONdy_fdd_1707020104","RaMCONdy","RaMCONdy_fdd",42,"fdd","RaMCONdy","RaMCONdy_fdd","Mixed Conifer - Eastside Dry",1
"4_41_23_69310",2,63,347,851,1447,1707020104,"17070106","OBM","RaPIPOm_fdp_1707020104","RaPIPOm","RaPIPOm_fdp",52,"fdp","RaPIPOm","RaPIPOm_fdp","Dry Ponderosa Pine - Mesic",1
"4_41_23_96371",2,63,347,2084,649,1707020104,"17070106","OBM","RaPIPOxe_fxp_17070201","RaPIPOxe","RaPIPOxe_fxp",56,"fxp","RaPIPOxe","RaPIPOxe_fxp","Ponderosa Pine - Xeric",3
"4_41_23_77784",2,63,347,2084,1534,1707020104,"17070106","OBM","RaPIPOxe_fxp_17070201","RaPIPOxe","RaPIPOxe_fxp",56,"fxp","RaPIPOxe","RaPIPOxe_fxp","Ponderosa Pine - Xeric",3
"4_41_23_52311",2,63,345,913,668,1707020102,"17070106","OBM","RaPIPOm_fdp_1707020102","RaPIPOm","RaPIPOm_fdp",52,"fdp","RaPIPOm","RaPIPOm_fdp","Dry Ponderosa Pine - Mesic",1
"4_41_23_96671",2,63,345,913,1030,1707020102,"17070106","OBM","RaPIPOm_fdp_1707020102","RaPIPOm","RaPIPOm_fdp",52,"fdp","RaPIPOm","RaPIPOm_fdp","Dry Ponderosa Pine - Mesic",1
"4_41_23_53291",2,63,345,913,1404,1707020102,"17070106","OBM","RaPIPOm_fdp_1707020102","RaPIPOm","RaPIPOm_fdp",52,"fdp","RaPIPOm","RaPIPOm_fdp","Dry Ponderosa Pine - Mesic",1
"4_41_23_99369",2,69,409,934,1502,1707030305,"17070302","OBM","RaPIPOm_fdp_1707030305","RaPIPOm","RaPIPOm_fdp",52,"fdp","RaPIPOm","RaPIPOm_fdp","Dry Ponderosa Pine - Mesic",1
"4_41_23_62838",2,69,409,934,40,1707030305,"17070302","OBM","RaPIPOm_fdp_1707030305","RaPIPOm","RaPIPOm_fdp",52,"fdp","RaPIPOm","RaPIPOm_fdp","Dry Ponderosa Pine - Mesic",1
"4_41_23_83587",2,69,409,934,709,1707030305,"17070302","OBM","RaPIPOm_fdp_1707030305","RaPIPOm","RaPIPOm_fdp",52,"fdp","RaPIPOm","RaPIPOm_fdp","Dry Ponderosa Pine - Mesic",1
"4_41_23_97442",2,69,409,934,875,1707030305,"17070302","OBM","RaPIPOm_fdp_1707030305","RaPIPOm","RaPIPOm_fdp",52,"fdp","RaPIPOm","RaPIPOm_fdp","Dry Ponderosa Pine - Mesic",1
"4_41_25_87832",2,69,409,934,1932,1707030305,"17070302","OBM","RaPIPOm_fdp_1707030305","RaPIPOm","RaPIPOm_fdp",52,"fdp","RaPIPOm","RaPIPOm_fdp","Dry Ponderosa Pine - Mesic",1
"4_41_25_79651",2,150,830,1011,2819,1712000402,"17120003","OBM","RaPIPOm_fdp_1712000402","RaPIPOm","RaPIPOm_fdp",52,"fdp","RaPIPOm","RaPIPOm_fdp","Dry Ponderosa Pine - Mesic",1
"4_41_25_63835",2,150,830,1011,2381,1712000402,"17120003","OBM","RaPIPOm_fdp_1712000402","RaPIPOm","RaPIPOm_fdp",52,"fdp","RaPIPOm","RaPIPOm_fdp","Dry Ponderosa Pine - Mesic",1
"4_41_25_89336",2,150,830,1011,1359,1712000402,"17120003","OBM","RaPIPOm_fdp_1712000402","RaPIPOm","RaPIPOm_fdp",52,"fdp","RaPIPOm","RaPIPOm_fdp","Dry Ponderosa Pine - Mesic",1
"4_41_25_76490",2,150,830,1011,1623,1712000402,"17120003","OBM","RaPIPOm_fdp_1712000402","RaPIPOm","RaPIPOm_fdp",52,"fdp","RaPIPOm","RaPIPOm_fdp","Dry Ponderosa Pine - Mesic",1
"4_41_25_89926",2,150,830,1011,1733,1712000402,"17120003","OBM","RaPIPOm_fdp_1712000402","RaPIPOm","RaPIPOm_fdp",52,"fdp","RaPIPOm","RaPIPOm_fdp","Dry Ponderosa Pine - Mesic",1
"4_41_25_52313",2,150,830,1011,2854,1712000402,"17120003","OBM","RaPIPOm_fdp_1712000402","RaPIPOm","RaPIPOm_fdp",52,"fdp","RaPIPOm","RaPIPOm_fdp","Dry Ponderosa Pine - Mesic",1
"4_41_25_96731",2,150,830,2160,350,1712000402,"17120003","OBM","RaPIPOxe_fxp_17120004","RaPIPOxe","RaPIPOxe_fxp",56,"fxp","RaPIPOxe","RaPIPOxe_fxp","Ponderosa Pine - Xeric",3
"4_41_49_60002",2,58,325,547,629,1707010403,"17070103","OBM","RaMCONdy_fdd_1707010403","RaMCONdy","RaMCONdy_fdd",42,"fdd","RaMCONdy","RaMCONdy_fdd","Mixed Conifer - Eastside Dry",1
"4_41_49_93104",2,66,383,566,972,1707020411,"17070203","OBM","RaMCONdy_fdd_1707020411","RaMCONdy","RaMCONdy_fdd",42,"fdd","RaMCONdy","RaMCONdy_fdd","Mixed Conifer - Eastside Dry",1
"4_41_49_61063",2,66,383,566,2297,1707020411,"17070203","OBM","RaMCONdy_fdd_1707020411","RaMCONdy","RaMCONdy_fdd",42,"fdd","RaMCONdy","RaMCONdy_fdd","Mixed Conifer - Eastside Dry",1
"4_41_49_80216",2,64,365,593,310,1707020208,"17070201","OBM","RaPIPOm_fdp_1707020208","RaPIPOm","RaPIPOm_fdp",52,"fdp","RaPIPOm","RaPIPOm_fdp","Dry Ponderosa Pine - Mesic",1
"4_41_23_66669",2,64,365,588,722,1707020208,"17070201","OBM","RaMCONdy_fdd_1707020208","RaMCONdy","RaMCONdy_fdd",42,"fdd","RaMCONdy","RaMCONdy_fdd","Mixed Conifer - Eastside Dry",1
"8_53_47_99681",12,15,58,45,396,1702000618,"17020005","WNE","RaMCONdy_fdd_1702000618","RaMCONdy","RaMCONdy_fdd",42,"fdd","RaMCONdy","RaMCONdy_fdd","Mixed Conifer - Eastside Dry",1
"4_41_23_74808",2,64,365,588,1246,1707020208,"17070201","OBM","RaMCONdy_fdd_1707020208","RaMCONdy","RaMCONdy_fdd",42,"fdd","RaMCONdy","RaMCONdy_fdd","Mixed Conifer - Eastside Dry",1
"4_41_23_80098",2,64,365,588,1330,1707020208,"17070201","OBM","RaMCONdy_fdd_1707020208","RaMCONdy","RaMCONdy_fdd",42,"fdd","RaMCONdy","RaMCONdy_fdd","Mixed Conifer - Eastside Dry",1
"4_41_23_78338",2,66,373,630,1912,1707020401,"17070203","OBM","RaPIPOm_fdp_1707020401","RaPIPOm","RaPIPOm_fdp",52,"fdp","RaPIPOm","RaPIPOm_fdp","Dry Ponderosa Pine - Mesic",1
"4_41_23_50580",2,64,367,2062,615,1707020210,"17070201","OBM","RaPIPOxe_fxp_17070202","RaPIPOxe","RaPIPOxe_fxp",56,"fxp","RaPIPOxe","RaPIPOxe_fxp","Ponderosa Pine - Xeric",3
"4_41_23_64235",2,64,367,2062,799,1707020210,"17070201","OBM","RaPIPOxe_fxp_17070202","RaPIPOxe","RaPIPOxe_fxp",56,"fxp","RaPIPOxe","RaPIPOxe_fxp","Ponderosa Pine - Xeric",3
"4_41_23_59064",2,63,347,849,671,1707020104,"17070106","OBM","RaMCONdy_fdd_1707020104","RaMCONdy","RaMCONdy_fdd",42,"fdd","RaMCONdy","RaMCONdy_fdd","Mixed Conifer - Eastside Dry",1
"4_41_23_68061",2,63,347,852,1401,1707020104,"17070106","OBM","RaMCONdy_fdg_1707020104","RaMCONdy","RaMCONdy_fdg",23,"fdg","RaMCONdy","RaMCONdy_fdg","Mixed Conifer - Eastside Dry",1
"4_41_23_52341",2,63,347,2084,576,1707020104,"17070106","OBM","RaPIPOxe_fxp_17070201","RaPIPOxe","RaPIPOxe_fxp",56,"fxp","RaPIPOxe","RaPIPOxe_fxp","Ponderosa Pine - Xeric",3
"4_41_23_78968",2,63,347,849,758,1707020104,"17070106","OBM","RaMCONdy_fdd_1707020104","RaMCONdy","RaMCONdy_fdd",42,"fdd","RaMCONdy","RaMCONdy_fdd","Mixed Conifer - Eastside Dry",1
"4_41_23_86702",2,63,347,849,872,1707020104,"17070106","OBM","RaMCONdy_fdd_1707020104","RaMCONdy","RaMCONdy_fdd",42,"fdd","RaMCONdy","RaMCONdy_fdd","Mixed Conifer - Eastside Dry",1
"4_41_23_93994",2,63,347,2084,1151,1707020104,"17070106","OBM","RaPIPOxe_fxp_17070201","RaPIPOxe","RaPIPOxe_fxp",56,"fxp","RaPIPOxe","RaPIPOxe_fxp","Ponderosa Pine - Xeric",3
"4_41_23_51323",2,63,345,913,1040,1707020102,"17070106","OBM","RaPIPOm_fdp_1707020102","RaPIPOm","RaPIPOm_fdp",52,"fdp","RaPIPOm","RaPIPOm_fdp","Dry Ponderosa Pine - Mesic",1
"4_41_23_82791",2,63,345,913,1203,1707020102,"17070106","OBM","RaPIPOm_fdp_1707020102","RaPIPOm","RaPIPOm_fdp",52,"fdp","RaPIPOm","RaPIPOm_fdp","Dry Ponderosa Pine - Mesic",1
"4_41_23_82031",2,63,345,913,1267,1707020102,"17070106","OBM","RaPIPOm_fdp_1707020102","RaPIPOm","RaPIPOm_fdp",52,"fdp","RaPIPOm","RaPIPOm_fdp","Dry Ponderosa Pine - Mesic",1
"4_41_23_95964",2,63,345,913,2003,1707020102,"17070106","OBM","RaPIPOm_fdp_1707020102","RaPIPOm","RaPIPOm_fdp",52,"fdp","RaPIPOm","RaPIPOm_fdp","Dry Ponderosa Pine - Mesic",1
"4_41_25_78980",2,69,409,934,2146,1707030305,"17070302","OBM","RaPIPOm_fdp_1707030305","RaPIPOm","RaPIPOm_fdp",52,"fdp","RaPIPOm","RaPIPOm_fdp","Dry Ponderosa Pine - Mesic",1
"4_41_25_81243",2,150,830,1011,1787,1712000402,"17120003","OBM","RaPIPOm_fdp_1712000402","RaPIPOm","RaPIPOm_fdp",52,"fdp","RaPIPOm","RaPIPOm_fdp","Dry Ponderosa Pine - Mesic",1
"4_41_25_90101",2,150,830,1010,1109,1712000402,"17120003","OBM","RaMCONdy_fdg_1712000402","RaMCONdy","RaMCONdy_fdg",23,"fdg","RaMCONdy","RaMCONdy_fdg","Mixed Conifer - Eastside Dry",1
"4_41_25_78602",2,150,830,1011,1735,1712000402,"17120003","OBM","RaPIPOm_fdp_1712000402","RaPIPOm","RaPIPOm_fdp",52,"fdp","RaPIPOm","RaPIPOm_fdp","Dry Ponderosa Pine - Mesic",1
"4_41_25_53946",2,150,830,1011,1773,1712000402,"17120003","OBM","RaPIPOm_fdp_1712000402","RaPIPOm","RaPIPOm_fdp",52,"fdp","RaPIPOm","RaPIPOm_fdp","Dry Ponderosa Pine - Mesic",1
"4_41_25_82313",2,150,829,1033,1547,1712000401,"17120003","OBM","RaPIPOm_fdp_1712000401","RaPIPOm","RaPIPOm_fdp",52,"fdp","RaPIPOm","RaPIPOm_fdp","Dry Ponderosa Pine - Mesic",1
"4_41_25_85317",2,150,829,2160,726,1712000401,"17120003","OBM","RaPIPOxe_fxp_17120004","RaPIPOxe","RaPIPOxe_fxp",56,"fxp","RaPIPOxe","RaPIPOxe_fxp","Ponderosa Pine - Xeric",3
"4_41_25_51872",2,150,831,1071,1046,1712000403,"17120003","OBM","RaPIPOm_fdp_1712000403","RaPIPOm","RaPIPOm_fdp",52,"fdp","RaPIPOm","RaPIPOm_fdp","Dry Ponderosa Pine - Mesic",1
"3_41_37_98035",5,154,876,2230,26,1712000805,"17120007","OSE","RaPIPOxe_fxp_17120008","RaPIPOxe","RaPIPOxe_fxp",56,"fxp","RaPIPOxe","RaPIPOxe_fxp","Ponderosa Pine - Xeric",3
"8_53_47_56009",12,15,56,30,1944,1702000616,"17020005","WNE","RaMCONdy_fdd_1702000616","RaMCONdy","RaMCONdy_fdd",42,"fdd","RaMCONdy","RaMCONdy_fdd","Mixed Conifer - Eastside Dry",1
"8_53_47_58663",12,15,56,30,1497,1702000616,"17020005","WNE","RaMCONdy_fdd_1702000616","RaMCONdy","RaMCONdy_fdd",42,"fdd","RaMCONdy","RaMCONdy_fdd","Mixed Conifer - Eastside Dry",1
"4_41_49_58121",2,58,325,547,527,1707010403,"17070103","OBM","RaMCONdy_fdd_1707010403","RaMCONdy","RaMCONdy_fdd",42,"fdd","RaMCONdy","RaMCONdy_fdd","Mixed Conifer - Eastside Dry",1
"4_41_49_70653",2,66,383,566,1497,1707020411,"17070203","OBM","RaMCONdy_fdd_1707020411","RaMCONdy","RaMCONdy_fdd",42,"fdd","RaMCONdy","RaMCONdy_fdd","Mixed Conifer - Eastside Dry",1
"4_41_49_75210",2,64,365,593,1177,1707020208,"17070201","OBM","RaPIPOm_fdp_1707020208","RaPIPOm","RaPIPOm_fdp",52,"fdp","RaPIPOm","RaPIPOm_fdp","Dry Ponderosa Pine - Mesic",1
"4_41_49_85622",2,64,365,588,1778,1707020208,"17070201","OBM","RaMCONdy_fdd_1707020208","RaMCONdy","RaMCONdy_fdd",42,"fdd","RaMCONdy","RaMCONdy_fdd","Mixed Conifer - Eastside Dry",1
"4_41_49_55188",2,64,365,588,581,1707020208,"17070201","OBM","RaMCONdy_fdd_1707020208","RaMCONdy","RaMCONdy_fdd",42,"fdd","RaMCONdy","RaMCONdy_fdd","Mixed Conifer - Eastside Dry",1
"4_41_49_67122",2,64,365,588,2193,1707020208,"17070201","OBM","RaMCONdy_fdd_1707020208","RaMCONdy","RaMCONdy_fdd",42,"fdd","RaMCONdy","RaMCONdy_fdd","Mixed Conifer - Eastside Dry",1
"4_41_23_54885",2,64,365,588,1552,1707020208,"17070201","OBM","RaMCONdy_fdd_1707020208","RaMCONdy","RaMCONdy_fdd",42,"fdd","RaMCONdy","RaMCONdy_fdd","Mixed Conifer - Eastside Dry",1
"4_41_23_71378",2,64,365,593,1200,1707020208,"17070201","OBM","RaPIPOm_fdp_1707020208","RaPIPOm","RaPIPOm_fdp",52,"fdp","RaPIPOm","RaPIPOm_fdp","Dry Ponderosa Pine - Mesic",1
"4_41_23_59775",2,64,365,2062,496,1707020208,"17070201","OBM","RaPIPOxe_fxp_17070202","RaPIPOxe","RaPIPOxe_fxp",56,"fxp","RaPIPOxe","RaPIPOxe_fxp","Ponderosa Pine - Xeric",3
"4_41_23_96327",2,64,365,588,1793,1707020208,"17070201","OBM","RaMCONdy_fdd_1707020208","RaMCONdy","RaMCONdy_fdd",42,"fdd","RaMCONdy","RaMCONdy_fdd","Mixed Conifer - Eastside Dry",1
"4_41_23_58431",2,64,365,588,853,1707020208,"17070201","OBM","RaMCONdy_fdd_1707020208","RaMCONdy","RaMCONdy_fdd",42,"fdd","RaMCONdy","RaMCONdy_fdd","Mixed Conifer - Eastside Dry",1
"4_41_23_96790",2,64,367,2062,610,1707020210,"17070201","OBM","RaPIPOxe_fxp_17070202","RaPIPOxe","RaPIPOxe_fxp",56,"fxp","RaPIPOxe","RaPIPOxe_fxp","Ponderosa Pine - Xeric",3
"4_41_23_79256",2,63,354,2084,278,1707020111,"17070106","OBM","RaPIPOxe_fxp_17070201","RaPIPOxe","RaPIPOxe_fxp",56,"fxp","RaPIPOxe","RaPIPOxe_fxp","Ponderosa Pine - Xeric",3
"4_41_23_98105",2,63,347,2084,185,1707020104,"17070106","OBM","RaPIPOxe_fxp_17070201","RaPIPOxe","RaPIPOxe_fxp",56,"fxp","RaPIPOxe","RaPIPOxe_fxp","Ponderosa Pine - Xeric",3
"4_41_23_65761",2,63,345,912,1270,1707020102,"17070106","OBM","RaMCONdy_fdd_1707020102","RaMCONdy","RaMCONdy_fdd",42,"fdd","RaMCONdy","RaMCONdy_fdd","Mixed Conifer - Eastside Dry",1
"4_41_23_62361",2,63,345,913,1122,1707020102,"17070106","OBM","RaPIPOm_fdp_1707020102","RaPIPOm","RaPIPOm_fdp",52,"fdp","RaPIPOm","RaPIPOm_fdp","Dry Ponderosa Pine - Mesic",1
"4_41_23_89386",2,69,409,933,1407,1707030305,"17070302","OBM","RaMCONdy_fdg_1707030305","RaMCONdy","RaMCONdy_fdg",23,"fdg","RaMCONdy","RaMCONdy_fdg","Mixed Conifer - Eastside Dry",1
"4_41_25_88420",2,69,409,933,1621,1707030305,"17070302","OBM","RaMCONdy_fdg_1707030305","RaMCONdy","RaMCONdy_fdg",23,"fdg","RaMCONdy","RaMCONdy_fdg","Mixed Conifer - Eastside Dry",1
"4_41_25_57313",2,148,822,1003,908,1712000205,"17120001","OBM","RaPIPOm_fdp_1712000205","RaPIPOm","RaPIPOm_fdp",52,"fdp","RaPIPOm","RaPIPOm_fdp","Dry Ponderosa Pine - Mesic",1
"4_41_25_50016",2,148,822,1002,2528,1712000205,"17120001","OBM","RaMCONdy_fdg_1712000205","RaMCONdy","RaMCONdy_fdg",23,"fdg","RaMCONdy","RaMCONdy_fdg","Mixed Conifer - Eastside Dry",1
"4_41_25_51929",2,150,830,1010,1172,1712000402,"17120003","OBM","RaMCONdy_fdg_1712000402","RaMCONdy","RaMCONdy_fdg",23,"fdg","RaMCONdy","RaMCONdy_fdg","Mixed Conifer - Eastside Dry",1
"4_41_25_73123",2,150,830,1011,982,1712000402,"17120003","OBM","RaPIPOm_fdp_1712000402","RaPIPOm","RaPIPOm_fdp",52,"fdp","RaPIPOm","RaPIPOm_fdp","Dry Ponderosa Pine - Mesic",1
"4_41_25_55555",2,150,829,1033,1180,1712000401,"17120003","OBM","RaPIPOm_fdp_1712000401","RaPIPOm","RaPIPOm_fdp",52,"fdp","RaPIPOm","RaPIPOm_fdp","Dry Ponderosa Pine - Mesic",1
"4_41_25_66815",2,150,829,1033,1280,1712000401,"17120003","OBM","RaPIPOm_fdp_1712000401","RaPIPOm","RaPIPOm_fdp",52,"fdp","RaPIPOm","RaPIPOm_fdp","Dry Ponderosa Pine - Mesic",1
"4_41_25_97403",2,150,829,1033,1637,1712000401,"17120003","OBM","RaPIPOm_fdp_1712000401","RaPIPOm","RaPIPOm_fdp",52,"fdp","RaPIPOm","RaPIPOm_fdp","Dry Ponderosa Pine - Mesic",1
"4_41_25_79303",2,150,829,2160,562,1712000401,"17120003","OBM","RaPIPOxe_fxp_17120004","RaPIPOxe","RaPIPOxe_fxp",56,"fxp","RaPIPOxe","RaPIPOxe_fxp","Ponderosa Pine - Xeric",3
"4_41_25_74731",2,150,829,1033,2319,1712000401,"17120003","OBM","RaPIPOm_fdp_1712000401","RaPIPOm","RaPIPOm_fdp",52,"fdp","RaPIPOm","RaPIPOm_fdp","Dry Ponderosa Pine - Mesic",1
"4_41_25_95128",2,150,831,2160,778,1712000403,"17120003","OBM","RaPIPOxe_fxp_17120004","RaPIPOxe","RaPIPOxe_fxp",56,"fxp","RaPIPOxe","RaPIPOxe_fxp","Ponderosa Pine - Xeric",3
"8_53_47_59191",12,16,68,19,403,1702000720,"17020006","WNE","RaMCONdy_fdd_1702000720","RaMCONdy","RaMCONdy_fdd",42,"fdd","RaMCONdy","RaMCONdy_fdd","Mixed Conifer - Eastside Dry",1
"4_41_49_55926",2,58,325,2054,1164,1707010403,"17070103","OBM","RaMCONms_fcm_17070104","RaMCONms","RaMCONms_fcm",22,"fcm","RaMCONms","RaMCONms_fcm","Mixed Conifer - Eastside Mesic",3
"4_41_49_88248",2,66,383,581,1011,1707020411,"17070203","OBM","RaMCONdy_fdg_1707020411","RaMCONdy","RaMCONdy_fdg",23,"fdg","RaMCONdy","RaMCONdy_fdg","Mixed Conifer - Eastside Dry",1
"4_41_49_89534",2,64,365,593,1808,1707020208,"17070201","OBM","RaPIPOm_fdp_1707020208","RaPIPOm","RaPIPOm_fdp",52,"fdp","RaPIPOm","RaPIPOm_fdp","Dry Ponderosa Pine - Mesic",1
"4_41_49_63508",2,64,365,588,2048,1707020208,"17070201","OBM","RaMCONdy_fdd_1707020208","RaMCONdy","RaMCONdy_fdd",42,"fdd","RaMCONdy","RaMCONdy_fdd","Mixed Conifer - Eastside Dry",1
"4_41_23_89332",2,64,365,588,1362,1707020208,"17070201","OBM","RaMCONdy_fdd_1707020208","RaMCONdy","RaMCONdy_fdd",42,"fdd","RaMCONdy","RaMCONdy_fdd","Mixed Conifer - Eastside Dry",1
"4_41_23_90756",2,64,365,2062,733,1707020208,"17070201","OBM","RaPIPOxe_fxp_17070202","RaPIPOxe","RaPIPOxe_fxp",56,"fxp","RaPIPOxe","RaPIPOxe_fxp","Ponderosa Pine - Xeric",3
"4_41_23_96865",2,64,365,588,1160,1707020208,"17070201","OBM","RaMCONdy_fdd_1707020208","RaMCONdy","RaMCONdy_fdd",42,"fdd","RaMCONdy","RaMCONdy_fdd","Mixed Conifer - Eastside Dry",1
"4_41_23_74614",2,64,365,588,1699,1707020208,"17070201","OBM","RaMCONdy_fdd_1707020208","RaMCONdy","RaMCONdy_fdd",42,"fdd","RaMCONdy","RaMCONdy_fdd","Mixed Conifer - Eastside Dry",1
"4_41_23_85380",2,64,367,2062,1008,1707020210,"17070201","OBM","RaPIPOxe_fxp_17070202","RaPIPOxe","RaPIPOxe_fxp",56,"fxp","RaPIPOxe","RaPIPOxe_fxp","Ponderosa Pine - Xeric",3
"4_41_23_76208",2,64,367,662,1051,1707020210,"17070201","OBM","RaPIPOm_fdp_1707020210","RaPIPOm","RaPIPOm_fdp",52,"fdp","RaPIPOm","RaPIPOm_fdp","Dry Ponderosa Pine - Mesic",1
"4_41_23_67561",2,64,367,668,2692,1707020210,"17070201","OBM","RaMCONdy_fdg_1707020210","RaMCONdy","RaMCONdy_fdg",23,"fdg","RaMCONdy","RaMCONdy_fdg","Mixed Conifer - Eastside Dry",1
"4_41_23_71696",2,63,354,780,899,1707020111,"17070106","OBM","RaPIPOm_fdp_1707020111","RaPIPOm","RaPIPOm_fdp",52,"fdp","RaPIPOm","RaPIPOm_fdp","Dry Ponderosa Pine - Mesic",1
"4_41_23_83168",2,63,354,777,645,1707020111,"17070106","OBM","RaMCONdy_fdd_1707020111","RaMCONdy","RaMCONdy_fdd",42,"fdd","RaMCONdy","RaMCONdy_fdd","Mixed Conifer - Eastside Dry",1
"4_41_23_57182",2,63,347,849,710,1707020104,"17070106","OBM","RaMCONdy_fdd_1707020104","RaMCONdy","RaMCONdy_fdd",42,"fdd","RaMCONdy","RaMCONdy_fdd","Mixed Conifer - Eastside Dry",1
"4_41_23_74376",2,63,345,912,637,1707020102,"17070106","OBM","RaMCONdy_fdd_1707020102","RaMCONdy","RaMCONdy_fdd",42,"fdd","RaMCONdy","RaMCONdy_fdd","Mixed Conifer - Eastside Dry",1
"4_41_23_91409",2,63,345,912,225,1707020102,"17070106","OBM","RaMCONdy_fdd_1707020102","RaMCONdy","RaMCONdy_fdd",42,"fdd","RaMCONdy","RaMCONdy_fdd","Mixed Conifer - Eastside Dry",1
"4_41_23_92543",2,69,409,933,2613,1707030305,"17070302","OBM","RaMCONdy_fdg_1707030305","RaMCONdy","RaMCONdy_fdg",23,"fdg","RaMCONdy","RaMCONdy_fdg","Mixed Conifer - Eastside Dry",1
"4_41_23_73815",2,63,344,937,1427,1707020101,"17070106","OBM","RaMCONdy_fdg_1707020101","RaMCONdy","RaMCONdy_fdg",23,"fdg","RaMCONdy","RaMCONdy_fdg","Mixed Conifer - Eastside Dry",1
"4_41_25_74123",2,148,822,1002,1736,1712000205,"17120001","OBM","RaMCONdy_fdg_1712000205","RaMCONdy","RaMCONdy_fdg",23,"fdg","RaMCONdy","RaMCONdy_fdg","Mixed Conifer - Eastside Dry",1
"4_41_25_52451",2,148,822,1003,1631,1712000205,"17120001","OBM","RaPIPOm_fdp_1712000205","RaPIPOm","RaPIPOm_fdp",52,"fdp","RaPIPOm","RaPIPOm_fdp","Dry Ponderosa Pine - Mesic",1
"4_41_25_76327",2,148,822,2318,1300,1712000205,"17120001","OBM","RaSPFI_fcd_OBM","RaSPFI","RaSPFI_fcd",9,"fcd","RaSPFI","RaSPFI_fcd","Spruce - Fir",4
"4_41_25_95666",2,148,822,1002,1751,1712000205,"17120001","OBM","RaMCONdy_fdg_1712000205","RaMCONdy","RaMCONdy_fdg",23,"fdg","RaMCONdy","RaMCONdy_fdg","Mixed Conifer - Eastside Dry",1
"4_41_25_74709",2,148,822,1003,1463,1712000205,"17120001","OBM","RaPIPOm_fdp_1712000205","RaPIPOm","RaPIPOm_fdp",52,"fdp","RaPIPOm","RaPIPOm_fdp","Dry Ponderosa Pine - Mesic",1
"4_41_25_88119",2,148,822,1003,1200,1712000205,"17120001","OBM","RaPIPOm_fdp_1712000205","RaPIPOm","RaPIPOm_fdp",52,"fdp","RaPIPOm","RaPIPOm_fdp","Dry Ponderosa Pine - Mesic",1
"4_41_25_73834",2,150,829,1033,1098,1712000401,"17120003","OBM","RaPIPOm_fdp_1712000401","RaPIPOm","RaPIPOm_fdp",52,"fdp","RaPIPOm","RaPIPOm_fdp","Dry Ponderosa Pine - Mesic",1
"4_41_25_88953",2,150,829,2160,887,1712000401,"17120003","OBM","RaPIPOxe_fxp_17120004","RaPIPOxe","RaPIPOxe_fxp",56,"fxp","RaPIPOxe","RaPIPOxe_fxp","Ponderosa Pine - Xeric",3
"4_41_25_74981",2,150,829,1033,1506,1712000401,"17120003","OBM","RaPIPOm_fdp_1712000401","RaPIPOm","RaPIPOm_fdp",52,"fdp","RaPIPOm","RaPIPOm_fdp","Dry Ponderosa Pine - Mesic",1
"4_41_25_91031",2,150,829,2160,691,1712000401,"17120003","OBM","RaPIPOxe_fxp_17120004","RaPIPOxe","RaPIPOxe_fxp",56,"fxp","RaPIPOxe","RaPIPOxe_fxp","Ponderosa Pine - Xeric",3
"4_41_25_56734",2,150,829,2160,1243,1712000401,"17120003","OBM","RaPIPOxe_fxp_17120004","RaPIPOxe","RaPIPOxe_fxp",56,"fxp","RaPIPOxe","RaPIPOxe_fxp","Ponderosa Pine - Xeric",3
"4_41_25_69046",2,150,829,2160,2020,1712000401,"17120003","OBM","RaPIPOxe_fxp_17120004","RaPIPOxe","RaPIPOxe_fxp",56,"fxp","RaPIPOxe","RaPIPOxe_fxp","Ponderosa Pine - Xeric",3
"4_41_25_78742",2,150,829,2160,54,1712000401,"17120003","OBM","RaPIPOxe_fxp_17120004","RaPIPOxe","RaPIPOxe_fxp",56,"fxp","RaPIPOxe","RaPIPOxe_fxp","Ponderosa Pine - Xeric",3
"4_41_25_58250",2,150,831,2160,97,1712000403,"17120003","OBM","RaPIPOxe_fxp_17120004","RaPIPOxe","RaPIPOxe_fxp",56,"fxp","RaPIPOxe","RaPIPOxe_fxp","Ponderosa Pine - Xeric",3
"8_53_47_70668",12,15,56,30,476,1702000616,"17020005","WNE","RaMCONdy_fdd_1702000616","RaMCONdy","RaMCONdy_fdd",42,"fdd","RaMCONdy","RaMCONdy_fdd","Mixed Conifer - Eastside Dry",1
"4_41_49_52027",2,58,325,547,773,1707010403,"17070103","OBM","RaMCONdy_fdd_1707010403","RaMCONdy","RaMCONdy_fdd",42,"fdd","RaMCONdy","RaMCONdy_fdd","Mixed Conifer - Eastside Dry",1
"4_41_49_90284",2,58,325,2054,1952,1707010403,"17070103","OBM","RaMCONms_fcm_17070104","RaMCONms","RaMCONms_fcm",22,"fcm","RaMCONms","RaMCONms_fcm","Mixed Conifer - Eastside Mesic",3
"4_41_49_83594",2,64,365,588,1726,1707020208,"17070201","OBM","RaMCONdy_fdd_1707020208","RaMCONdy","RaMCONdy_fdd",42,"fdd","RaMCONdy","RaMCONdy_fdd","Mixed Conifer - Eastside Dry",1
"4_41_49_78925",2,64,365,588,2375,1707020208,"17070201","OBM","RaMCONdy_fdd_1707020208","RaMCONdy","RaMCONdy_fdd",42,"fdd","RaMCONdy","RaMCONdy_fdd","Mixed Conifer - Eastside Dry",1
"4_41_49_75472",2,64,365,588,2987,1707020208,"17070201","OBM","RaMCONdy_fdd_1707020208","RaMCONdy","RaMCONdy_fdd",42,"fdd","RaMCONdy","RaMCONdy_fdd","Mixed Conifer - Eastside Dry",1
"4_41_23_93981",2,64,365,588,535,1707020208,"17070201","OBM","RaMCONdy_fdd_1707020208","RaMCONdy","RaMCONdy_fdd",42,"fdd","RaMCONdy","RaMCONdy_fdd","Mixed Conifer - Eastside Dry",1
"4_41_49_93744",2,64,365,588,2710,1707020208,"17070201","OBM","RaMCONdy_fdd_1707020208","RaMCONdy","RaMCONdy_fdd",42,"fdd","RaMCONdy","RaMCONdy_fdd","Mixed Conifer - Eastside Dry",1
"8_53_47_78570",12,15,58,45,123,1702000618,"17020005","WNE","RaMCONdy_fdd_1702000618","RaMCONdy","RaMCONdy_fdd",42,"fdd","RaMCONdy","RaMCONdy_fdd","Mixed Conifer - Eastside Dry",1
"4_41_23_65777",2,64,366,695,196,1707020209,"17070201","OBM","RaMCONdy_fdd_1707020209","RaMCONdy","RaMCONdy_fdd",42,"fdd","RaMCONdy","RaMCONdy_fdd","Mixed Conifer - Eastside Dry",1
"4_41_23_93925",2,63,354,777,795,1707020111,"17070106","OBM","RaMCONdy_fdd_1707020111","RaMCONdy","RaMCONdy_fdd",42,"fdd","RaMCONdy","RaMCONdy_fdd","Mixed Conifer - Eastside Dry",1
"4_41_23_93510",2,63,353,791,1153,1707020110,"17070106","OBM","RaMCONdy_fdg_1707020110","RaMCONdy","RaMCONdy_fdg",23,"fdg","RaMCONdy","RaMCONdy_fdg","Mixed Conifer - Eastside Dry",1
"4_41_23_61469",2,63,347,852,725,1707020104,"17070106","OBM","RaMCONdy_fdg_1707020104","RaMCONdy","RaMCONdy_fdg",23,"fdg","RaMCONdy","RaMCONdy_fdg","Mixed Conifer - Eastside Dry",1
"4_41_23_76163",2,63,346,865,1585,1707020103,"17070106","OBM","RaMCONdy_fdg_1707020103","RaMCONdy","RaMCONdy_fdg",23,"fdg","RaMCONdy","RaMCONdy_fdg","Mixed Conifer - Eastside Dry",1
"4_41_23_65260",2,63,346,2084,22,1707020103,"17070106","OBM","RaPIPOxe_fxp_17070201","RaPIPOxe","RaPIPOxe_fxp",56,"fxp","RaPIPOxe","RaPIPOxe_fxp","Ponderosa Pine - Xeric",3
"4_41_23_99351",2,63,345,912,1430,1707020102,"17070106","OBM","RaMCONdy_fdd_1707020102","RaMCONdy","RaMCONdy_fdd",42,"fdd","RaMCONdy","RaMCONdy_fdd","Mixed Conifer - Eastside Dry",1
"4_41_23_57859",2,63,345,912,201,1707020102,"17070106","OBM","RaMCONdy_fdd_1707020102","RaMCONdy","RaMCONdy_fdd",42,"fdd","RaMCONdy","RaMCONdy_fdd","Mixed Conifer - Eastside Dry",1
"4_41_23_78153",2,63,344,937,1372,1707020101,"17070106","OBM","RaMCONdy_fdg_1707020101","RaMCONdy","RaMCONdy_fdg",23,"fdg","RaMCONdy","RaMCONdy_fdg","Mixed Conifer - Eastside Dry",1
"4_41_25_76607",2,148,822,1002,1589,1712000205,"17120001","OBM","RaMCONdy_fdg_1712000205","RaMCONdy","RaMCONdy_fdg",23,"fdg","RaMCONdy","RaMCONdy_fdg","Mixed Conifer - Eastside Dry",1
"4_41_25_66608",2,148,822,1003,1048,1712000205,"17120001","OBM","RaPIPOm_fdp_1712000205","RaPIPOm","RaPIPOm_fdp",52,"fdp","RaPIPOm","RaPIPOm_fdp","Dry Ponderosa Pine - Mesic",1
"4_41_25_52662",2,148,822,1002,1709,1712000205,"17120001","OBM","RaMCONdy_fdg_1712000205","RaMCONdy","RaMCONdy_fdg",23,"fdg","RaMCONdy","RaMCONdy_fdg","Mixed Conifer - Eastside Dry",1
"4_41_25_66320",2,148,822,1002,1106,1712000205,"17120001","OBM","RaMCONdy_fdg_1712000205","RaMCONdy","RaMCONdy_fdg",23,"fdg","RaMCONdy","RaMCONdy_fdg","Mixed Conifer - Eastside Dry",1
"4_41_25_58630",2,148,822,2318,1029,1712000205,"17120001","OBM","RaSPFI_fcd_OBM","RaSPFI","RaSPFI_fcd",9,"fcd","RaSPFI","RaSPFI_fcd","Spruce - Fir",4
"8_53_47_67882",12,15,61,50,717,1702000621,"17020005","WNE","RaMCONdy_fdd_1702000621","RaMCONdy","RaMCONdy_fdd",42,"fdd","RaMCONdy","RaMCONdy_fdd","Mixed Conifer - Eastside Dry",1
"4_41_25_56128",2,148,822,1003,1738,1712000205,"17120001","OBM","RaPIPOm_fdp_1712000205","RaPIPOm","RaPIPOm_fdp",52,"fdp","RaPIPOm","RaPIPOm_fdp","Dry Ponderosa Pine - Mesic",1
"4_41_25_78993",2,148,822,1003,2230,1712000205,"17120001","OBM","RaPIPOm_fdp_1712000205","RaPIPOm","RaPIPOm_fdp",52,"fdp","RaPIPOm","RaPIPOm_fdp","Dry Ponderosa Pine - Mesic",1
"4_41_25_76958",2,148,822,1003,1077,1712000205,"17120001","OBM","RaPIPOm_fdp_1712000205","RaPIPOm","RaPIPOm_fdp",52,"fdp","RaPIPOm","RaPIPOm_fdp","Dry Ponderosa Pine - Mesic",1
"4_41_25_73376",2,148,822,1003,1673,1712000205,"17120001","OBM","RaPIPOm_fdp_1712000205","RaPIPOm","RaPIPOm_fdp",52,"fdp","RaPIPOm","RaPIPOm_fdp","Dry Ponderosa Pine - Mesic",1
"4_41_25_78413",2,148,822,2136,1505,1712000205,"17120001","OBM","RaPIPOxe_fxp_17120002","RaPIPOxe","RaPIPOxe_fxp",56,"fxp","RaPIPOxe","RaPIPOxe_fxp","Ponderosa Pine - Xeric",3
"4_41_25_76486",2,148,822,2136,1209,1712000205,"17120001","OBM","RaPIPOxe_fxp_17120002","RaPIPOxe","RaPIPOxe_fxp",56,"fxp","RaPIPOxe","RaPIPOxe_fxp","Ponderosa Pine - Xeric",3
"4_41_25_56367",2,150,829,2160,939,1712000401,"17120003","OBM","RaPIPOxe_fxp_17120004","RaPIPOxe","RaPIPOxe_fxp",56,"fxp","RaPIPOxe","RaPIPOxe_fxp","Ponderosa Pine - Xeric",3
"4_41_25_52017",2,150,831,2160,444,1712000403,"17120003","OBM","RaPIPOxe_fxp_17120004","RaPIPOxe","RaPIPOxe_fxp",56,"fxp","RaPIPOxe","RaPIPOxe_fxp","Ponderosa Pine - Xeric",3
"8_53_47_62776",12,15,61,50,388,1702000621,"17020005","WNE","RaMCONdy_fdd_1702000621","RaMCONdy","RaMCONdy_fdd",42,"fdd","RaMCONdy","RaMCONdy_fdd","Mixed Conifer - Eastside Dry",1
"8_53_47_74331",12,15,59,86,63,1702000619,"17020005","WNE","RaPIPOm_fpd_1702000619","RaPIPOm","RaPIPOm_fpd",51,"fpd","RaPIPOm","RaPIPOm_fpd","Dry Ponderosa Pine - Mesic",1
"8_53_47_55029",12,15,62,77,31,1702000622,"17020005","WNE","RaPIPOm_fpd_1702000622","RaPIPOm","RaPIPOm_fpd",51,"fpd","RaPIPOm","RaPIPOm_fpd","Dry Ponderosa Pine - Mesic",1
"4_41_49_56830",2,58,325,547,1315,1707010403,"17070103","OBM","RaMCONdy_fdd_1707010403","RaMCONdy","RaMCONdy_fdd",42,"fdd","RaMCONdy","RaMCONdy_fdd","Mixed Conifer - Eastside Dry",1
"4_41_49_61483",2,64,365,2053,886,1707020208,"17070201","OBM","RaMCONms_fcm_17070202","RaMCONms","RaMCONms_fcm",22,"fcm","RaMCONms","RaMCONms_fcm","Mixed Conifer - Eastside Mesic",3
"4_41_49_95806",2,64,365,588,1085,1707020208,"17070201","OBM","RaMCONdy_fdd_1707020208","RaMCONdy","RaMCONdy_fdd",42,"fdd","RaMCONdy","RaMCONdy_fdd","Mixed Conifer - Eastside Dry",1
"4_41_49_65615",2,64,365,593,2179,1707020208,"17070201","OBM","RaPIPOm_fdp_1707020208","RaPIPOm","RaPIPOm_fdp",52,"fdp","RaPIPOm","RaPIPOm_fdp","Dry Ponderosa Pine - Mesic",1
"4_41_49_82087",2,64,365,588,1850,1707020208,"17070201","OBM","RaMCONdy_fdd_1707020208","RaMCONdy","RaMCONdy_fdd",42,"fdd","RaMCONdy","RaMCONdy_fdd","Mixed Conifer - Eastside Dry",1
"4_41_49_77188",2,64,365,588,954,1707020208,"17070201","OBM","RaMCONdy_fdd_1707020208","RaMCONdy","RaMCONdy_fdd",42,"fdd","RaMCONdy","RaMCONdy_fdd","Mixed Conifer - Eastside Dry",1
"4_41_23_62955",2,64,365,2062,683,1707020208,"17070201","OBM","RaPIPOxe_fxp_17070202","RaPIPOxe","RaPIPOxe_fxp",56,"fxp","RaPIPOxe","RaPIPOxe_fxp","Ponderosa Pine - Xeric",3
"4_41_23_62648",2,64,367,2062,8,1707020210,"17070201","OBM","RaPIPOxe_fxp_17070202","RaPIPOxe","RaPIPOxe_fxp",56,"fxp","RaPIPOxe","RaPIPOxe_fxp","Ponderosa Pine - Xeric",3
"4_41_23_79438",2,64,367,2062,137,1707020210,"17070201","OBM","RaPIPOxe_fxp_17070202","RaPIPOxe","RaPIPOxe_fxp",56,"fxp","RaPIPOxe","RaPIPOxe_fxp","Ponderosa Pine - Xeric",3
"4_41_23_69703",2,64,366,2062,14,1707020209,"17070201","OBM","RaPIPOxe_fxp_17070202","RaPIPOxe","RaPIPOxe_fxp",56,"fxp","RaPIPOxe","RaPIPOxe_fxp","Ponderosa Pine - Xeric",3
"4_41_23_72087",2,64,366,695,1079,1707020209,"17070201","OBM","RaMCONdy_fdd_1707020209","RaMCONdy","RaMCONdy_fdd",42,"fdd","RaMCONdy","RaMCONdy_fdd","Mixed Conifer - Eastside Dry",1
"4_41_23_97884",2,64,366,695,1329,1707020209,"17070201","OBM","RaMCONdy_fdd_1707020209","RaMCONdy","RaMCONdy_fdd",42,"fdd","RaMCONdy","RaMCONdy_fdd","Mixed Conifer - Eastside Dry",1
"4_41_23_72145",2,63,354,777,533,1707020111,"17070106","OBM","RaMCONdy_fdd_1707020111","RaMCONdy","RaMCONdy_fdd",42,"fdd","RaMCONdy","RaMCONdy_fdd","Mixed Conifer - Eastside Dry",1
"4_41_23_60148",2,63,353,2084,18,1707020110,"17070106","OBM","RaPIPOxe_fxp_17070201","RaPIPOxe","RaPIPOxe_fxp",56,"fxp","RaPIPOxe","RaPIPOxe_fxp","Ponderosa Pine - Xeric",3
"4_41_23_93187",2,63,353,791,2964,1707020110,"17070106","OBM","RaMCONdy_fdg_1707020110","RaMCONdy","RaMCONdy_fdg",23,"fdg","RaMCONdy","RaMCONdy_fdg","Mixed Conifer - Eastside Dry",1
"4_41_23_59427",2,63,346,865,1502,1707020103,"17070106","OBM","RaMCONdy_fdg_1707020103","RaMCONdy","RaMCONdy_fdg",23,"fdg","RaMCONdy","RaMCONdy_fdg","Mixed Conifer - Eastside Dry",1
"4_41_23_50919",2,63,346,865,2007,1707020103,"17070106","OBM","RaMCONdy_fdg_1707020103","RaMCONdy","RaMCONdy_fdg",23,"fdg","RaMCONdy","RaMCONdy_fdg","Mixed Conifer - Eastside Dry",1
"4_41_23_93815",2,63,346,2084,1837,1707020103,"17070106","OBM","RaPIPOxe_fxp_17070201","RaPIPOxe","RaPIPOxe_fxp",56,"fxp","RaPIPOxe","RaPIPOxe_fxp","Ponderosa Pine - Xeric",3
"4_41_23_89248",2,63,345,2084,460,1707020102,"17070106","OBM","RaPIPOxe_fxp_17070201","RaPIPOxe","RaPIPOxe_fxp",56,"fxp","RaPIPOxe","RaPIPOxe_fxp","Ponderosa Pine - Xeric",3
"4_41_23_81723",2,63,345,912,1845,1707020102,"17070106","OBM","RaMCONdy_fdd_1707020102","RaMCONdy","RaMCONdy_fdd",42,"fdd","RaMCONdy","RaMCONdy_fdd","Mixed Conifer - Eastside Dry",1
"4_41_23_57938",2,63,345,912,1399,1707020102,"17070106","OBM","RaMCONdy_fdd_1707020102","RaMCONdy","RaMCONdy_fdd",42,"fdd","RaMCONdy","RaMCONdy_fdd","Mixed Conifer - Eastside Dry",1
"4_41_23_73422",2,63,345,912,892,1707020102,"17070106","OBM","RaMCONdy_fdd_1707020102","RaMCONdy","RaMCONdy_fdd",42,"fdd","RaMCONdy","RaMCONdy_fdd","Mixed Conifer - Eastside Dry",1
"4_41_23_70921",2,63,345,912,601,1707020102,"17070106","OBM","RaMCONdy_fdd_1707020102","RaMCONdy","RaMCONdy_fdd",42,"fdd","RaMCONdy","RaMCONdy_fdd","Mixed Conifer - Eastside Dry",1
"4_41_23_98578",2,63,345,912,334,1707020102,"17070106","OBM","RaMCONdy_fdd_1707020102","RaMCONdy","RaMCONdy_fdd",42,"fdd","RaMCONdy","RaMCONdy_fdd","Mixed Conifer - Eastside Dry",1
"4_41_23_56461",2,63,344,938,1251,1707020101,"17070106","OBM","RaPIPOm_fdp_1707020101","RaPIPOm","RaPIPOm_fdp",52,"fdp","RaPIPOm","RaPIPOm_fdp","Dry Ponderosa Pine - Mesic",1
"4_41_25_83291",2,63,344,937,1525,1707020101,"17070106","OBM","RaMCONdy_fdg_1707020101","RaMCONdy","RaMCONdy_fdg",23,"fdg","RaMCONdy","RaMCONdy_fdg","Mixed Conifer - Eastside Dry",1
"4_41_25_67893",2,148,822,1002,676,1712000205,"17120001","OBM","RaMCONdy_fdg_1712000205","RaMCONdy","RaMCONdy_fdg",23,"fdg","RaMCONdy","RaMCONdy_fdg","Mixed Conifer - Eastside Dry",1
"4_41_25_64312",2,148,822,1002,1340,1712000205,"17120001","OBM","RaMCONdy_fdg_1712000205","RaMCONdy","RaMCONdy_fdg",23,"fdg","RaMCONdy","RaMCONdy_fdg","Mixed Conifer - Eastside Dry",1
"4_41_25_72535",2,148,822,1002,1164,1712000205,"17120001","OBM","RaMCONdy_fdg_1712000205","RaMCONdy","RaMCONdy_fdg",23,"fdg","RaMCONdy","RaMCONdy_fdg","Mixed Conifer - Eastside Dry",1
"4_41_25_66855",2,148,822,1003,2417,1712000205,"17120001","OBM","RaPIPOm_fdp_1712000205","RaPIPOm","RaPIPOm_fdp",52,"fdp","RaPIPOm","RaPIPOm_fdp","Dry Ponderosa Pine - Mesic",1
"4_41_25_94228",2,148,822,1003,3114,1712000205,"17120001","OBM","RaPIPOm_fdp_1712000205","RaPIPOm","RaPIPOm_fdp",52,"fdp","RaPIPOm","RaPIPOm_fdp","Dry Ponderosa Pine - Mesic",1
"4_41_25_80253",2,148,822,2136,1643,1712000205,"17120001","OBM","RaPIPOxe_fxp_17120002","RaPIPOxe","RaPIPOxe_fxp",56,"fxp","RaPIPOxe","RaPIPOxe_fxp","Ponderosa Pine - Xeric",3
"4_41_25_92187",2,148,822,2136,1785,1712000205,"17120001","OBM","RaPIPOxe_fxp_17120002","RaPIPOxe","RaPIPOxe_fxp",56,"fxp","RaPIPOxe","RaPIPOxe_fxp","Ponderosa Pine - Xeric",3
"4_41_25_62521",2,148,822,2136,1781,1712000205,"17120001","OBM","RaPIPOxe_fxp_17120002","RaPIPOxe","RaPIPOxe_fxp",56,"fxp","RaPIPOxe","RaPIPOxe_fxp","Ponderosa Pine - Xeric",3
"4_41_25_57283",2,148,822,2136,908,1712000205,"17120001","OBM","RaPIPOxe_fxp_17120002","RaPIPOxe","RaPIPOxe_fxp",56,"fxp","RaPIPOxe","RaPIPOxe_fxp","Ponderosa Pine - Xeric",3
"4_41_25_75955",2,150,829,2160,1387,1712000401,"17120003","OBM","RaPIPOxe_fxp_17120004","RaPIPOxe","RaPIPOxe_fxp",56,"fxp","RaPIPOxe","RaPIPOxe_fxp","Ponderosa Pine - Xeric",3
"4_41_25_64890",2,150,831,2160,843,1712000403,"17120003","OBM","RaPIPOxe_fxp_17120004","RaPIPOxe","RaPIPOxe_fxp",56,"fxp","RaPIPOxe","RaPIPOxe_fxp","Ponderosa Pine - Xeric",3
"4_41_25_88360",2,150,831,2160,609,1712000403,"17120003","OBM","RaPIPOxe_fxp_17120004","RaPIPOxe","RaPIPOxe_fxp",56,"fxp","RaPIPOxe","RaPIPOxe_fxp","Ponderosa Pine - Xeric",3
"4_41_25_92265",2,150,831,2160,3,1712000403,"17120003","OBM","RaPIPOxe_fxp_17120004","RaPIPOxe","RaPIPOxe_fxp",56,"fxp","RaPIPOxe","RaPIPOxe_fxp","Ponderosa Pine - Xeric",3
"8_53_47_84649",12,15,61,50,1576,1702000621,"17020005","WNE","RaMCONdy_fdd_1702000621","RaMCONdy","RaMCONdy_fdd",42,"fdd","RaMCONdy","RaMCONdy_fdd","Mixed Conifer - Eastside Dry",1
"8_53_47_61866",12,15,61,50,34,1702000621,"17020005","WNE","RaMCONdy_fdd_1702000621","RaMCONdy","RaMCONdy_fdd",42,"fdd","RaMCONdy","RaMCONdy_fdd","Mixed Conifer - Eastside Dry",1
"8_53_47_61269",12,15,55,13,1595,1702000615,"17020005","WNE","RaMCONdy_fdd_1702000615","RaMCONdy","RaMCONdy_fdd",42,"fdd","RaMCONdy","RaMCONdy_fdd","Mixed Conifer - Eastside Dry",1
"8_53_47_73443",12,15,55,13,1733,1702000615,"17020005","WNE","RaMCONdy_fdd_1702000615","RaMCONdy","RaMCONdy_fdd",42,"fdd","RaMCONdy","RaMCONdy_fdd","Mixed Conifer - Eastside Dry",1
"8_53_47_97665",12,15,56,30,709,1702000616,"17020005","WNE","RaMCONdy_fdd_1702000616","RaMCONdy","RaMCONdy_fdd",42,"fdd","RaMCONdy","RaMCONdy_fdd","Mixed Conifer - Eastside Dry",1
"4_41_49_79183",2,58,325,2054,1672,1707010403,"17070103","OBM","RaMCONms_fcm_17070104","RaMCONms","RaMCONms_fcm",22,"fcm","RaMCONms","RaMCONms_fcm","Mixed Conifer - Eastside Mesic",3
"4_41_49_69105",2,64,365,2053,1190,1707020208,"17070201","OBM","RaMCONms_fcm_17070202","RaMCONms","RaMCONms_fcm",22,"fcm","RaMCONms","RaMCONms_fcm","Mixed Conifer - Eastside Mesic",3
"4_41_49_68266",2,64,365,2053,2145,1707020208,"17070201","OBM","RaMCONms_fcm_17070202","RaMCONms","RaMCONms_fcm",22,"fcm","RaMCONms","RaMCONms_fcm","Mixed Conifer - Eastside Mesic",3
"4_41_49_67899",2,64,365,579,1973,1707020208,"17070201","OBM","RaMCONdy_fdg_1707020208","RaMCONdy","RaMCONdy_fdg",23,"fdg","RaMCONdy","RaMCONdy_fdg","Mixed Conifer - Eastside Dry",1
"4_41_49_69032",2,64,365,588,1127,1707020208,"17070201","OBM","RaMCONdy_fdd_1707020208","RaMCONdy","RaMCONdy_fdd",42,"fdd","RaMCONdy","RaMCONdy_fdd","Mixed Conifer - Eastside Dry",1
"4_41_23_74816",2,64,366,695,977,1707020209,"17070201","OBM","RaMCONdy_fdd_1707020209","RaMCONdy","RaMCONdy_fdd",42,"fdd","RaMCONdy","RaMCONdy_fdd","Mixed Conifer - Eastside Dry",1
"4_41_23_95546",2,63,353,791,1950,1707020110,"17070106","OBM","RaMCONdy_fdg_1707020110","RaMCONdy","RaMCONdy_fdg",23,"fdg","RaMCONdy","RaMCONdy_fdg","Mixed Conifer - Eastside Dry",1
"4_41_23_90144",2,63,346,865,2181,1707020103,"17070106","OBM","RaMCONdy_fdg_1707020103","RaMCONdy","RaMCONdy_fdg",23,"fdg","RaMCONdy","RaMCONdy_fdg","Mixed Conifer - Eastside Dry",1
"4_41_23_96578",2,63,346,864,1688,1707020103,"17070106","OBM","RaMCONdy_fdd_1707020103","RaMCONdy","RaMCONdy_fdd",42,"fdd","RaMCONdy","RaMCONdy_fdd","Mixed Conifer - Eastside Dry",1
"4_41_23_97761",2,63,346,864,1177,1707020103,"17070106","OBM","RaMCONdy_fdd_1707020103","RaMCONdy","RaMCONdy_fdd",42,"fdd","RaMCONdy","RaMCONdy_fdd","Mixed Conifer - Eastside Dry",1
"4_41_23_80351",2,63,346,2084,974,1707020103,"17070106","OBM","RaPIPOxe_fxp_17070201","RaPIPOxe","RaPIPOxe_fxp",56,"fxp","RaPIPOxe","RaPIPOxe_fxp","Ponderosa Pine - Xeric",3
"4_41_23_73934",2,63,346,2084,1511,1707020103,"17070106","OBM","RaPIPOxe_fxp_17070201","RaPIPOxe","RaPIPOxe_fxp",56,"fxp","RaPIPOxe","RaPIPOxe_fxp","Ponderosa Pine - Xeric",3
"4_41_23_54269",2,63,345,912,1943,1707020102,"17070106","OBM","RaMCONdy_fdd_1707020102","RaMCONdy","RaMCONdy_fdd",42,"fdd","RaMCONdy","RaMCONdy_fdd","Mixed Conifer - Eastside Dry",1
"4_41_23_77986",2,63,345,913,999,1707020102,"17070106","OBM","RaPIPOm_fdp_1707020102","RaPIPOm","RaPIPOm_fdp",52,"fdp","RaPIPOm","RaPIPOm_fdp","Dry Ponderosa Pine - Mesic",1
"4_41_23_68255",2,63,345,915,1373,1707020102,"17070106","OBM","RaMCONdy_fdg_1707020102","RaMCONdy","RaMCONdy_fdg",23,"fdg","RaMCONdy","RaMCONdy_fdg","Mixed Conifer - Eastside Dry",1
"4_41_23_77573",2,63,344,938,967,1707020101,"17070106","OBM","RaPIPOm_fdp_1707020101","RaPIPOm","RaPIPOm_fdp",52,"fdp","RaPIPOm","RaPIPOm_fdp","Dry Ponderosa Pine - Mesic",1
"4_41_25_87737",2,63,344,938,1980,1707020101,"17070106","OBM","RaPIPOm_fdp_1707020101","RaPIPOm","RaPIPOm_fdp",52,"fdp","RaPIPOm","RaPIPOm_fdp","Dry Ponderosa Pine - Mesic",1
"4_41_25_55924",2,63,344,938,1151,1707020101,"17070106","OBM","RaPIPOm_fdp_1707020101","RaPIPOm","RaPIPOm_fdp",52,"fdp","RaPIPOm","RaPIPOm_fdp","Dry Ponderosa Pine - Mesic",1
"4_41_25_90715",2,148,822,1003,1249,1712000205,"17120001","OBM","RaPIPOm_fdp_1712000205","RaPIPOm","RaPIPOm_fdp",52,"fdp","RaPIPOm","RaPIPOm_fdp","Dry Ponderosa Pine - Mesic",1
"8_53_47_50268",12,15,58,45,487,1702000618,"17020005","WNE","RaMCONdy_fdd_1702000618","RaMCONdy","RaMCONdy_fdd",42,"fdd","RaMCONdy","RaMCONdy_fdd","Mixed Conifer - Eastside Dry",1
"4_41_25_62135",2,148,822,1003,3212,1712000205,"17120001","OBM","RaPIPOm_fdp_1712000205","RaPIPOm","RaPIPOm_fdp",52,"fdp","RaPIPOm","RaPIPOm_fdp","Dry Ponderosa Pine - Mesic",1
"4_41_25_73016",2,148,822,1003,3122,1712000205,"17120001","OBM","RaPIPOm_fdp_1712000205","RaPIPOm","RaPIPOm_fdp",52,"fdp","RaPIPOm","RaPIPOm_fdp","Dry Ponderosa Pine - Mesic",1
"4_41_25_53405",2,148,822,1003,2228,1712000205,"17120001","OBM","RaPIPOm_fdp_1712000205","RaPIPOm","RaPIPOm_fdp",52,"fdp","RaPIPOm","RaPIPOm_fdp","Dry Ponderosa Pine - Mesic",1
"4_41_25_76919",2,148,822,2136,2826,1712000205,"17120001","OBM","RaPIPOxe_fxp_17120002","RaPIPOxe","RaPIPOxe_fxp",56,"fxp","RaPIPOxe","RaPIPOxe_fxp","Ponderosa Pine - Xeric",3
"4_41_25_81825",2,148,822,2136,1729,1712000205,"17120001","OBM","RaPIPOxe_fxp_17120002","RaPIPOxe","RaPIPOxe_fxp",56,"fxp","RaPIPOxe","RaPIPOxe_fxp","Ponderosa Pine - Xeric",3
"4_41_25_55981",2,148,822,2136,2105,1712000205,"17120001","OBM","RaPIPOxe_fxp_17120002","RaPIPOxe","RaPIPOxe_fxp",56,"fxp","RaPIPOxe","RaPIPOxe_fxp","Ponderosa Pine - Xeric",3
"4_41_25_91087",2,148,822,1003,1942,1712000205,"17120001","OBM","RaPIPOm_fdp_1712000205","RaPIPOm","RaPIPOm_fdp",52,"fdp","RaPIPOm","RaPIPOm_fdp","Dry Ponderosa Pine - Mesic",1
"4_41_25_82137",2,150,831,1071,1817,1712000403,"17120003","OBM","RaPIPOm_fdp_1712000403","RaPIPOm","RaPIPOm_fdp",52,"fdp","RaPIPOm","RaPIPOm_fdp","Dry Ponderosa Pine - Mesic",1
"4_41_25_88207",2,150,831,2160,272,1712000403,"17120003","OBM","RaPIPOxe_fxp_17120004","RaPIPOxe","RaPIPOxe_fxp",56,"fxp","RaPIPOxe","RaPIPOxe_fxp","Ponderosa Pine - Xeric",3
"8_53_47_66616",12,15,59,83,380,1702000619,"17020005","WNE","RaMCONdy_fdd_1702000619","RaMCONdy","RaMCONdy_fdd",42,"fdd","RaMCONdy","RaMCONdy_fdd","Mixed Conifer - Eastside Dry",1
"8_53_47_86957",12,15,59,83,207,1702000619,"17020005","WNE","RaMCONdy_fdd_1702000619","RaMCONdy","RaMCONdy_fdd",42,"fdd","RaMCONdy","RaMCONdy_fdd","Mixed Conifer - Eastside Dry",1
"8_53_47_80151",12,15,55,13,2262,1702000615,"17020005","WNE","RaMCONdy_fdd_1702000615","RaMCONdy","RaMCONdy_fdd",42,"fdd","RaMCONdy","RaMCONdy_fdd","Mixed Conifer - Eastside Dry",1
"8_53_47_83859",12,15,55,13,2194,1702000615,"17020005","WNE","RaMCONdy_fdd_1702000615","RaMCONdy","RaMCONdy_fdd",42,"fdd","RaMCONdy","RaMCONdy_fdd","Mixed Conifer - Eastside Dry",1
"8_53_47_74540",12,15,56,30,2057,1702000616,"17020005","WNE","RaMCONdy_fdd_1702000616","RaMCONdy","RaMCONdy_fdd",42,"fdd","RaMCONdy","RaMCONdy_fdd","Mixed Conifer - Eastside Dry",1
"1_41_39_66849",3,110,624,2314,1545,1710020507,"17100204","OCR","RaSSHE_fss_OCR","RaSSHE","RaSSHE_fss",60,"fss","RaSSHE","RaSSHE_fss","Sitka Spruce - Western Hemlock",5
"1_41_39_75667",3,110,624,2314,406,1710020507,"17100204","OCR","RaSSHE_fss_OCR","RaSSHE","RaSSHE_fss",60,"fss","RaSSHE","RaSSHE_fss","Sitka Spruce - Western Hemlock",5
"1_41_39_75395",3,110,624,2314,1205,1710020507,"17100204","OCR","RaSSHE_fss_OCR","RaSSHE","RaSSHE_fss",60,"fss","RaSSHE","RaSSHE_fss","Sitka Spruce - Western Hemlock",5
"1_41_39_64419",3,111,632,2314,273,1710020608,"17100205","OCR","RaSSHE_fss_OCR","RaSSHE","RaSSHE_fss",60,"fss","RaSSHE","RaSSHE_fss","Sitka Spruce - Western Hemlock",5
"1_41_39_71457",3,112,633,2314,1021,1710020701,"17100206","OCR","RaSSHE_fss_OCR","RaSSHE","RaSSHE_fss",60,"fss","RaSSHE","RaSSHE_fss","Sitka Spruce - Western Hemlock",5
"1_41_39_83204",3,112,633,2314,809,1710020701,"17100206","OCR","RaSSHE_fss_OCR","RaSSHE","RaSSHE_fss",60,"fss","RaSSHE","RaSSHE_fss","Sitka Spruce - Western Hemlock",5
"1_41_39_84683",3,112,633,2314,474,1710020701,"17100206","OCR","RaSSHE_fss_OCR","RaSSHE","RaSSHE_fss",60,"fss","RaSSHE","RaSSHE_fss","Sitka Spruce - Western Hemlock",5
"1_41_39_63499",3,112,633,2314,1065,1710020701,"17100206","OCR","RaSSHE_fss_OCR","RaSSHE","RaSSHE_fss",60,"fss","RaSSHE","RaSSHE_fss","Sitka Spruce - Western Hemlock",5
"2_41_19_75882",3,112,633,2316,1578,1710020701,"17100206","OCR","RaDFHEwt_fww_OCR","RaDFHEwt","RaDFHEwt_fww",34,"fww","RaDFHEwt","RaDFHEwt_fww","Douglas-fir Hemlock-Wet Mesic",5
"2_41_19_80842",3,112,633,2316,675,1710020701,"17100206","OCR","RaDFHEwt_fww_OCR","RaDFHEwt","RaDFHEwt_fww",34,"fww","RaDFHEwt","RaDFHEwt_fww","Douglas-fir Hemlock-Wet Mesic",5
"2_41_19_61587",3,116,665,2314,684,1710030308,"17100303B","OCR","RaSSHE_fss_OCR","RaSSHE","RaSSHE_fss",60,"fss","RaSSHE","RaSSHE_fss","Sitka Spruce - Western Hemlock",5
"2_41_19_85964",3,117,669,2315,635,1710030404,"17100303A","OCR","RaDFHEwt_fwn_OCR","RaDFHEwt","RaDFHEwt_fwn",32,"fwn","RaDFHEwt","RaDFHEwt_fwn","Douglas-fir Hemlock-Wet Mesic",5
"2_41_11_82926",3,117,667,2316,1919,1710030402,"17100303A","OCR","RaDFHEwt_fww_OCR","RaDFHEwt","RaDFHEwt_fww",34,"fww","RaDFHEwt","RaDFHEwt_fww","Douglas-fir Hemlock-Wet Mesic",5
"2_41_11_92451",3,117,666,2315,867,1710030401,"17100303A","OCR","RaDFHEwt_fwn_OCR","RaDFHEwt","RaDFHEwt_fwn",32,"fwn","RaDFHEwt","RaDFHEwt_fwn","Douglas-fir Hemlock-Wet Mesic",5
"2_41_11_96811",6,118,673,2350,1318,1710030504,"17100304","OSW","RaDFHEwt_fwn_OSW","RaDFHEwt","RaDFHEwt_fwn",32,"fwn","RaDFHEwt","RaDFHEwt_fwn","Douglas-fir Hemlock-Wet Mesic",5
"2_41_11_60910",6,118,673,2350,1004,1710030504,"17100304","OSW","RaDFHEwt_fwn_OSW","RaDFHEwt","RaDFHEwt_fwn",32,"fwn","RaDFHEwt","RaDFHEwt_fwn","Douglas-fir Hemlock-Wet Mesic",5
"2_41_11_81909",6,118,673,2350,1456,1710030504,"17100304","OSW","RaDFHEwt_fwn_OSW","RaDFHEwt","RaDFHEwt_fwn",32,"fwn","RaDFHEwt","RaDFHEwt_fwn","Douglas-fir Hemlock-Wet Mesic",5
"2_41_11_82178",6,118,672,2350,2286,1710030503,"17100304","OSW","RaDFHEwt_fwn_OSW","RaDFHEwt","RaDFHEwt_fwn",32,"fwn","RaDFHEwt","RaDFHEwt_fwn","Douglas-fir Hemlock-Wet Mesic",5
"2_41_11_79395",6,118,672,2350,1889,1710030503,"17100304","OSW","RaDFHEwt_fwn_OSW","RaDFHEwt","RaDFHEwt_fwn",32,"fwn","RaDFHEwt","RaDFHEwt_fwn","Douglas-fir Hemlock-Wet Mesic",5
"2_41_11_90835",6,118,672,2350,3131,1710030503,"17100304","OSW","RaDFHEwt_fwn_OSW","RaDFHEwt","RaDFHEwt_fwn",32,"fwn","RaDFHEwt","RaDFHEwt_fwn","Douglas-fir Hemlock-Wet Mesic",5
"2_41_11_64654",6,118,670,2347,2429,1710030501,"17100304","OSW","RaDFHEwt_fwm_OSW","RaDFHEwt","RaDFHEwt_fwm",33,"fwm","RaDFHEwt","RaDFHEwt_fwm","Douglas-fir Hemlock-Wet Mesic",5
"2_41_11_89604",6,118,670,2347,1979,1710030501,"17100304","OSW","RaDFHEwt_fwm_OSW","RaDFHEwt","RaDFHEwt_fwm",33,"fwm","RaDFHEwt","RaDFHEwt_fwm","Douglas-fir Hemlock-Wet Mesic",5
"2_41_11_75706",6,118,670,2347,2215,1710030501,"17100304","OSW","RaDFHEwt_fwm_OSW","RaDFHEwt","RaDFHEwt_fwm",33,"fwm","RaDFHEwt","RaDFHEwt_fwm","Douglas-fir Hemlock-Wet Mesic",5
"2_41_11_83426",6,118,671,2347,1502,1710030502,"17100304","OSW","RaDFHEwt_fwm_OSW","RaDFHEwt","RaDFHEwt_fwm",33,"fwm","RaDFHEwt","RaDFHEwt_fwm","Douglas-fir Hemlock-Wet Mesic",5
"2_41_11_78419",6,118,671,2198,1848,1710030502,"17100304","OSW","RaDFHEdy_fwi_17100305","RaDFHEdy","RaDFHEdy_fwi",31,"fwi","RaDFHEdy","RaDFHEdy_fwi","Douglas-fir Hemlock-Dry Mesic",3
"2_41_11_78613",6,118,671,2347,2193,1710030502,"17100304","OSW","RaDFHEwt_fwm_OSW","RaDFHEwt","RaDFHEwt_fwm",33,"fwm","RaDFHEwt","RaDFHEwt_fwm","Douglas-fir Hemlock-Wet Mesic",5
"2_41_11_52009",6,118,671,2198,1327,1710030502,"17100304","OSW","RaDFHEdy_fwi_17100305","RaDFHEdy","RaDFHEdy_fwi",31,"fwi","RaDFHEdy","RaDFHEdy_fwi","Douglas-fir Hemlock-Dry Mesic",3
"2_41_15_53645",6,123,701,1375,1030,1710031005,"17100309","OSW","RaTAOAco_ftm_1710031005","RaTAOAco","RaTAOAco_ftm",47,"ftm","RaTAOAco","RaTAOAco_ftm","Oregon Coastal Tanoak",1
"2_41_15_93644",6,123,701,1366,1379,1710031005,"17100309","OSW","RaMCONsw_fdm_1710031005","RaMCONsw","RaMCONsw_fdm",41,"fdm","RaMCONsw","RaMCONsw_fdm","Mixed Conifer - Southwest Oregon",1
"2_41_15_57999",6,123,702,1413,1041,1710031006,"17100309","OSW","RaMEVG_ftd_1710031006","RaMEVG","RaMEVG_ftd",48,"ftd","RaMEVG","RaMEVG_ftd","California Mixed Evergreen North",1
"2_41_15_56062",6,123,702,1417,775,1710031006,"17100309","OSW","RaTAOAco_ftm_1710031006","RaTAOAco","RaTAOAco_ftm",47,"ftm","RaTAOAco","RaTAOAco_ftm","Oregon Coastal Tanoak",1
"2_41_15_79731",6,123,702,1417,1322,1710031006,"17100309","OSW","RaTAOAco_ftm_1710031006","RaTAOAco","RaTAOAco_ftm",47,"ftm","RaTAOAco","RaTAOAco_ftm","Oregon Coastal Tanoak",1
"2_41_15_72596",6,123,702,1417,855,1710031006,"17100309","OSW","RaTAOAco_ftm_1710031006","RaTAOAco","RaTAOAco_ftm",47,"ftm","RaTAOAco","RaTAOAco_ftm","Oregon Coastal Tanoak",1
"2_41_15_53609",6,124,714,1460,2381,1710031110,"17100310","OSW","RaTAOAco_ftm_1710031110","RaTAOAco","RaTAOAco_ftm",47,"ftm","RaTAOAco","RaTAOAco_ftm","Oregon Coastal Tanoak",1
"2_41_33_58629",6,124,714,1460,1640,1710031110,"17100310","OSW","RaTAOAco_ftm_1710031110","RaTAOAco","RaTAOAco_ftm",47,"ftm","RaTAOAco","RaTAOAco_ftm","Oregon Coastal Tanoak",1
"2_41_33_88437",6,124,715,1499,2306,1710031111,"17100310","OSW","RaTAOAco_ftm_1710031111","RaTAOAco","RaTAOAco_ftm",47,"ftm","RaTAOAco","RaTAOAco_ftm","Oregon Coastal Tanoak",1
"2_41_15_66464",6,124,715,1499,1132,1710031111,"17100310","OSW","RaTAOAco_ftm_1710031111","RaTAOAco","RaTAOAco_ftm",47,"ftm","RaTAOAco","RaTAOAco_ftm","Oregon Coastal Tanoak",1
"2_41_15_65303",6,125,716,1597,797,1710031201,"17100311","OSW","RaMEVG_ftd_1710031201","RaMEVG","RaMEVG_ftd",48,"ftd","RaMEVG","RaMEVG_ftd","California Mixed Evergreen North",1
"2_41_15_93900",6,156,891,1702,1103,1801010101,"17120009","OSW","RaMEVG_ftd_1801010101","RaMEVG","RaMEVG_ftd",48,"ftd","RaMEVG","RaMEVG_ftd","California Mixed Evergreen North",1
"2_41_15_53792",6,156,891,1704,2602,1801010101,"17120009","OSW","RaMEVG_fuc_1801010101","RaMEVG","RaMEVG_fuc",59,"fuc","RaMEVG","RaMEVG_fuc","California Mixed Evergreen North",1
"2_41_15_57543",6,156,891,1704,1111,1801010101,"17120009","OSW","RaMEVG_fuc_1801010101","RaMEVG","RaMEVG_fuc",59,"fuc","RaMEVG","RaMEVG_fuc","California Mixed Evergreen North",1
"6_53_9_84892",9,100,566,2295,1968,1710010105,"17090012A","WCR","RaSSHE_fss_WCR","RaSSHE","RaSSHE_fss",60,"fss","RaSSHE","RaSSHE_fss","Sitka Spruce - Western Hemlock",5
"6_53_31_58422",9,100,566,2295,751,1710010105,"17090012A","WCR","RaSSHE_fss_WCR","RaSSHE","RaSSHE_fss",60,"fss","RaSSHE","RaSSHE_fss","Sitka Spruce - Western Hemlock",5
"6_53_31_93512",9,100,569,2295,1647,1710010108,"17090012A","WCR","RaSSHE_fss_WCR","RaSSHE","RaSSHE_fss",60,"fss","RaSSHE","RaSSHE_fss","Sitka Spruce - Western Hemlock",5
"6_53_31_80728",9,100,569,2295,1444,1710010108,"17090012A","WCR","RaSSHE_fss_WCR","RaSSHE","RaSSHE_fss",60,"fss","RaSSHE","RaSSHE_fss","Sitka Spruce - Western Hemlock",5
"6_53_31_80085",9,100,569,2295,2217,1710010108,"17090012A","WCR","RaSSHE_fss_WCR","RaSSHE","RaSSHE_fss",60,"fss","RaSSHE","RaSSHE_fss","Sitka Spruce - Western Hemlock",5
"6_53_31_79197",9,100,569,2295,2690,1710010108,"17090012A","WCR","RaSSHE_fss_WCR","RaSSHE","RaSSHE_fss",60,"fss","RaSSHE","RaSSHE_fss","Sitka Spruce - Western Hemlock",5
"6_53_31_90512",9,100,569,2295,450,1710010108,"17090012A","WCR","RaSSHE_fss_WCR","RaSSHE","RaSSHE_fss",60,"fss","RaSSHE","RaSSHE_fss","Sitka Spruce - Western Hemlock",5
"8_53_47_68729",12,15,57,40,423,1702000617,"17020005","WNE","RaMCONdy_fdd_1702000617","RaMCONdy","RaMCONdy_fdd",42,"fdd","RaMCONdy","RaMCONdy_fdd","Mixed Conifer - Eastside Dry",1
"4_41_49_99020",2,58,323,514,989,1707010401,"17070103","OBM","RaMCONdy_fdd_1707010401","RaMCONdy","RaMCONdy_fdd",42,"fdd","RaMCONdy","RaMCONdy_fdd","Mixed Conifer - Eastside Dry",1
"4_41_49_79574",2,58,323,2054,796,1707010401,"17070103","OBM","RaMCONms_fcm_17070104","RaMCONms","RaMCONms_fcm",22,"fcm","RaMCONms","RaMCONms_fcm","Mixed Conifer - Eastside Mesic",3
"4_41_49_68598",2,64,364,2053,1650,1707020207,"17070201","OBM","RaMCONms_fcm_17070202","RaMCONms","RaMCONms_fcm",22,"fcm","RaMCONms","RaMCONms_fcm","Mixed Conifer - Eastside Mesic",3
"4_41_49_68609",2,64,364,559,1085,1707020207,"17070201","OBM","RaMCONdy_fdg_1707020207","RaMCONdy","RaMCONdy_fdg",23,"fdg","RaMCONdy","RaMCONdy_fdg","Mixed Conifer - Eastside Dry",1
"4_41_49_88733",2,64,364,558,1967,1707020207,"17070201","OBM","RaMCONdy_fdd_1707020207","RaMCONdy","RaMCONdy_fdd",42,"fdd","RaMCONdy","RaMCONdy_fdd","Mixed Conifer - Eastside Dry",1
"4_41_49_64325",2,64,364,558,2013,1707020207,"17070201","OBM","RaMCONdy_fdd_1707020207","RaMCONdy","RaMCONdy_fdd",42,"fdd","RaMCONdy","RaMCONdy_fdd","Mixed Conifer - Eastside Dry",1
"4_41_49_89944",2,64,364,2062,315,1707020207,"17070201","OBM","RaPIPOxe_fxp_17070202","RaPIPOxe","RaPIPOxe_fxp",56,"fxp","RaPIPOxe","RaPIPOxe_fxp","Ponderosa Pine - Xeric",3
"8_53_47_78402",12,15,57,40,1001,1702000617,"17020005","WNE","RaMCONdy_fdd_1702000617","RaMCONdy","RaMCONdy_fdd",42,"fdd","RaMCONdy","RaMCONdy_fdd","Mixed Conifer - Eastside Dry",1
"4_41_23_67545",2,64,366,695,16,1707020209,"17070201","OBM","RaMCONdy_fdd_1707020209","RaMCONdy","RaMCONdy_fdd",42,"fdd","RaMCONdy","RaMCONdy_fdd","Mixed Conifer - Eastside Dry",1
"4_41_23_98340",2,64,366,695,1447,1707020209,"17070201","OBM","RaMCONdy_fdd_1707020209","RaMCONdy","RaMCONdy_fdd",42,"fdd","RaMCONdy","RaMCONdy_fdd","Mixed Conifer - Eastside Dry",1
"4_41_23_86060",2,64,366,2062,1681,1707020209,"17070201","OBM","RaPIPOxe_fxp_17070202","RaPIPOxe","RaPIPOxe_fxp",56,"fxp","RaPIPOxe","RaPIPOxe_fxp","Ponderosa Pine - Xeric",3
"4_41_23_57298",2,63,353,792,572,1707020110,"17070106","OBM","RaMCONdy_fdd_1707020110","RaMCONdy","RaMCONdy_fdd",42,"fdd","RaMCONdy","RaMCONdy_fdd","Mixed Conifer - Eastside Dry",1
"4_41_23_90141",2,63,353,792,1576,1707020110,"17070106","OBM","RaMCONdy_fdd_1707020110","RaMCONdy","RaMCONdy_fdd",42,"fdd","RaMCONdy","RaMCONdy_fdd","Mixed Conifer - Eastside Dry",1
"4_41_23_64481",2,63,353,792,813,1707020110,"17070106","OBM","RaMCONdy_fdd_1707020110","RaMCONdy","RaMCONdy_fdd",42,"fdd","RaMCONdy","RaMCONdy_fdd","Mixed Conifer - Eastside Dry",1
"4_41_23_94810",2,63,353,791,2215,1707020110,"17070106","OBM","RaMCONdy_fdg_1707020110","RaMCONdy","RaMCONdy_fdg",23,"fdg","RaMCONdy","RaMCONdy_fdg","Mixed Conifer - Eastside Dry",1
"4_41_23_69728",2,63,346,864,938,1707020103,"17070106","OBM","RaMCONdy_fdd_1707020103","RaMCONdy","RaMCONdy_fdd",42,"fdd","RaMCONdy","RaMCONdy_fdd","Mixed Conifer - Eastside Dry",1
"4_41_23_70567",2,63,346,865,1244,1707020103,"17070106","OBM","RaMCONdy_fdg_1707020103","RaMCONdy","RaMCONdy_fdg",23,"fdg","RaMCONdy","RaMCONdy_fdg","Mixed Conifer - Eastside Dry",1
"4_41_23_86303",2,63,346,2084,1662,1707020103,"17070106","OBM","RaPIPOxe_fxp_17070201","RaPIPOxe","RaPIPOxe_fxp",56,"fxp","RaPIPOxe","RaPIPOxe_fxp","Ponderosa Pine - Xeric",3
"4_41_23_87038",2,63,346,864,1831,1707020103,"17070106","OBM","RaMCONdy_fdd_1707020103","RaMCONdy","RaMCONdy_fdd",42,"fdd","RaMCONdy","RaMCONdy_fdd","Mixed Conifer - Eastside Dry",1
"4_41_23_57259",2,63,346,2084,1452,1707020103,"17070106","OBM","RaPIPOxe_fxp_17070201","RaPIPOxe","RaPIPOxe_fxp",56,"fxp","RaPIPOxe","RaPIPOxe_fxp","Ponderosa Pine - Xeric",3
"4_41_23_75081",2,63,345,912,795,1707020102,"17070106","OBM","RaMCONdy_fdd_1707020102","RaMCONdy","RaMCONdy_fdd",42,"fdd","RaMCONdy","RaMCONdy_fdd","Mixed Conifer - Eastside Dry",1
"4_41_23_99184",2,63,345,912,1111,1707020102,"17070106","OBM","RaMCONdy_fdd_1707020102","RaMCONdy","RaMCONdy_fdd",42,"fdd","RaMCONdy","RaMCONdy_fdd","Mixed Conifer - Eastside Dry",1
"4_41_23_66346",2,63,345,915,2534,1707020102,"17070106","OBM","RaMCONdy_fdg_1707020102","RaMCONdy","RaMCONdy_fdg",23,"fdg","RaMCONdy","RaMCONdy_fdg","Mixed Conifer - Eastside Dry",1
"4_41_23_68461",2,63,345,915,1383,1707020102,"17070106","OBM","RaMCONdy_fdg_1707020102","RaMCONdy","RaMCONdy_fdg",23,"fdg","RaMCONdy","RaMCONdy_fdg","Mixed Conifer - Eastside Dry",1
"4_41_23_89764",2,63,345,2084,1308,1707020102,"17070106","OBM","RaPIPOxe_fxp_17070201","RaPIPOxe","RaPIPOxe_fxp",56,"fxp","RaPIPOxe","RaPIPOxe_fxp","Ponderosa Pine - Xeric",3
"4_41_25_98935",2,63,344,938,1798,1707020101,"17070106","OBM","RaPIPOm_fdp_1707020101","RaPIPOm","RaPIPOm_fdp",52,"fdp","RaPIPOm","RaPIPOm_fdp","Dry Ponderosa Pine - Mesic",1
"4_41_25_84197",2,148,822,1003,698,1712000205,"17120001","OBM","RaPIPOm_fdp_1712000205","RaPIPOm","RaPIPOm_fdp",52,"fdp","RaPIPOm","RaPIPOm_fdp","Dry Ponderosa Pine - Mesic",1
"4_41_25_76550",2,148,822,1003,2538,1712000205,"17120001","OBM","RaPIPOm_fdp_1712000205","RaPIPOm","RaPIPOm_fdp",52,"fdp","RaPIPOm","RaPIPOm_fdp","Dry Ponderosa Pine - Mesic",1
"4_41_25_68584",2,148,822,1003,1431,1712000205,"17120001","OBM","RaPIPOm_fdp_1712000205","RaPIPOm","RaPIPOm_fdp",52,"fdp","RaPIPOm","RaPIPOm_fdp","Dry Ponderosa Pine - Mesic",1
"4_41_25_73065",2,148,822,1003,2132,1712000205,"17120001","OBM","RaPIPOm_fdp_1712000205","RaPIPOm","RaPIPOm_fdp",52,"fdp","RaPIPOm","RaPIPOm_fdp","Dry Ponderosa Pine - Mesic",1
"4_41_25_78793",2,148,822,1003,1226,1712000205,"17120001","OBM","RaPIPOm_fdp_1712000205","RaPIPOm","RaPIPOm_fdp",52,"fdp","RaPIPOm","RaPIPOm_fdp","Dry Ponderosa Pine - Mesic",1
"4_41_25_62326",2,148,822,2136,1388,1712000205,"17120001","OBM","RaPIPOxe_fxp_17120002","RaPIPOxe","RaPIPOxe_fxp",56,"fxp","RaPIPOxe","RaPIPOxe_fxp","Ponderosa Pine - Xeric",3
"4_41_25_73685",2,148,822,2136,1562,1712000205,"17120001","OBM","RaPIPOxe_fxp_17120002","RaPIPOxe","RaPIPOxe_fxp",56,"fxp","RaPIPOxe","RaPIPOxe_fxp","Ponderosa Pine - Xeric",3
"4_41_25_89556",2,148,822,1003,2949,1712000205,"17120001","OBM","RaPIPOm_fdp_1712000205","RaPIPOm","RaPIPOm_fdp",52,"fdp","RaPIPOm","RaPIPOm_fdp","Dry Ponderosa Pine - Mesic",1
"4_41_25_68641",2,150,831,2160,925,1712000403,"17120003","OBM","RaPIPOxe_fxp_17120004","RaPIPOxe","RaPIPOxe_fxp",56,"fxp","RaPIPOxe","RaPIPOxe_fxp","Ponderosa Pine - Xeric",3
"4_41_25_77945",2,150,831,2160,749,1712000403,"17120003","OBM","RaPIPOxe_fxp_17120004","RaPIPOxe","RaPIPOxe_fxp",56,"fxp","RaPIPOxe","RaPIPOxe_fxp","Ponderosa Pine - Xeric",3
"4_41_25_69327",2,150,831,2160,1106,1712000403,"17120003","OBM","RaPIPOxe_fxp_17120004","RaPIPOxe","RaPIPOxe_fxp",56,"fxp","RaPIPOxe","RaPIPOxe_fxp","Ponderosa Pine - Xeric",3
"8_53_47_84885",12,15,58,45,1748,1702000618,"17020005","WNE","RaMCONdy_fdd_1702000618","RaMCONdy","RaMCONdy_fdd",42,"fdd","RaMCONdy","RaMCONdy_fdd","Mixed Conifer - Eastside Dry",1
"4_41_25_51795",2,150,831,2160,15,1712000403,"17120003","OBM","RaPIPOxe_fxp_17120004","RaPIPOxe","RaPIPOxe_fxp",56,"fxp","RaPIPOxe","RaPIPOxe_fxp","Ponderosa Pine - Xeric",3
"8_53_47_86865",12,15,58,45,2005,1702000618,"17020005","WNE","RaMCONdy_fdd_1702000618","RaMCONdy","RaMCONdy_fdd",42,"fdd","RaMCONdy","RaMCONdy_fdd","Mixed Conifer - Eastside Dry",1
"8_53_47_99590",12,15,59,83,807,1702000619,"17020005","WNE","RaMCONdy_fdd_1702000619","RaMCONdy","RaMCONdy_fdd",42,"fdd","RaMCONdy","RaMCONdy_fdd","Mixed Conifer - Eastside Dry",1
"8_53_47_58374",12,15,59,83,1808,1702000619,"17020005","WNE","RaMCONdy_fdd_1702000619","RaMCONdy","RaMCONdy_fdd",42,"fdd","RaMCONdy","RaMCONdy_fdd","Mixed Conifer - Eastside Dry",1
"8_53_47_58055",12,15,59,86,124,1702000619,"17020005","WNE","RaPIPOm_fpd_1702000619","RaPIPOm","RaPIPOm_fpd",51,"fpd","RaPIPOm","RaPIPOm_fpd","Dry Ponderosa Pine - Mesic",1
"8_53_47_85068",12,15,55,13,2615,1702000615,"17020005","WNE","RaMCONdy_fdd_1702000615","RaMCONdy","RaMCONdy_fdd",42,"fdd","RaMCONdy","RaMCONdy_fdd","Mixed Conifer - Eastside Dry",1
"8_53_47_74419",12,15,55,13,2209,1702000615,"17020005","WNE","RaMCONdy_fdd_1702000615","RaMCONdy","RaMCONdy_fdd",42,"fdd","RaMCONdy","RaMCONdy_fdd","Mixed Conifer - Eastside Dry",1
"8_53_47_76080",12,15,56,30,1696,1702000616,"17020005","WNE","RaMCONdy_fdd_1702000616","RaMCONdy","RaMCONdy_fdd",42,"fdd","RaMCONdy","RaMCONdy_fdd","Mixed Conifer - Eastside Dry",1
"8_53_47_89734",12,15,58,45,65,1702000618,"17020005","WNE","RaMCONdy_fdd_1702000618","RaMCONdy","RaMCONdy_fdd",42,"fdd","RaMCONdy","RaMCONdy_fdd","Mixed Conifer - Eastside Dry",1
"4_41_49_71120",2,58,323,2054,1228,1707010401,"17070103","OBM","RaMCONms_fcm_17070104","RaMCONms","RaMCONms_fcm",22,"fcm","RaMCONms","RaMCONms_fcm","Mixed Conifer - Eastside Mesic",3
"4_41_49_61425",2,58,323,514,2063,1707010401,"17070103","OBM","RaMCONdy_fdd_1707010401","RaMCONdy","RaMCONdy_fdd",42,"fdd","RaMCONdy","RaMCONdy_fdd","Mixed Conifer - Eastside Dry",1
"4_41_49_59439",2,58,323,2054,1052,1707010401,"17070103","OBM","RaMCONms_fcm_17070104","RaMCONms","RaMCONms_fcm",22,"fcm","RaMCONms","RaMCONms_fcm","Mixed Conifer - Eastside Mesic",3
"4_41_49_68768",2,64,364,2053,1869,1707020207,"17070201","OBM","RaMCONms_fcm_17070202","RaMCONms","RaMCONms_fcm",22,"fcm","RaMCONms","RaMCONms_fcm","Mixed Conifer - Eastside Mesic",3
"4_41_49_77576",2,64,364,2053,2227,1707020207,"17070201","OBM","RaMCONms_fcm_17070202","RaMCONms","RaMCONms_fcm",22,"fcm","RaMCONms","RaMCONms_fcm","Mixed Conifer - Eastside Mesic",3
"4_41_49_91683",2,64,364,2053,2866,1707020207,"17070201","OBM","RaMCONms_fcm_17070202","RaMCONms","RaMCONms_fcm",22,"fcm","RaMCONms","RaMCONms_fcm","Mixed Conifer - Eastside Mesic",3
"4_41_49_65112",2,64,364,2053,1439,1707020207,"17070201","OBM","RaMCONms_fcm_17070202","RaMCONms","RaMCONms_fcm",22,"fcm","RaMCONms","RaMCONms_fcm","Mixed Conifer - Eastside Mesic",3
"4_41_49_83647",2,64,364,558,2190,1707020207,"17070201","OBM","RaMCONdy_fdd_1707020207","RaMCONdy","RaMCONdy_fdd",42,"fdd","RaMCONdy","RaMCONdy_fdd","Mixed Conifer - Eastside Dry",1
"8_53_47_72416",12,15,57,40,1069,1702000617,"17020005","WNE","RaMCONdy_fdd_1702000617","RaMCONdy","RaMCONdy_fdd",42,"fdd","RaMCONdy","RaMCONdy_fdd","Mixed Conifer - Eastside Dry",1
"4_41_23_81015",2,64,367,660,667,1707020210,"17070201","OBM","RaMCONdy_fdd_1707020210","RaMCONdy","RaMCONdy_fdd",42,"fdd","RaMCONdy","RaMCONdy_fdd","Mixed Conifer - Eastside Dry",1
"4_41_23_65226",2,64,367,660,245,1707020210,"17070201","OBM","RaMCONdy_fdd_1707020210","RaMCONdy","RaMCONdy_fdd",42,"fdd","RaMCONdy","RaMCONdy_fdd","Mixed Conifer - Eastside Dry",1
"4_41_23_87541",2,64,367,660,1438,1707020210,"17070201","OBM","RaMCONdy_fdd_1707020210","RaMCONdy","RaMCONdy_fdd",42,"fdd","RaMCONdy","RaMCONdy_fdd","Mixed Conifer - Eastside Dry",1
"8_53_47_85387",12,15,57,40,1854,1702000617,"17020005","WNE","RaMCONdy_fdd_1702000617","RaMCONdy","RaMCONdy_fdd",42,"fdd","RaMCONdy","RaMCONdy_fdd","Mixed Conifer - Eastside Dry",1
"4_41_23_60870",2,64,366,696,285,1707020209,"17070201","OBM","RaPIPOm_fdp_1707020209","RaPIPOm","RaPIPOm_fdp",52,"fdp","RaPIPOm","RaPIPOm_fdp","Dry Ponderosa Pine - Mesic",1
"4_41_23_89174",2,64,366,695,830,1707020209,"17070201","OBM","RaMCONdy_fdd_1707020209","RaMCONdy","RaMCONdy_fdd",42,"fdd","RaMCONdy","RaMCONdy_fdd","Mixed Conifer - Eastside Dry",1
"4_41_23_83825",2,64,366,695,1216,1707020209,"17070201","OBM","RaMCONdy_fdd_1707020209","RaMCONdy","RaMCONdy_fdd",42,"fdd","RaMCONdy","RaMCONdy_fdd","Mixed Conifer - Eastside Dry",1
"4_41_23_70725",2,64,366,695,706,1707020209,"17070201","OBM","RaMCONdy_fdd_1707020209","RaMCONdy","RaMCONdy_fdd",42,"fdd","RaMCONdy","RaMCONdy_fdd","Mixed Conifer - Eastside Dry",1
"4_41_23_51416",2,63,353,792,2292,1707020110,"17070106","OBM","RaMCONdy_fdd_1707020110","RaMCONdy","RaMCONdy_fdd",42,"fdd","RaMCONdy","RaMCONdy_fdd","Mixed Conifer - Eastside Dry",1
"4_41_23_50425",2,63,353,2084,12,1707020110,"17070106","OBM","RaPIPOxe_fxp_17070201","RaPIPOxe","RaPIPOxe_fxp",56,"fxp","RaPIPOxe","RaPIPOxe_fxp","Ponderosa Pine - Xeric",3
"8_53_47_81855",12,15,58,45,1659,1702000618,"17020005","WNE","RaMCONdy_fdd_1702000618","RaMCONdy","RaMCONdy_fdd",42,"fdd","RaMCONdy","RaMCONdy_fdd","Mixed Conifer - Eastside Dry",1
"8_53_47_53749",12,15,58,2283,1024,1702000618,"17020005","WNE","RaSPFI_fcd_WNE","RaSPFI","RaSPFI_fcd",9,"fcd","RaSPFI","RaSPFI_fcd","Spruce - Fir",4
"4_41_23_56758",2,63,353,2084,141,1707020110,"17070106","OBM","RaPIPOxe_fxp_17070201","RaPIPOxe","RaPIPOxe_fxp",56,"fxp","RaPIPOxe","RaPIPOxe_fxp","Ponderosa Pine - Xeric",3
"4_41_23_56881",2,63,353,792,1144,1707020110,"17070106","OBM","RaMCONdy_fdd_1707020110","RaMCONdy","RaMCONdy_fdd",42,"fdd","RaMCONdy","RaMCONdy_fdd","Mixed Conifer - Eastside Dry",1
"4_41_23_70209",2,63,353,792,979,1707020110,"17070106","OBM","RaMCONdy_fdd_1707020110","RaMCONdy","RaMCONdy_fdd",42,"fdd","RaMCONdy","RaMCONdy_fdd","Mixed Conifer - Eastside Dry",1
"4_41_23_62919",2,63,346,865,896,1707020103,"17070106","OBM","RaMCONdy_fdg_1707020103","RaMCONdy","RaMCONdy_fdg",23,"fdg","RaMCONdy","RaMCONdy_fdg","Mixed Conifer - Eastside Dry",1
"4_41_23_97539",2,63,346,2091,1163,1707020103,"17070106","OBM","RaMCONms_fcm_17070201","RaMCONms","RaMCONms_fcm",22,"fcm","RaMCONms","RaMCONms_fcm","Mixed Conifer - Eastside Mesic",3
"4_41_23_56313",2,63,346,864,1449,1707020103,"17070106","OBM","RaMCONdy_fdd_1707020103","RaMCONdy","RaMCONdy_fdd",42,"fdd","RaMCONdy","RaMCONdy_fdd","Mixed Conifer - Eastside Dry",1
"4_41_23_93653",2,63,346,2084,1033,1707020103,"17070106","OBM","RaPIPOxe_fxp_17070201","RaPIPOxe","RaPIPOxe_fxp",56,"fxp","RaPIPOxe","RaPIPOxe_fxp","Ponderosa Pine - Xeric",3
"4_41_23_52228",2,63,346,875,1216,1707020103,"17070106","OBM","RaPIPOm_fdp_1707020103","RaPIPOm","RaPIPOm_fdp",52,"fdp","RaPIPOm","RaPIPOm_fdp","Dry Ponderosa Pine - Mesic",1
"4_41_23_51377",2,63,345,913,1859,1707020102,"17070106","OBM","RaPIPOm_fdp_1707020102","RaPIPOm","RaPIPOm_fdp",52,"fdp","RaPIPOm","RaPIPOm_fdp","Dry Ponderosa Pine - Mesic",1
"4_41_23_71739",2,63,345,915,1696,1707020102,"17070106","OBM","RaMCONdy_fdg_1707020102","RaMCONdy","RaMCONdy_fdg",23,"fdg","RaMCONdy","RaMCONdy_fdg","Mixed Conifer - Eastside Dry",1
"8_53_47_70509",12,15,58,45,1057,1702000618,"17020005","WNE","RaMCONdy_fdd_1702000618","RaMCONdy","RaMCONdy_fdd",42,"fdd","RaMCONdy","RaMCONdy_fdd","Mixed Conifer - Eastside Dry",1
"4_41_23_90913",2,63,345,915,1248,1707020102,"17070106","OBM","RaMCONdy_fdg_1707020102","RaMCONdy","RaMCONdy_fdg",23,"fdg","RaMCONdy","RaMCONdy_fdg","Mixed Conifer - Eastside Dry",1
"4_41_23_86784",2,63,344,938,1249,1707020101,"17070106","OBM","RaPIPOm_fdp_1707020101","RaPIPOm","RaPIPOm_fdp",52,"fdp","RaPIPOm","RaPIPOm_fdp","Dry Ponderosa Pine - Mesic",1
"4_41_25_52197",2,63,344,937,951,1707020101,"17070106","OBM","RaMCONdy_fdg_1707020101","RaMCONdy","RaMCONdy_fdg",23,"fdg","RaMCONdy","RaMCONdy_fdg","Mixed Conifer - Eastside Dry",1
"4_41_25_58213",2,63,344,938,993,1707020101,"17070106","OBM","RaPIPOm_fdp_1707020101","RaPIPOm","RaPIPOm_fdp",52,"fdp","RaPIPOm","RaPIPOm_fdp","Dry Ponderosa Pine - Mesic",1
"4_41_25_82483",2,148,822,1003,1722,1712000205,"17120001","OBM","RaPIPOm_fdp_1712000205","RaPIPOm","RaPIPOm_fdp",52,"fdp","RaPIPOm","RaPIPOm_fdp","Dry Ponderosa Pine - Mesic",1
"4_41_25_68186",2,148,822,1003,1160,1712000205,"17120001","OBM","RaPIPOm_fdp_1712000205","RaPIPOm","RaPIPOm_fdp",52,"fdp","RaPIPOm","RaPIPOm_fdp","Dry Ponderosa Pine - Mesic",1
"4_41_25_58790",2,148,822,1003,956,1712000205,"17120001","OBM","RaPIPOm_fdp_1712000205","RaPIPOm","RaPIPOm_fdp",52,"fdp","RaPIPOm","RaPIPOm_fdp","Dry Ponderosa Pine - Mesic",1
"4_41_25_60573",2,148,822,2136,1153,1712000205,"17120001","OBM","RaPIPOxe_fxp_17120002","RaPIPOxe","RaPIPOxe_fxp",56,"fxp","RaPIPOxe","RaPIPOxe_fxp","Ponderosa Pine - Xeric",3
"4_41_25_59634",2,148,822,2136,1873,1712000205,"17120001","OBM","RaPIPOxe_fxp_17120002","RaPIPOxe","RaPIPOxe_fxp",56,"fxp","RaPIPOxe","RaPIPOxe_fxp","Ponderosa Pine - Xeric",3
"4_41_25_93322",2,148,822,2136,2015,1712000205,"17120001","OBM","RaPIPOxe_fxp_17120002","RaPIPOxe","RaPIPOxe_fxp",56,"fxp","RaPIPOxe","RaPIPOxe_fxp","Ponderosa Pine - Xeric",3
"4_41_25_70073",2,148,822,2136,900,1712000205,"17120001","OBM","RaPIPOxe_fxp_17120002","RaPIPOxe","RaPIPOxe_fxp",56,"fxp","RaPIPOxe","RaPIPOxe_fxp","Ponderosa Pine - Xeric",3
"4_41_25_70997",2,148,822,2136,1650,1712000205,"17120001","OBM","RaPIPOxe_fxp_17120002","RaPIPOxe","RaPIPOxe_fxp",56,"fxp","RaPIPOxe","RaPIPOxe_fxp","Ponderosa Pine - Xeric",3
"4_41_25_87671",2,150,831,2160,517,1712000403,"17120003","OBM","RaPIPOxe_fxp_17120004","RaPIPOxe","RaPIPOxe_fxp",56,"fxp","RaPIPOxe","RaPIPOxe_fxp","Ponderosa Pine - Xeric",3
"4_41_25_64688",2,150,831,2160,848,1712000403,"17120003","OBM","RaPIPOxe_fxp_17120004","RaPIPOxe","RaPIPOxe_fxp",56,"fxp","RaPIPOxe","RaPIPOxe_fxp","Ponderosa Pine - Xeric",3
"8_53_47_90372",12,15,58,45,1475,1702000618,"17020005","WNE","RaMCONdy_fdd_1702000618","RaMCONdy","RaMCONdy_fdd",42,"fdd","RaMCONdy","RaMCONdy_fdd","Mixed Conifer - Eastside Dry",1
"8_53_47_74599",12,15,55,13,1385,1702000615,"17020005","WNE","RaMCONdy_fdd_1702000615","RaMCONdy","RaMCONdy_fdd",42,"fdd","RaMCONdy","RaMCONdy_fdd","Mixed Conifer - Eastside Dry",1
"4_41_25_87057",2,150,831,2160,770,1712000403,"17120003","OBM","RaPIPOxe_fxp_17120004","RaPIPOxe","RaPIPOxe_fxp",56,"fxp","RaPIPOxe","RaPIPOxe_fxp","Ponderosa Pine - Xeric",3
"8_53_47_79027",12,15,59,83,631,1702000619,"17020005","WNE","RaMCONdy_fdd_1702000619","RaMCONdy","RaMCONdy_fdd",42,"fdd","RaMCONdy","RaMCONdy_fdd","Mixed Conifer - Eastside Dry",1
"8_53_47_58385",12,15,55,13,2706,1702000615,"17020005","WNE","RaMCONdy_fdd_1702000615","RaMCONdy","RaMCONdy_fdd",42,"fdd","RaMCONdy","RaMCONdy_fdd","Mixed Conifer - Eastside Dry",1
"8_53_47_97636",12,15,55,13,1398,1702000615,"17020005","WNE","RaMCONdy_fdd_1702000615","RaMCONdy","RaMCONdy_fdd",42,"fdd","RaMCONdy","RaMCONdy_fdd","Mixed Conifer - Eastside Dry",1
"8_53_47_99344",12,15,56,30,2221,1702000616,"17020005","WNE","RaMCONdy_fdd_1702000616","RaMCONdy","RaMCONdy_fdd",42,"fdd","RaMCONdy","RaMCONdy_fdd","Mixed Conifer - Eastside Dry",1
"4_41_49_77923",2,58,323,2054,1996,1707010401,"17070103","OBM","RaMCONms_fcm_17070104","RaMCONms","RaMCONms_fcm",22,"fcm","RaMCONms","RaMCONms_fcm","Mixed Conifer - Eastside Mesic",3
"4_41_49_63997",2,58,323,2054,1068,1707010401,"17070103","OBM","RaMCONms_fcm_17070104","RaMCONms","RaMCONms_fcm",22,"fcm","RaMCONms","RaMCONms_fcm","Mixed Conifer - Eastside Mesic",3
"4_41_49_67925",2,64,364,2053,1738,1707020207,"17070201","OBM","RaMCONms_fcm_17070202","RaMCONms","RaMCONms_fcm",22,"fcm","RaMCONms","RaMCONms_fcm","Mixed Conifer - Eastside Mesic",3
"4_41_49_90364",2,64,364,2053,2031,1707020207,"17070201","OBM","RaMCONms_fcm_17070202","RaMCONms","RaMCONms_fcm",22,"fcm","RaMCONms","RaMCONms_fcm","Mixed Conifer - Eastside Mesic",3
"4_41_49_50025",2,64,364,2053,1933,1707020207,"17070201","OBM","RaMCONms_fcm_17070202","RaMCONms","RaMCONms_fcm",22,"fcm","RaMCONms","RaMCONms_fcm","Mixed Conifer - Eastside Mesic",3
"4_41_49_84030",2,64,364,2053,1963,1707020207,"17070201","OBM","RaMCONms_fcm_17070202","RaMCONms","RaMCONms_fcm",22,"fcm","RaMCONms","RaMCONms_fcm","Mixed Conifer - Eastside Mesic",3
"4_41_49_66609",2,64,364,558,2584,1707020207,"17070201","OBM","RaMCONdy_fdd_1707020207","RaMCONdy","RaMCONdy_fdd",42,"fdd","RaMCONdy","RaMCONdy_fdd","Mixed Conifer - Eastside Dry",1
"8_53_47_57121",12,15,57,40,2492,1702000617,"17020005","WNE","RaMCONdy_fdd_1702000617","RaMCONdy","RaMCONdy_fdd",42,"fdd","RaMCONdy","RaMCONdy_fdd","Mixed Conifer - Eastside Dry",1
"8_53_47_61379",12,15,57,40,2401,1702000617,"17020005","WNE","RaMCONdy_fdd_1702000617","RaMCONdy","RaMCONdy_fdd",42,"fdd","RaMCONdy","RaMCONdy_fdd","Mixed Conifer - Eastside Dry",1
"4_41_23_64839",2,64,366,723,1000,1707020209,"17070201","OBM","RaMCONdy_fdg_1707020209","RaMCONdy","RaMCONdy_fdg",23,"fdg","RaMCONdy","RaMCONdy_fdg","Mixed Conifer - Eastside Dry",1
"4_41_23_73622",2,63,353,793,1030,1707020110,"17070106","OBM","RaPIPOm_fdp_1707020110","RaPIPOm","RaPIPOm_fdp",52,"fdp","RaPIPOm","RaPIPOm_fdp","Dry Ponderosa Pine - Mesic",1
"8_53_47_85029",12,13,47,59,914,1702000402,"17020003","WNE","RaMCONdy_fdd_1702000402","RaMCONdy","RaMCONdy_fdd",42,"fdd","RaMCONdy","RaMCONdy_fdd","Mixed Conifer - Eastside Dry",1
"8_53_47_53120",12,15,57,2283,1489,1702000617,"17020005","WNE","RaSPFI_fcd_WNE","RaSPFI","RaSPFI_fcd",9,"fcd","RaSPFI","RaSPFI_fcd","Spruce - Fir",4
"4_41_23_84627",2,63,353,2084,6,1707020110,"17070106","OBM","RaPIPOxe_fxp_17070201","RaPIPOxe","RaPIPOxe_fxp",56,"fxp","RaPIPOxe","RaPIPOxe_fxp","Ponderosa Pine - Xeric",3
"4_41_23_69663",2,63,353,792,1023,1707020110,"17070106","OBM","RaMCONdy_fdd_1707020110","RaMCONdy","RaMCONdy_fdd",42,"fdd","RaMCONdy","RaMCONdy_fdd","Mixed Conifer - Eastside Dry",1
"4_41_23_78142",2,63,346,864,651,1707020103,"17070106","OBM","RaMCONdy_fdd_1707020103","RaMCONdy","RaMCONdy_fdd",42,"fdd","RaMCONdy","RaMCONdy_fdd","Mixed Conifer - Eastside Dry",1
"4_41_23_66903",2,63,346,2084,752,1707020103,"17070106","OBM","RaPIPOxe_fxp_17070201","RaPIPOxe","RaPIPOxe_fxp",56,"fxp","RaPIPOxe","RaPIPOxe_fxp","Ponderosa Pine - Xeric",3
"4_41_23_93918",2,63,346,2084,795,1707020103,"17070106","OBM","RaPIPOxe_fxp_17070201","RaPIPOxe","RaPIPOxe_fxp",56,"fxp","RaPIPOxe","RaPIPOxe_fxp","Ponderosa Pine - Xeric",3
"4_41_23_79552",2,63,346,875,997,1707020103,"17070106","OBM","RaPIPOm_fdp_1707020103","RaPIPOm","RaPIPOm_fdp",52,"fdp","RaPIPOm","RaPIPOm_fdp","Dry Ponderosa Pine - Mesic",1
"4_41_23_74754",2,63,346,864,1114,1707020103,"17070106","OBM","RaMCONdy_fdd_1707020103","RaMCONdy","RaMCONdy_fdd",42,"fdd","RaMCONdy","RaMCONdy_fdd","Mixed Conifer - Eastside Dry",1
"4_41_23_86814",2,148,818,900,857,1712000201,"17120001","OBM","RaMCONdy_fdg_1712000201","RaMCONdy","RaMCONdy_fdg",23,"fdg","RaMCONdy","RaMCONdy_fdg","Mixed Conifer - Eastside Dry",1
"4_41_23_65854",2,63,346,864,1110,1707020103,"17070106","OBM","RaMCONdy_fdd_1707020103","RaMCONdy","RaMCONdy_fdd",42,"fdd","RaMCONdy","RaMCONdy_fdd","Mixed Conifer - Eastside Dry",1
"4_41_23_70798",2,63,345,915,2110,1707020102,"17070106","OBM","RaMCONdy_fdg_1707020102","RaMCONdy","RaMCONdy_fdg",23,"fdg","RaMCONdy","RaMCONdy_fdg","Mixed Conifer - Eastside Dry",1
"4_41_23_93208",2,63,345,915,2327,1707020102,"17070106","OBM","RaMCONdy_fdg_1707020102","RaMCONdy","RaMCONdy_fdg",23,"fdg","RaMCONdy","RaMCONdy_fdg","Mixed Conifer - Eastside Dry",1
"4_41_23_52746",2,148,818,900,1899,1712000201,"17120001","OBM","RaMCONdy_fdg_1712000201","RaMCONdy","RaMCONdy_fdg",23,"fdg","RaMCONdy","RaMCONdy_fdg","Mixed Conifer - Eastside Dry",1
"8_53_47_70066",12,13,47,2283,1223,1702000402,"17020003","WNE","RaSPFI_fcd_WNE","RaSPFI","RaSPFI_fcd",9,"fcd","RaSPFI","RaSPFI_fcd","Spruce - Fir",4
"4_41_23_84094",2,63,344,937,1281,1707020101,"17070106","OBM","RaMCONdy_fdg_1707020101","RaMCONdy","RaMCONdy_fdg",23,"fdg","RaMCONdy","RaMCONdy_fdg","Mixed Conifer - Eastside Dry",1
"4_41_23_81549",2,63,344,937,2556,1707020101,"17070106","OBM","RaMCONdy_fdg_1707020101","RaMCONdy","RaMCONdy_fdg",23,"fdg","RaMCONdy","RaMCONdy_fdg","Mixed Conifer - Eastside Dry",1
"4_41_23_80534",2,63,344,2084,1227,1707020101,"17070106","OBM","RaPIPOxe_fxp_17070201","RaPIPOxe","RaPIPOxe_fxp",56,"fxp","RaPIPOxe","RaPIPOxe_fxp","Ponderosa Pine - Xeric",3
"4_41_23_59395",2,63,344,938,778,1707020101,"17070106","OBM","RaPIPOm_fdp_1707020101","RaPIPOm","RaPIPOm_fdp",52,"fdp","RaPIPOm","RaPIPOm_fdp","Dry Ponderosa Pine - Mesic",1
"4_41_23_81622",2,63,344,2084,1154,1707020101,"17070106","OBM","RaPIPOxe_fxp_17070201","RaPIPOxe","RaPIPOxe_fxp",56,"fxp","RaPIPOxe","RaPIPOxe_fxp","Ponderosa Pine - Xeric",3
"4_41_23_65918",2,63,344,2084,696,1707020101,"17070106","OBM","RaPIPOxe_fxp_17070201","RaPIPOxe","RaPIPOxe_fxp",56,"fxp","RaPIPOxe","RaPIPOxe_fxp","Ponderosa Pine - Xeric",3
"4_41_23_80854",2,63,344,2084,1132,1707020101,"17070106","OBM","RaPIPOxe_fxp_17070201","RaPIPOxe","RaPIPOxe_fxp",56,"fxp","RaPIPOxe","RaPIPOxe_fxp","Ponderosa Pine - Xeric",3
"4_41_23_54174",2,63,344,938,941,1707020101,"17070106","OBM","RaPIPOm_fdp_1707020101","RaPIPOm","RaPIPOm_fdp",52,"fdp","RaPIPOm","RaPIPOm_fdp","Dry Ponderosa Pine - Mesic",1
"4_41_25_55846",2,63,344,938,1742,1707020101,"17070106","OBM","RaPIPOm_fdp_1707020101","RaPIPOm","RaPIPOm_fdp",52,"fdp","RaPIPOm","RaPIPOm_fdp","Dry Ponderosa Pine - Mesic",1
"4_41_25_89044",2,63,344,938,442,1707020101,"17070106","OBM","RaPIPOm_fdp_1707020101","RaPIPOm","RaPIPOm_fdp",52,"fdp","RaPIPOm","RaPIPOm_fdp","Dry Ponderosa Pine - Mesic",1
"8_53_47_80908",12,15,58,45,1333,1702000618,"17020005","WNE","RaMCONdy_fdd_1702000618","RaMCONdy","RaMCONdy_fdd",42,"fdd","RaMCONdy","RaMCONdy_fdd","Mixed Conifer - Eastside Dry",1
"4_41_25_58887",2,148,822,1003,1030,1712000205,"17120001","OBM","RaPIPOm_fdp_1712000205","RaPIPOm","RaPIPOm_fdp",52,"fdp","RaPIPOm","RaPIPOm_fdp","Dry Ponderosa Pine - Mesic",1
"4_41_25_57334",2,148,822,2136,1414,1712000205,"17120001","OBM","RaPIPOxe_fxp_17120002","RaPIPOxe","RaPIPOxe_fxp",56,"fxp","RaPIPOxe","RaPIPOxe_fxp","Ponderosa Pine - Xeric",3
"4_41_25_81172",2,148,822,2136,403,1712000205,"17120001","OBM","RaPIPOxe_fxp_17120002","RaPIPOxe","RaPIPOxe_fxp",56,"fxp","RaPIPOxe","RaPIPOxe_fxp","Ponderosa Pine - Xeric",3
"4_41_25_83570",2,148,822,2136,662,1712000205,"17120001","OBM","RaPIPOxe_fxp_17120002","RaPIPOxe","RaPIPOxe_fxp",56,"fxp","RaPIPOxe","RaPIPOxe_fxp","Ponderosa Pine - Xeric",3
"4_41_25_85519",2,148,822,2136,849,1712000205,"17120001","OBM","RaPIPOxe_fxp_17120002","RaPIPOxe","RaPIPOxe_fxp",56,"fxp","RaPIPOxe","RaPIPOxe_fxp","Ponderosa Pine - Xeric",3
"4_41_25_88278",2,148,823,2136,715,1712000206,"17120001","OBM","RaPIPOxe_fxp_17120002","RaPIPOxe","RaPIPOxe_fxp",56,"fxp","RaPIPOxe","RaPIPOxe_fxp","Ponderosa Pine - Xeric",3
"8_53_47_56762",12,13,47,59,1978,1702000402,"17020003","WNE","RaMCONdy_fdd_1702000402","RaMCONdy","RaMCONdy_fdd",42,"fdd","RaMCONdy","RaMCONdy_fdd","Mixed Conifer - Eastside Dry",1
"8_53_47_90977",12,15,59,83,1061,1702000619,"17020005","WNE","RaMCONdy_fdd_1702000619","RaMCONdy","RaMCONdy_fdd",42,"fdd","RaMCONdy","RaMCONdy_fdd","Mixed Conifer - Eastside Dry",1
"8_53_47_50611",12,15,59,86,430,1702000619,"17020005","WNE","RaPIPOm_fpd_1702000619","RaPIPOm","RaPIPOm_fpd",51,"fpd","RaPIPOm","RaPIPOm_fpd","Dry Ponderosa Pine - Mesic",1
"8_53_47_71934",12,15,59,83,1853,1702000619,"17020005","WNE","RaMCONdy_fdd_1702000619","RaMCONdy","RaMCONdy_fdd",42,"fdd","RaMCONdy","RaMCONdy_fdd","Mixed Conifer - Eastside Dry",1
"8_53_47_55241",12,15,59,83,686,1702000619,"17020005","WNE","RaMCONdy_fdd_1702000619","RaMCONdy","RaMCONdy_fdd",42,"fdd","RaMCONdy","RaMCONdy_fdd","Mixed Conifer - Eastside Dry",1
"8_53_47_93782",12,15,59,83,408,1702000619,"17020005","WNE","RaMCONdy_fdd_1702000619","RaMCONdy","RaMCONdy_fdd",42,"fdd","RaMCONdy","RaMCONdy_fdd","Mixed Conifer - Eastside Dry",1
"8_53_47_63503",12,14,51,103,282,1702000502,"17020004","WNE","RaMCONdy_fmd_1702000502","RaMCONdy","RaMCONdy_fmd",28,"fmd","RaMCONdy","RaMCONdy_fmd","Mixed Conifer - Eastside Dry",1
"8_53_47_68095",12,15,56,30,147,1702000616,"17020005","WNE","RaMCONdy_fdd_1702000616","RaMCONdy","RaMCONdy_fdd",42,"fdd","RaMCONdy","RaMCONdy_fdd","Mixed Conifer - Eastside Dry",1
"8_53_47_96458",12,15,56,30,1166,1702000616,"17020005","WNE","RaMCONdy_fdd_1702000616","RaMCONdy","RaMCONdy_fdd",42,"fdd","RaMCONdy","RaMCONdy_fdd","Mixed Conifer - Eastside Dry",1
"8_53_47_80939",12,15,58,45,1434,1702000618,"17020005","WNE","RaMCONdy_fdd_1702000618","RaMCONdy","RaMCONdy_fdd",42,"fdd","RaMCONdy","RaMCONdy_fdd","Mixed Conifer - Eastside Dry",1
"8_53_47_96692",12,15,58,45,1319,1702000618,"17020005","WNE","RaMCONdy_fdd_1702000618","RaMCONdy","RaMCONdy_fdd",42,"fdd","RaMCONdy","RaMCONdy_fdd","Mixed Conifer - Eastside Dry",1
"8_53_47_90716",12,15,58,45,1366,1702000618,"17020005","WNE","RaMCONdy_fdd_1702000618","RaMCONdy","RaMCONdy_fdd",42,"fdd","RaMCONdy","RaMCONdy_fdd","Mixed Conifer - Eastside Dry",1
"8_53_47_79989",12,15,58,45,1365,1702000618,"17020005","WNE","RaMCONdy_fdd_1702000618","RaMCONdy","RaMCONdy_fdd",42,"fdd","RaMCONdy","RaMCONdy_fdd","Mixed Conifer - Eastside Dry",1
"4_41_49_81417",2,57,319,2007,528,1707010310,"17070102","OBM","RaMCONms_fcm_17070103","RaMCONms","RaMCONms_fcm",22,"fcm","RaMCONms","RaMCONms_fcm","Mixed Conifer - Eastside Mesic",3
"4_41_49_74221",2,57,318,2007,1205,1707010309,"17070102","OBM","RaMCONms_fcm_17070103","RaMCONms","RaMCONms_fcm",22,"fcm","RaMCONms","RaMCONms_fcm","Mixed Conifer - Eastside Mesic",3
"4_41_49_77110",2,57,318,2007,2781,1707010309,"17070102","OBM","RaMCONms_fcm_17070103","RaMCONms","RaMCONms_fcm",22,"fcm","RaMCONms","RaMCONms_fcm","Mixed Conifer - Eastside Mesic",3
"4_41_49_59837",2,64,363,2053,1329,1707020206,"17070201","OBM","RaMCONms_fcm_17070202","RaMCONms","RaMCONms_fcm",22,"fcm","RaMCONms","RaMCONms_fcm","Mixed Conifer - Eastside Mesic",3
"4_41_49_68660",2,64,364,2053,1754,1707020207,"17070201","OBM","RaMCONms_fcm_17070202","RaMCONms","RaMCONms_fcm",22,"fcm","RaMCONms","RaMCONms_fcm","Mixed Conifer - Eastside Mesic",3
"4_41_49_88802",2,64,364,2053,2136,1707020207,"17070201","OBM","RaMCONms_fcm_17070202","RaMCONms","RaMCONms_fcm",22,"fcm","RaMCONms","RaMCONms_fcm","Mixed Conifer - Eastside Mesic",3
"4_41_49_68559",2,64,364,2053,1973,1707020207,"17070201","OBM","RaMCONms_fcm_17070202","RaMCONms","RaMCONms_fcm",22,"fcm","RaMCONms","RaMCONms_fcm","Mixed Conifer - Eastside Mesic",3
"4_41_49_90962",2,64,364,559,1960,1707020207,"17070201","OBM","RaMCONdy_fdg_1707020207","RaMCONdy","RaMCONdy_fdg",23,"fdg","RaMCONdy","RaMCONdy_fdg","Mixed Conifer - Eastside Dry",1
"4_41_49_64599",2,64,364,558,1380,1707020207,"17070201","OBM","RaMCONdy_fdd_1707020207","RaMCONdy","RaMCONdy_fdd",42,"fdd","RaMCONdy","RaMCONdy_fdd","Mixed Conifer - Eastside Dry",1
"4_41_49_69710",2,64,364,558,1409,1707020207,"17070201","OBM","RaMCONdy_fdd_1707020207","RaMCONdy","RaMCONdy_fdd",42,"fdd","RaMCONdy","RaMCONdy_fdd","Mixed Conifer - Eastside Dry",1
"4_41_23_82950",2,64,364,558,1329,1707020207,"17070201","OBM","RaMCONdy_fdd_1707020207","RaMCONdy","RaMCONdy_fdd",42,"fdd","RaMCONdy","RaMCONdy_fdd","Mixed Conifer - Eastside Dry",1
"4_41_23_52604",2,65,372,2074,284,1707020305,"17070202","OBM","RaPIPOxe_fxp_17070203","RaPIPOxe","RaPIPOxe_fxp",56,"fxp","RaPIPOxe","RaPIPOxe_fxp","Ponderosa Pine - Xeric",3
"4_41_23_73965",2,65,371,670,1265,1707020304,"17070202","OBM","RaMCONdy_fdd_1707020304","RaMCONdy","RaMCONdy_fdd",42,"fdd","RaMCONdy","RaMCONdy_fdd","Mixed Conifer - Eastside Dry",1
"4_41_23_91448",2,64,366,695,1015,1707020209,"17070201","OBM","RaMCONdy_fdd_1707020209","RaMCONdy","RaMCONdy_fdd",42,"fdd","RaMCONdy","RaMCONdy_fdd","Mixed Conifer - Eastside Dry",1
"4_41_23_93637",2,63,353,793,818,1707020110,"17070106","OBM","RaPIPOm_fdp_1707020110","RaPIPOm","RaPIPOm_fdp",52,"fdp","RaPIPOm","RaPIPOm_fdp","Dry Ponderosa Pine - Mesic",1
"4_41_23_63935",2,63,352,802,960,1707020109,"17070106","OBM","RaMCONdy_fdd_1707020109","RaMCONdy","RaMCONdy_fdd",42,"fdd","RaMCONdy","RaMCONdy_fdd","Mixed Conifer - Eastside Dry",1
"4_41_23_70325",2,63,352,2091,696,1707020109,"17070106","OBM","RaMCONms_fcm_17070201","RaMCONms","RaMCONms_fcm",22,"fcm","RaMCONms","RaMCONms_fcm","Mixed Conifer - Eastside Mesic",3
"4_41_23_76236",2,63,346,2084,589,1707020103,"17070106","OBM","RaPIPOxe_fxp_17070201","RaPIPOxe","RaPIPOxe_fxp",56,"fxp","RaPIPOxe","RaPIPOxe_fxp","Ponderosa Pine - Xeric",3
"4_41_23_78795",2,63,346,864,728,1707020103,"17070106","OBM","RaMCONdy_fdd_1707020103","RaMCONdy","RaMCONdy_fdd",42,"fdd","RaMCONdy","RaMCONdy_fdd","Mixed Conifer - Eastside Dry",1
"4_41_23_72325",2,63,346,864,596,1707020103,"17070106","OBM","RaMCONdy_fdd_1707020103","RaMCONdy","RaMCONdy_fdd",42,"fdd","RaMCONdy","RaMCONdy_fdd","Mixed Conifer - Eastside Dry",1
"4_41_23_88430",2,63,346,864,1107,1707020103,"17070106","OBM","RaMCONdy_fdd_1707020103","RaMCONdy","RaMCONdy_fdd",42,"fdd","RaMCONdy","RaMCONdy_fdd","Mixed Conifer - Eastside Dry",1
"4_41_23_66945",2,148,818,900,2118,1712000201,"17120001","OBM","RaMCONdy_fdg_1712000201","RaMCONdy","RaMCONdy_fdg",23,"fdg","RaMCONdy","RaMCONdy_fdg","Mixed Conifer - Eastside Dry",1
"4_41_23_62097",2,148,818,900,1995,1712000201,"17120001","OBM","RaMCONdy_fdg_1712000201","RaMCONdy","RaMCONdy_fdg",23,"fdg","RaMCONdy","RaMCONdy_fdg","Mixed Conifer - Eastside Dry",1
"4_41_23_76249",2,148,818,900,1911,1712000201,"17120001","OBM","RaMCONdy_fdg_1712000201","RaMCONdy","RaMCONdy_fdg",23,"fdg","RaMCONdy","RaMCONdy_fdg","Mixed Conifer - Eastside Dry",1
"8_53_47_58190",12,13,47,59,1209,1702000402,"17020003","WNE","RaMCONdy_fdd_1702000402","RaMCONdy","RaMCONdy_fdd",42,"fdd","RaMCONdy","RaMCONdy_fdd","Mixed Conifer - Eastside Dry",1
"8_53_47_82654",12,13,47,59,1422,1702000402,"17020003","WNE","RaMCONdy_fdd_1702000402","RaMCONdy","RaMCONdy_fdd",42,"fdd","RaMCONdy","RaMCONdy_fdd","Mixed Conifer - Eastside Dry",1
"4_41_23_88851",2,148,818,900,2024,1712000201,"17120001","OBM","RaMCONdy_fdg_1712000201","RaMCONdy","RaMCONdy_fdg",23,"fdg","RaMCONdy","RaMCONdy_fdg","Mixed Conifer - Eastside Dry",1
"4_41_23_82648",2,148,818,900,1299,1712000201,"17120001","OBM","RaMCONdy_fdg_1712000201","RaMCONdy","RaMCONdy_fdg",23,"fdg","RaMCONdy","RaMCONdy_fdg","Mixed Conifer - Eastside Dry",1
"4_41_23_81190",2,63,344,937,1763,1707020101,"17070106","OBM","RaMCONdy_fdg_1707020101","RaMCONdy","RaMCONdy_fdg",23,"fdg","RaMCONdy","RaMCONdy_fdg","Mixed Conifer - Eastside Dry",1
"4_41_23_97460",2,63,344,937,1577,1707020101,"17070106","OBM","RaMCONdy_fdg_1707020101","RaMCONdy","RaMCONdy_fdg",23,"fdg","RaMCONdy","RaMCONdy_fdg","Mixed Conifer - Eastside Dry",1
"4_41_23_92822",2,63,344,937,1726,1707020101,"17070106","OBM","RaMCONdy_fdg_1707020101","RaMCONdy","RaMCONdy_fdg",23,"fdg","RaMCONdy","RaMCONdy_fdg","Mixed Conifer - Eastside Dry",1
"4_41_23_58857",2,63,344,938,658,1707020101,"17070106","OBM","RaPIPOm_fdp_1707020101","RaPIPOm","RaPIPOm_fdp",52,"fdp","RaPIPOm","RaPIPOm_fdp","Dry Ponderosa Pine - Mesic",1
"4_41_23_57090",2,63,344,938,1405,1707020101,"17070106","OBM","RaPIPOm_fdp_1707020101","RaPIPOm","RaPIPOm_fdp",52,"fdp","RaPIPOm","RaPIPOm_fdp","Dry Ponderosa Pine - Mesic",1
"4_41_23_75755",2,63,344,938,1278,1707020101,"17070106","OBM","RaPIPOm_fdp_1707020101","RaPIPOm","RaPIPOm_fdp",52,"fdp","RaPIPOm","RaPIPOm_fdp","Dry Ponderosa Pine - Mesic",1
"4_41_25_52160",2,63,344,938,1484,1707020101,"17070106","OBM","RaPIPOm_fdp_1707020101","RaPIPOm","RaPIPOm_fdp",52,"fdp","RaPIPOm","RaPIPOm_fdp","Dry Ponderosa Pine - Mesic",1
"4_41_25_65521",2,148,822,1003,1146,1712000205,"17120001","OBM","RaPIPOm_fdp_1712000205","RaPIPOm","RaPIPOm_fdp",52,"fdp","RaPIPOm","RaPIPOm_fdp","Dry Ponderosa Pine - Mesic",1
"4_41_25_73250",2,148,822,1003,2041,1712000205,"17120001","OBM","RaPIPOm_fdp_1712000205","RaPIPOm","RaPIPOm_fdp",52,"fdp","RaPIPOm","RaPIPOm_fdp","Dry Ponderosa Pine - Mesic",1
"4_41_25_74151",2,148,822,1003,1494,1712000205,"17120001","OBM","RaPIPOm_fdp_1712000205","RaPIPOm","RaPIPOm_fdp",52,"fdp","RaPIPOm","RaPIPOm_fdp","Dry Ponderosa Pine - Mesic",1
"4_41_25_76174",2,148,822,2136,1481,1712000205,"17120001","OBM","RaPIPOxe_fxp_17120002","RaPIPOxe","RaPIPOxe_fxp",56,"fxp","RaPIPOxe","RaPIPOxe_fxp","Ponderosa Pine - Xeric",3
"4_41_25_92703",2,148,822,2136,341,1712000205,"17120001","OBM","RaPIPOxe_fxp_17120002","RaPIPOxe","RaPIPOxe_fxp",56,"fxp","RaPIPOxe","RaPIPOxe_fxp","Ponderosa Pine - Xeric",3
"4_41_25_62079",2,148,823,2136,117,1712000206,"17120001","OBM","RaPIPOxe_fxp_17120002","RaPIPOxe","RaPIPOxe_fxp",56,"fxp","RaPIPOxe","RaPIPOxe_fxp","Ponderosa Pine - Xeric",3
"4_41_25_94472",2,148,823,2136,50,1712000206,"17120001","OBM","RaPIPOxe_fxp_17120002","RaPIPOxe","RaPIPOxe_fxp",56,"fxp","RaPIPOxe","RaPIPOxe_fxp","Ponderosa Pine - Xeric",3
"8_53_47_61138",12,13,47,59,1397,1702000402,"17020003","WNE","RaMCONdy_fdd_1702000402","RaMCONdy","RaMCONdy_fdd",42,"fdd","RaMCONdy","RaMCONdy_fdd","Mixed Conifer - Eastside Dry",1
"8_53_47_95306",12,15,59,83,2774,1702000619,"17020005","WNE","RaMCONdy_fdd_1702000619","RaMCONdy","RaMCONdy_fdd",42,"fdd","RaMCONdy","RaMCONdy_fdd","Mixed Conifer - Eastside Dry",1
"8_53_47_80641",12,15,56,30,1394,1702000616,"17020005","WNE","RaMCONdy_fdd_1702000616","RaMCONdy","RaMCONdy_fdd",42,"fdd","RaMCONdy","RaMCONdy_fdd","Mixed Conifer - Eastside Dry",1
"8_53_47_83949",12,15,56,2283,1467,1702000616,"17020005","WNE","RaSPFI_fcd_WNE","RaSPFI","RaSPFI_fcd",9,"fcd","RaSPFI","RaSPFI_fcd","Spruce - Fir",4
"8_53_47_58430",12,15,56,2283,1040,1702000616,"17020005","WNE","RaSPFI_fcd_WNE","RaSPFI","RaSPFI_fcd",9,"fcd","RaSPFI","RaSPFI_fcd","Spruce - Fir",4
"8_53_47_91975",12,15,56,2283,1645,1702000616,"17020005","WNE","RaSPFI_fcd_WNE","RaSPFI","RaSPFI_fcd",9,"fcd","RaSPFI","RaSPFI_fcd","Spruce - Fir",4
"8_53_47_79753",12,15,56,2283,643,1702000616,"17020005","WNE","RaSPFI_fcd_WNE","RaSPFI","RaSPFI_fcd",9,"fcd","RaSPFI","RaSPFI_fcd","Spruce - Fir",4
"8_53_47_63723",12,15,57,2283,1181,1702000617,"17020005","WNE","RaSPFI_fcd_WNE","RaSPFI","RaSPFI_fcd",9,"fcd","RaSPFI","RaSPFI_fcd","Spruce - Fir",4
"8_53_47_60412",12,15,57,40,1210,1702000617,"17020005","WNE","RaMCONdy_fdd_1702000617","RaMCONdy","RaMCONdy_fdd",42,"fdd","RaMCONdy","RaMCONdy_fdd","Mixed Conifer - Eastside Dry",1
"4_41_49_84115",2,57,318,2007,577,1707010309,"17070102","OBM","RaMCONms_fcm_17070103","RaMCONms","RaMCONms_fcm",22,"fcm","RaMCONms","RaMCONms_fcm","Mixed Conifer - Eastside Mesic",3
"4_41_49_95808",2,64,363,2053,1109,1707020206,"17070201","OBM","RaMCONms_fcm_17070202","RaMCONms","RaMCONms_fcm",22,"fcm","RaMCONms","RaMCONms_fcm","Mixed Conifer - Eastside Mesic",3
"4_41_49_85449",2,64,363,2053,2214,1707020206,"17070201","OBM","RaMCONms_fcm_17070202","RaMCONms","RaMCONms_fcm",22,"fcm","RaMCONms","RaMCONms_fcm","Mixed Conifer - Eastside Mesic",3
"4_41_49_79505",2,64,364,2053,850,1707020207,"17070201","OBM","RaMCONms_fcm_17070202","RaMCONms","RaMCONms_fcm",22,"fcm","RaMCONms","RaMCONms_fcm","Mixed Conifer - Eastside Mesic",3
"4_41_49_98275",2,64,364,2053,1068,1707020207,"17070201","OBM","RaMCONms_fcm_17070202","RaMCONms","RaMCONms_fcm",22,"fcm","RaMCONms","RaMCONms_fcm","Mixed Conifer - Eastside Mesic",3
"4_41_49_51181",2,64,364,2053,967,1707020207,"17070201","OBM","RaMCONms_fcm_17070202","RaMCONms","RaMCONms_fcm",22,"fcm","RaMCONms","RaMCONms_fcm","Mixed Conifer - Eastside Mesic",3
"4_41_49_89738",2,64,364,558,2189,1707020207,"17070201","OBM","RaMCONdy_fdd_1707020207","RaMCONdy","RaMCONdy_fdd",42,"fdd","RaMCONdy","RaMCONdy_fdd","Mixed Conifer - Eastside Dry",1
"4_41_49_75161",2,64,364,558,1177,1707020207,"17070201","OBM","RaMCONdy_fdd_1707020207","RaMCONdy","RaMCONdy_fdd",42,"fdd","RaMCONdy","RaMCONdy_fdd","Mixed Conifer - Eastside Dry",1
"8_53_47_82141",12,13,47,59,948,1702000402,"17020003","WNE","RaMCONdy_fdd_1702000402","RaMCONdy","RaMCONdy_fdd",42,"fdd","RaMCONdy","RaMCONdy_fdd","Mixed Conifer - Eastside Dry",1
"4_41_23_67405",2,64,366,696,547,1707020209,"17070201","OBM","RaPIPOm_fdp_1707020209","RaPIPOm","RaPIPOm_fdp",52,"fdp","RaPIPOm","RaPIPOm_fdp","Dry Ponderosa Pine - Mesic",1
"4_41_23_83009",2,65,371,2072,1085,1707020304,"17070202","OBM","RaMCONms_fcm_17070203","RaMCONms","RaMCONms_fcm",22,"fcm","RaMCONms","RaMCONms_fcm","Mixed Conifer - Eastside Mesic",3
"8_53_47_65755",12,13,47,59,1961,1702000402,"17020003","WNE","RaMCONdy_fdd_1702000402","RaMCONdy","RaMCONdy_fdd",42,"fdd","RaMCONdy","RaMCONdy_fdd","Mixed Conifer - Eastside Dry",1
"4_41_23_92039",2,64,366,696,1231,1707020209,"17070201","OBM","RaPIPOm_fdp_1707020209","RaPIPOm","RaPIPOm_fdp",52,"fdp","RaPIPOm","RaPIPOm_fdp","Dry Ponderosa Pine - Mesic",1
"4_41_23_87208",2,64,366,723,1517,1707020209,"17070201","OBM","RaMCONdy_fdg_1707020209","RaMCONdy","RaMCONdy_fdg",23,"fdg","RaMCONdy","RaMCONdy_fdg","Mixed Conifer - Eastside Dry",1
"4_41_23_78985",2,63,352,801,600,1707020109,"17070106","OBM","RaMCONdy_fdg_1707020109","RaMCONdy","RaMCONdy_fdg",23,"fdg","RaMCONdy","RaMCONdy_fdg","Mixed Conifer - Eastside Dry",1
"4_41_23_75646",2,63,352,803,1398,1707020109,"17070106","OBM","RaPIPOm_fdp_1707020109","RaPIPOm","RaPIPOm_fdp",52,"fdp","RaPIPOm","RaPIPOm_fdp","Dry Ponderosa Pine - Mesic",1
"8_53_47_62131",12,13,47,59,2430,1702000402,"17020003","WNE","RaMCONdy_fdd_1702000402","RaMCONdy","RaMCONdy_fdd",42,"fdd","RaMCONdy","RaMCONdy_fdd","Mixed Conifer - Eastside Dry",1
"4_41_23_72575",2,63,352,802,1574,1707020109,"17070106","OBM","RaMCONdy_fdd_1707020109","RaMCONdy","RaMCONdy_fdd",42,"fdd","RaMCONdy","RaMCONdy_fdd","Mixed Conifer - Eastside Dry",1
"4_41_23_63622",2,63,352,802,1623,1707020109,"17070106","OBM","RaMCONdy_fdd_1707020109","RaMCONdy","RaMCONdy_fdd",42,"fdd","RaMCONdy","RaMCONdy_fdd","Mixed Conifer - Eastside Dry",1
"4_41_23_90852",2,63,352,802,1017,1707020109,"17070106","OBM","RaMCONdy_fdd_1707020109","RaMCONdy","RaMCONdy_fdd",42,"fdd","RaMCONdy","RaMCONdy_fdd","Mixed Conifer - Eastside Dry",1
"4_41_23_58906",2,63,352,801,680,1707020109,"17070106","OBM","RaMCONdy_fdg_1707020109","RaMCONdy","RaMCONdy_fdg",23,"fdg","RaMCONdy","RaMCONdy_fdg","Mixed Conifer - Eastside Dry",1
"4_41_23_90889",2,63,352,801,455,1707020109,"17070106","OBM","RaMCONdy_fdg_1707020109","RaMCONdy","RaMCONdy_fdg",23,"fdg","RaMCONdy","RaMCONdy_fdg","Mixed Conifer - Eastside Dry",1
"4_41_23_74015",2,63,346,865,823,1707020103,"17070106","OBM","RaMCONdy_fdg_1707020103","RaMCONdy","RaMCONdy_fdg",23,"fdg","RaMCONdy","RaMCONdy_fdg","Mixed Conifer - Eastside Dry",1
"4_41_23_52629",2,63,346,2318,1123,1707020103,"17070106","OBM","RaSPFI_fcd_OBM","RaSPFI","RaSPFI_fcd",9,"fcd","RaSPFI","RaSPFI_fcd","Spruce - Fir",4
"4_41_23_76549",2,148,818,900,2042,1712000201,"17120001","OBM","RaMCONdy_fdg_1712000201","RaMCONdy","RaMCONdy_fdg",23,"fdg","RaMCONdy","RaMCONdy_fdg","Mixed Conifer - Eastside Dry",1
"4_41_23_61062",2,148,818,900,851,1712000201,"17120001","OBM","RaMCONdy_fdg_1712000201","RaMCONdy","RaMCONdy_fdg",23,"fdg","RaMCONdy","RaMCONdy_fdg","Mixed Conifer - Eastside Dry",1
"4_41_23_91500",2,148,818,900,794,1712000201,"17120001","OBM","RaMCONdy_fdg_1712000201","RaMCONdy","RaMCONdy_fdg",23,"fdg","RaMCONdy","RaMCONdy_fdg","Mixed Conifer - Eastside Dry",1
"4_41_23_66593",2,148,818,900,1543,1712000201,"17120001","OBM","RaMCONdy_fdg_1712000201","RaMCONdy","RaMCONdy_fdg",23,"fdg","RaMCONdy","RaMCONdy_fdg","Mixed Conifer - Eastside Dry",1
"4_41_23_68700",2,148,818,900,1405,1712000201,"17120001","OBM","RaMCONdy_fdg_1712000201","RaMCONdy","RaMCONdy_fdg",23,"fdg","RaMCONdy","RaMCONdy_fdg","Mixed Conifer - Eastside Dry",1
"4_41_23_98046",2,148,818,900,2287,1712000201,"17120001","OBM","RaMCONdy_fdg_1712000201","RaMCONdy","RaMCONdy_fdg",23,"fdg","RaMCONdy","RaMCONdy_fdg","Mixed Conifer - Eastside Dry",1
"8_53_47_99377",12,13,47,59,2336,1702000402,"17020003","WNE","RaMCONdy_fdd_1702000402","RaMCONdy","RaMCONdy_fdd",42,"fdd","RaMCONdy","RaMCONdy_fdd","Mixed Conifer - Eastside Dry",1
"8_53_47_76805",12,13,47,59,1660,1702000402,"17020003","WNE","RaMCONdy_fdd_1702000402","RaMCONdy","RaMCONdy_fdd",42,"fdd","RaMCONdy","RaMCONdy_fdd","Mixed Conifer - Eastside Dry",1
"4_41_23_93433",2,148,818,900,3233,1712000201,"17120001","OBM","RaMCONdy_fdg_1712000201","RaMCONdy","RaMCONdy_fdg",23,"fdg","RaMCONdy","RaMCONdy_fdg","Mixed Conifer - Eastside Dry",1
"4_41_23_70289",2,148,818,900,2473,1712000201,"17120001","OBM","RaMCONdy_fdg_1712000201","RaMCONdy","RaMCONdy_fdg",23,"fdg","RaMCONdy","RaMCONdy_fdg","Mixed Conifer - Eastside Dry",1
"4_41_23_53920",2,148,818,900,1657,1712000201,"17120001","OBM","RaMCONdy_fdg_1712000201","RaMCONdy","RaMCONdy_fdg",23,"fdg","RaMCONdy","RaMCONdy_fdg","Mixed Conifer - Eastside Dry",1
"4_41_23_70018",2,63,344,937,1352,1707020101,"17070106","OBM","RaMCONdy_fdg_1707020101","RaMCONdy","RaMCONdy_fdg",23,"fdg","RaMCONdy","RaMCONdy_fdg","Mixed Conifer - Eastside Dry",1
"4_41_23_56574",2,63,344,937,1793,1707020101,"17070106","OBM","RaMCONdy_fdg_1707020101","RaMCONdy","RaMCONdy_fdg",23,"fdg","RaMCONdy","RaMCONdy_fdg","Mixed Conifer - Eastside Dry",1
"4_41_23_78493",2,63,344,937,1894,1707020101,"17070106","OBM","RaMCONdy_fdg_1707020101","RaMCONdy","RaMCONdy_fdg",23,"fdg","RaMCONdy","RaMCONdy_fdg","Mixed Conifer - Eastside Dry",1
"4_41_23_66785",2,63,344,937,1950,1707020101,"17070106","OBM","RaMCONdy_fdg_1707020101","RaMCONdy","RaMCONdy_fdg",23,"fdg","RaMCONdy","RaMCONdy_fdg","Mixed Conifer - Eastside Dry",1
"4_41_23_51007",2,148,822,1002,707,1712000205,"17120001","OBM","RaMCONdy_fdg_1712000205","RaMCONdy","RaMCONdy_fdg",23,"fdg","RaMCONdy","RaMCONdy_fdg","Mixed Conifer - Eastside Dry",1
"4_41_25_65528",2,63,344,937,785,1707020101,"17070106","OBM","RaMCONdy_fdg_1707020101","RaMCONdy","RaMCONdy_fdg",23,"fdg","RaMCONdy","RaMCONdy_fdg","Mixed Conifer - Eastside Dry",1
"4_41_25_62112",2,148,822,1003,1396,1712000205,"17120001","OBM","RaPIPOm_fdp_1712000205","RaPIPOm","RaPIPOm_fdp",52,"fdp","RaPIPOm","RaPIPOm_fdp","Dry Ponderosa Pine - Mesic",1
"4_41_25_82573",2,148,822,1003,1211,1712000205,"17120001","OBM","RaPIPOm_fdp_1712000205","RaPIPOm","RaPIPOm_fdp",52,"fdp","RaPIPOm","RaPIPOm_fdp","Dry Ponderosa Pine - Mesic",1
"8_53_47_95734",12,13,47,59,1494,1702000402,"17020003","WNE","RaMCONdy_fdd_1702000402","RaMCONdy","RaMCONdy_fdd",42,"fdd","RaMCONdy","RaMCONdy_fdd","Mixed Conifer - Eastside Dry",1
"4_41_25_51197",2,148,822,2136,360,1712000205,"17120001","OBM","RaPIPOxe_fxp_17120002","RaPIPOxe","RaPIPOxe_fxp",56,"fxp","RaPIPOxe","RaPIPOxe_fxp","Ponderosa Pine - Xeric",3
"4_41_25_78234",2,148,824,2136,732,1712000207,"17120001","OBM","RaPIPOxe_fxp_17120002","RaPIPOxe","RaPIPOxe_fxp",56,"fxp","RaPIPOxe","RaPIPOxe_fxp","Ponderosa Pine - Xeric",3
"4_41_25_52171",2,148,823,2136,237,1712000206,"17120001","OBM","RaPIPOxe_fxp_17120002","RaPIPOxe","RaPIPOxe_fxp",56,"fxp","RaPIPOxe","RaPIPOxe_fxp","Ponderosa Pine - Xeric",3
"4_41_25_79008",2,148,823,2136,3,1712000206,"17120001","OBM","RaPIPOxe_fxp_17120002","RaPIPOxe","RaPIPOxe_fxp",56,"fxp","RaPIPOxe","RaPIPOxe_fxp","Ponderosa Pine - Xeric",3
"8_53_47_94970",12,13,47,59,1792,1702000402,"17020003","WNE","RaMCONdy_fdd_1702000402","RaMCONdy","RaMCONdy_fdd",42,"fdd","RaMCONdy","RaMCONdy_fdd","Mixed Conifer - Eastside Dry",1
"8_53_47_75295",12,13,47,59,2329,1702000402,"17020003","WNE","RaMCONdy_fdd_1702000402","RaMCONdy","RaMCONdy_fdd",42,"fdd","RaMCONdy","RaMCONdy_fdd","Mixed Conifer - Eastside Dry",1
"8_53_47_97902",12,15,59,83,1253,1702000619,"17020005","WNE","RaMCONdy_fdd_1702000619","RaMCONdy","RaMCONdy_fdd",42,"fdd","RaMCONdy","RaMCONdy_fdd","Mixed Conifer - Eastside Dry",1
"8_53_47_90433",12,15,59,83,2264,1702000619,"17020005","WNE","RaMCONdy_fdd_1702000619","RaMCONdy","RaMCONdy_fdd",42,"fdd","RaMCONdy","RaMCONdy_fdd","Mixed Conifer - Eastside Dry",1
"8_53_47_50959",12,15,59,83,1638,1702000619,"17020005","WNE","RaMCONdy_fdd_1702000619","RaMCONdy","RaMCONdy_fdd",42,"fdd","RaMCONdy","RaMCONdy_fdd","Mixed Conifer - Eastside Dry",1
"8_53_47_54431",12,14,51,104,1128,1702000502,"17020004","WNE","RaPIPOm_fpd_1702000502","RaPIPOm","RaPIPOm_fpd",51,"fpd","RaPIPOm","RaPIPOm_fpd","Dry Ponderosa Pine - Mesic",1
"8_53_47_54466",12,14,51,103,210,1702000502,"17020004","WNE","RaMCONdy_fmd_1702000502","RaMCONdy","RaMCONdy_fmd",28,"fmd","RaMCONdy","RaMCONdy_fmd","Mixed Conifer - Eastside Dry",1
"8_53_47_75746",12,11,36,15,823,1702000209,"17020001","WNE","RaMCONdy_fdd_1702000209","RaMCONdy","RaMCONdy_fdd",42,"fdd","RaMCONdy","RaMCONdy_fdd","Mixed Conifer - Eastside Dry",1
"8_53_47_73497",12,11,36,2283,1086,1702000209,"17020001","WNE","RaSPFI_fcd_WNE","RaSPFI","RaSPFI_fcd",9,"fcd","RaSPFI","RaSPFI_fcd","Spruce - Fir",4
"8_53_47_58412",12,11,36,2283,1651,1702000209,"17020001","WNE","RaSPFI_fcd_WNE","RaSPFI","RaSPFI_fcd",9,"fcd","RaSPFI","RaSPFI_fcd","Spruce - Fir",4
"8_53_47_76948",12,15,57,40,1533,1702000617,"17020005","WNE","RaMCONdy_fdd_1702000617","RaMCONdy","RaMCONdy_fdd",42,"fdd","RaMCONdy","RaMCONdy_fdd","Mixed Conifer - Eastside Dry",1
"8_53_47_92056",12,15,57,2283,61,1702000617,"17020005","WNE","RaSPFI_fcd_WNE","RaSPFI","RaSPFI_fcd",9,"fcd","RaSPFI","RaSPFI_fcd","Spruce - Fir",4
"8_53_47_82845",12,15,57,40,948,1702000617,"17020005","WNE","RaMCONdy_fdd_1702000617","RaMCONdy","RaMCONdy_fdd",42,"fdd","RaMCONdy","RaMCONdy_fdd","Mixed Conifer - Eastside Dry",1
"4_41_49_76487",2,57,318,2007,535,1707010309,"17070102","OBM","RaMCONms_fcm_17070103","RaMCONms","RaMCONms_fcm",22,"fcm","RaMCONms","RaMCONms_fcm","Mixed Conifer - Eastside Mesic",3
"4_41_49_90784",2,64,363,2053,1920,1707020206,"17070201","OBM","RaMCONms_fcm_17070202","RaMCONms","RaMCONms_fcm",22,"fcm","RaMCONms","RaMCONms_fcm","Mixed Conifer - Eastside Mesic",3
"4_41_49_68979",2,64,363,2053,729,1707020206,"17070201","OBM","RaMCONms_fcm_17070202","RaMCONms","RaMCONms_fcm",22,"fcm","RaMCONms","RaMCONms_fcm","Mixed Conifer - Eastside Mesic",3
"4_41_49_84392",2,64,364,2053,1030,1707020207,"17070201","OBM","RaMCONms_fcm_17070202","RaMCONms","RaMCONms_fcm",22,"fcm","RaMCONms","RaMCONms_fcm","Mixed Conifer - Eastside Mesic",3
"4_41_49_86241",2,64,364,2053,1420,1707020207,"17070201","OBM","RaMCONms_fcm_17070202","RaMCONms","RaMCONms_fcm",22,"fcm","RaMCONms","RaMCONms_fcm","Mixed Conifer - Eastside Mesic",3
"4_41_59_73431",2,64,363,521,823,1707020206,"17070201","OBM","RaMCONdy_fdg_1707020206","RaMCONdy","RaMCONdy_fdg",23,"fdg","RaMCONdy","RaMCONdy_fdg","Mixed Conifer - Eastside Dry",1
"4_41_49_69008",2,64,364,559,1414,1707020207,"17070201","OBM","RaMCONdy_fdg_1707020207","RaMCONdy","RaMCONdy_fdg",23,"fdg","RaMCONdy","RaMCONdy_fdg","Mixed Conifer - Eastside Dry",1
"8_53_47_76791",12,13,47,59,184,1702000402,"17020003","WNE","RaMCONdy_fdd_1702000402","RaMCONdy","RaMCONdy_fdd",42,"fdd","RaMCONdy","RaMCONdy_fdd","Mixed Conifer - Eastside Dry",1
"4_41_23_57939",2,65,372,633,223,1707020305,"17070202","OBM","RaMCONdy_fdd_1707020305","RaMCONdy","RaMCONdy_fdd",42,"fdd","RaMCONdy","RaMCONdy_fdd","Mixed Conifer - Eastside Dry",1
"4_41_23_75896",2,65,371,670,443,1707020304,"17070202","OBM","RaMCONdy_fdd_1707020304","RaMCONdy","RaMCONdy_fdd",42,"fdd","RaMCONdy","RaMCONdy_fdd","Mixed Conifer - Eastside Dry",1
"4_41_23_60882",2,64,366,696,1465,1707020209,"17070201","OBM","RaPIPOm_fdp_1707020209","RaPIPOm","RaPIPOm_fdp",52,"fdp","RaPIPOm","RaPIPOm_fdp","Dry Ponderosa Pine - Mesic",1
"4_41_23_61028",2,64,366,2053,1113,1707020209,"17070201","OBM","RaMCONms_fcm_17070202","RaMCONms","RaMCONms_fcm",22,"fcm","RaMCONms","RaMCONms_fcm","Mixed Conifer - Eastside Mesic",3
"4_41_23_70442",2,63,352,801,864,1707020109,"17070106","OBM","RaMCONdy_fdg_1707020109","RaMCONdy","RaMCONdy_fdg",23,"fdg","RaMCONdy","RaMCONdy_fdg","Mixed Conifer - Eastside Dry",1
"4_41_23_79272",2,63,352,803,1290,1707020109,"17070106","OBM","RaPIPOm_fdp_1707020109","RaPIPOm","RaPIPOm_fdp",52,"fdp","RaPIPOm","RaPIPOm_fdp","Dry Ponderosa Pine - Mesic",1
"4_41_23_99965",2,63,352,2084,15,1707020109,"17070106","OBM","RaPIPOxe_fxp_17070201","RaPIPOxe","RaPIPOxe_fxp",56,"fxp","RaPIPOxe","RaPIPOxe_fxp","Ponderosa Pine - Xeric",3
"4_41_23_67446",2,63,352,802,1371,1707020109,"17070106","OBM","RaMCONdy_fdd_1707020109","RaMCONdy","RaMCONdy_fdd",42,"fdd","RaMCONdy","RaMCONdy_fdd","Mixed Conifer - Eastside Dry",1
"4_41_23_57746",2,63,352,802,1330,1707020109,"17070106","OBM","RaMCONdy_fdd_1707020109","RaMCONdy","RaMCONdy_fdd",42,"fdd","RaMCONdy","RaMCONdy_fdd","Mixed Conifer - Eastside Dry",1
"4_41_23_79809",2,63,346,865,1349,1707020103,"17070106","OBM","RaMCONdy_fdg_1707020103","RaMCONdy","RaMCONdy_fdg",23,"fdg","RaMCONdy","RaMCONdy_fdg","Mixed Conifer - Eastside Dry",1
"4_41_23_59389",2,148,818,902,1582,1712000201,"17120001","OBM","RaPIPOm_fdp_1712000201","RaPIPOm","RaPIPOm_fdp",52,"fdp","RaPIPOm","RaPIPOm_fdp","Dry Ponderosa Pine - Mesic",1
"4_41_23_83885",2,63,346,2318,483,1707020103,"17070106","OBM","RaSPFI_fcd_OBM","RaSPFI","RaSPFI_fcd",9,"fcd","RaSPFI","RaSPFI_fcd","Spruce - Fir",4
"4_41_23_86296",2,148,818,900,1355,1712000201,"17120001","OBM","RaMCONdy_fdg_1712000201","RaMCONdy","RaMCONdy_fdg",23,"fdg","RaMCONdy","RaMCONdy_fdg","Mixed Conifer - Eastside Dry",1
"4_41_23_81174",2,148,818,902,1751,1712000201,"17120001","OBM","RaPIPOm_fdp_1712000201","RaPIPOm","RaPIPOm_fdp",52,"fdp","RaPIPOm","RaPIPOm_fdp","Dry Ponderosa Pine - Mesic",1
"8_53_47_51441",12,13,47,59,1889,1702000402,"17020003","WNE","RaMCONdy_fdd_1702000402","RaMCONdy","RaMCONdy_fdd",42,"fdd","RaMCONdy","RaMCONdy_fdd","Mixed Conifer - Eastside Dry",1
"4_41_23_77337",2,148,818,900,1809,1712000201,"17120001","OBM","RaMCONdy_fdg_1712000201","RaMCONdy","RaMCONdy_fdg",23,"fdg","RaMCONdy","RaMCONdy_fdg","Mixed Conifer - Eastside Dry",1
"4_41_23_69015",2,148,818,900,2763,1712000201,"17120001","OBM","RaMCONdy_fdg_1712000201","RaMCONdy","RaMCONdy_fdg",23,"fdg","RaMCONdy","RaMCONdy_fdg","Mixed Conifer - Eastside Dry",1
"4_41_23_65962",2,148,818,900,1418,1712000201,"17120001","OBM","RaMCONdy_fdg_1712000201","RaMCONdy","RaMCONdy_fdg",23,"fdg","RaMCONdy","RaMCONdy_fdg","Mixed Conifer - Eastside Dry",1
"4_41_23_85250",2,148,820,2318,1526,1712000203,"17120001","OBM","RaSPFI_fcd_OBM","RaSPFI","RaSPFI_fcd",9,"fcd","RaSPFI","RaSPFI_fcd","Spruce - Fir",4
"4_41_23_95216",2,148,820,952,1228,1712000203,"17120001","OBM","RaMCONdy_fdg_1712000203","RaMCONdy","RaMCONdy_fdg",23,"fdg","RaMCONdy","RaMCONdy_fdg","Mixed Conifer - Eastside Dry",1
"4_41_23_73618",2,148,821,988,2006,1712000204,"17120001","OBM","RaMCONdy_fdg_1712000204","RaMCONdy","RaMCONdy_fdg",23,"fdg","RaMCONdy","RaMCONdy_fdg","Mixed Conifer - Eastside Dry",1
"4_41_23_81805",2,148,822,1002,1316,1712000205,"17120001","OBM","RaMCONdy_fdg_1712000205","RaMCONdy","RaMCONdy_fdg",23,"fdg","RaMCONdy","RaMCONdy_fdg","Mixed Conifer - Eastside Dry",1
"4_41_23_79558",2,148,821,988,1402,1712000204,"17120001","OBM","RaMCONdy_fdg_1712000204","RaMCONdy","RaMCONdy_fdg",23,"fdg","RaMCONdy","RaMCONdy_fdg","Mixed Conifer - Eastside Dry",1
"4_41_25_74880",2,148,822,1003,1120,1712000205,"17120001","OBM","RaPIPOm_fdp_1712000205","RaPIPOm","RaPIPOm_fdp",52,"fdp","RaPIPOm","RaPIPOm_fdp","Dry Ponderosa Pine - Mesic",1
"4_41_25_67344",2,148,822,1003,1159,1712000205,"17120001","OBM","RaPIPOm_fdp_1712000205","RaPIPOm","RaPIPOm_fdp",52,"fdp","RaPIPOm","RaPIPOm_fdp","Dry Ponderosa Pine - Mesic",1
"4_41_25_72625",2,148,822,2136,2290,1712000205,"17120001","OBM","RaPIPOxe_fxp_17120002","RaPIPOxe","RaPIPOxe_fxp",56,"fxp","RaPIPOxe","RaPIPOxe_fxp","Ponderosa Pine - Xeric",3
"8_53_47_95480",12,13,47,59,669,1702000402,"17020003","WNE","RaMCONdy_fdd_1702000402","RaMCONdy","RaMCONdy_fdd",42,"fdd","RaMCONdy","RaMCONdy_fdd","Mixed Conifer - Eastside Dry",1
"8_53_47_65617",12,13,47,59,1322,1702000402,"17020003","WNE","RaMCONdy_fdd_1702000402","RaMCONdy","RaMCONdy_fdd",42,"fdd","RaMCONdy","RaMCONdy_fdd","Mixed Conifer - Eastside Dry",1
"8_53_47_89102",12,13,47,59,1098,1702000402,"17020003","WNE","RaMCONdy_fdd_1702000402","RaMCONdy","RaMCONdy_fdd",42,"fdd","RaMCONdy","RaMCONdy_fdd","Mixed Conifer - Eastside Dry",1
"4_41_25_95394",2,148,824,2136,22,1712000207,"17120001","OBM","RaPIPOxe_fxp_17120002","RaPIPOxe","RaPIPOxe_fxp",56,"fxp","RaPIPOxe","RaPIPOxe_fxp","Ponderosa Pine - Xeric",3
"8_53_47_56235",12,15,59,83,1193,1702000619,"17020005","WNE","RaMCONdy_fdd_1702000619","RaMCONdy","RaMCONdy_fdd",42,"fdd","RaMCONdy","RaMCONdy_fdd","Mixed Conifer - Eastside Dry",1
"8_53_47_79682",12,15,59,83,3222,1702000619,"17020005","WNE","RaMCONdy_fdd_1702000619","RaMCONdy","RaMCONdy_fdd",42,"fdd","RaMCONdy","RaMCONdy_fdd","Mixed Conifer - Eastside Dry",1
"8_53_47_53590",12,11,36,15,1882,1702000209,"17020001","WNE","RaMCONdy_fdd_1702000209","RaMCONdy","RaMCONdy_fdd",42,"fdd","RaMCONdy","RaMCONdy_fdd","Mixed Conifer - Eastside Dry",1
"8_53_47_75475",12,11,36,2283,2371,1702000209,"17020001","WNE","RaSPFI_fcd_WNE","RaSPFI","RaSPFI_fcd",9,"fcd","RaSPFI","RaSPFI_fcd","Spruce - Fir",4
"8_53_47_54792",12,15,57,2283,1362,1702000617,"17020005","WNE","RaSPFI_fcd_WNE","RaSPFI","RaSPFI_fcd",9,"fcd","RaSPFI","RaSPFI_fcd","Spruce - Fir",4
"8_53_47_96067",12,15,57,40,2437,1702000617,"17020005","WNE","RaMCONdy_fdd_1702000617","RaMCONdy","RaMCONdy_fdd",42,"fdd","RaMCONdy","RaMCONdy_fdd","Mixed Conifer - Eastside Dry",1
"8_53_47_71550",12,11,36,15,241,1702000209,"17020001","WNE","RaMCONdy_fdd_1702000209","RaMCONdy","RaMCONdy_fdd",42,"fdd","RaMCONdy","RaMCONdy_fdd","Mixed Conifer - Eastside Dry",1
"8_53_47_87739",12,15,57,40,2008,1702000617,"17020005","WNE","RaMCONdy_fdd_1702000617","RaMCONdy","RaMCONdy_fdd",42,"fdd","RaMCONdy","RaMCONdy_fdd","Mixed Conifer - Eastside Dry",1
"8_53_47_53706",12,15,57,2283,1335,1702000617,"17020005","WNE","RaSPFI_fcd_WNE","RaSPFI","RaSPFI_fcd",9,"fcd","RaSPFI","RaSPFI_fcd","Spruce - Fir",4
"4_41_59_95355",2,64,363,538,938,1707020206,"17070201","OBM","RaPIPOm_fdp_1707020206","RaPIPOm","RaPIPOm_fdp",52,"fdp","RaPIPOm","RaPIPOm_fdp","Dry Ponderosa Pine - Mesic",1
"4_41_59_81663",2,64,363,2053,665,1707020206,"17070201","OBM","RaMCONms_fcm_17070202","RaMCONms","RaMCONms_fcm",22,"fcm","RaMCONms","RaMCONms_fcm","Mixed Conifer - Eastside Mesic",3
"4_41_59_85167",2,64,363,2053,996,1707020206,"17070201","OBM","RaMCONms_fcm_17070202","RaMCONms","RaMCONms_fcm",22,"fcm","RaMCONms","RaMCONms_fcm","Mixed Conifer - Eastside Mesic",3
"4_41_59_89744",2,64,363,2053,1882,1707020206,"17070201","OBM","RaMCONms_fcm_17070202","RaMCONms","RaMCONms_fcm",22,"fcm","RaMCONms","RaMCONms_fcm","Mixed Conifer - Eastside Mesic",3
"4_41_59_57507",2,64,363,522,1210,1707020206,"17070201","OBM","RaMCONdy_fdd_1707020206","RaMCONdy","RaMCONdy_fdd",42,"fdd","RaMCONdy","RaMCONdy_fdd","Mixed Conifer - Eastside Dry",1
"4_41_59_57061",2,64,363,522,703,1707020206,"17070201","OBM","RaMCONdy_fdd_1707020206","RaMCONdy","RaMCONdy_fdd",42,"fdd","RaMCONdy","RaMCONdy_fdd","Mixed Conifer - Eastside Dry",1
"4_41_59_76917",2,64,364,558,726,1707020207,"17070201","OBM","RaMCONdy_fdd_1707020207","RaMCONdy","RaMCONdy_fdd",42,"fdd","RaMCONdy","RaMCONdy_fdd","Mixed Conifer - Eastside Dry",1
"4_41_59_87435",2,64,364,559,1499,1707020207,"17070201","OBM","RaMCONdy_fdg_1707020207","RaMCONdy","RaMCONdy_fdg",23,"fdg","RaMCONdy","RaMCONdy_fdg","Mixed Conifer - Eastside Dry",1
"4_41_23_76164",2,64,366,723,970,1707020209,"17070201","OBM","RaMCONdy_fdg_1707020209","RaMCONdy","RaMCONdy_fdg",23,"fdg","RaMCONdy","RaMCONdy_fdg","Mixed Conifer - Eastside Dry",1
"4_41_23_79176",2,63,351,774,439,1707020108,"17070106","OBM","RaMCONdy_fdg_1707020108","RaMCONdy","RaMCONdy_fdg",23,"fdg","RaMCONdy","RaMCONdy_fdg","Mixed Conifer - Eastside Dry",1
"4_41_23_63114",2,63,352,802,1004,1707020109,"17070106","OBM","RaMCONdy_fdd_1707020109","RaMCONdy","RaMCONdy_fdd",42,"fdd","RaMCONdy","RaMCONdy_fdd","Mixed Conifer - Eastside Dry",1
"4_41_23_55142",2,63,352,2091,1060,1707020109,"17070106","OBM","RaMCONms_fcm_17070201","RaMCONms","RaMCONms_fcm",22,"fcm","RaMCONms","RaMCONms_fcm","Mixed Conifer - Eastside Mesic",3
"4_41_23_56981",2,148,818,900,2614,1712000201,"17120001","OBM","RaMCONdy_fdg_1712000201","RaMCONdy","RaMCONdy_fdg",23,"fdg","RaMCONdy","RaMCONdy_fdg","Mixed Conifer - Eastside Dry",1
"8_53_47_66876",12,13,47,59,1724,1702000402,"17020003","WNE","RaMCONdy_fdd_1702000402","RaMCONdy","RaMCONdy_fdd",42,"fdd","RaMCONdy","RaMCONdy_fdd","Mixed Conifer - Eastside Dry",1
"4_41_23_85996",2,148,818,900,1347,1712000201,"17120001","OBM","RaMCONdy_fdg_1712000201","RaMCONdy","RaMCONdy_fdg",23,"fdg","RaMCONdy","RaMCONdy_fdg","Mixed Conifer - Eastside Dry",1
"4_41_23_81485",2,148,818,900,2393,1712000201,"17120001","OBM","RaMCONdy_fdg_1712000201","RaMCONdy","RaMCONdy_fdg",23,"fdg","RaMCONdy","RaMCONdy_fdg","Mixed Conifer - Eastside Dry",1
"4_41_23_61603",2,148,820,949,1494,1712000203,"17120001","OBM","RaPIPOm_fdp_1712000203","RaPIPOm","RaPIPOm_fdp",52,"fdp","RaPIPOm","RaPIPOm_fdp","Dry Ponderosa Pine - Mesic",1
"4_41_23_85986",2,148,820,949,1708,1712000203,"17120001","OBM","RaPIPOm_fdp_1712000203","RaPIPOm","RaPIPOm_fdp",52,"fdp","RaPIPOm","RaPIPOm_fdp","Dry Ponderosa Pine - Mesic",1
"4_41_23_65938",2,148,820,952,1537,1712000203,"17120001","OBM","RaMCONdy_fdg_1712000203","RaMCONdy","RaMCONdy_fdg",23,"fdg","RaMCONdy","RaMCONdy_fdg","Mixed Conifer - Eastside Dry",1
"4_41_23_88769",2,148,821,988,1154,1712000204,"17120001","OBM","RaMCONdy_fdg_1712000204","RaMCONdy","RaMCONdy_fdg",23,"fdg","RaMCONdy","RaMCONdy_fdg","Mixed Conifer - Eastside Dry",1
"4_41_23_59603",2,148,821,994,856,1712000204,"17120001","OBM","RaMCONdy_fdd_1712000204","RaMCONdy","RaMCONdy_fdd",42,"fdd","RaMCONdy","RaMCONdy_fdd","Mixed Conifer - Eastside Dry",1
"4_41_23_73510",2,148,821,988,1839,1712000204,"17120001","OBM","RaMCONdy_fdg_1712000204","RaMCONdy","RaMCONdy_fdg",23,"fdg","RaMCONdy","RaMCONdy_fdg","Mixed Conifer - Eastside Dry",1
"4_41_25_81261",2,148,821,988,2318,1712000204,"17120001","OBM","RaMCONdy_fdg_1712000204","RaMCONdy","RaMCONdy_fdg",23,"fdg","RaMCONdy","RaMCONdy_fdg","Mixed Conifer - Eastside Dry",1
"4_41_25_84694",2,148,821,988,2608,1712000204,"17120001","OBM","RaMCONdy_fdg_1712000204","RaMCONdy","RaMCONdy_fdg",23,"fdg","RaMCONdy","RaMCONdy_fdg","Mixed Conifer - Eastside Dry",1
"4_41_25_62582",2,148,821,994,733,1712000204,"17120001","OBM","RaMCONdy_fdd_1712000204","RaMCONdy","RaMCONdy_fdd",42,"fdd","RaMCONdy","RaMCONdy_fdd","Mixed Conifer - Eastside Dry",1
"8_53_47_68673",12,13,47,59,1617,1702000402,"17020003","WNE","RaMCONdy_fdd_1702000402","RaMCONdy","RaMCONdy_fdd",42,"fdd","RaMCONdy","RaMCONdy_fdd","Mixed Conifer - Eastside Dry",1
"8_53_47_57822",12,13,47,59,2182,1702000402,"17020003","WNE","RaMCONdy_fdd_1702000402","RaMCONdy","RaMCONdy_fdd",42,"fdd","RaMCONdy","RaMCONdy_fdd","Mixed Conifer - Eastside Dry",1
"4_41_25_50316",2,148,824,2136,65,1712000207,"17120001","OBM","RaPIPOxe_fxp_17120002","RaPIPOxe","RaPIPOxe_fxp",56,"fxp","RaPIPOxe","RaPIPOxe_fxp","Ponderosa Pine - Xeric",3
"8_53_47_57619",12,13,47,59,2111,1702000402,"17020003","WNE","RaMCONdy_fdd_1702000402","RaMCONdy","RaMCONdy_fdd",42,"fdd","RaMCONdy","RaMCONdy_fdd","Mixed Conifer - Eastside Dry",1
"8_53_47_52335",12,14,50,2283,1452,1702000501,"17020004","WNE","RaSPFI_fcd_WNE","RaSPFI","RaSPFI_fcd",9,"fcd","RaSPFI","RaSPFI_fcd","Spruce - Fir",4
"8_53_47_52946",12,15,59,83,1983,1702000619,"17020005","WNE","RaMCONdy_fdd_1702000619","RaMCONdy","RaMCONdy_fdd",42,"fdd","RaMCONdy","RaMCONdy_fdd","Mixed Conifer - Eastside Dry",1
"8_53_47_62851",12,14,50,87,3306,1702000501,"17020004","WNE","RaMCONdy_fdd_1702000501","RaMCONdy","RaMCONdy_fdd",42,"fdd","RaMCONdy","RaMCONdy_fdd","Mixed Conifer - Eastside Dry",1
"8_53_47_55398",12,14,50,87,693,1702000501,"17020004","WNE","RaMCONdy_fdd_1702000501","RaMCONdy","RaMCONdy_fdd",42,"fdd","RaMCONdy","RaMCONdy_fdd","Mixed Conifer - Eastside Dry",1
"8_53_47_78347",12,11,36,15,302,1702000209,"17020001","WNE","RaMCONdy_fdd_1702000209","RaMCONdy","RaMCONdy_fdd",42,"fdd","RaMCONdy","RaMCONdy_fdd","Mixed Conifer - Eastside Dry",1
"8_53_47_54112",12,14,51,103,216,1702000502,"17020004","WNE","RaMCONdy_fmd_1702000502","RaMCONdy","RaMCONdy_fmd",28,"fmd","RaMCONdy","RaMCONdy_fmd","Mixed Conifer - Eastside Dry",1
"8_53_47_70264",12,11,36,15,1986,1702000209,"17020001","WNE","RaMCONdy_fdd_1702000209","RaMCONdy","RaMCONdy_fdd",42,"fdd","RaMCONdy","RaMCONdy_fdd","Mixed Conifer - Eastside Dry",1
"8_53_47_77378",12,11,36,15,3167,1702000209,"17020001","WNE","RaMCONdy_fdd_1702000209","RaMCONdy","RaMCONdy_fdd",42,"fdd","RaMCONdy","RaMCONdy_fdd","Mixed Conifer - Eastside Dry",1
"8_53_47_52921",12,11,36,15,2659,1702000209,"17020001","WNE","RaMCONdy_fdd_1702000209","RaMCONdy","RaMCONdy_fdd",42,"fdd","RaMCONdy","RaMCONdy_fdd","Mixed Conifer - Eastside Dry",1
"8_53_47_68759",12,11,36,15,1377,1702000209,"17020001","WNE","RaMCONdy_fdd_1702000209","RaMCONdy","RaMCONdy_fdd",42,"fdd","RaMCONdy","RaMCONdy_fdd","Mixed Conifer - Eastside Dry",1
"8_53_47_73141",12,15,57,40,1796,1702000617,"17020005","WNE","RaMCONdy_fdd_1702000617","RaMCONdy","RaMCONdy_fdd",42,"fdd","RaMCONdy","RaMCONdy_fdd","Mixed Conifer - Eastside Dry",1
"8_53_47_51421",12,11,36,15,950,1702000209,"17020001","WNE","RaMCONdy_fdd_1702000209","RaMCONdy","RaMCONdy_fdd",42,"fdd","RaMCONdy","RaMCONdy_fdd","Mixed Conifer - Eastside Dry",1
"8_53_47_87816",12,13,47,59,1193,1702000402,"17020003","WNE","RaMCONdy_fdd_1702000402","RaMCONdy","RaMCONdy_fdd",42,"fdd","RaMCONdy","RaMCONdy_fdd","Mixed Conifer - Eastside Dry",1
"8_53_47_98176",12,13,47,59,797,1702000402,"17020003","WNE","RaMCONdy_fdd_1702000402","RaMCONdy","RaMCONdy_fdd",42,"fdd","RaMCONdy","RaMCONdy_fdd","Mixed Conifer - Eastside Dry",1
"4_41_59_68218",2,64,363,522,564,1707020206,"17070201","OBM","RaMCONdy_fdd_1707020206","RaMCONdy","RaMCONdy_fdd",42,"fdd","RaMCONdy","RaMCONdy_fdd","Mixed Conifer - Eastside Dry",1
"4_41_59_71287",2,64,363,538,828,1707020206,"17070201","OBM","RaPIPOm_fdp_1707020206","RaPIPOm","RaPIPOm_fdp",52,"fdp","RaPIPOm","RaPIPOm_fdp","Dry Ponderosa Pine - Mesic",1
"4_41_59_74827",2,64,363,538,985,1707020206,"17070201","OBM","RaPIPOm_fdp_1707020206","RaPIPOm","RaPIPOm_fdp",52,"fdp","RaPIPOm","RaPIPOm_fdp","Dry Ponderosa Pine - Mesic",1
"4_41_59_95648",2,64,363,538,685,1707020206,"17070201","OBM","RaPIPOm_fdp_1707020206","RaPIPOm","RaPIPOm_fdp",52,"fdp","RaPIPOm","RaPIPOm_fdp","Dry Ponderosa Pine - Mesic",1
"4_41_59_64937",2,64,364,558,2237,1707020207,"17070201","OBM","RaMCONdy_fdd_1707020207","RaMCONdy","RaMCONdy_fdd",42,"fdd","RaMCONdy","RaMCONdy_fdd","Mixed Conifer - Eastside Dry",1
"4_41_23_84626",2,64,364,558,2536,1707020207,"17070201","OBM","RaMCONdy_fdd_1707020207","RaMCONdy","RaMCONdy_fdd",42,"fdd","RaMCONdy","RaMCONdy_fdd","Mixed Conifer - Eastside Dry",1
"4_41_23_53064",2,65,372,632,974,1707020305,"17070202","OBM","RaPIPOm_fdp_1707020305","RaPIPOm","RaPIPOm_fdp",52,"fdp","RaPIPOm","RaPIPOm_fdp","Dry Ponderosa Pine - Mesic",1
"4_41_23_50944",2,65,371,670,1719,1707020304,"17070202","OBM","RaMCONdy_fdd_1707020304","RaMCONdy","RaMCONdy_fdd",42,"fdd","RaMCONdy","RaMCONdy_fdd","Mixed Conifer - Eastside Dry",1
"4_41_23_58492",2,64,366,723,899,1707020209,"17070201","OBM","RaMCONdy_fdg_1707020209","RaMCONdy","RaMCONdy_fdg",23,"fdg","RaMCONdy","RaMCONdy_fdg","Mixed Conifer - Eastside Dry",1
"4_41_23_81489",2,63,351,773,412,1707020108,"17070106","OBM","RaPIPOm_fdp_1707020108","RaPIPOm","RaPIPOm_fdp",52,"fdp","RaPIPOm","RaPIPOm_fdp","Dry Ponderosa Pine - Mesic",1
"4_41_23_92939",2,63,351,772,1675,1707020108,"17070106","OBM","RaMCONdy_fdd_1707020108","RaMCONdy","RaMCONdy_fdd",42,"fdd","RaMCONdy","RaMCONdy_fdd","Mixed Conifer - Eastside Dry",1
"4_41_23_91854",2,63,351,773,559,1707020108,"17070106","OBM","RaPIPOm_fdp_1707020108","RaPIPOm","RaPIPOm_fdp",52,"fdp","RaPIPOm","RaPIPOm_fdp","Dry Ponderosa Pine - Mesic",1
"4_41_23_73325",2,63,351,773,1007,1707020108,"17070106","OBM","RaPIPOm_fdp_1707020108","RaPIPOm","RaPIPOm_fdp",52,"fdp","RaPIPOm","RaPIPOm_fdp","Dry Ponderosa Pine - Mesic",1
"4_41_23_73427",2,63,352,802,1387,1707020109,"17070106","OBM","RaMCONdy_fdd_1707020109","RaMCONdy","RaMCONdy_fdd",42,"fdd","RaMCONdy","RaMCONdy_fdd","Mixed Conifer - Eastside Dry",1
"4_41_23_61154",2,63,352,803,2061,1707020109,"17070106","OBM","RaPIPOm_fdp_1707020109","RaPIPOm","RaPIPOm_fdp",52,"fdp","RaPIPOm","RaPIPOm_fdp","Dry Ponderosa Pine - Mesic",1
"4_41_23_57321",2,63,352,802,1409,1707020109,"17070106","OBM","RaMCONdy_fdd_1707020109","RaMCONdy","RaMCONdy_fdd",42,"fdd","RaMCONdy","RaMCONdy_fdd","Mixed Conifer - Eastside Dry",1
"4_41_23_73396",2,148,818,900,1382,1712000201,"17120001","OBM","RaMCONdy_fdg_1712000201","RaMCONdy","RaMCONdy_fdg",23,"fdg","RaMCONdy","RaMCONdy_fdg","Mixed Conifer - Eastside Dry",1
"4_41_23_68052",2,148,818,902,988,1712000201,"17120001","OBM","RaPIPOm_fdp_1712000201","RaPIPOm","RaPIPOm_fdp",52,"fdp","RaPIPOm","RaPIPOm_fdp","Dry Ponderosa Pine - Mesic",1
"8_53_47_84842",12,13,47,59,2384,1702000402,"17020003","WNE","RaMCONdy_fdd_1702000402","RaMCONdy","RaMCONdy_fdd",42,"fdd","RaMCONdy","RaMCONdy_fdd","Mixed Conifer - Eastside Dry",1
"4_41_23_93425",2,148,818,899,1054,1712000201,"17120001","OBM","RaMCONdy_fdd_1712000201","RaMCONdy","RaMCONdy_fdd",42,"fdd","RaMCONdy","RaMCONdy_fdd","Mixed Conifer - Eastside Dry",1
"4_41_23_99959",2,148,818,900,1506,1712000201,"17120001","OBM","RaMCONdy_fdg_1712000201","RaMCONdy","RaMCONdy_fdg",23,"fdg","RaMCONdy","RaMCONdy_fdg","Mixed Conifer - Eastside Dry",1
"4_41_23_91602",2,148,820,952,3236,1712000203,"17120001","OBM","RaMCONdy_fdg_1712000203","RaMCONdy","RaMCONdy_fdg",23,"fdg","RaMCONdy","RaMCONdy_fdg","Mixed Conifer - Eastside Dry",1
"4_41_23_69457",2,148,820,949,2245,1712000203,"17120001","OBM","RaPIPOm_fdp_1712000203","RaPIPOm","RaPIPOm_fdp",52,"fdp","RaPIPOm","RaPIPOm_fdp","Dry Ponderosa Pine - Mesic",1
"4_41_23_57536",2,148,820,950,847,1712000203,"17120001","OBM","RaMCONdy_fdd_1712000203","RaMCONdy","RaMCONdy_fdd",42,"fdd","RaMCONdy","RaMCONdy_fdd","Mixed Conifer - Eastside Dry",1
"4_41_23_55669",2,148,820,949,1582,1712000203,"17120001","OBM","RaPIPOm_fdp_1712000203","RaPIPOm","RaPIPOm_fdp",52,"fdp","RaPIPOm","RaPIPOm_fdp","Dry Ponderosa Pine - Mesic",1
"4_41_23_94351",2,148,820,952,1261,1712000203,"17120001","OBM","RaMCONdy_fdg_1712000203","RaMCONdy","RaMCONdy_fdg",23,"fdg","RaMCONdy","RaMCONdy_fdg","Mixed Conifer - Eastside Dry",1
"4_41_23_82551",2,148,821,988,1290,1712000204,"17120001","OBM","RaMCONdy_fdg_1712000204","RaMCONdy","RaMCONdy_fdg",23,"fdg","RaMCONdy","RaMCONdy_fdg","Mixed Conifer - Eastside Dry",1
"4_41_23_76601",2,148,821,988,617,1712000204,"17120001","OBM","RaMCONdy_fdg_1712000204","RaMCONdy","RaMCONdy_fdg",23,"fdg","RaMCONdy","RaMCONdy_fdg","Mixed Conifer - Eastside Dry",1
"4_41_25_64353",2,148,821,987,787,1712000204,"17120001","OBM","RaPIPOm_fdp_1712000204","RaPIPOm","RaPIPOm_fdp",52,"fdp","RaPIPOm","RaPIPOm_fdp","Dry Ponderosa Pine - Mesic",1
"4_41_25_75132",2,148,821,987,1085,1712000204,"17120001","OBM","RaPIPOm_fdp_1712000204","RaPIPOm","RaPIPOm_fdp",52,"fdp","RaPIPOm","RaPIPOm_fdp","Dry Ponderosa Pine - Mesic",1
"4_41_25_97948",2,148,821,987,1023,1712000204,"17120001","OBM","RaPIPOm_fdp_1712000204","RaPIPOm","RaPIPOm_fdp",52,"fdp","RaPIPOm","RaPIPOm_fdp","Dry Ponderosa Pine - Mesic",1
"4_41_25_91837",2,148,821,987,1399,1712000204,"17120001","OBM","RaPIPOm_fdp_1712000204","RaPIPOm","RaPIPOm_fdp",52,"fdp","RaPIPOm","RaPIPOm_fdp","Dry Ponderosa Pine - Mesic",1
"4_41_25_84215",2,148,821,994,1822,1712000204,"17120001","OBM","RaMCONdy_fdd_1712000204","RaMCONdy","RaMCONdy_fdd",42,"fdd","RaMCONdy","RaMCONdy_fdd","Mixed Conifer - Eastside Dry",1
"8_53_47_78084",12,13,47,59,2841,1702000402,"17020003","WNE","RaMCONdy_fdd_1702000402","RaMCONdy","RaMCONdy_fdd",42,"fdd","RaMCONdy","RaMCONdy_fdd","Mixed Conifer - Eastside Dry",1
"4_41_25_81931",2,148,821,2136,1402,1712000204,"17120001","OBM","RaPIPOxe_fxp_17120002","RaPIPOxe","RaPIPOxe_fxp",56,"fxp","RaPIPOxe","RaPIPOxe_fxp","Ponderosa Pine - Xeric",3
"4_41_25_94085",2,148,821,2136,1343,1712000204,"17120001","OBM","RaPIPOxe_fxp_17120002","RaPIPOxe","RaPIPOxe_fxp",56,"fxp","RaPIPOxe","RaPIPOxe_fxp","Ponderosa Pine - Xeric",3
"4_41_25_93467",2,148,821,2136,974,1712000204,"17120001","OBM","RaPIPOxe_fxp_17120002","RaPIPOxe","RaPIPOxe_fxp",56,"fxp","RaPIPOxe","RaPIPOxe_fxp","Ponderosa Pine - Xeric",3
"4_41_25_82844",2,147,811,2157,88,1712000101,"17110021","OBM","RaPIPOxe_fxp_17120001","RaPIPOxe","RaPIPOxe_fxp",56,"fxp","RaPIPOxe","RaPIPOxe_fxp","Ponderosa Pine - Xeric",3
"8_53_47_73831",12,13,47,59,1439,1702000402,"17020003","WNE","RaMCONdy_fdd_1702000402","RaMCONdy","RaMCONdy_fdd",42,"fdd","RaMCONdy","RaMCONdy_fdd","Mixed Conifer - Eastside Dry",1
"8_53_47_60441",12,13,47,59,1572,1702000402,"17020003","WNE","RaMCONdy_fdd_1702000402","RaMCONdy","RaMCONdy_fdd",42,"fdd","RaMCONdy","RaMCONdy_fdd","Mixed Conifer - Eastside Dry",1
"8_53_47_54666",12,14,50,87,377,1702000501,"17020004","WNE","RaMCONdy_fdd_1702000501","RaMCONdy","RaMCONdy_fdd",42,"fdd","RaMCONdy","RaMCONdy_fdd","Mixed Conifer - Eastside Dry",1
"8_53_47_79342",12,11,36,2283,1425,1702000209,"17020001","WNE","RaSPFI_fcd_WNE","RaSPFI","RaSPFI_fcd",9,"fcd","RaSPFI","RaSPFI_fcd","Spruce - Fir",4
"8_53_47_77020",12,11,37,23,2924,1702000212,"17020001","WNE","RaMCONdy_fdd_1702000212","RaMCONdy","RaMCONdy_fdd",42,"fdd","RaMCONdy","RaMCONdy_fdd","Mixed Conifer - Eastside Dry",1
"8_53_47_83351",12,11,37,23,3063,1702000212,"17020001","WNE","RaMCONdy_fdd_1702000212","RaMCONdy","RaMCONdy_fdd",42,"fdd","RaMCONdy","RaMCONdy_fdd","Mixed Conifer - Eastside Dry",1
"8_53_47_79494",12,11,37,23,2734,1702000212,"17020001","WNE","RaMCONdy_fdd_1702000212","RaMCONdy","RaMCONdy_fdd",42,"fdd","RaMCONdy","RaMCONdy_fdd","Mixed Conifer - Eastside Dry",1
"8_53_47_64505",12,11,37,23,2147,1702000212,"17020001","WNE","RaMCONdy_fdd_1702000212","RaMCONdy","RaMCONdy_fdd",42,"fdd","RaMCONdy","RaMCONdy_fdd","Mixed Conifer - Eastside Dry",1
"8_53_47_69057",12,11,36,2283,1161,1702000209,"17020001","WNE","RaSPFI_fcd_WNE","RaSPFI","RaSPFI_fcd",9,"fcd","RaSPFI","RaSPFI_fcd","Spruce - Fir",4
"8_53_47_95117",12,11,37,23,1159,1702000212,"17020001","WNE","RaMCONdy_fdd_1702000212","RaMCONdy","RaMCONdy_fdd",42,"fdd","RaMCONdy","RaMCONdy_fdd","Mixed Conifer - Eastside Dry",1
"8_53_47_95196",12,13,47,59,2065,1702000402,"17020003","WNE","RaMCONdy_fdd_1702000402","RaMCONdy","RaMCONdy_fdd",42,"fdd","RaMCONdy","RaMCONdy_fdd","Mixed Conifer - Eastside Dry",1
"4_41_59_60228",2,57,318,479,1949,1707010309,"17070102","OBM","RaMCONdy_fdd_1707010309","RaMCONdy","RaMCONdy_fdd",42,"fdd","RaMCONdy","RaMCONdy_fdd","Mixed Conifer - Eastside Dry",1
"8_53_47_71428",12,13,47,59,2820,1702000402,"17020003","WNE","RaMCONdy_fdd_1702000402","RaMCONdy","RaMCONdy_fdd",42,"fdd","RaMCONdy","RaMCONdy_fdd","Mixed Conifer - Eastside Dry",1
"8_53_47_90156",12,13,47,59,1695,1702000402,"17020003","WNE","RaMCONdy_fdd_1702000402","RaMCONdy","RaMCONdy_fdd",42,"fdd","RaMCONdy","RaMCONdy_fdd","Mixed Conifer - Eastside Dry",1
"4_41_59_71994",2,64,363,538,971,1707020206,"17070201","OBM","RaPIPOm_fdp_1707020206","RaPIPOm","RaPIPOm_fdp",52,"fdp","RaPIPOm","RaPIPOm_fdp","Dry Ponderosa Pine - Mesic",1
"4_41_59_53476",2,64,363,522,821,1707020206,"17070201","OBM","RaMCONdy_fdd_1707020206","RaMCONdy","RaMCONdy_fdd",42,"fdd","RaMCONdy","RaMCONdy_fdd","Mixed Conifer - Eastside Dry",1
"4_41_59_73217",2,64,363,538,1104,1707020206,"17070201","OBM","RaPIPOm_fdp_1707020206","RaPIPOm","RaPIPOm_fdp",52,"fdp","RaPIPOm","RaPIPOm_fdp","Dry Ponderosa Pine - Mesic",1
"4_41_59_63713",2,64,364,564,565,1707020207,"17070201","OBM","RaPIPOm_fdp_1707020207","RaPIPOm","RaPIPOm_fdp",52,"fdp","RaPIPOm","RaPIPOm_fdp","Dry Ponderosa Pine - Mesic",1
"8_53_47_87709",12,13,47,59,2493,1702000402,"17020003","WNE","RaMCONdy_fdd_1702000402","RaMCONdy","RaMCONdy_fdd",42,"fdd","RaMCONdy","RaMCONdy_fdd","Mixed Conifer - Eastside Dry",1
"4_41_23_97027",2,65,372,632,1126,1707020305,"17070202","OBM","RaPIPOm_fdp_1707020305","RaPIPOm","RaPIPOm_fdp",52,"fdp","RaPIPOm","RaPIPOm_fdp","Dry Ponderosa Pine - Mesic",1
"4_41_23_99676",2,64,366,695,1195,1707020209,"17070201","OBM","RaMCONdy_fdd_1707020209","RaMCONdy","RaMCONdy_fdd",42,"fdd","RaMCONdy","RaMCONdy_fdd","Mixed Conifer - Eastside Dry",1
"4_41_23_54055",2,64,366,695,468,1707020209,"17070201","OBM","RaMCONdy_fdd_1707020209","RaMCONdy","RaMCONdy_fdd",42,"fdd","RaMCONdy","RaMCONdy_fdd","Mixed Conifer - Eastside Dry",1
"4_41_23_63664",2,64,366,696,608,1707020209,"17070201","OBM","RaPIPOm_fdp_1707020209","RaPIPOm","RaPIPOm_fdp",52,"fdp","RaPIPOm","RaPIPOm_fdp","Dry Ponderosa Pine - Mesic",1
"4_41_23_57728",2,63,351,2091,1356,1707020108,"17070106","OBM","RaMCONms_fcm_17070201","RaMCONms","RaMCONms_fcm",22,"fcm","RaMCONms","RaMCONms_fcm","Mixed Conifer - Eastside Mesic",3
"4_41_23_93587",2,64,366,2053,627,1707020209,"17070201","OBM","RaMCONms_fcm_17070202","RaMCONms","RaMCONms_fcm",22,"fcm","RaMCONms","RaMCONms_fcm","Mixed Conifer - Eastside Mesic",3
"4_41_23_99232",2,63,351,774,978,1707020108,"17070106","OBM","RaMCONdy_fdg_1707020108","RaMCONdy","RaMCONdy_fdg",23,"fdg","RaMCONdy","RaMCONdy_fdg","Mixed Conifer - Eastside Dry",1
"4_41_23_51093",2,63,351,773,944,1707020108,"17070106","OBM","RaPIPOm_fdp_1707020108","RaPIPOm","RaPIPOm_fdp",52,"fdp","RaPIPOm","RaPIPOm_fdp","Dry Ponderosa Pine - Mesic",1
"4_41_23_66442",2,63,351,773,573,1707020108,"17070106","OBM","RaPIPOm_fdp_1707020108","RaPIPOm","RaPIPOm_fdp",52,"fdp","RaPIPOm","RaPIPOm_fdp","Dry Ponderosa Pine - Mesic",1
"4_41_23_92685",2,63,351,773,504,1707020108,"17070106","OBM","RaPIPOm_fdp_1707020108","RaPIPOm","RaPIPOm_fdp",52,"fdp","RaPIPOm","RaPIPOm_fdp","Dry Ponderosa Pine - Mesic",1
"4_41_23_62471",2,63,351,2084,324,1707020108,"17070106","OBM","RaPIPOxe_fxp_17070201","RaPIPOxe","RaPIPOxe_fxp",56,"fxp","RaPIPOxe","RaPIPOxe_fxp","Ponderosa Pine - Xeric",3
"4_41_23_76109",2,63,352,2084,17,1707020109,"17070106","OBM","RaPIPOxe_fxp_17070201","RaPIPOxe","RaPIPOxe_fxp",56,"fxp","RaPIPOxe","RaPIPOxe_fxp","Ponderosa Pine - Xeric",3
"4_41_23_80807",2,63,352,802,1995,1707020109,"17070106","OBM","RaMCONdy_fdd_1707020109","RaMCONdy","RaMCONdy_fdd",42,"fdd","RaMCONdy","RaMCONdy_fdd","Mixed Conifer - Eastside Dry",1
"4_41_23_70435",2,148,818,902,1181,1712000201,"17120001","OBM","RaPIPOm_fdp_1712000201","RaPIPOm","RaPIPOm_fdp",52,"fdp","RaPIPOm","RaPIPOm_fdp","Dry Ponderosa Pine - Mesic",1
"4_41_23_73729",2,148,818,902,1366,1712000201,"17120001","OBM","RaPIPOm_fdp_1712000201","RaPIPOm","RaPIPOm_fdp",52,"fdp","RaPIPOm","RaPIPOm_fdp","Dry Ponderosa Pine - Mesic",1
"4_41_23_89264",2,148,818,899,1182,1712000201,"17120001","OBM","RaMCONdy_fdd_1712000201","RaMCONdy","RaMCONdy_fdd",42,"fdd","RaMCONdy","RaMCONdy_fdd","Mixed Conifer - Eastside Dry",1
"4_41_23_60300",2,148,820,949,1134,1712000203,"17120001","OBM","RaPIPOm_fdp_1712000203","RaPIPOm","RaPIPOm_fdp",52,"fdp","RaPIPOm","RaPIPOm_fdp","Dry Ponderosa Pine - Mesic",1
"4_41_23_73878",2,148,820,952,2665,1712000203,"17120001","OBM","RaMCONdy_fdg_1712000203","RaMCONdy","RaMCONdy_fdg",23,"fdg","RaMCONdy","RaMCONdy_fdg","Mixed Conifer - Eastside Dry",1
"4_41_23_82519",2,148,820,949,1587,1712000203,"17120001","OBM","RaPIPOm_fdp_1712000203","RaPIPOm","RaPIPOm_fdp",52,"fdp","RaPIPOm","RaPIPOm_fdp","Dry Ponderosa Pine - Mesic",1
"4_41_23_95323",2,148,820,949,1416,1712000203,"17120001","OBM","RaPIPOm_fdp_1712000203","RaPIPOm","RaPIPOm_fdp",52,"fdp","RaPIPOm","RaPIPOm_fdp","Dry Ponderosa Pine - Mesic",1
"4_41_23_99243",2,148,820,949,607,1712000203,"17120001","OBM","RaPIPOm_fdp_1712000203","RaPIPOm","RaPIPOm_fdp",52,"fdp","RaPIPOm","RaPIPOm_fdp","Dry Ponderosa Pine - Mesic",1
"4_41_23_58813",2,148,820,949,1490,1712000203,"17120001","OBM","RaPIPOm_fdp_1712000203","RaPIPOm","RaPIPOm_fdp",52,"fdp","RaPIPOm","RaPIPOm_fdp","Dry Ponderosa Pine - Mesic",1
"4_41_23_55575",2,148,821,988,1114,1712000204,"17120001","OBM","RaMCONdy_fdg_1712000204","RaMCONdy","RaMCONdy_fdg",23,"fdg","RaMCONdy","RaMCONdy_fdg","Mixed Conifer - Eastside Dry",1
"4_41_23_55418",2,148,821,988,895,1712000204,"17120001","OBM","RaMCONdy_fdg_1712000204","RaMCONdy","RaMCONdy_fdg",23,"fdg","RaMCONdy","RaMCONdy_fdg","Mixed Conifer - Eastside Dry",1
"4_41_23_80644",2,148,820,952,655,1712000203,"17120001","OBM","RaMCONdy_fdg_1712000203","RaMCONdy","RaMCONdy_fdg",23,"fdg","RaMCONdy","RaMCONdy_fdg","Mixed Conifer - Eastside Dry",1
"4_41_25_91442",2,148,821,987,612,1712000204,"17120001","OBM","RaPIPOm_fdp_1712000204","RaPIPOm","RaPIPOm_fdp",52,"fdp","RaPIPOm","RaPIPOm_fdp","Dry Ponderosa Pine - Mesic",1
"4_41_25_96779",2,148,821,988,929,1712000204,"17120001","OBM","RaMCONdy_fdg_1712000204","RaMCONdy","RaMCONdy_fdg",23,"fdg","RaMCONdy","RaMCONdy_fdg","Mixed Conifer - Eastside Dry",1
"4_41_25_69356",2,148,821,2136,1887,1712000204,"17120001","OBM","RaPIPOxe_fxp_17120002","RaPIPOxe","RaPIPOxe_fxp",56,"fxp","RaPIPOxe","RaPIPOxe_fxp","Ponderosa Pine - Xeric",3
"8_53_47_67809",12,13,47,59,2264,1702000402,"17020003","WNE","RaMCONdy_fdd_1702000402","RaMCONdy","RaMCONdy_fdd",42,"fdd","RaMCONdy","RaMCONdy_fdd","Mixed Conifer - Eastside Dry",1
"8_53_47_60999",12,13,47,59,1761,1702000402,"17020003","WNE","RaMCONdy_fdd_1702000402","RaMCONdy","RaMCONdy_fdd",42,"fdd","RaMCONdy","RaMCONdy_fdd","Mixed Conifer - Eastside Dry",1
"8_53_47_85845",12,13,47,59,914,1702000402,"17020003","WNE","RaMCONdy_fdd_1702000402","RaMCONdy","RaMCONdy_fdd",42,"fdd","RaMCONdy","RaMCONdy_fdd","Mixed Conifer - Eastside Dry",1
"8_53_47_81287",12,11,37,2283,1563,1702000212,"17020001","WNE","RaSPFI_fcd_WNE","RaSPFI","RaSPFI_fcd",9,"fcd","RaSPFI","RaSPFI_fcd","Spruce - Fir",4
"8_53_47_75456",12,14,50,87,1291,1702000501,"17020004","WNE","RaMCONdy_fdd_1702000501","RaMCONdy","RaMCONdy_fdd",42,"fdd","RaMCONdy","RaMCONdy_fdd","Mixed Conifer - Eastside Dry",1
"8_53_47_52211",12,13,47,59,1798,1702000402,"17020003","WNE","RaMCONdy_fdd_1702000402","RaMCONdy","RaMCONdy_fdd",42,"fdd","RaMCONdy","RaMCONdy_fdd","Mixed Conifer - Eastside Dry",1
"8_53_47_77550",12,14,50,87,1666,1702000501,"17020004","WNE","RaMCONdy_fdd_1702000501","RaMCONdy","RaMCONdy_fdd",42,"fdd","RaMCONdy","RaMCONdy_fdd","Mixed Conifer - Eastside Dry",1
"8_53_47_81000",12,14,50,87,1748,1702000501,"17020004","WNE","RaMCONdy_fdd_1702000501","RaMCONdy","RaMCONdy_fdd",42,"fdd","RaMCONdy","RaMCONdy_fdd","Mixed Conifer - Eastside Dry",1
"8_53_47_61534",12,14,50,87,1184,1702000501,"17020004","WNE","RaMCONdy_fdd_1702000501","RaMCONdy","RaMCONdy_fdd",42,"fdd","RaMCONdy","RaMCONdy_fdd","Mixed Conifer - Eastside Dry",1
"8_53_47_65530",12,11,37,2283,1242,1702000212,"17020001","WNE","RaSPFI_fcd_WNE","RaSPFI","RaSPFI_fcd",9,"fcd","RaSPFI","RaSPFI_fcd","Spruce - Fir",4
"8_53_47_77988",12,14,51,104,132,1702000502,"17020004","WNE","RaPIPOm_fpd_1702000502","RaPIPOm","RaPIPOm_fpd",51,"fpd","RaPIPOm","RaPIPOm_fpd","Dry Ponderosa Pine - Mesic",1
"8_53_47_94479",12,11,37,2283,1913,1702000212,"17020001","WNE","RaSPFI_fcd_WNE","RaSPFI","RaSPFI_fcd",9,"fcd","RaSPFI","RaSPFI_fcd","Spruce - Fir",4
"8_53_47_89724",12,11,37,23,1408,1702000212,"17020001","WNE","RaMCONdy_fdd_1702000212","RaMCONdy","RaMCONdy_fdd",42,"fdd","RaMCONdy","RaMCONdy_fdd","Mixed Conifer - Eastside Dry",1
"8_53_47_71090",12,11,37,23,2338,1702000212,"17020001","WNE","RaMCONdy_fdd_1702000212","RaMCONdy","RaMCONdy_fdd",42,"fdd","RaMCONdy","RaMCONdy_fdd","Mixed Conifer - Eastside Dry",1
"8_53_47_66851",12,11,37,2283,1553,1702000212,"17020001","WNE","RaSPFI_fcd_WNE","RaSPFI","RaSPFI_fcd",9,"fcd","RaSPFI","RaSPFI_fcd","Spruce - Fir",4
"8_53_47_79709",12,11,36,15,1698,1702000209,"17020001","WNE","RaMCONdy_fdd_1702000209","RaMCONdy","RaMCONdy_fdd",42,"fdd","RaMCONdy","RaMCONdy_fdd","Mixed Conifer - Eastside Dry",1
"8_53_47_67534",12,13,46,51,995,1702000401,"17020003","WNE","RaMCONdy_fdd_1702000401","RaMCONdy","RaMCONdy_fdd",42,"fdd","RaMCONdy","RaMCONdy_fdd","Mixed Conifer - Eastside Dry",1
"8_53_47_95542",12,13,46,2283,1671,1702000401,"17020003","WNE","RaSPFI_fcd_WNE","RaSPFI","RaSPFI_fcd",9,"fcd","RaSPFI","RaSPFI_fcd","Spruce - Fir",4
"8_53_47_50625",12,13,47,59,1893,1702000402,"17020003","WNE","RaMCONdy_fdd_1702000402","RaMCONdy","RaMCONdy_fdd",42,"fdd","RaMCONdy","RaMCONdy_fdd","Mixed Conifer - Eastside Dry",1
"4_41_59_95329",2,64,364,558,1124,1707020207,"17070201","OBM","RaMCONdy_fdd_1707020207","RaMCONdy","RaMCONdy_fdd",42,"fdd","RaMCONdy","RaMCONdy_fdd","Mixed Conifer - Eastside Dry",1
"4_41_23_53139",2,64,364,558,1479,1707020207,"17070201","OBM","RaMCONdy_fdd_1707020207","RaMCONdy","RaMCONdy_fdd",42,"fdd","RaMCONdy","RaMCONdy_fdd","Mixed Conifer - Eastside Dry",1
"4_41_23_73739",2,64,364,558,1157,1707020207,"17070201","OBM","RaMCONdy_fdd_1707020207","RaMCONdy","RaMCONdy_fdd",42,"fdd","RaMCONdy","RaMCONdy_fdd","Mixed Conifer - Eastside Dry",1
"8_53_47_80828",12,13,47,59,2296,1702000402,"17020003","WNE","RaMCONdy_fdd_1702000402","RaMCONdy","RaMCONdy_fdd",42,"fdd","RaMCONdy","RaMCONdy_fdd","Mixed Conifer - Eastside Dry",1
"4_41_23_87106",2,64,364,564,2123,1707020207,"17070201","OBM","RaPIPOm_fdp_1707020207","RaPIPOm","RaPIPOm_fdp",52,"fdp","RaPIPOm","RaPIPOm_fdp","Dry Ponderosa Pine - Mesic",1
"4_41_23_80345",2,65,371,671,481,1707020304,"17070202","OBM","RaPIPOm_fdp_1707020304","RaPIPOm","RaPIPOm_fdp",52,"fdp","RaPIPOm","RaPIPOm_fdp","Dry Ponderosa Pine - Mesic",1
"4_41_23_60549",2,65,371,670,616,1707020304,"17070202","OBM","RaMCONdy_fdd_1707020304","RaMCONdy","RaMCONdy_fdd",42,"fdd","RaMCONdy","RaMCONdy_fdd","Mixed Conifer - Eastside Dry",1
"8_53_47_88845",12,13,47,59,1195,1702000402,"17020003","WNE","RaMCONdy_fdd_1702000402","RaMCONdy","RaMCONdy_fdd",42,"fdd","RaMCONdy","RaMCONdy_fdd","Mixed Conifer - Eastside Dry",1
"8_53_47_56992",12,13,47,59,1428,1702000402,"17020003","WNE","RaMCONdy_fdd_1702000402","RaMCONdy","RaMCONdy_fdd",42,"fdd","RaMCONdy","RaMCONdy_fdd","Mixed Conifer - Eastside Dry",1
"4_41_23_78003",2,65,371,2072,935,1707020304,"17070202","OBM","RaMCONms_fcm_17070203","RaMCONms","RaMCONms_fcm",22,"fcm","RaMCONms","RaMCONms_fcm","Mixed Conifer - Eastside Mesic",3
"4_41_23_95846",2,63,351,2091,1046,1707020108,"17070106","OBM","RaMCONms_fcm_17070201","RaMCONms","RaMCONms_fcm",22,"fcm","RaMCONms","RaMCONms_fcm","Mixed Conifer - Eastside Mesic",3
"4_41_23_95799",2,63,351,774,1400,1707020108,"17070106","OBM","RaMCONdy_fdg_1707020108","RaMCONdy","RaMCONdy_fdg",23,"fdg","RaMCONdy","RaMCONdy_fdg","Mixed Conifer - Eastside Dry",1
"4_41_23_54573",2,63,351,773,615,1707020108,"17070106","OBM","RaPIPOm_fdp_1707020108","RaPIPOm","RaPIPOm_fdp",52,"fdp","RaPIPOm","RaPIPOm_fdp","Dry Ponderosa Pine - Mesic",1
"4_41_23_89829",2,63,351,2084,993,1707020108,"17070106","OBM","RaPIPOxe_fxp_17070201","RaPIPOxe","RaPIPOxe_fxp",56,"fxp","RaPIPOxe","RaPIPOxe_fxp","Ponderosa Pine - Xeric",3
"4_41_23_66363",2,63,351,772,282,1707020108,"17070106","OBM","RaMCONdy_fdd_1707020108","RaMCONdy","RaMCONdy_fdd",42,"fdd","RaMCONdy","RaMCONdy_fdd","Mixed Conifer - Eastside Dry",1
"4_41_23_98880",2,148,818,902,1191,1712000201,"17120001","OBM","RaPIPOm_fdp_1712000201","RaPIPOm","RaPIPOm_fdp",52,"fdp","RaPIPOm","RaPIPOm_fdp","Dry Ponderosa Pine - Mesic",1
"4_41_23_78583",2,63,350,856,1293,1707020107,"17070106","OBM","RaMCONdy_fdd_1707020107","RaMCONdy","RaMCONdy_fdd",42,"fdd","RaMCONdy","RaMCONdy_fdd","Mixed Conifer - Eastside Dry",1
"4_41_23_96048",2,148,818,902,1252,1712000201,"17120001","OBM","RaPIPOm_fdp_1712000201","RaPIPOm","RaPIPOm_fdp",52,"fdp","RaPIPOm","RaPIPOm_fdp","Dry Ponderosa Pine - Mesic",1
"4_41_23_75554",2,148,820,2136,1088,1712000203,"17120001","OBM","RaPIPOxe_fxp_17120002","RaPIPOxe","RaPIPOxe_fxp",56,"fxp","RaPIPOxe","RaPIPOxe_fxp","Ponderosa Pine - Xeric",3
"4_41_23_74150",2,148,820,952,1254,1712000203,"17120001","OBM","RaMCONdy_fdg_1712000203","RaMCONdy","RaMCONdy_fdg",23,"fdg","RaMCONdy","RaMCONdy_fdg","Mixed Conifer - Eastside Dry",1
"4_41_23_79148",2,148,820,950,951,1712000203,"17120001","OBM","RaMCONdy_fdd_1712000203","RaMCONdy","RaMCONdy_fdd",42,"fdd","RaMCONdy","RaMCONdy_fdd","Mixed Conifer - Eastside Dry",1
"4_41_25_92136",2,148,821,2136,1153,1712000204,"17120001","OBM","RaPIPOxe_fxp_17120002","RaPIPOxe","RaPIPOxe_fxp",56,"fxp","RaPIPOxe","RaPIPOxe_fxp","Ponderosa Pine - Xeric",3
"4_41_25_94819",2,148,821,2136,1587,1712000204,"17120001","OBM","RaPIPOxe_fxp_17120002","RaPIPOxe","RaPIPOxe_fxp",56,"fxp","RaPIPOxe","RaPIPOxe_fxp","Ponderosa Pine - Xeric",3
"8_53_47_69000",12,13,47,59,1004,1702000402,"17020003","WNE","RaMCONdy_fdd_1702000402","RaMCONdy","RaMCONdy_fdd",42,"fdd","RaMCONdy","RaMCONdy_fdd","Mixed Conifer - Eastside Dry",1
"8_53_47_86923",12,13,47,59,1858,1702000402,"17020003","WNE","RaMCONdy_fdd_1702000402","RaMCONdy","RaMCONdy_fdd",42,"fdd","RaMCONdy","RaMCONdy_fdd","Mixed Conifer - Eastside Dry",1
"4_41_25_62046",2,148,821,2136,2091,1712000204,"17120001","OBM","RaPIPOxe_fxp_17120002","RaPIPOxe","RaPIPOxe_fxp",56,"fxp","RaPIPOxe","RaPIPOxe_fxp","Ponderosa Pine - Xeric",3
"4_41_25_96188",2,148,821,2136,1213,1712000204,"17120001","OBM","RaPIPOxe_fxp_17120002","RaPIPOxe","RaPIPOxe_fxp",56,"fxp","RaPIPOxe","RaPIPOxe_fxp","Ponderosa Pine - Xeric",3
"4_41_25_89854",2,147,811,2157,888,1712000101,"17110021","OBM","RaPIPOxe_fxp_17120001","RaPIPOxe","RaPIPOxe_fxp",56,"fxp","RaPIPOxe","RaPIPOxe_fxp","Ponderosa Pine - Xeric",3
"4_41_25_91642",2,147,811,2157,650,1712000101,"17110021","OBM","RaPIPOxe_fxp_17120001","RaPIPOxe","RaPIPOxe_fxp",56,"fxp","RaPIPOxe","RaPIPOxe_fxp","Ponderosa Pine - Xeric",3
"8_53_47_85094",12,13,47,59,1468,1702000402,"17020003","WNE","RaMCONdy_fdd_1702000402","RaMCONdy","RaMCONdy_fdd",42,"fdd","RaMCONdy","RaMCONdy_fdd","Mixed Conifer - Eastside Dry",1
"8_53_47_90930",12,11,37,23,1404,1702000212,"17020001","WNE","RaMCONdy_fdd_1702000212","RaMCONdy","RaMCONdy_fdd",42,"fdd","RaMCONdy","RaMCONdy_fdd","Mixed Conifer - Eastside Dry",1
"8_53_47_72434",12,13,47,59,2891,1702000402,"17020003","WNE","RaMCONdy_fdd_1702000402","RaMCONdy","RaMCONdy_fdd",42,"fdd","RaMCONdy","RaMCONdy_fdd","Mixed Conifer - Eastside Dry",1
"8_53_47_79449",12,14,50,87,1304,1702000501,"17020004","WNE","RaMCONdy_fdd_1702000501","RaMCONdy","RaMCONdy_fdd",42,"fdd","RaMCONdy","RaMCONdy_fdd","Mixed Conifer - Eastside Dry",1
"8_53_47_96951",12,14,50,87,351,1702000501,"17020004","WNE","RaMCONdy_fdd_1702000501","RaMCONdy","RaMCONdy_fdd",42,"fdd","RaMCONdy","RaMCONdy_fdd","Mixed Conifer - Eastside Dry",1
"8_53_47_54733",12,11,37,23,1774,1702000212,"17020001","WNE","RaMCONdy_fdd_1702000212","RaMCONdy","RaMCONdy_fdd",42,"fdd","RaMCONdy","RaMCONdy_fdd","Mixed Conifer - Eastside Dry",1
"8_53_47_54967",12,11,37,23,1805,1702000212,"17020001","WNE","RaMCONdy_fdd_1702000212","RaMCONdy","RaMCONdy_fdd",42,"fdd","RaMCONdy","RaMCONdy_fdd","Mixed Conifer - Eastside Dry",1
"8_53_47_88390",12,11,37,23,524,1702000212,"17020001","WNE","RaMCONdy_fdd_1702000212","RaMCONdy","RaMCONdy_fdd",42,"fdd","RaMCONdy","RaMCONdy_fdd","Mixed Conifer - Eastside Dry",1
"8_53_47_60767",12,11,37,23,1866,1702000212,"17020001","WNE","RaMCONdy_fdd_1702000212","RaMCONdy","RaMCONdy_fdd",42,"fdd","RaMCONdy","RaMCONdy_fdd","Mixed Conifer - Eastside Dry",1
"8_53_47_92403",12,11,37,2283,1398,1702000212,"17020001","WNE","RaSPFI_fcd_WNE","RaSPFI","RaSPFI_fcd",9,"fcd","RaSPFI","RaSPFI_fcd","Spruce - Fir",4
"8_53_47_73398",12,11,37,2283,336,1702000212,"17020001","WNE","RaSPFI_fcd_WNE","RaSPFI","RaSPFI_fcd",9,"fcd","RaSPFI","RaSPFI_fcd","Spruce - Fir",4
"1_41_39_79848",3,110,624,2314,1597,1710020507,"17100204","OCR","RaSSHE_fss_OCR","RaSSHE","RaSSHE_fss",60,"fss","RaSSHE","RaSSHE_fss","Sitka Spruce - Western Hemlock",5
"1_41_39_81496",3,110,624,2314,1885,1710020507,"17100204","OCR","RaSSHE_fss_OCR","RaSSHE","RaSSHE_fss",60,"fss","RaSSHE","RaSSHE_fss","Sitka Spruce - Western Hemlock",5
"1_41_39_81929",3,110,624,2314,1277,1710020507,"17100204","OCR","RaSSHE_fss_OCR","RaSSHE","RaSSHE_fss",60,"fss","RaSSHE","RaSSHE_fss","Sitka Spruce - Western Hemlock",5
"1_41_39_74624",3,110,624,2101,1238,1710020507,"17100204","OCR","RaDFHEdy_fwi_17100205","RaDFHEdy","RaDFHEdy_fwi",31,"fwi","RaDFHEdy","RaDFHEdy_fwi","Douglas-fir Hemlock-Dry Mesic",3
"1_41_39_60565",3,110,624,2314,3028,1710020507,"17100204","OCR","RaSSHE_fss_OCR","RaSSHE","RaSSHE_fss",60,"fss","RaSSHE","RaSSHE_fss","Sitka Spruce - Western Hemlock",5
"1_41_39_73709",3,110,624,2314,1021,1710020507,"17100204","OCR","RaSSHE_fss_OCR","RaSSHE","RaSSHE_fss",60,"fss","RaSSHE","RaSSHE_fss","Sitka Spruce - Western Hemlock",5
"1_41_39_95876",3,112,633,2314,1066,1710020701,"17100206","OCR","RaSSHE_fss_OCR","RaSSHE","RaSSHE_fss",60,"fss","RaSSHE","RaSSHE_fss","Sitka Spruce - Western Hemlock",5
"1_41_39_77026",3,112,633,2315,641,1710020701,"17100206","OCR","RaDFHEwt_fwn_OCR","RaDFHEwt","RaDFHEwt_fwn",32,"fwn","RaDFHEwt","RaDFHEwt_fwn","Douglas-fir Hemlock-Wet Mesic",5
"2_41_19_97558",3,112,633,2316,1815,1710020701,"17100206","OCR","RaDFHEwt_fww_OCR","RaDFHEwt","RaDFHEwt_fww",34,"fww","RaDFHEwt","RaDFHEwt_fww","Douglas-fir Hemlock-Wet Mesic",5
"2_41_19_81787",3,116,664,2316,1522,1710030307,"17100303B","OCR","RaDFHEwt_fww_OCR","RaDFHEwt","RaDFHEwt_fww",34,"fww","RaDFHEwt","RaDFHEwt_fww","Douglas-fir Hemlock-Wet Mesic",5
"2_41_19_80888",3,116,664,2316,1346,1710030307,"17100303B","OCR","RaDFHEwt_fww_OCR","RaDFHEwt","RaDFHEwt_fww",34,"fww","RaDFHEwt","RaDFHEwt_fww","Douglas-fir Hemlock-Wet Mesic",5
"2_41_19_94723",3,116,665,2314,1664,1710030308,"17100303B","OCR","RaSSHE_fss_OCR","RaSSHE","RaSSHE_fss",60,"fss","RaSSHE","RaSSHE_fss","Sitka Spruce - Western Hemlock",5
"2_41_19_89330",3,116,665,2314,1068,1710030308,"17100303B","OCR","RaSSHE_fss_OCR","RaSSHE","RaSSHE_fss",60,"fss","RaSSHE","RaSSHE_fss","Sitka Spruce - Western Hemlock",5
"2_41_19_99099",3,116,665,2316,1188,1710030308,"17100303B","OCR","RaDFHEwt_fww_OCR","RaDFHEwt","RaDFHEwt_fww",34,"fww","RaDFHEwt","RaDFHEwt_fww","Douglas-fir Hemlock-Wet Mesic",5
"2_41_11_98727",3,117,669,2315,1357,1710030404,"17100303A","OCR","RaDFHEwt_fwn_OCR","RaDFHEwt","RaDFHEwt_fwn",32,"fwn","RaDFHEwt","RaDFHEwt_fwn","Douglas-fir Hemlock-Wet Mesic",5
"2_41_11_83725",3,117,669,2316,1247,1710030404,"17100303A","OCR","RaDFHEwt_fww_OCR","RaDFHEwt","RaDFHEwt_fww",34,"fww","RaDFHEwt","RaDFHEwt_fww","Douglas-fir Hemlock-Wet Mesic",5
"2_41_11_54030",3,117,667,2316,1159,1710030402,"17100303A","OCR","RaDFHEwt_fww_OCR","RaDFHEwt","RaDFHEwt_fww",34,"fww","RaDFHEwt","RaDFHEwt_fww","Douglas-fir Hemlock-Wet Mesic",5
"2_41_11_69543",3,117,667,2316,1236,1710030402,"17100303A","OCR","RaDFHEwt_fww_OCR","RaDFHEwt","RaDFHEwt_fww",34,"fww","RaDFHEwt","RaDFHEwt_fww","Douglas-fir Hemlock-Wet Mesic",5
"2_41_11_76759",3,117,666,2315,852,1710030401,"17100303A","OCR","RaDFHEwt_fwn_OCR","RaDFHEwt","RaDFHEwt_fwn",32,"fwn","RaDFHEwt","RaDFHEwt_fwn","Douglas-fir Hemlock-Wet Mesic",5
"2_41_11_76069",6,118,673,2350,1158,1710030504,"17100304","OSW","RaDFHEwt_fwn_OSW","RaDFHEwt","RaDFHEwt_fwn",32,"fwn","RaDFHEwt","RaDFHEwt_fwn","Douglas-fir Hemlock-Wet Mesic",5
"2_41_11_71628",6,118,673,2351,1050,1710030504,"17100304","OSW","RaDFHEwt_fww_OSW","RaDFHEwt","RaDFHEwt_fww",34,"fww","RaDFHEwt","RaDFHEwt_fww","Douglas-fir Hemlock-Wet Mesic",5
"2_41_11_61386",6,118,672,2350,1805,1710030503,"17100304","OSW","RaDFHEwt_fwn_OSW","RaDFHEwt","RaDFHEwt_fwn",32,"fwn","RaDFHEwt","RaDFHEwt_fwn","Douglas-fir Hemlock-Wet Mesic",5
"2_41_11_62090",6,118,670,1221,1566,1710030501,"17100304","OSW","RaTAOAco_ftm_1710030501","RaTAOAco","RaTAOAco_ftm",47,"ftm","RaTAOAco","RaTAOAco_ftm","Oregon Coastal Tanoak",1
"2_41_11_79876",6,118,670,1221,890,1710030501,"17100304","OSW","RaTAOAco_ftm_1710030501","RaTAOAco","RaTAOAco_ftm",47,"ftm","RaTAOAco","RaTAOAco_ftm","Oregon Coastal Tanoak",1
"2_41_11_88793",6,118,670,2347,1329,1710030501,"17100304","OSW","RaDFHEwt_fwm_OSW","RaDFHEwt","RaDFHEwt_fwm",33,"fwm","RaDFHEwt","RaDFHEwt_fwm","Douglas-fir Hemlock-Wet Mesic",5
"2_41_11_54444",6,118,670,2347,1617,1710030501,"17100304","OSW","RaDFHEwt_fwm_OSW","RaDFHEwt","RaDFHEwt_fwm",33,"fwm","RaDFHEwt","RaDFHEwt_fwm","Douglas-fir Hemlock-Wet Mesic",5
"2_41_11_81091",6,118,671,2347,1061,1710030502,"17100304","OSW","RaDFHEwt_fwm_OSW","RaDFHEwt","RaDFHEwt_fwm",33,"fwm","RaDFHEwt","RaDFHEwt_fwm","Douglas-fir Hemlock-Wet Mesic",5
"2_41_11_81097",6,118,671,2347,1165,1710030502,"17100304","OSW","RaDFHEwt_fwm_OSW","RaDFHEwt","RaDFHEwt_fwm",33,"fwm","RaDFHEwt","RaDFHEwt_fwm","Douglas-fir Hemlock-Wet Mesic",5
"2_41_11_56328",6,118,671,2347,1669,1710030502,"17100304","OSW","RaDFHEwt_fwm_OSW","RaDFHEwt","RaDFHEwt_fwm",33,"fwm","RaDFHEwt","RaDFHEwt_fwm","Douglas-fir Hemlock-Wet Mesic",5
"2_41_11_90980",6,118,671,2198,2051,1710030502,"17100304","OSW","RaDFHEdy_fwi_17100305","RaDFHEdy","RaDFHEdy_fwi",31,"fwi","RaDFHEdy","RaDFHEdy_fwi","Douglas-fir Hemlock-Dry Mesic",3
"2_41_11_54774",6,118,671,2198,2881,1710030502,"17100304","OSW","RaDFHEdy_fwi_17100305","RaDFHEdy","RaDFHEdy_fwi",31,"fwi","RaDFHEdy","RaDFHEdy_fwi","Douglas-fir Hemlock-Dry Mesic",3
"2_41_11_96060",6,118,671,2198,2503,1710030502,"17100304","OSW","RaDFHEdy_fwi_17100305","RaDFHEdy","RaDFHEdy_fwi",31,"fwi","RaDFHEdy","RaDFHEdy_fwi","Douglas-fir Hemlock-Dry Mesic",3
"2_41_11_69469",6,123,701,2236,821,1710031005,"17100309","OSW","RaDFHEdy_fwi_17100310","RaDFHEdy","RaDFHEdy_fwi",31,"fwi","RaDFHEdy","RaDFHEdy_fwi","Douglas-fir Hemlock-Dry Mesic",3
"2_41_15_72424",6,123,702,1413,1169,1710031006,"17100309","OSW","RaMEVG_ftd_1710031006","RaMEVG","RaMEVG_ftd",48,"ftd","RaMEVG","RaMEVG_ftd","California Mixed Evergreen North",1
"2_41_15_72536",6,123,702,1417,715,1710031006,"17100309","OSW","RaTAOAco_ftm_1710031006","RaTAOAco","RaTAOAco_ftm",47,"ftm","RaTAOAco","RaTAOAco_ftm","Oregon Coastal Tanoak",1
"2_41_15_54966",6,123,702,1413,1038,1710031006,"17100309","OSW","RaMEVG_ftd_1710031006","RaMEVG","RaMEVG_ftd",48,"ftd","RaMEVG","RaMEVG_ftd","California Mixed Evergreen North",1
"2_41_15_69931",6,124,714,1460,1446,1710031110,"17100310","OSW","RaTAOAco_ftm_1710031110","RaTAOAco","RaTAOAco_ftm",47,"ftm","RaTAOAco","RaTAOAco_ftm","Oregon Coastal Tanoak",1
"2_41_15_80677",6,124,714,1459,1697,1710031110,"17100310","OSW","RaMEVG_ftd_1710031110","RaMEVG","RaMEVG_ftd",48,"ftd","RaMEVG","RaMEVG_ftd","California Mixed Evergreen North",1
"2_41_15_95424",6,124,714,1460,740,1710031110,"17100310","OSW","RaTAOAco_ftm_1710031110","RaTAOAco","RaTAOAco_ftm",47,"ftm","RaTAOAco","RaTAOAco_ftm","Oregon Coastal Tanoak",1
"2_41_15_66599",6,124,714,1459,2677,1710031110,"17100310","OSW","RaMEVG_ftd_1710031110","RaMEVG","RaMEVG_ftd",48,"ftd","RaMEVG","RaMEVG_ftd","California Mixed Evergreen North",1
"2_41_33_56602",6,124,713,1497,1663,1710031109,"17100310","OSW","RaMEVG_ftd_1710031109","RaMEVG","RaMEVG_ftd",48,"ftd","RaMEVG","RaMEVG_ftd","California Mixed Evergreen North",1
"2_41_33_75803",6,124,713,1497,1234,1710031109,"17100310","OSW","RaMEVG_ftd_1710031109","RaMEVG","RaMEVG_ftd",48,"ftd","RaMEVG","RaMEVG_ftd","California Mixed Evergreen North",1
"2_41_33_99643",6,124,712,1540,3269,1710031108,"17100310","OSW","RaMEVG_ftd_1710031108","RaMEVG","RaMEVG_ftd",48,"ftd","RaMEVG","RaMEVG_ftd","California Mixed Evergreen North",1
"2_41_15_57826",6,125,716,1597,1996,1710031201,"17100311","OSW","RaMEVG_ftd_1710031201","RaMEVG","RaMEVG_ftd",48,"ftd","RaMEVG","RaMEVG_ftd","California Mixed Evergreen North",1
"2_41_15_57317",6,125,716,1598,1728,1710031201,"17100311","OSW","Na0710270_fdd_1710031201","Na0710270","Na0710270_fdd",43,"fdd","Na0710270","Na0710270_fdd","Mediterranean California Dry-Mesic Mixed Conifer Forest and Woodland",1
"2_41_15_99246",6,125,716,1597,2509,1710031201,"17100311","OSW","RaMEVG_ftd_1710031201","RaMEVG","RaMEVG_ftd",48,"ftd","RaMEVG","RaMEVG_ftd","California Mixed Evergreen North",1
"6_53_9_60986",9,146,810,2295,2941,1711002107,"17110020","WCR","RaSSHE_fss_WCR","RaSSHE","RaSSHE_fss",60,"fss","RaSSHE","RaSSHE_fss","Sitka Spruce - Western Hemlock",5
"2_41_15_95660",6,125,716,1616,2294,1710031201,"17100311","OSW","RaMEVG_fuc_1710031201","RaMEVG","RaMEVG_fuc",59,"fuc","RaMEVG","RaMEVG_fuc","California Mixed Evergreen North",1
"2_41_15_60617",6,156,891,1709,2984,1801010101,"17120009","OSW","RaTAOAco_ftm_1801010101","RaTAOAco","RaTAOAco_ftm",47,"ftm","RaTAOAco","RaTAOAco_ftm","Oregon Coastal Tanoak",1
"2_41_15_83686",6,156,891,1704,960,1801010101,"17120009","OSW","RaMEVG_fuc_1801010101","RaMEVG","RaMEVG_fuc",59,"fuc","RaMEVG","RaMEVG_fuc","California Mixed Evergreen North",1
"2_41_15_89997",6,156,891,1704,1292,1801010101,"17120009","OSW","RaMEVG_fuc_1801010101","RaMEVG","RaMEVG_fuc",59,"fuc","RaMEVG","RaMEVG_fuc","California Mixed Evergreen North",1
"2_41_15_66904",6,156,891,1702,945,1801010101,"17120009","OSW","RaMEVG_ftd_1801010101","RaMEVG","RaMEVG_ftd",48,"ftd","RaMEVG","RaMEVG_ftd","California Mixed Evergreen North",1
"2_41_15_87020",6,156,891,1702,2048,1801010101,"17120009","OSW","RaMEVG_ftd_1801010101","RaMEVG","RaMEVG_ftd",48,"ftd","RaMEVG","RaMEVG_ftd","California Mixed Evergreen North",1
"2_41_15_78898",6,156,891,1704,1050,1801010101,"17120009","OSW","RaMEVG_fuc_1801010101","RaMEVG","RaMEVG_fuc",59,"fuc","RaMEVG","RaMEVG_fuc","California Mixed Evergreen North",1
"6_53_9_92797",9,146,810,2295,2787,1711002107,"17110020","WCR","RaSSHE_fss_WCR","RaSSHE","RaSSHE_fss",60,"fss","RaSSHE","RaSSHE_fss","Sitka Spruce - Western Hemlock",5
"6_53_9_86581",9,146,810,2295,3128,1711002107,"17110020","WCR","RaSSHE_fss_WCR","RaSSHE","RaSSHE_fss",60,"fss","RaSSHE","RaSSHE_fss","Sitka Spruce - Western Hemlock",5
"6_53_9_71016",9,100,564,2295,1315,1710010103,"17090012A","WCR","RaSSHE_fss_WCR","RaSSHE","RaSSHE_fss",60,"fss","RaSSHE","RaSSHE_fss","Sitka Spruce - Western Hemlock",5
"6_53_9_50177",9,100,564,2295,937,1710010103,"17090012A","WCR","RaSSHE_fss_WCR","RaSSHE","RaSSHE_fss",60,"fss","RaSSHE","RaSSHE_fss","Sitka Spruce - Western Hemlock",5
"6_53_9_92955",9,100,564,2295,1007,1710010103,"17090012A","WCR","RaSSHE_fss_WCR","RaSSHE","RaSSHE_fss",60,"fss","RaSSHE","RaSSHE_fss","Sitka Spruce - Western Hemlock",5
"6_53_9_72202",9,100,567,2295,1040,1710010106,"17090012A","WCR","RaSSHE_fss_WCR","RaSSHE","RaSSHE_fss",60,"fss","RaSSHE","RaSSHE_fss","Sitka Spruce - Western Hemlock",5
"6_53_9_95643",9,100,565,2295,754,1710010104,"17090012A","WCR","RaSSHE_fss_WCR","RaSSHE","RaSSHE_fss",60,"fss","RaSSHE","RaSSHE_fss","Sitka Spruce - Western Hemlock",5
"6_53_31_50590",9,100,569,2295,1031,1710010108,"17090012A","WCR","RaSSHE_fss_WCR","RaSSHE","RaSSHE_fss",60,"fss","RaSSHE","RaSSHE_fss","Sitka Spruce - Western Hemlock",5
"6_53_31_65297",9,101,572,2295,1996,1710010203,"17100101","WCR","RaSSHE_fss_WCR","RaSSHE","RaSSHE_fss",60,"fss","RaSSHE","RaSSHE_fss","Sitka Spruce - Western Hemlock",5
"6_53_31_51269",9,101,572,2295,2753,1710010203,"17100101","WCR","RaSSHE_fss_WCR","RaSSHE","RaSSHE_fss",60,"fss","RaSSHE","RaSSHE_fss","Sitka Spruce - Western Hemlock",5
"6_53_27_57679",9,101,572,2295,1859,1710010203,"17100101","WCR","RaSSHE_fss_WCR","RaSSHE","RaSSHE_fss",60,"fss","RaSSHE","RaSSHE_fss","Sitka Spruce - Western Hemlock",5
"6_53_27_58087",9,101,572,2295,1961,1710010203,"17100101","WCR","RaSSHE_fss_WCR","RaSSHE","RaSSHE_fss",60,"fss","RaSSHE","RaSSHE_fss","Sitka Spruce - Western Hemlock",5
"8_53_47_80900",12,11,37,23,1548,1702000212,"17020001","WNE","RaMCONdy_fdd_1702000212","RaMCONdy","RaMCONdy_fdd",42,"fdd","RaMCONdy","RaMCONdy_fdd","Mixed Conifer - Eastside Dry",1
"8_53_47_54316",12,11,36,15,1617,1702000209,"17020001","WNE","RaMCONdy_fdd_1702000209","RaMCONdy","RaMCONdy_fdd",42,"fdd","RaMCONdy","RaMCONdy_fdd","Mixed Conifer - Eastside Dry",1
"8_53_47_63094",12,11,37,2283,1184,1702000212,"17020001","WNE","RaSPFI_fcd_WNE","RaSPFI","RaSPFI_fcd",9,"fcd","RaSPFI","RaSPFI_fcd","Spruce - Fir",4
"8_53_47_80129",12,13,46,51,786,1702000401,"17020003","WNE","RaMCONdy_fdd_1702000401","RaMCONdy","RaMCONdy_fdd",42,"fdd","RaMCONdy","RaMCONdy_fdd","Mixed Conifer - Eastside Dry",1
"8_53_47_86998",12,13,46,51,1015,1702000401,"17020003","WNE","RaMCONdy_fdd_1702000401","RaMCONdy","RaMCONdy_fdd",42,"fdd","RaMCONdy","RaMCONdy_fdd","Mixed Conifer - Eastside Dry",1
"8_53_47_98555",12,13,46,51,1081,1702000401,"17020003","WNE","RaMCONdy_fdd_1702000401","RaMCONdy","RaMCONdy_fdd",42,"fdd","RaMCONdy","RaMCONdy_fdd","Mixed Conifer - Eastside Dry",1
"4_41_59_82193",2,57,315,2007,427,1707010306,"17070102","OBM","RaMCONms_fcm_17070103","RaMCONms","RaMCONms_fcm",22,"fcm","RaMCONms","RaMCONms_fcm","Mixed Conifer - Eastside Mesic",3
"4_41_59_85273",2,64,363,522,1622,1707020206,"17070201","OBM","RaMCONdy_fdd_1707020206","RaMCONdy","RaMCONdy_fdd",42,"fdd","RaMCONdy","RaMCONdy_fdd","Mixed Conifer - Eastside Dry",1
"8_53_47_70274",12,13,46,51,1321,1702000401,"17020003","WNE","RaMCONdy_fdd_1702000401","RaMCONdy","RaMCONdy_fdd",42,"fdd","RaMCONdy","RaMCONdy_fdd","Mixed Conifer - Eastside Dry",1
"8_53_47_77518",12,13,46,51,1357,1702000401,"17020003","WNE","RaMCONdy_fdd_1702000401","RaMCONdy","RaMCONdy_fdd",42,"fdd","RaMCONdy","RaMCONdy_fdd","Mixed Conifer - Eastside Dry",1
"4_41_59_54339",2,64,363,538,1273,1707020206,"17070201","OBM","RaPIPOm_fdp_1707020206","RaPIPOm","RaPIPOm_fdp",52,"fdp","RaPIPOm","RaPIPOm_fdp","Dry Ponderosa Pine - Mesic",1
"4_41_59_57251",2,64,363,522,1211,1707020206,"17070201","OBM","RaMCONdy_fdd_1707020206","RaMCONdy","RaMCONdy_fdd",42,"fdd","RaMCONdy","RaMCONdy_fdd","Mixed Conifer - Eastside Dry",1
"4_41_23_70147",2,64,364,558,1792,1707020207,"17070201","OBM","RaMCONdy_fdd_1707020207","RaMCONdy","RaMCONdy_fdd",42,"fdd","RaMCONdy","RaMCONdy_fdd","Mixed Conifer - Eastside Dry",1
"4_41_23_88691",2,64,364,558,1394,1707020207,"17070201","OBM","RaMCONdy_fdd_1707020207","RaMCONdy","RaMCONdy_fdd",42,"fdd","RaMCONdy","RaMCONdy_fdd","Mixed Conifer - Eastside Dry",1
"8_53_47_80248",12,13,47,59,1131,1702000402,"17020003","WNE","RaMCONdy_fdd_1702000402","RaMCONdy","RaMCONdy_fdd",42,"fdd","RaMCONdy","RaMCONdy_fdd","Mixed Conifer - Eastside Dry",1
"4_41_23_59509",2,64,364,564,3083,1707020207,"17070201","OBM","RaPIPOm_fdp_1707020207","RaPIPOm","RaPIPOm_fdp",52,"fdp","RaPIPOm","RaPIPOm_fdp","Dry Ponderosa Pine - Mesic",1
"4_41_23_63833",2,64,364,564,548,1707020207,"17070201","OBM","RaPIPOm_fdp_1707020207","RaPIPOm","RaPIPOm_fdp",52,"fdp","RaPIPOm","RaPIPOm_fdp","Dry Ponderosa Pine - Mesic",1
"4_41_23_68335",2,65,370,652,612,1707020303,"17070202","OBM","RaMCONdy_fdd_1707020303","RaMCONdy","RaMCONdy_fdd",42,"fdd","RaMCONdy","RaMCONdy_fdd","Mixed Conifer - Eastside Dry",1
"4_41_23_70991",2,65,370,652,837,1707020303,"17070202","OBM","RaMCONdy_fdd_1707020303","RaMCONdy","RaMCONdy_fdd",42,"fdd","RaMCONdy","RaMCONdy_fdd","Mixed Conifer - Eastside Dry",1
"4_41_23_98029",2,65,370,651,1126,1707020303,"17070202","OBM","RaPIPOm_fdp_1707020303","RaPIPOm","RaPIPOm_fdp",52,"fdp","RaPIPOm","RaPIPOm_fdp","Dry Ponderosa Pine - Mesic",1
"4_41_23_96833",2,65,371,670,929,1707020304,"17070202","OBM","RaMCONdy_fdd_1707020304","RaMCONdy","RaMCONdy_fdd",42,"fdd","RaMCONdy","RaMCONdy_fdd","Mixed Conifer - Eastside Dry",1
"4_41_23_98330",2,65,371,670,961,1707020304,"17070202","OBM","RaMCONdy_fdd_1707020304","RaMCONdy","RaMCONdy_fdd",42,"fdd","RaMCONdy","RaMCONdy_fdd","Mixed Conifer - Eastside Dry",1
"4_41_23_87524",2,65,371,671,887,1707020304,"17070202","OBM","RaPIPOm_fdp_1707020304","RaPIPOm","RaPIPOm_fdp",52,"fdp","RaPIPOm","RaPIPOm_fdp","Dry Ponderosa Pine - Mesic",1
"4_41_23_82737",2,65,371,2072,1381,1707020304,"17070202","OBM","RaMCONms_fcm_17070203","RaMCONms","RaMCONms_fcm",22,"fcm","RaMCONms","RaMCONms_fcm","Mixed Conifer - Eastside Mesic",3
"4_41_23_69173",2,65,371,2072,1127,1707020304,"17070202","OBM","RaMCONms_fcm_17070203","RaMCONms","RaMCONms_fcm",22,"fcm","RaMCONms","RaMCONms_fcm","Mixed Conifer - Eastside Mesic",3
"4_41_23_89414",2,65,371,2072,1882,1707020304,"17070202","OBM","RaMCONms_fcm_17070203","RaMCONms","RaMCONms_fcm",22,"fcm","RaMCONms","RaMCONms_fcm","Mixed Conifer - Eastside Mesic",3
"4_41_23_50609",2,63,351,774,740,1707020108,"17070106","OBM","RaMCONdy_fdg_1707020108","RaMCONdy","RaMCONdy_fdg",23,"fdg","RaMCONdy","RaMCONdy_fdg","Mixed Conifer - Eastside Dry",1
"4_41_23_69485",2,63,351,772,654,1707020108,"17070106","OBM","RaMCONdy_fdd_1707020108","RaMCONdy","RaMCONdy_fdd",42,"fdd","RaMCONdy","RaMCONdy_fdd","Mixed Conifer - Eastside Dry",1
"4_41_23_66236",2,63,351,773,1241,1707020108,"17070106","OBM","RaPIPOm_fdp_1707020108","RaPIPOm","RaPIPOm_fdp",52,"fdp","RaPIPOm","RaPIPOm_fdp","Dry Ponderosa Pine - Mesic",1
"4_41_23_56551",2,63,351,772,740,1707020108,"17070106","OBM","RaMCONdy_fdd_1707020108","RaMCONdy","RaMCONdy_fdd",42,"fdd","RaMCONdy","RaMCONdy_fdd","Mixed Conifer - Eastside Dry",1
"8_53_47_86981",12,13,47,59,1432,1702000402,"17020003","WNE","RaMCONdy_fdd_1702000402","RaMCONdy","RaMCONdy_fdd",42,"fdd","RaMCONdy","RaMCONdy_fdd","Mixed Conifer - Eastside Dry",1
"4_41_23_83064",2,63,350,856,1720,1707020107,"17070106","OBM","RaMCONdy_fdd_1707020107","RaMCONdy","RaMCONdy_fdd",42,"fdd","RaMCONdy","RaMCONdy_fdd","Mixed Conifer - Eastside Dry",1
"4_41_23_90231",2,63,350,856,1329,1707020107,"17070106","OBM","RaMCONdy_fdd_1707020107","RaMCONdy","RaMCONdy_fdd",42,"fdd","RaMCONdy","RaMCONdy_fdd","Mixed Conifer - Eastside Dry",1
"4_41_23_92067",2,148,818,902,918,1712000201,"17120001","OBM","RaPIPOm_fdp_1712000201","RaPIPOm","RaPIPOm_fdp",52,"fdp","RaPIPOm","RaPIPOm_fdp","Dry Ponderosa Pine - Mesic",1
"8_53_47_73075",12,13,47,59,1448,1702000402,"17020003","WNE","RaMCONdy_fdd_1702000402","RaMCONdy","RaMCONdy_fdd",42,"fdd","RaMCONdy","RaMCONdy_fdd","Mixed Conifer - Eastside Dry",1
"4_41_23_79851",2,148,820,2136,689,1712000203,"17120001","OBM","RaPIPOxe_fxp_17120002","RaPIPOxe","RaPIPOxe_fxp",56,"fxp","RaPIPOxe","RaPIPOxe_fxp","Ponderosa Pine - Xeric",3
"4_41_23_87947",2,148,820,2136,895,1712000203,"17120001","OBM","RaPIPOxe_fxp_17120002","RaPIPOxe","RaPIPOxe_fxp",56,"fxp","RaPIPOxe","RaPIPOxe_fxp","Ponderosa Pine - Xeric",3
"4_41_25_94353",2,148,820,2136,1325,1712000203,"17120001","OBM","RaPIPOxe_fxp_17120002","RaPIPOxe","RaPIPOxe_fxp",56,"fxp","RaPIPOxe","RaPIPOxe_fxp","Ponderosa Pine - Xeric",3
"4_41_25_70524",2,148,821,2136,1691,1712000204,"17120001","OBM","RaPIPOxe_fxp_17120002","RaPIPOxe","RaPIPOxe_fxp",56,"fxp","RaPIPOxe","RaPIPOxe_fxp","Ponderosa Pine - Xeric",3
"4_41_25_95585",2,148,820,2136,1483,1712000203,"17120001","OBM","RaPIPOxe_fxp_17120002","RaPIPOxe","RaPIPOxe_fxp",56,"fxp","RaPIPOxe","RaPIPOxe_fxp","Ponderosa Pine - Xeric",3
"8_53_47_82291",12,13,47,59,1869,1702000402,"17020003","WNE","RaMCONdy_fdd_1702000402","RaMCONdy","RaMCONdy_fdd",42,"fdd","RaMCONdy","RaMCONdy_fdd","Mixed Conifer - Eastside Dry",1
"4_41_25_75267",2,148,821,2136,1927,1712000204,"17120001","OBM","RaPIPOxe_fxp_17120002","RaPIPOxe","RaPIPOxe_fxp",56,"fxp","RaPIPOxe","RaPIPOxe_fxp","Ponderosa Pine - Xeric",3
"4_41_25_66886",2,148,820,2136,1447,1712000203,"17120001","OBM","RaPIPOxe_fxp_17120002","RaPIPOxe","RaPIPOxe_fxp",56,"fxp","RaPIPOxe","RaPIPOxe_fxp","Ponderosa Pine - Xeric",3
"4_41_25_74384",2,147,811,2157,1881,1712000101,"17110021","OBM","RaPIPOxe_fxp_17120001","RaPIPOxe","RaPIPOxe_fxp",56,"fxp","RaPIPOxe","RaPIPOxe_fxp","Ponderosa Pine - Xeric",3
"4_41_25_68366",2,147,811,2157,2236,1712000101,"17110021","OBM","RaPIPOxe_fxp_17120001","RaPIPOxe","RaPIPOxe_fxp",56,"fxp","RaPIPOxe","RaPIPOxe_fxp","Ponderosa Pine - Xeric",3
"8_53_47_59459",12,13,47,59,2031,1702000402,"17020003","WNE","RaMCONdy_fdd_1702000402","RaMCONdy","RaMCONdy_fdd",42,"fdd","RaMCONdy","RaMCONdy_fdd","Mixed Conifer - Eastside Dry",1
"8_53_47_60581",12,13,47,59,2320,1702000402,"17020003","WNE","RaMCONdy_fdd_1702000402","RaMCONdy","RaMCONdy_fdd",42,"fdd","RaMCONdy","RaMCONdy_fdd","Mixed Conifer - Eastside Dry",1
"8_53_47_63837",12,11,37,23,929,1702000212,"17020001","WNE","RaMCONdy_fdd_1702000212","RaMCONdy","RaMCONdy_fdd",42,"fdd","RaMCONdy","RaMCONdy_fdd","Mixed Conifer - Eastside Dry",1
"8_53_47_89110",12,13,47,59,1249,1702000402,"17020003","WNE","RaMCONdy_fdd_1702000402","RaMCONdy","RaMCONdy_fdd",42,"fdd","RaMCONdy","RaMCONdy_fdd","Mixed Conifer - Eastside Dry",1
"8_53_47_94657",12,13,47,59,1063,1702000402,"17020003","WNE","RaMCONdy_fdd_1702000402","RaMCONdy","RaMCONdy_fdd",42,"fdd","RaMCONdy","RaMCONdy_fdd","Mixed Conifer - Eastside Dry",1
"4_41_25_99417",5,154,879,2230,10,1712000808,"17120007","OSE","RaPIPOxe_fxp_17120008","RaPIPOxe","RaPIPOxe_fxp",56,"fxp","RaPIPOxe","RaPIPOxe_fxp","Ponderosa Pine - Xeric",3
"8_53_47_71921",12,14,50,87,917,1702000501,"17020004","WNE","RaMCONdy_fdd_1702000501","RaMCONdy","RaMCONdy_fdd",42,"fdd","RaMCONdy","RaMCONdy_fdd","Mixed Conifer - Eastside Dry",1
"8_53_47_81756",12,11,37,23,2556,1702000212,"17020001","WNE","RaMCONdy_fdd_1702000212","RaMCONdy","RaMCONdy_fdd",42,"fdd","RaMCONdy","RaMCONdy_fdd","Mixed Conifer - Eastside Dry",1
"8_53_47_94207",12,11,37,23,2496,1702000212,"17020001","WNE","RaMCONdy_fdd_1702000212","RaMCONdy","RaMCONdy_fdd",42,"fdd","RaMCONdy","RaMCONdy_fdd","Mixed Conifer - Eastside Dry",1
"8_53_47_65827",12,11,37,2283,1376,1702000212,"17020001","WNE","RaSPFI_fcd_WNE","RaSPFI","RaSPFI_fcd",9,"fcd","RaSPFI","RaSPFI_fcd","Spruce - Fir",4
"8_53_47_64448",12,13,46,51,1580,1702000401,"17020003","WNE","RaMCONdy_fdd_1702000401","RaMCONdy","RaMCONdy_fdd",42,"fdd","RaMCONdy","RaMCONdy_fdd","Mixed Conifer - Eastside Dry",1
"4_41_59_79551",2,57,315,2007,1338,1707010306,"17070102","OBM","RaMCONms_fcm_17070103","RaMCONms","RaMCONms_fcm",22,"fcm","RaMCONms","RaMCONms_fcm","Mixed Conifer - Eastside Mesic",3
"4_41_59_86062",2,64,363,538,614,1707020206,"17070201","OBM","RaPIPOm_fdp_1707020206","RaPIPOm","RaPIPOm_fdp",52,"fdp","RaPIPOm","RaPIPOm_fdp","Dry Ponderosa Pine - Mesic",1
"4_41_23_52564",2,64,364,558,832,1707020207,"17070201","OBM","RaMCONdy_fdd_1707020207","RaMCONdy","RaMCONdy_fdd",42,"fdd","RaMCONdy","RaMCONdy_fdd","Mixed Conifer - Eastside Dry",1
"4_41_23_71288",2,64,364,558,845,1707020207,"17070201","OBM","RaMCONdy_fdd_1707020207","RaMCONdy","RaMCONdy_fdd",42,"fdd","RaMCONdy","RaMCONdy_fdd","Mixed Conifer - Eastside Dry",1
"8_53_47_58252",12,13,46,51,1401,1702000401,"17020003","WNE","RaMCONdy_fdd_1702000401","RaMCONdy","RaMCONdy_fdd",42,"fdd","RaMCONdy","RaMCONdy_fdd","Mixed Conifer - Eastside Dry",1
"4_41_23_84039",2,64,364,564,1760,1707020207,"17070201","OBM","RaPIPOm_fdp_1707020207","RaPIPOm","RaPIPOm_fdp",52,"fdp","RaPIPOm","RaPIPOm_fdp","Dry Ponderosa Pine - Mesic",1
"4_41_23_83192",2,65,370,651,590,1707020303,"17070202","OBM","RaPIPOm_fdp_1707020303","RaPIPOm","RaPIPOm_fdp",52,"fdp","RaPIPOm","RaPIPOm_fdp","Dry Ponderosa Pine - Mesic",1
"8_53_47_96535",12,13,46,2283,602,1702000401,"17020003","WNE","RaSPFI_fcd_WNE","RaSPFI","RaSPFI_fcd",9,"fcd","RaSPFI","RaSPFI_fcd","Spruce - Fir",4
"9_53_19_90612",12,13,46,51,1961,1702000401,"17020003","WNE","RaMCONdy_fdd_1702000401","RaMCONdy","RaMCONdy_fdd",42,"fdd","RaMCONdy","RaMCONdy_fdd","Mixed Conifer - Eastside Dry",1
"4_41_23_69842",2,65,371,671,1247,1707020304,"17070202","OBM","RaPIPOm_fdp_1707020304","RaPIPOm","RaPIPOm_fdp",52,"fdp","RaPIPOm","RaPIPOm_fdp","Dry Ponderosa Pine - Mesic",1
"4_41_23_93896",2,65,371,671,777,1707020304,"17070202","OBM","RaPIPOm_fdp_1707020304","RaPIPOm","RaPIPOm_fdp",52,"fdp","RaPIPOm","RaPIPOm_fdp","Dry Ponderosa Pine - Mesic",1
"4_41_23_86760",2,65,371,2318,2295,1707020304,"17070202","OBM","RaSPFI_fcd_OBM","RaSPFI","RaSPFI_fcd",9,"fcd","RaSPFI","RaSPFI_fcd","Spruce - Fir",4
"4_41_23_60333",2,65,371,2072,1590,1707020304,"17070202","OBM","RaMCONms_fcm_17070203","RaMCONms","RaMCONms_fcm",22,"fcm","RaMCONms","RaMCONms_fcm","Mixed Conifer - Eastside Mesic",3
"4_41_23_71966",2,63,351,774,1578,1707020108,"17070106","OBM","RaMCONdy_fdg_1707020108","RaMCONdy","RaMCONdy_fdg",23,"fdg","RaMCONdy","RaMCONdy_fdg","Mixed Conifer - Eastside Dry",1
"4_41_23_57254",2,63,351,774,976,1707020108,"17070106","OBM","RaMCONdy_fdg_1707020108","RaMCONdy","RaMCONdy_fdg",23,"fdg","RaMCONdy","RaMCONdy_fdg","Mixed Conifer - Eastside Dry",1
"4_41_23_63147",2,63,351,772,950,1707020108,"17070106","OBM","RaMCONdy_fdd_1707020108","RaMCONdy","RaMCONdy_fdd",42,"fdd","RaMCONdy","RaMCONdy_fdd","Mixed Conifer - Eastside Dry",1
"4_41_23_86499",2,63,349,769,17,1707020106,"17070106","OBM","RaMCONdy_fdd_1707020106","RaMCONdy","RaMCONdy_fdd",42,"fdd","RaMCONdy","RaMCONdy_fdd","Mixed Conifer - Eastside Dry",1
"9_53_19_97790",12,13,46,51,2451,1702000401,"17020003","WNE","RaMCONdy_fdd_1702000401","RaMCONdy","RaMCONdy_fdd",42,"fdd","RaMCONdy","RaMCONdy_fdd","Mixed Conifer - Eastside Dry",1
"4_41_23_50333",2,63,350,856,660,1707020107,"17070106","OBM","RaMCONdy_fdd_1707020107","RaMCONdy","RaMCONdy_fdd",42,"fdd","RaMCONdy","RaMCONdy_fdd","Mixed Conifer - Eastside Dry",1
"4_41_23_96489",2,148,818,900,1642,1712000201,"17120001","OBM","RaMCONdy_fdg_1712000201","RaMCONdy","RaMCONdy_fdg",23,"fdg","RaMCONdy","RaMCONdy_fdg","Mixed Conifer - Eastside Dry",1
"4_41_23_77736",2,148,819,914,538,1712000202,"17120001","OBM","RaPIPOm_fdp_1712000202","RaPIPOm","RaPIPOm_fdp",52,"fdp","RaPIPOm","RaPIPOm_fdp","Dry Ponderosa Pine - Mesic",1
"9_53_19_57459",12,13,46,51,2112,1702000401,"17020003","WNE","RaMCONdy_fdd_1702000401","RaMCONdy","RaMCONdy_fdd",42,"fdd","RaMCONdy","RaMCONdy_fdd","Mixed Conifer - Eastside Dry",1
"4_41_23_76931",2,148,820,2136,1149,1712000203,"17120001","OBM","RaPIPOxe_fxp_17120002","RaPIPOxe","RaPIPOxe_fxp",56,"fxp","RaPIPOxe","RaPIPOxe_fxp","Ponderosa Pine - Xeric",3
"4_41_23_66986",2,148,820,2136,774,1712000203,"17120001","OBM","RaPIPOxe_fxp_17120002","RaPIPOxe","RaPIPOxe_fxp",56,"fxp","RaPIPOxe","RaPIPOxe_fxp","Ponderosa Pine - Xeric",3
"4_41_23_99224",2,148,820,2136,1307,1712000203,"17120001","OBM","RaPIPOxe_fxp_17120002","RaPIPOxe","RaPIPOxe_fxp",56,"fxp","RaPIPOxe","RaPIPOxe_fxp","Ponderosa Pine - Xeric",3
"4_41_25_80962",2,148,820,2136,1612,1712000203,"17120001","OBM","RaPIPOxe_fxp_17120002","RaPIPOxe","RaPIPOxe_fxp",56,"fxp","RaPIPOxe","RaPIPOxe_fxp","Ponderosa Pine - Xeric",3
"9_53_19_58729",12,13,47,59,2441,1702000402,"17020003","WNE","RaMCONdy_fdd_1702000402","RaMCONdy","RaMCONdy_fdd",42,"fdd","RaMCONdy","RaMCONdy_fdd","Mixed Conifer - Eastside Dry",1
"4_41_25_71183",2,148,820,2136,2973,1712000203,"17120001","OBM","RaPIPOxe_fxp_17120002","RaPIPOxe","RaPIPOxe_fxp",56,"fxp","RaPIPOxe","RaPIPOxe_fxp","Ponderosa Pine - Xeric",3
"4_41_25_69942",2,148,820,2136,2579,1712000203,"17120001","OBM","RaPIPOxe_fxp_17120002","RaPIPOxe","RaPIPOxe_fxp",56,"fxp","RaPIPOxe","RaPIPOxe_fxp","Ponderosa Pine - Xeric",3
"4_41_25_80306",2,147,811,1047,1914,1712000101,"17110021","OBM","RaPIPOm_fdp_1712000101","RaPIPOm","RaPIPOm_fdp",52,"fdp","RaPIPOm","RaPIPOm_fdp","Dry Ponderosa Pine - Mesic",1
"4_41_25_69302",2,147,811,1047,2727,1712000101,"17110021","OBM","RaPIPOm_fdp_1712000101","RaPIPOm","RaPIPOm_fdp",52,"fdp","RaPIPOm","RaPIPOm_fdp","Dry Ponderosa Pine - Mesic",1
"4_41_25_98351",2,147,811,1047,400,1712000101,"17110021","OBM","RaPIPOm_fdp_1712000101","RaPIPOm","RaPIPOm_fdp",52,"fdp","RaPIPOm","RaPIPOm_fdp","Dry Ponderosa Pine - Mesic",1
"9_53_19_83682",12,13,47,59,2479,1702000402,"17020003","WNE","RaMCONdy_fdd_1702000402","RaMCONdy","RaMCONdy_fdd",42,"fdd","RaMCONdy","RaMCONdy_fdd","Mixed Conifer - Eastside Dry",1
"8_53_47_53451",12,11,37,23,1278,1702000212,"17020001","WNE","RaMCONdy_fdd_1702000212","RaMCONdy","RaMCONdy_fdd",42,"fdd","RaMCONdy","RaMCONdy_fdd","Mixed Conifer - Eastside Dry",1
"8_53_47_93975",12,11,36,15,1162,1702000209,"17020001","WNE","RaMCONdy_fdd_1702000209","RaMCONdy","RaMCONdy_fdd",42,"fdd","RaMCONdy","RaMCONdy_fdd","Mixed Conifer - Eastside Dry",1
"8_53_47_92256",12,13,47,59,3158,1702000402,"17020003","WNE","RaMCONdy_fdd_1702000402","RaMCONdy","RaMCONdy_fdd",42,"fdd","RaMCONdy","RaMCONdy_fdd","Mixed Conifer - Eastside Dry",1
"4_41_25_66581",2,147,815,2157,10,1712000105,"17110021","OBM","RaPIPOxe_fxp_17120001","RaPIPOxe","RaPIPOxe_fxp",56,"fxp","RaPIPOxe","RaPIPOxe_fxp","Ponderosa Pine - Xeric",3
"8_53_47_71809",12,13,47,59,1312,1702000402,"17020003","WNE","RaMCONdy_fdd_1702000402","RaMCONdy","RaMCONdy_fdd",42,"fdd","RaMCONdy","RaMCONdy_fdd","Mixed Conifer - Eastside Dry",1
"8_53_47_74397",12,14,50,87,2272,1702000501,"17020004","WNE","RaMCONdy_fdd_1702000501","RaMCONdy","RaMCONdy_fdd",42,"fdd","RaMCONdy","RaMCONdy_fdd","Mixed Conifer - Eastside Dry",1
"8_53_47_66505",12,14,50,87,2051,1702000501,"17020004","WNE","RaMCONdy_fdd_1702000501","RaMCONdy","RaMCONdy_fdd",42,"fdd","RaMCONdy","RaMCONdy_fdd","Mixed Conifer - Eastside Dry",1
"8_53_47_61139",12,14,50,87,705,1702000501,"17020004","WNE","RaMCONdy_fdd_1702000501","RaMCONdy","RaMCONdy_fdd",42,"fdd","RaMCONdy","RaMCONdy_fdd","Mixed Conifer - Eastside Dry",1
"8_53_47_94047",12,14,51,103,176,1702000502,"17020004","WNE","RaMCONdy_fmd_1702000502","RaMCONdy","RaMCONdy_fmd",28,"fmd","RaMCONdy","RaMCONdy_fmd","Mixed Conifer - Eastside Dry",1
"8_53_47_79974",12,11,37,23,1801,1702000212,"17020001","WNE","RaMCONdy_fdd_1702000212","RaMCONdy","RaMCONdy_fdd",42,"fdd","RaMCONdy","RaMCONdy_fdd","Mixed Conifer - Eastside Dry",1
"8_53_47_62615",12,11,37,23,1335,1702000212,"17020001","WNE","RaMCONdy_fdd_1702000212","RaMCONdy","RaMCONdy_fdd",42,"fdd","RaMCONdy","RaMCONdy_fdd","Mixed Conifer - Eastside Dry",1
"8_53_47_58479",12,11,37,2283,1463,1702000212,"17020001","WNE","RaSPFI_fcd_WNE","RaSPFI","RaSPFI_fcd",9,"fcd","RaSPFI","RaSPFI_fcd","Spruce - Fir",4
"9_53_19_80489",12,11,38,2283,759,1702000213,"17020001","WNE","RaSPFI_fcd_WNE","RaSPFI","RaSPFI_fcd",9,"fcd","RaSPFI","RaSPFI_fcd","Spruce - Fir",4
"9_53_19_59711",12,13,46,51,927,1702000401,"17020003","WNE","RaMCONdy_fdd_1702000401","RaMCONdy","RaMCONdy_fdd",42,"fdd","RaMCONdy","RaMCONdy_fdd","Mixed Conifer - Eastside Dry",1
"9_53_19_63316",12,13,46,51,1179,1702000401,"17020003","WNE","RaMCONdy_fdd_1702000401","RaMCONdy","RaMCONdy_fdd",42,"fdd","RaMCONdy","RaMCONdy_fdd","Mixed Conifer - Eastside Dry",1
"9_53_19_65994",12,13,46,51,1016,1702000401,"17020003","WNE","RaMCONdy_fdd_1702000401","RaMCONdy","RaMCONdy_fdd",42,"fdd","RaMCONdy","RaMCONdy_fdd","Mixed Conifer - Eastside Dry",1
"4_41_59_76479",2,57,315,2007,786,1707010306,"17070102","OBM","RaMCONms_fcm_17070103","RaMCONms","RaMCONms_fcm",22,"fcm","RaMCONms","RaMCONms_fcm","Mixed Conifer - Eastside Mesic",3
"4_41_59_62173",2,64,363,522,1320,1707020206,"17070201","OBM","RaMCONdy_fdd_1707020206","RaMCONdy","RaMCONdy_fdd",42,"fdd","RaMCONdy","RaMCONdy_fdd","Mixed Conifer - Eastside Dry",1
"4_41_59_55362",2,57,315,2007,1273,1707010306,"17070102","OBM","RaMCONms_fcm_17070103","RaMCONms","RaMCONms_fcm",22,"fcm","RaMCONms","RaMCONms_fcm","Mixed Conifer - Eastside Mesic",3
"9_53_19_67007",12,13,46,51,1249,1702000401,"17020003","WNE","RaMCONdy_fdd_1702000401","RaMCONdy","RaMCONdy_fdd",42,"fdd","RaMCONdy","RaMCONdy_fdd","Mixed Conifer - Eastside Dry",1
"4_41_59_59845",2,64,363,522,533,1707020206,"17070201","OBM","RaMCONdy_fdd_1707020206","RaMCONdy","RaMCONdy_fdd",42,"fdd","RaMCONdy","RaMCONdy_fdd","Mixed Conifer - Eastside Dry",1
"4_41_59_58071",2,64,363,522,1059,1707020206,"17070201","OBM","RaMCONdy_fdd_1707020206","RaMCONdy","RaMCONdy_fdd",42,"fdd","RaMCONdy","RaMCONdy_fdd","Mixed Conifer - Eastside Dry",1
"4_41_23_88761",2,64,361,623,1556,1707020204,"17070201","OBM","RaMCONdy_fdd_1707020204","RaMCONdy","RaMCONdy_fdd",42,"fdd","RaMCONdy","RaMCONdy_fdd","Mixed Conifer - Eastside Dry",1
"9_53_19_96137",12,13,46,51,1185,1702000401,"17020003","WNE","RaMCONdy_fdd_1702000401","RaMCONdy","RaMCONdy_fdd",42,"fdd","RaMCONdy","RaMCONdy_fdd","Mixed Conifer - Eastside Dry",1
"4_41_23_75275",2,64,364,2053,2512,1707020207,"17070201","OBM","RaMCONms_fcm_17070202","RaMCONms","RaMCONms_fcm",22,"fcm","RaMCONms","RaMCONms_fcm","Mixed Conifer - Eastside Mesic",3
"4_41_23_61930",2,64,364,2053,1134,1707020207,"17070201","OBM","RaMCONms_fcm_17070202","RaMCONms","RaMCONms_fcm",22,"fcm","RaMCONms","RaMCONms_fcm","Mixed Conifer - Eastside Mesic",3
"4_41_23_59392",2,65,370,2072,760,1707020303,"17070202","OBM","RaMCONms_fcm_17070203","RaMCONms","RaMCONms_fcm",22,"fcm","RaMCONms","RaMCONms_fcm","Mixed Conifer - Eastside Mesic",3
"4_41_23_74227",2,65,370,651,1141,1707020303,"17070202","OBM","RaPIPOm_fdp_1707020303","RaPIPOm","RaPIPOm_fdp",52,"fdp","RaPIPOm","RaPIPOm_fdp","Dry Ponderosa Pine - Mesic",1
"4_41_23_94631",2,65,370,651,1216,1707020303,"17070202","OBM","RaPIPOm_fdp_1707020303","RaPIPOm","RaPIPOm_fdp",52,"fdp","RaPIPOm","RaPIPOm_fdp","Dry Ponderosa Pine - Mesic",1
"4_41_23_50621",2,65,370,652,884,1707020303,"17070202","OBM","RaMCONdy_fdd_1707020303","RaMCONdy","RaMCONdy_fdd",42,"fdd","RaMCONdy","RaMCONdy_fdd","Mixed Conifer - Eastside Dry",1
"4_41_23_95246",2,65,370,2072,1232,1707020303,"17070202","OBM","RaMCONms_fcm_17070203","RaMCONms","RaMCONms_fcm",22,"fcm","RaMCONms","RaMCONms_fcm","Mixed Conifer - Eastside Mesic",3
"4_41_23_84948",2,65,370,652,889,1707020303,"17070202","OBM","RaMCONdy_fdd_1707020303","RaMCONdy","RaMCONdy_fdd",42,"fdd","RaMCONdy","RaMCONdy_fdd","Mixed Conifer - Eastside Dry",1
"4_41_23_60956",2,65,369,719,1541,1707020302,"17070202","OBM","RaMCONdy_fdd_1707020302","RaMCONdy","RaMCONdy_fdd",42,"fdd","RaMCONdy","RaMCONdy_fdd","Mixed Conifer - Eastside Dry",1
"4_41_23_65315",2,65,369,2072,1878,1707020302,"17070202","OBM","RaMCONms_fcm_17070203","RaMCONms","RaMCONms_fcm",22,"fcm","RaMCONms","RaMCONms_fcm","Mixed Conifer - Eastside Mesic",3
"4_41_23_71520",2,65,369,2072,1585,1707020302,"17070202","OBM","RaMCONms_fcm_17070203","RaMCONms","RaMCONms_fcm",22,"fcm","RaMCONms","RaMCONms_fcm","Mixed Conifer - Eastside Mesic",3
"4_41_23_78633",2,65,369,2072,1294,1707020302,"17070202","OBM","RaMCONms_fcm_17070203","RaMCONms","RaMCONms_fcm",22,"fcm","RaMCONms","RaMCONms_fcm","Mixed Conifer - Eastside Mesic",3
"4_41_23_63445",2,63,351,2091,1669,1707020108,"17070106","OBM","RaMCONms_fcm_17070201","RaMCONms","RaMCONms_fcm",22,"fcm","RaMCONms","RaMCONms_fcm","Mixed Conifer - Eastside Mesic",3
"4_41_23_77213",2,63,351,774,1408,1707020108,"17070106","OBM","RaMCONdy_fdg_1707020108","RaMCONdy","RaMCONdy_fdg",23,"fdg","RaMCONdy","RaMCONdy_fdg","Mixed Conifer - Eastside Dry",1
"4_41_23_76216",2,63,351,772,1395,1707020108,"17070106","OBM","RaMCONdy_fdd_1707020108","RaMCONdy","RaMCONdy_fdd",42,"fdd","RaMCONdy","RaMCONdy_fdd","Mixed Conifer - Eastside Dry",1
"9_53_19_64231",12,13,46,51,2084,1702000401,"17020003","WNE","RaMCONdy_fdd_1702000401","RaMCONdy","RaMCONdy_fdd",42,"fdd","RaMCONdy","RaMCONdy_fdd","Mixed Conifer - Eastside Dry",1
"4_41_23_65491",2,63,349,769,1542,1707020106,"17070106","OBM","RaMCONdy_fdd_1707020106","RaMCONdy","RaMCONdy_fdd",42,"fdd","RaMCONdy","RaMCONdy_fdd","Mixed Conifer - Eastside Dry",1
"4_41_23_66238",2,63,350,866,1440,1707020107,"17070106","OBM","RaMCONdy_fdg_1707020107","RaMCONdy","RaMCONdy_fdg",23,"fdg","RaMCONdy","RaMCONdy_fdg","Mixed Conifer - Eastside Dry",1
"4_41_23_61397",2,63,350,856,1724,1707020107,"17070106","OBM","RaMCONdy_fdd_1707020107","RaMCONdy","RaMCONdy_fdd",42,"fdd","RaMCONdy","RaMCONdy_fdd","Mixed Conifer - Eastside Dry",1
"4_41_23_98053",2,63,350,856,1152,1707020107,"17070106","OBM","RaMCONdy_fdd_1707020107","RaMCONdy","RaMCONdy_fdd",42,"fdd","RaMCONdy","RaMCONdy_fdd","Mixed Conifer - Eastside Dry",1
"9_53_19_69197",12,13,46,51,2362,1702000401,"17020003","WNE","RaMCONdy_fdd_1702000401","RaMCONdy","RaMCONdy_fdd",42,"fdd","RaMCONdy","RaMCONdy_fdd","Mixed Conifer - Eastside Dry",1
"4_41_23_72949",2,148,819,914,1497,1712000202,"17120001","OBM","RaPIPOm_fdp_1712000202","RaPIPOm","RaPIPOm_fdp",52,"fdp","RaPIPOm","RaPIPOm_fdp","Dry Ponderosa Pine - Mesic",1
"4_41_23_73459",2,148,819,914,2052,1712000202,"17120001","OBM","RaPIPOm_fdp_1712000202","RaPIPOm","RaPIPOm_fdp",52,"fdp","RaPIPOm","RaPIPOm_fdp","Dry Ponderosa Pine - Mesic",1
"4_41_23_73273",2,148,820,2136,1300,1712000203,"17120001","OBM","RaPIPOxe_fxp_17120002","RaPIPOxe","RaPIPOxe_fxp",56,"fxp","RaPIPOxe","RaPIPOxe_fxp","Ponderosa Pine - Xeric",3
"4_41_25_51112",2,148,820,2136,534,1712000203,"17120001","OBM","RaPIPOxe_fxp_17120002","RaPIPOxe","RaPIPOxe_fxp",56,"fxp","RaPIPOxe","RaPIPOxe_fxp","Ponderosa Pine - Xeric",3
"9_53_19_72100",12,13,46,51,1897,1702000401,"17020003","WNE","RaMCONdy_fdd_1702000401","RaMCONdy","RaMCONdy_fdd",42,"fdd","RaMCONdy","RaMCONdy_fdd","Mixed Conifer - Eastside Dry",1
"4_41_25_84016",2,148,820,949,2651,1712000203,"17120001","OBM","RaPIPOm_fdp_1712000203","RaPIPOm","RaPIPOm_fdp",52,"fdp","RaPIPOm","RaPIPOm_fdp","Dry Ponderosa Pine - Mesic",1
"4_41_25_64842",2,148,820,952,1698,1712000203,"17120001","OBM","RaMCONdy_fdg_1712000203","RaMCONdy","RaMCONdy_fdg",23,"fdg","RaMCONdy","RaMCONdy_fdg","Mixed Conifer - Eastside Dry",1
"4_41_25_81184",2,147,811,1048,2451,1712000101,"17110021","OBM","RaMCONdy_fdg_1712000101","RaMCONdy","RaMCONdy_fdg",23,"fdg","RaMCONdy","RaMCONdy_fdg","Mixed Conifer - Eastside Dry",1
"4_41_25_83228",2,147,811,1047,2726,1712000101,"17110021","OBM","RaPIPOm_fdp_1712000101","RaPIPOm","RaPIPOm_fdp",52,"fdp","RaPIPOm","RaPIPOm_fdp","Dry Ponderosa Pine - Mesic",1
"9_53_19_57919",12,13,47,59,1984,1702000402,"17020003","WNE","RaMCONdy_fdd_1702000402","RaMCONdy","RaMCONdy_fdd",42,"fdd","RaMCONdy","RaMCONdy_fdd","Mixed Conifer - Eastside Dry",1
"9_53_19_51524",12,11,37,23,1003,1702000212,"17020001","WNE","RaMCONdy_fdd_1702000212","RaMCONdy","RaMCONdy_fdd",42,"fdd","RaMCONdy","RaMCONdy_fdd","Mixed Conifer - Eastside Dry",1
"9_53_19_62287",12,13,47,59,2705,1702000402,"17020003","WNE","RaMCONdy_fdd_1702000402","RaMCONdy","RaMCONdy_fdd",42,"fdd","RaMCONdy","RaMCONdy_fdd","Mixed Conifer - Eastside Dry",1
"4_41_25_74356",5,154,879,2230,7,1712000808,"17120007","OSE","RaPIPOxe_fxp_17120008","RaPIPOxe","RaPIPOxe_fxp",56,"fxp","RaPIPOxe","RaPIPOxe_fxp","Ponderosa Pine - Xeric",3
"9_53_19_63481",12,14,50,87,1546,1702000501,"17020004","WNE","RaMCONdy_fdd_1702000501","RaMCONdy","RaMCONdy_fdd",42,"fdd","RaMCONdy","RaMCONdy_fdd","Mixed Conifer - Eastside Dry",1
"9_53_19_59505",12,11,37,23,2124,1702000212,"17020001","WNE","RaMCONdy_fdd_1702000212","RaMCONdy","RaMCONdy_fdd",42,"fdd","RaMCONdy","RaMCONdy_fdd","Mixed Conifer - Eastside Dry",1
"9_53_19_68944",12,14,50,87,1323,1702000501,"17020004","WNE","RaMCONdy_fdd_1702000501","RaMCONdy","RaMCONdy_fdd",42,"fdd","RaMCONdy","RaMCONdy_fdd","Mixed Conifer - Eastside Dry",1
"9_53_19_98997",12,11,37,23,1187,1702000212,"17020001","WNE","RaMCONdy_fdd_1702000212","RaMCONdy","RaMCONdy_fdd",42,"fdd","RaMCONdy","RaMCONdy_fdd","Mixed Conifer - Eastside Dry",1
"9_53_19_55694",12,11,37,23,1694,1702000212,"17020001","WNE","RaMCONdy_fdd_1702000212","RaMCONdy","RaMCONdy_fdd",42,"fdd","RaMCONdy","RaMCONdy_fdd","Mixed Conifer - Eastside Dry",1
"9_53_19_83619",12,11,39,2283,1339,1702000217,"17020001","WNE","RaSPFI_fcd_WNE","RaSPFI","RaSPFI_fcd",9,"fcd","RaSPFI","RaSPFI_fcd","Spruce - Fir",4
"9_53_19_66920",12,11,39,2283,2495,1702000217,"17020001","WNE","RaSPFI_fcd_WNE","RaSPFI","RaSPFI_fcd",9,"fcd","RaSPFI","RaSPFI_fcd","Spruce - Fir",4
"9_53_19_57517",12,11,37,2283,1316,1702000212,"17020001","WNE","RaSPFI_fcd_WNE","RaSPFI","RaSPFI_fcd",9,"fcd","RaSPFI","RaSPFI_fcd","Spruce - Fir",4
"9_53_19_68286",12,11,38,37,1570,1702000213,"17020001","WNE","RaMCONdy_fdd_1702000213","RaMCONdy","RaMCONdy_fdd",42,"fdd","RaMCONdy","RaMCONdy_fdd","Mixed Conifer - Eastside Dry",1
"9_53_19_97498",12,13,46,51,1628,1702000401,"17020003","WNE","RaMCONdy_fdd_1702000401","RaMCONdy","RaMCONdy_fdd",42,"fdd","RaMCONdy","RaMCONdy_fdd","Mixed Conifer - Eastside Dry",1
"4_41_59_86787",2,57,315,2007,2176,1707010306,"17070102","OBM","RaMCONms_fcm_17070103","RaMCONms","RaMCONms_fcm",22,"fcm","RaMCONms","RaMCONms_fcm","Mixed Conifer - Eastside Mesic",3
"4_41_59_98602",2,57,315,2007,985,1707010306,"17070102","OBM","RaMCONms_fcm_17070103","RaMCONms","RaMCONms_fcm",22,"fcm","RaMCONms","RaMCONms_fcm","Mixed Conifer - Eastside Mesic",3
"4_41_59_56647",2,64,363,522,1182,1707020206,"17070201","OBM","RaMCONdy_fdd_1707020206","RaMCONdy","RaMCONdy_fdd",42,"fdd","RaMCONdy","RaMCONdy_fdd","Mixed Conifer - Eastside Dry",1
"4_41_59_76413",2,64,363,522,1087,1707020206,"17070201","OBM","RaMCONdy_fdd_1707020206","RaMCONdy","RaMCONdy_fdd",42,"fdd","RaMCONdy","RaMCONdy_fdd","Mixed Conifer - Eastside Dry",1
"4_41_59_75252",2,64,363,522,649,1707020206,"17070201","OBM","RaMCONdy_fdd_1707020206","RaMCONdy","RaMCONdy_fdd",42,"fdd","RaMCONdy","RaMCONdy_fdd","Mixed Conifer - Eastside Dry",1
"4_41_59_62935",2,64,363,538,858,1707020206,"17070201","OBM","RaPIPOm_fdp_1707020206","RaPIPOm","RaPIPOm_fdp",52,"fdp","RaPIPOm","RaPIPOm_fdp","Dry Ponderosa Pine - Mesic",1
"4_41_59_95733",2,64,363,522,1084,1707020206,"17070201","OBM","RaMCONdy_fdd_1707020206","RaMCONdy","RaMCONdy_fdd",42,"fdd","RaMCONdy","RaMCONdy_fdd","Mixed Conifer - Eastside Dry",1
"4_41_59_85568",2,64,363,522,632,1707020206,"17070201","OBM","RaMCONdy_fdd_1707020206","RaMCONdy","RaMCONdy_fdd",42,"fdd","RaMCONdy","RaMCONdy_fdd","Mixed Conifer - Eastside Dry",1
"4_41_23_67752",2,64,361,626,741,1707020204,"17070201","OBM","RaPIPOm_fdp_1707020204","RaPIPOm","RaPIPOm_fdp",52,"fdp","RaPIPOm","RaPIPOm_fdp","Dry Ponderosa Pine - Mesic",1
"9_53_19_82122",12,13,46,51,1067,1702000401,"17020003","WNE","RaMCONdy_fdd_1702000401","RaMCONdy","RaMCONdy_fdd",42,"fdd","RaMCONdy","RaMCONdy_fdd","Mixed Conifer - Eastside Dry",1
"4_41_23_75982",2,64,361,2053,2812,1707020204,"17070201","OBM","RaMCONms_fcm_17070202","RaMCONms","RaMCONms_fcm",22,"fcm","RaMCONms","RaMCONms_fcm","Mixed Conifer - Eastside Mesic",3
"4_41_23_85539",2,64,364,2053,1154,1707020207,"17070201","OBM","RaMCONms_fcm_17070202","RaMCONms","RaMCONms_fcm",22,"fcm","RaMCONms","RaMCONms_fcm","Mixed Conifer - Eastside Mesic",3
"4_41_23_70976",2,64,364,2053,1979,1707020207,"17070201","OBM","RaMCONms_fcm_17070202","RaMCONms","RaMCONms_fcm",22,"fcm","RaMCONms","RaMCONms_fcm","Mixed Conifer - Eastside Mesic",3
"4_41_23_83453",2,65,370,651,650,1707020303,"17070202","OBM","RaPIPOm_fdp_1707020303","RaPIPOm","RaPIPOm_fdp",52,"fdp","RaPIPOm","RaPIPOm_fdp","Dry Ponderosa Pine - Mesic",1
"4_41_23_70852",2,65,370,652,1082,1707020303,"17070202","OBM","RaMCONdy_fdd_1707020303","RaMCONdy","RaMCONdy_fdd",42,"fdd","RaMCONdy","RaMCONdy_fdd","Mixed Conifer - Eastside Dry",1
"4_41_23_89742",2,65,370,651,931,1707020303,"17070202","OBM","RaPIPOm_fdp_1707020303","RaPIPOm","RaPIPOm_fdp",52,"fdp","RaPIPOm","RaPIPOm_fdp","Dry Ponderosa Pine - Mesic",1
"4_41_23_93441",2,65,369,718,1839,1707020302,"17070202","OBM","RaMCONdy_fdg_1707020302","RaMCONdy","RaMCONdy_fdg",23,"fdg","RaMCONdy","RaMCONdy_fdg","Mixed Conifer - Eastside Dry",1
"4_41_23_85486",2,65,369,719,1776,1707020302,"17070202","OBM","RaMCONdy_fdd_1707020302","RaMCONdy","RaMCONdy_fdd",42,"fdd","RaMCONdy","RaMCONdy_fdd","Mixed Conifer - Eastside Dry",1
"4_41_23_62282",2,65,369,718,1904,1707020302,"17070202","OBM","RaMCONdy_fdg_1707020302","RaMCONdy","RaMCONdy_fdg",23,"fdg","RaMCONdy","RaMCONdy_fdg","Mixed Conifer - Eastside Dry",1
"4_41_23_95455",2,65,369,718,2426,1707020302,"17070202","OBM","RaMCONdy_fdg_1707020302","RaMCONdy","RaMCONdy_fdg",23,"fdg","RaMCONdy","RaMCONdy_fdg","Mixed Conifer - Eastside Dry",1
"4_41_23_96882",2,65,369,718,1323,1707020302,"17070202","OBM","RaMCONdy_fdg_1707020302","RaMCONdy","RaMCONdy_fdg",23,"fdg","RaMCONdy","RaMCONdy_fdg","Mixed Conifer - Eastside Dry",1
"4_41_23_84605",2,63,351,774,1483,1707020108,"17070106","OBM","RaMCONdy_fdg_1707020108","RaMCONdy","RaMCONdy_fdg",23,"fdg","RaMCONdy","RaMCONdy_fdg","Mixed Conifer - Eastside Dry",1
"9_53_19_98414",12,13,46,51,1311,1702000401,"17020003","WNE","RaMCONdy_fdd_1702000401","RaMCONdy","RaMCONdy_fdd",42,"fdd","RaMCONdy","RaMCONdy_fdd","Mixed Conifer - Eastside Dry",1
"4_41_23_57811",2,63,350,866,1226,1707020107,"17070106","OBM","RaMCONdy_fdg_1707020107","RaMCONdy","RaMCONdy_fdg",23,"fdg","RaMCONdy","RaMCONdy_fdg","Mixed Conifer - Eastside Dry",1
"4_41_23_77858",2,63,350,866,987,1707020107,"17070106","OBM","RaMCONdy_fdg_1707020107","RaMCONdy","RaMCONdy_fdg",23,"fdg","RaMCONdy","RaMCONdy_fdg","Mixed Conifer - Eastside Dry",1
"4_41_23_81113",2,63,350,866,1018,1707020107,"17070106","OBM","RaMCONdy_fdg_1707020107","RaMCONdy","RaMCONdy_fdg",23,"fdg","RaMCONdy","RaMCONdy_fdg","Mixed Conifer - Eastside Dry",1
"4_41_23_94510",2,63,350,2084,1104,1707020107,"17070106","OBM","RaPIPOxe_fxp_17070201","RaPIPOxe","RaPIPOxe_fxp",56,"fxp","RaPIPOxe","RaPIPOxe_fxp","Ponderosa Pine - Xeric",3
"4_41_23_88244",2,63,350,856,980,1707020107,"17070106","OBM","RaMCONdy_fdd_1707020107","RaMCONdy","RaMCONdy_fdd",42,"fdd","RaMCONdy","RaMCONdy_fdd","Mixed Conifer - Eastside Dry",1
"9_53_19_53841",12,13,46,51,2426,1702000401,"17020003","WNE","RaMCONdy_fdd_1702000401","RaMCONdy","RaMCONdy_fdd",42,"fdd","RaMCONdy","RaMCONdy_fdd","Mixed Conifer - Eastside Dry",1
"4_41_23_66202",2,148,819,914,773,1712000202,"17120001","OBM","RaPIPOm_fdp_1712000202","RaPIPOm","RaPIPOm_fdp",52,"fdp","RaPIPOm","RaPIPOm_fdp","Dry Ponderosa Pine - Mesic",1
"4_41_23_93166",2,148,819,906,1837,1712000202,"17120001","OBM","RaMCONdy_fdg_1712000202","RaMCONdy","RaMCONdy_fdg",23,"fdg","RaMCONdy","RaMCONdy_fdg","Mixed Conifer - Eastside Dry",1
"4_41_23_57073",2,148,819,906,1569,1712000202,"17120001","OBM","RaMCONdy_fdg_1712000202","RaMCONdy","RaMCONdy_fdg",23,"fdg","RaMCONdy","RaMCONdy_fdg","Mixed Conifer - Eastside Dry",1
"4_41_23_69340",2,148,820,949,1960,1712000203,"17120001","OBM","RaPIPOm_fdp_1712000203","RaPIPOm","RaPIPOm_fdp",52,"fdp","RaPIPOm","RaPIPOm_fdp","Dry Ponderosa Pine - Mesic",1
"9_53_19_62716",12,13,46,51,2118,1702000401,"17020003","WNE","RaMCONdy_fdd_1702000401","RaMCONdy","RaMCONdy_fdd",42,"fdd","RaMCONdy","RaMCONdy_fdd","Mixed Conifer - Eastside Dry",1
"4_41_25_89225",2,148,820,952,1000,1712000203,"17120001","OBM","RaMCONdy_fdg_1712000203","RaMCONdy","RaMCONdy_fdg",23,"fdg","RaMCONdy","RaMCONdy_fdg","Mixed Conifer - Eastside Dry",1
"4_41_25_99013",2,148,820,952,2032,1712000203,"17120001","OBM","RaMCONdy_fdg_1712000203","RaMCONdy","RaMCONdy_fdg",23,"fdg","RaMCONdy","RaMCONdy_fdg","Mixed Conifer - Eastside Dry",1
"4_41_25_91133",2,147,811,1048,3035,1712000101,"17110021","OBM","RaMCONdy_fdg_1712000101","RaMCONdy","RaMCONdy_fdg",23,"fdg","RaMCONdy","RaMCONdy_fdg","Mixed Conifer - Eastside Dry",1
"4_41_25_83776",2,147,811,1047,1277,1712000101,"17110021","OBM","RaPIPOm_fdp_1712000101","RaPIPOm","RaPIPOm_fdp",52,"fdp","RaPIPOm","RaPIPOm_fdp","Dry Ponderosa Pine - Mesic",1
"4_41_25_94076",2,147,811,2157,1488,1712000101,"17110021","OBM","RaPIPOxe_fxp_17120001","RaPIPOxe","RaPIPOxe_fxp",56,"fxp","RaPIPOxe","RaPIPOxe_fxp","Ponderosa Pine - Xeric",3
"9_53_19_87784",12,13,46,51,1215,1702000401,"17020003","WNE","RaMCONdy_fdd_1702000401","RaMCONdy","RaMCONdy_fdd",42,"fdd","RaMCONdy","RaMCONdy_fdd","Mixed Conifer - Eastside Dry",1
"9_53_19_52855",12,11,39,11,1375,1702000217,"17020001","WNE","RaMCONdy_fdd_1702000217","RaMCONdy","RaMCONdy_fdd",42,"fdd","RaMCONdy","RaMCONdy_fdd","Mixed Conifer - Eastside Dry",1
"9_53_19_59757",12,13,47,59,1994,1702000402,"17020003","WNE","RaMCONdy_fdd_1702000402","RaMCONdy","RaMCONdy_fdd",42,"fdd","RaMCONdy","RaMCONdy_fdd","Mixed Conifer - Eastside Dry",1
"9_53_19_88836",12,13,48,78,2101,1702000403,"17020003","WNE","RaMCONdy_fdd_1702000403","RaMCONdy","RaMCONdy_fdd",42,"fdd","RaMCONdy","RaMCONdy_fdd","Mixed Conifer - Eastside Dry",1
"4_41_25_89992",5,154,879,2230,22,1712000808,"17120007","OSE","RaPIPOxe_fxp_17120008","RaPIPOxe","RaPIPOxe_fxp",56,"fxp","RaPIPOxe","RaPIPOxe_fxp","Ponderosa Pine - Xeric",3
"9_53_19_71630",12,13,48,78,1923,1702000403,"17020003","WNE","RaMCONdy_fdd_1702000403","RaMCONdy","RaMCONdy_fdd",42,"fdd","RaMCONdy","RaMCONdy_fdd","Mixed Conifer - Eastside Dry",1
"9_53_19_65474",12,13,48,78,1795,1702000403,"17020003","WNE","RaMCONdy_fdd_1702000403","RaMCONdy","RaMCONdy_fdd",42,"fdd","RaMCONdy","RaMCONdy_fdd","Mixed Conifer - Eastside Dry",1
"9_53_19_66756",12,13,48,78,2397,1702000403,"17020003","WNE","RaMCONdy_fdd_1702000403","RaMCONdy","RaMCONdy_fdd",42,"fdd","RaMCONdy","RaMCONdy_fdd","Mixed Conifer - Eastside Dry",1
"9_53_19_60000",12,14,50,87,1368,1702000501,"17020004","WNE","RaMCONdy_fdd_1702000501","RaMCONdy","RaMCONdy_fdd",42,"fdd","RaMCONdy","RaMCONdy_fdd","Mixed Conifer - Eastside Dry",1
"9_53_19_59874",12,11,37,23,821,1702000212,"17020001","WNE","RaMCONdy_fdd_1702000212","RaMCONdy","RaMCONdy_fdd",42,"fdd","RaMCONdy","RaMCONdy_fdd","Mixed Conifer - Eastside Dry",1
"9_53_19_93436",12,13,49,96,1728,1702000404,"17020003","WNE","RaMCONdy_fdd_1702000404","RaMCONdy","RaMCONdy_fdd",42,"fdd","RaMCONdy","RaMCONdy_fdd","Mixed Conifer - Eastside Dry",1
"9_53_19_86346",12,13,49,96,945,1702000404,"17020003","WNE","RaMCONdy_fdd_1702000404","RaMCONdy","RaMCONdy_fdd",42,"fdd","RaMCONdy","RaMCONdy_fdd","Mixed Conifer - Eastside Dry",1
"9_53_19_54189",12,13,49,2283,491,1702000404,"17020003","WNE","RaSPFI_fcd_WNE","RaSPFI","RaSPFI_fcd",9,"fcd","RaSPFI","RaSPFI_fcd","Spruce - Fir",4
"9_53_19_82059",12,13,49,96,1622,1702000404,"17020003","WNE","RaMCONdy_fdd_1702000404","RaMCONdy","RaMCONdy_fdd",42,"fdd","RaMCONdy","RaMCONdy_fdd","Mixed Conifer - Eastside Dry",1
"9_53_19_89078",12,11,39,11,1052,1702000217,"17020001","WNE","RaMCONdy_fdd_1702000217","RaMCONdy","RaMCONdy_fdd",42,"fdd","RaMCONdy","RaMCONdy_fdd","Mixed Conifer - Eastside Dry",1
"9_53_19_54746",12,11,39,11,630,1702000217,"17020001","WNE","RaMCONdy_fdd_1702000217","RaMCONdy","RaMCONdy_fdd",42,"fdd","RaMCONdy","RaMCONdy_fdd","Mixed Conifer - Eastside Dry",1
"9_53_19_58614",12,11,39,11,1843,1702000217,"17020001","WNE","RaMCONdy_fdd_1702000217","RaMCONdy","RaMCONdy_fdd",42,"fdd","RaMCONdy","RaMCONdy_fdd","Mixed Conifer - Eastside Dry",1
"9_53_19_95565",12,11,39,2283,2129,1702000217,"17020001","WNE","RaSPFI_fcd_WNE","RaSPFI","RaSPFI_fcd",9,"fcd","RaSPFI","RaSPFI_fcd","Spruce - Fir",4
"9_53_19_64455",12,11,38,2283,1377,1702000213,"17020001","WNE","RaSPFI_fcd_WNE","RaSPFI","RaSPFI_fcd",9,"fcd","RaSPFI","RaSPFI_fcd","Spruce - Fir",4
"9_53_19_50403",12,11,38,2283,1381,1702000213,"17020001","WNE","RaSPFI_fcd_WNE","RaSPFI","RaSPFI_fcd",9,"fcd","RaSPFI","RaSPFI_fcd","Spruce - Fir",4
"9_53_19_68135",12,11,38,37,203,1702000213,"17020001","WNE","RaMCONdy_fdd_1702000213","RaMCONdy","RaMCONdy_fdd",42,"fdd","RaMCONdy","RaMCONdy_fdd","Mixed Conifer - Eastside Dry",1
"9_53_19_94967",12,11,38,37,1401,1702000213,"17020001","WNE","RaMCONdy_fdd_1702000213","RaMCONdy","RaMCONdy_fdd",42,"fdd","RaMCONdy","RaMCONdy_fdd","Mixed Conifer - Eastside Dry",1
"4_41_59_62095",2,64,362,2053,986,1707020205,"17070201","OBM","RaMCONms_fcm_17070202","RaMCONms","RaMCONms_fcm",22,"fcm","RaMCONms","RaMCONms_fcm","Mixed Conifer - Eastside Mesic",3
"4_41_59_67456",2,64,363,2053,978,1707020206,"17070201","OBM","RaMCONms_fcm_17070202","RaMCONms","RaMCONms_fcm",22,"fcm","RaMCONms","RaMCONms_fcm","Mixed Conifer - Eastside Mesic",3
"4_41_59_76076",2,64,363,522,1319,1707020206,"17070201","OBM","RaMCONdy_fdd_1707020206","RaMCONdy","RaMCONdy_fdd",42,"fdd","RaMCONdy","RaMCONdy_fdd","Mixed Conifer - Eastside Dry",1
"4_41_59_59580",2,64,363,2053,1152,1707020206,"17070201","OBM","RaMCONms_fcm_17070202","RaMCONms","RaMCONms_fcm",22,"fcm","RaMCONms","RaMCONms_fcm","Mixed Conifer - Eastside Mesic",3
"4_41_59_57605",2,64,363,2053,1887,1707020206,"17070201","OBM","RaMCONms_fcm_17070202","RaMCONms","RaMCONms_fcm",22,"fcm","RaMCONms","RaMCONms_fcm","Mixed Conifer - Eastside Mesic",3
"4_41_59_89417",2,64,363,2053,1201,1707020206,"17070201","OBM","RaMCONms_fcm_17070202","RaMCONms","RaMCONms_fcm",22,"fcm","RaMCONms","RaMCONms_fcm","Mixed Conifer - Eastside Mesic",3
"4_41_59_61741",2,64,360,602,684,1707020203,"17070201","OBM","RaMCONdy_fdd_1707020203","RaMCONdy","RaMCONdy_fdd",42,"fdd","RaMCONdy","RaMCONdy_fdd","Mixed Conifer - Eastside Dry",1
"4_41_23_98364",2,64,360,602,1117,1707020203,"17070201","OBM","RaMCONdy_fdd_1707020203","RaMCONdy","RaMCONdy_fdd",42,"fdd","RaMCONdy","RaMCONdy_fdd","Mixed Conifer - Eastside Dry",1
"4_41_59_84857",2,64,360,602,1130,1707020203,"17070201","OBM","RaMCONdy_fdd_1707020203","RaMCONdy","RaMCONdy_fdd",42,"fdd","RaMCONdy","RaMCONdy_fdd","Mixed Conifer - Eastside Dry",1
"4_41_23_60268",2,64,361,623,477,1707020204,"17070201","OBM","RaMCONdy_fdd_1707020204","RaMCONdy","RaMCONdy_fdd",42,"fdd","RaMCONdy","RaMCONdy_fdd","Mixed Conifer - Eastside Dry",1
"4_41_23_71133",2,64,361,626,1643,1707020204,"17070201","OBM","RaPIPOm_fdp_1707020204","RaPIPOm","RaPIPOm_fdp",52,"fdp","RaPIPOm","RaPIPOm_fdp","Dry Ponderosa Pine - Mesic",1
"4_41_23_56715",2,64,361,2053,1866,1707020204,"17070201","OBM","RaMCONms_fcm_17070202","RaMCONms","RaMCONms_fcm",22,"fcm","RaMCONms","RaMCONms_fcm","Mixed Conifer - Eastside Mesic",3
"4_41_23_93041",2,64,361,2053,2571,1707020204,"17070201","OBM","RaMCONms_fcm_17070202","RaMCONms","RaMCONms_fcm",22,"fcm","RaMCONms","RaMCONms_fcm","Mixed Conifer - Eastside Mesic",3
"4_41_23_57126",2,65,370,2072,2349,1707020303,"17070202","OBM","RaMCONms_fcm_17070203","RaMCONms","RaMCONms_fcm",22,"fcm","RaMCONms","RaMCONms_fcm","Mixed Conifer - Eastside Mesic",3
"4_41_23_59264",2,65,370,2072,1012,1707020303,"17070202","OBM","RaMCONms_fcm_17070203","RaMCONms","RaMCONms_fcm",22,"fcm","RaMCONms","RaMCONms_fcm","Mixed Conifer - Eastside Mesic",3
"4_41_23_93639",2,65,370,2072,1729,1707020303,"17070202","OBM","RaMCONms_fcm_17070203","RaMCONms","RaMCONms_fcm",22,"fcm","RaMCONms","RaMCONms_fcm","Mixed Conifer - Eastside Mesic",3
"4_41_23_64651",2,65,370,651,1569,1707020303,"17070202","OBM","RaPIPOm_fdp_1707020303","RaPIPOm","RaPIPOm_fdp",52,"fdp","RaPIPOm","RaPIPOm_fdp","Dry Ponderosa Pine - Mesic",1
"4_41_23_67531",2,65,370,2072,1112,1707020303,"17070202","OBM","RaMCONms_fcm_17070203","RaMCONms","RaMCONms_fcm",22,"fcm","RaMCONms","RaMCONms_fcm","Mixed Conifer - Eastside Mesic",3
"4_41_23_52180",2,65,370,652,1168,1707020303,"17070202","OBM","RaMCONdy_fdd_1707020303","RaMCONdy","RaMCONdy_fdd",42,"fdd","RaMCONdy","RaMCONdy_fdd","Mixed Conifer - Eastside Dry",1
"4_41_23_82482",2,65,370,651,1520,1707020303,"17070202","OBM","RaPIPOm_fdp_1707020303","RaPIPOm","RaPIPOm_fdp",52,"fdp","RaPIPOm","RaPIPOm_fdp","Dry Ponderosa Pine - Mesic",1
"4_41_23_64733",2,65,370,652,1274,1707020303,"17070202","OBM","RaMCONdy_fdd_1707020303","RaMCONdy","RaMCONdy_fdd",42,"fdd","RaMCONdy","RaMCONdy_fdd","Mixed Conifer - Eastside Dry",1
"4_41_23_81250",2,65,369,725,1171,1707020302,"17070202","OBM","RaPIPOm_fdp_1707020302","RaPIPOm","RaPIPOm_fdp",52,"fdp","RaPIPOm","RaPIPOm_fdp","Dry Ponderosa Pine - Mesic",1
"4_41_23_87619",2,65,369,719,1126,1707020302,"17070202","OBM","RaMCONdy_fdd_1707020302","RaMCONdy","RaMCONdy_fdd",42,"fdd","RaMCONdy","RaMCONdy_fdd","Mixed Conifer - Eastside Dry",1
"4_41_23_68148",2,65,369,725,1179,1707020302,"17070202","OBM","RaPIPOm_fdp_1707020302","RaPIPOm","RaPIPOm_fdp",52,"fdp","RaPIPOm","RaPIPOm_fdp","Dry Ponderosa Pine - Mesic",1
"4_41_23_83331",2,65,369,2072,1598,1707020302,"17070202","OBM","RaMCONms_fcm_17070203","RaMCONms","RaMCONms_fcm",22,"fcm","RaMCONms","RaMCONms_fcm","Mixed Conifer - Eastside Mesic",3
"4_41_23_60783",2,65,369,718,1379,1707020302,"17070202","OBM","RaMCONdy_fdg_1707020302","RaMCONdy","RaMCONdy_fdg",23,"fdg","RaMCONdy","RaMCONdy_fdg","Mixed Conifer - Eastside Dry",1
"4_41_23_61105",2,65,369,2072,1661,1707020302,"17070202","OBM","RaMCONms_fcm_17070203","RaMCONms","RaMCONms_fcm",22,"fcm","RaMCONms","RaMCONms_fcm","Mixed Conifer - Eastside Mesic",3
"4_41_23_59835",2,63,349,770,2043,1707020106,"17070106","OBM","RaMCONdy_fdg_1707020106","RaMCONdy","RaMCONdy_fdg",23,"fdg","RaMCONdy","RaMCONdy_fdg","Mixed Conifer - Eastside Dry",1
"4_41_23_79323",2,63,349,769,594,1707020106,"17070106","OBM","RaMCONdy_fdd_1707020106","RaMCONdy","RaMCONdy_fdd",42,"fdd","RaMCONdy","RaMCONdy_fdd","Mixed Conifer - Eastside Dry",1
"9_53_19_83865",12,13,46,51,1596,1702000401,"17020003","WNE","RaMCONdy_fdd_1702000401","RaMCONdy","RaMCONdy_fdd",42,"fdd","RaMCONdy","RaMCONdy_fdd","Mixed Conifer - Eastside Dry",1
"9_53_19_76835",12,13,46,51,1083,1702000401,"17020003","WNE","RaMCONdy_fdd_1702000401","RaMCONdy","RaMCONdy_fdd",42,"fdd","RaMCONdy","RaMCONdy_fdd","Mixed Conifer - Eastside Dry",1
"4_41_23_50692",2,63,349,771,515,1707020106,"17070106","OBM","RaPIPOm_fdp_1707020106","RaPIPOm","RaPIPOm_fdp",52,"fdp","RaPIPOm","RaPIPOm_fdp","Dry Ponderosa Pine - Mesic",1
"4_41_23_62499",2,63,349,769,791,1707020106,"17070106","OBM","RaMCONdy_fdd_1707020106","RaMCONdy","RaMCONdy_fdd",42,"fdd","RaMCONdy","RaMCONdy_fdd","Mixed Conifer - Eastside Dry",1
"4_41_23_70557",2,63,350,2318,618,1707020107,"17070106","OBM","RaSPFI_fcd_OBM","RaSPFI","RaSPFI_fcd",9,"fcd","RaSPFI","RaSPFI_fcd","Spruce - Fir",4
"4_41_23_83475",2,63,350,866,1592,1707020107,"17070106","OBM","RaMCONdy_fdg_1707020107","RaMCONdy","RaMCONdy_fdg",23,"fdg","RaMCONdy","RaMCONdy_fdg","Mixed Conifer - Eastside Dry",1
"4_41_23_70681",2,63,350,866,1198,1707020107,"17070106","OBM","RaMCONdy_fdg_1707020107","RaMCONdy","RaMCONdy_fdg",23,"fdg","RaMCONdy","RaMCONdy_fdg","Mixed Conifer - Eastside Dry",1
"4_41_23_92156",2,63,350,856,1690,1707020107,"17070106","OBM","RaMCONdy_fdd_1707020107","RaMCONdy","RaMCONdy_fdd",42,"fdd","RaMCONdy","RaMCONdy_fdd","Mixed Conifer - Eastside Dry",1
"4_41_23_80656",2,63,350,859,811,1707020107,"17070106","OBM","RaPIPOm_fdp_1707020107","RaPIPOm","RaPIPOm_fdp",52,"fdp","RaPIPOm","RaPIPOm_fdp","Dry Ponderosa Pine - Mesic",1
"4_41_23_88182",2,148,819,914,1849,1712000202,"17120001","OBM","RaPIPOm_fdp_1712000202","RaPIPOm","RaPIPOm_fdp",52,"fdp","RaPIPOm","RaPIPOm_fdp","Dry Ponderosa Pine - Mesic",1
"4_41_23_84077",2,148,819,914,1522,1712000202,"17120001","OBM","RaPIPOm_fdp_1712000202","RaPIPOm","RaPIPOm_fdp",52,"fdp","RaPIPOm","RaPIPOm_fdp","Dry Ponderosa Pine - Mesic",1
"4_41_23_95132",2,148,819,914,1427,1712000202,"17120001","OBM","RaPIPOm_fdp_1712000202","RaPIPOm","RaPIPOm_fdp",52,"fdp","RaPIPOm","RaPIPOm_fdp","Dry Ponderosa Pine - Mesic",1
"4_41_23_89988",2,148,819,906,2868,1712000202,"17120001","OBM","RaMCONdy_fdg_1712000202","RaMCONdy","RaMCONdy_fdg",23,"fdg","RaMCONdy","RaMCONdy_fdg","Mixed Conifer - Eastside Dry",1
"4_41_23_61150",2,148,819,906,2367,1712000202,"17120001","OBM","RaMCONdy_fdg_1712000202","RaMCONdy","RaMCONdy_fdg",23,"fdg","RaMCONdy","RaMCONdy_fdg","Mixed Conifer - Eastside Dry",1
"4_41_23_57162",2,148,820,952,2903,1712000203,"17120001","OBM","RaMCONdy_fdg_1712000203","RaMCONdy","RaMCONdy_fdg",23,"fdg","RaMCONdy","RaMCONdy_fdg","Mixed Conifer - Eastside Dry",1
"4_41_23_88704",2,148,820,949,1572,1712000203,"17120001","OBM","RaPIPOm_fdp_1712000203","RaPIPOm","RaPIPOm_fdp",52,"fdp","RaPIPOm","RaPIPOm_fdp","Dry Ponderosa Pine - Mesic",1
"4_41_23_99278",2,36,174,948,1918,1705011602,"17050115","OBM","RaPIPOm_fdp_1705011602","RaPIPOm","RaPIPOm_fdp",52,"fdp","RaPIPOm","RaPIPOm_fdp","Dry Ponderosa Pine - Mesic",1
"4_41_23_64166",2,148,820,949,1252,1712000203,"17120001","OBM","RaPIPOm_fdp_1712000203","RaPIPOm","RaPIPOm_fdp",52,"fdp","RaPIPOm","RaPIPOm_fdp","Dry Ponderosa Pine - Mesic",1
"4_41_25_59134",2,36,174,946,1256,1705011602,"17050115","OBM","RaMCONdy_fdg_1705011602","RaMCONdy","RaMCONdy_fdg",23,"fdg","RaMCONdy","RaMCONdy_fdg","Mixed Conifer - Eastside Dry",1
"4_41_25_83280",2,36,175,1018,700,1705011603,"17050115","OBM","RaPIPOm_fdp_1705011603","RaPIPOm","RaPIPOm_fdp",52,"fdp","RaPIPOm","RaPIPOm_fdp","Dry Ponderosa Pine - Mesic",1
"9_53_19_83334",12,13,46,51,1363,1702000401,"17020003","WNE","RaMCONdy_fdd_1702000401","RaMCONdy","RaMCONdy_fdd",42,"fdd","RaMCONdy","RaMCONdy_fdd","Mixed Conifer - Eastside Dry",1
"4_41_25_99499",2,148,820,949,673,1712000203,"17120001","OBM","RaPIPOm_fdp_1712000203","RaPIPOm","RaPIPOm_fdp",52,"fdp","RaPIPOm","RaPIPOm_fdp","Dry Ponderosa Pine - Mesic",1
"4_41_25_76367",2,148,820,949,2147,1712000203,"17120001","OBM","RaPIPOm_fdp_1712000203","RaPIPOm","RaPIPOm_fdp",52,"fdp","RaPIPOm","RaPIPOm_fdp","Dry Ponderosa Pine - Mesic",1
"4_41_25_93236",2,147,812,1040,2339,1712000102,"17110021","OBM","RaMCONdy_fdg_1712000102","RaMCONdy","RaMCONdy_fdg",23,"fdg","RaMCONdy","RaMCONdy_fdg","Mixed Conifer - Eastside Dry",1
"4_41_25_53320",2,147,811,1048,2851,1712000101,"17110021","OBM","RaMCONdy_fdg_1712000101","RaMCONdy","RaMCONdy_fdg",23,"fdg","RaMCONdy","RaMCONdy_fdg","Mixed Conifer - Eastside Dry",1
"4_41_25_94330",2,147,811,1048,2651,1712000101,"17110021","OBM","RaMCONdy_fdg_1712000101","RaMCONdy","RaMCONdy_fdg",23,"fdg","RaMCONdy","RaMCONdy_fdg","Mixed Conifer - Eastside Dry",1
"4_41_25_83561",2,147,811,2157,1165,1712000101,"17110021","OBM","RaPIPOxe_fxp_17120001","RaPIPOxe","RaPIPOxe_fxp",56,"fxp","RaPIPOxe","RaPIPOxe_fxp","Ponderosa Pine - Xeric",3
"9_53_19_84946",12,13,46,51,1206,1702000401,"17020003","WNE","RaMCONdy_fdd_1702000401","RaMCONdy","RaMCONdy_fdd",42,"fdd","RaMCONdy","RaMCONdy_fdd","Mixed Conifer - Eastside Dry",1
"4_41_25_81385",5,149,825,2208,118,1712000301,"17120002","OSE","RaPIPOxe_fxp_17120003","RaPIPOxe","RaPIPOxe_fxp",56,"fxp","RaPIPOxe","RaPIPOxe_fxp","Ponderosa Pine - Xeric",3
"9_53_19_56324",12,13,49,96,2162,1702000404,"17020003","WNE","RaMCONdy_fdd_1702000404","RaMCONdy","RaMCONdy_fdd",42,"fdd","RaMCONdy","RaMCONdy_fdd","Mixed Conifer - Eastside Dry",1
"9_53_19_73315",12,13,49,96,813,1702000404,"17020003","WNE","RaMCONdy_fdd_1702000404","RaMCONdy","RaMCONdy_fdd",42,"fdd","RaMCONdy","RaMCONdy_fdd","Mixed Conifer - Eastside Dry",1
"9_53_19_77680",12,11,39,11,1295,1702000217,"17020001","WNE","RaMCONdy_fdd_1702000217","RaMCONdy","RaMCONdy_fdd",42,"fdd","RaMCONdy","RaMCONdy_fdd","Mixed Conifer - Eastside Dry",1
"9_53_19_54422",12,11,39,11,1377,1702000217,"17020001","WNE","RaMCONdy_fdd_1702000217","RaMCONdy","RaMCONdy_fdd",42,"fdd","RaMCONdy","RaMCONdy_fdd","Mixed Conifer - Eastside Dry",1
"9_53_19_88013",12,11,39,2283,1170,1702000217,"17020001","WNE","RaSPFI_fcd_WNE","RaSPFI","RaSPFI_fcd",9,"fcd","RaSPFI","RaSPFI_fcd","Spruce - Fir",4
"9_53_19_99722",12,11,39,11,992,1702000217,"17020001","WNE","RaMCONdy_fdd_1702000217","RaMCONdy","RaMCONdy_fdd",42,"fdd","RaMCONdy","RaMCONdy_fdd","Mixed Conifer - Eastside Dry",1
"9_53_19_79855",12,11,38,37,1003,1702000213,"17020001","WNE","RaMCONdy_fdd_1702000213","RaMCONdy","RaMCONdy_fdd",42,"fdd","RaMCONdy","RaMCONdy_fdd","Mixed Conifer - Eastside Dry",1
"9_53_19_68110",12,11,38,37,1126,1702000213,"17020001","WNE","RaMCONdy_fdd_1702000213","RaMCONdy","RaMCONdy_fdd",42,"fdd","RaMCONdy","RaMCONdy_fdd","Mixed Conifer - Eastside Dry",1
"9_53_19_92977",12,11,38,37,857,1702000213,"17020001","WNE","RaMCONdy_fdd_1702000213","RaMCONdy","RaMCONdy_fdd",42,"fdd","RaMCONdy","RaMCONdy_fdd","Mixed Conifer - Eastside Dry",1
"9_53_19_60752",12,11,39,2283,1123,1702000217,"17020001","WNE","RaSPFI_fcd_WNE","RaSPFI","RaSPFI_fcd",9,"fcd","RaSPFI","RaSPFI_fcd","Spruce - Fir",4
"9_53_19_59263",12,11,38,37,2074,1702000213,"17020001","WNE","RaMCONdy_fdd_1702000213","RaMCONdy","RaMCONdy_fdd",42,"fdd","RaMCONdy","RaMCONdy_fdd","Mixed Conifer - Eastside Dry",1
"4_41_59_76178",2,57,315,2007,1041,1707010306,"17070102","OBM","RaMCONms_fcm_17070103","RaMCONms","RaMCONms_fcm",22,"fcm","RaMCONms","RaMCONms_fcm","Mixed Conifer - Eastside Mesic",3
"4_41_59_66287",2,57,315,2007,1525,1707010306,"17070102","OBM","RaMCONms_fcm_17070103","RaMCONms","RaMCONms_fcm",22,"fcm","RaMCONms","RaMCONms_fcm","Mixed Conifer - Eastside Mesic",3
"4_41_59_86504",2,64,362,2053,1455,1707020205,"17070201","OBM","RaMCONms_fcm_17070202","RaMCONms","RaMCONms_fcm",22,"fcm","RaMCONms","RaMCONms_fcm","Mixed Conifer - Eastside Mesic",3
"4_41_59_55797",2,57,315,2007,1536,1707010306,"17070102","OBM","RaMCONms_fcm_17070103","RaMCONms","RaMCONms_fcm",22,"fcm","RaMCONms","RaMCONms_fcm","Mixed Conifer - Eastside Mesic",3
"4_41_59_50581",2,64,362,543,834,1707020205,"17070201","OBM","RaMCONdy_fdd_1707020205","RaMCONdy","RaMCONdy_fdd",42,"fdd","RaMCONdy","RaMCONdy_fdd","Mixed Conifer - Eastside Dry",1
"9_53_19_90194",12,13,46,51,1847,1702000401,"17020003","WNE","RaMCONdy_fdd_1702000401","RaMCONdy","RaMCONdy_fdd",42,"fdd","RaMCONdy","RaMCONdy_fdd","Mixed Conifer - Eastside Dry",1
"4_41_59_65566",2,64,362,543,1742,1707020205,"17070201","OBM","RaMCONdy_fdd_1707020205","RaMCONdy","RaMCONdy_fdd",42,"fdd","RaMCONdy","RaMCONdy_fdd","Mixed Conifer - Eastside Dry",1
"4_41_59_81694",2,64,362,2053,1684,1707020205,"17070201","OBM","RaMCONms_fcm_17070202","RaMCONms","RaMCONms_fcm",22,"fcm","RaMCONms","RaMCONms_fcm","Mixed Conifer - Eastside Mesic",3
"4_41_59_92446",2,64,360,602,703,1707020203,"17070201","OBM","RaMCONdy_fdd_1707020203","RaMCONdy","RaMCONdy_fdd",42,"fdd","RaMCONdy","RaMCONdy_fdd","Mixed Conifer - Eastside Dry",1
"4_41_59_83193",2,64,360,600,618,1707020203,"17070201","OBM","RaMCONdy_fdg_1707020203","RaMCONdy","RaMCONdy_fdg",23,"fdg","RaMCONdy","RaMCONdy_fdg","Mixed Conifer - Eastside Dry",1
"4_41_23_78747",2,64,360,604,899,1707020203,"17070201","OBM","RaPIPOm_fdp_1707020203","RaPIPOm","RaPIPOm_fdp",52,"fdp","RaPIPOm","RaPIPOm_fdp","Dry Ponderosa Pine - Mesic",1
"4_41_23_81945",2,64,360,602,930,1707020203,"17070201","OBM","RaMCONdy_fdd_1707020203","RaMCONdy","RaMCONdy_fdd",42,"fdd","RaMCONdy","RaMCONdy_fdd","Mixed Conifer - Eastside Dry",1
"4_41_23_91281",2,64,360,2053,1300,1707020203,"17070201","OBM","RaMCONms_fcm_17070202","RaMCONms","RaMCONms_fcm",22,"fcm","RaMCONms","RaMCONms_fcm","Mixed Conifer - Eastside Mesic",3
"9_53_19_84451",12,13,46,51,1889,1702000401,"17020003","WNE","RaMCONdy_fdd_1702000401","RaMCONdy","RaMCONdy_fdd",42,"fdd","RaMCONdy","RaMCONdy_fdd","Mixed Conifer - Eastside Dry",1
"4_41_23_50326",2,64,360,2053,1265,1707020203,"17070201","OBM","RaMCONms_fcm_17070202","RaMCONms","RaMCONms_fcm",22,"fcm","RaMCONms","RaMCONms_fcm","Mixed Conifer - Eastside Mesic",3
"4_41_23_78739",2,64,361,2053,2678,1707020204,"17070201","OBM","RaMCONms_fcm_17070202","RaMCONms","RaMCONms_fcm",22,"fcm","RaMCONms","RaMCONms_fcm","Mixed Conifer - Eastside Mesic",3
"4_41_23_61116",2,64,361,2053,1937,1707020204,"17070201","OBM","RaMCONms_fcm_17070202","RaMCONms","RaMCONms_fcm",22,"fcm","RaMCONms","RaMCONms_fcm","Mixed Conifer - Eastside Mesic",3
"4_41_23_98149",2,64,361,2053,1679,1707020204,"17070201","OBM","RaMCONms_fcm_17070202","RaMCONms","RaMCONms_fcm",22,"fcm","RaMCONms","RaMCONms_fcm","Mixed Conifer - Eastside Mesic",3
"4_41_23_53870",2,64,361,2053,2164,1707020204,"17070201","OBM","RaMCONms_fcm_17070202","RaMCONms","RaMCONms_fcm",22,"fcm","RaMCONms","RaMCONms_fcm","Mixed Conifer - Eastside Mesic",3
"4_41_23_53983",2,65,370,2072,1895,1707020303,"17070202","OBM","RaMCONms_fcm_17070203","RaMCONms","RaMCONms_fcm",22,"fcm","RaMCONms","RaMCONms_fcm","Mixed Conifer - Eastside Mesic",3
"4_41_23_84361",2,65,370,2072,2894,1707020303,"17070202","OBM","RaMCONms_fcm_17070203","RaMCONms","RaMCONms_fcm",22,"fcm","RaMCONms","RaMCONms_fcm","Mixed Conifer - Eastside Mesic",3
"4_41_23_95347",2,65,370,2318,1092,1707020303,"17070202","OBM","RaSPFI_fcd_OBM","RaSPFI","RaSPFI_fcd",9,"fcd","RaSPFI","RaSPFI_fcd","Spruce - Fir",4
"4_41_23_50064",2,65,370,652,1204,1707020303,"17070202","OBM","RaMCONdy_fdd_1707020303","RaMCONdy","RaMCONdy_fdd",42,"fdd","RaMCONdy","RaMCONdy_fdd","Mixed Conifer - Eastside Dry",1
"9_53_19_65523",12,13,46,51,1565,1702000401,"17020003","WNE","RaMCONdy_fdd_1702000401","RaMCONdy","RaMCONdy_fdd",42,"fdd","RaMCONdy","RaMCONdy_fdd","Mixed Conifer - Eastside Dry",1
"4_41_23_97392",2,65,369,725,2017,1707020302,"17070202","OBM","RaPIPOm_fdp_1707020302","RaPIPOm","RaPIPOm_fdp",52,"fdp","RaPIPOm","RaPIPOm_fdp","Dry Ponderosa Pine - Mesic",1
"4_41_23_67713",2,65,369,719,1079,1707020302,"17070202","OBM","RaMCONdy_fdd_1707020302","RaMCONdy","RaMCONdy_fdd",42,"fdd","RaMCONdy","RaMCONdy_fdd","Mixed Conifer - Eastside Dry",1
"4_41_23_70896",2,65,369,719,1038,1707020302,"17070202","OBM","RaMCONdy_fdd_1707020302","RaMCONdy","RaMCONdy_fdd",42,"fdd","RaMCONdy","RaMCONdy_fdd","Mixed Conifer - Eastside Dry",1
"4_41_23_73067",2,65,369,2072,1817,1707020302,"17070202","OBM","RaMCONms_fcm_17070203","RaMCONms","RaMCONms_fcm",22,"fcm","RaMCONms","RaMCONms_fcm","Mixed Conifer - Eastside Mesic",3
"4_41_23_52778",2,65,369,2318,2260,1707020302,"17070202","OBM","RaSPFI_fcd_OBM","RaSPFI","RaSPFI_fcd",9,"fcd","RaSPFI","RaSPFI_fcd","Spruce - Fir",4
"4_41_23_70863",2,63,349,769,1055,1707020106,"17070106","OBM","RaMCONdy_fdd_1707020106","RaMCONdy","RaMCONdy_fdd",42,"fdd","RaMCONdy","RaMCONdy_fdd","Mixed Conifer - Eastside Dry",1
"9_53_19_52113",12,13,46,51,2012,1702000401,"17020003","WNE","RaMCONdy_fdd_1702000401","RaMCONdy","RaMCONdy_fdd",42,"fdd","RaMCONdy","RaMCONdy_fdd","Mixed Conifer - Eastside Dry",1
"4_41_23_89163",2,63,349,769,811,1707020106,"17070106","OBM","RaMCONdy_fdd_1707020106","RaMCONdy","RaMCONdy_fdd",42,"fdd","RaMCONdy","RaMCONdy_fdd","Mixed Conifer - Eastside Dry",1
"4_41_23_89674",2,63,350,2318,1021,1707020107,"17070106","OBM","RaSPFI_fcd_OBM","RaSPFI","RaSPFI_fcd",9,"fcd","RaSPFI","RaSPFI_fcd","Spruce - Fir",4
"4_41_23_89886",2,63,350,866,1656,1707020107,"17070106","OBM","RaMCONdy_fdg_1707020107","RaMCONdy","RaMCONdy_fdg",23,"fdg","RaMCONdy","RaMCONdy_fdg","Mixed Conifer - Eastside Dry",1
"4_41_23_90610",2,63,350,866,1377,1707020107,"17070106","OBM","RaMCONdy_fdg_1707020107","RaMCONdy","RaMCONdy_fdg",23,"fdg","RaMCONdy","RaMCONdy_fdg","Mixed Conifer - Eastside Dry",1
"4_41_23_87084",2,148,819,914,1635,1712000202,"17120001","OBM","RaPIPOm_fdp_1712000202","RaPIPOm","RaPIPOm_fdp",52,"fdp","RaPIPOm","RaPIPOm_fdp","Dry Ponderosa Pine - Mesic",1
"4_41_23_75460",2,148,819,914,1562,1712000202,"17120001","OBM","RaPIPOm_fdp_1712000202","RaPIPOm","RaPIPOm_fdp",52,"fdp","RaPIPOm","RaPIPOm_fdp","Dry Ponderosa Pine - Mesic",1
"9_53_19_59120",12,13,46,51,2167,1702000401,"17020003","WNE","RaMCONdy_fdd_1702000401","RaMCONdy","RaMCONdy_fdd",42,"fdd","RaMCONdy","RaMCONdy_fdd","Mixed Conifer - Eastside Dry",1
"4_41_23_91312",2,148,819,2318,1180,1712000202,"17120001","OBM","RaSPFI_fcd_OBM","RaSPFI","RaSPFI_fcd",9,"fcd","RaSPFI","RaSPFI_fcd","Spruce - Fir",4
"4_41_23_75829",2,148,819,906,1503,1712000202,"17120001","OBM","RaMCONdy_fdg_1712000202","RaMCONdy","RaMCONdy_fdg",23,"fdg","RaMCONdy","RaMCONdy_fdg","Mixed Conifer - Eastside Dry",1
"4_41_23_76117",2,148,819,906,2196,1712000202,"17120001","OBM","RaMCONdy_fdg_1712000202","RaMCONdy","RaMCONdy_fdg",23,"fdg","RaMCONdy","RaMCONdy_fdg","Mixed Conifer - Eastside Dry",1
"4_41_23_55823",2,36,174,946,1468,1705011602,"17050115","OBM","RaMCONdy_fdg_1705011602","RaMCONdy","RaMCONdy_fdg",23,"fdg","RaMCONdy","RaMCONdy_fdg","Mixed Conifer - Eastside Dry",1
"4_41_23_67793",2,36,174,946,1860,1705011602,"17050115","OBM","RaMCONdy_fdg_1705011602","RaMCONdy","RaMCONdy_fdg",23,"fdg","RaMCONdy","RaMCONdy_fdg","Mixed Conifer - Eastside Dry",1
"4_41_25_97280",2,36,174,946,2600,1705011602,"17050115","OBM","RaMCONdy_fdg_1705011602","RaMCONdy","RaMCONdy_fdg",23,"fdg","RaMCONdy","RaMCONdy_fdg","Mixed Conifer - Eastside Dry",1
"4_41_25_73675",2,36,174,948,2464,1705011602,"17050115","OBM","RaPIPOm_fdp_1705011602","RaPIPOm","RaPIPOm_fdp",52,"fdp","RaPIPOm","RaPIPOm_fdp","Dry Ponderosa Pine - Mesic",1
"4_41_25_52418",2,36,174,2137,2064,1705011602,"17050115","OBM","RaPIPOxe_fxp_17050116","RaPIPOxe","RaPIPOxe_fxp",56,"fxp","RaPIPOxe","RaPIPOxe_fxp","Ponderosa Pine - Xeric",3
"4_41_25_76615",2,36,174,948,1845,1705011602,"17050115","OBM","RaPIPOm_fdp_1705011602","RaPIPOm","RaPIPOm_fdp",52,"fdp","RaPIPOm","RaPIPOm_fdp","Dry Ponderosa Pine - Mesic",1
"4_41_25_91262",2,36,174,946,2149,1705011602,"17050115","OBM","RaMCONdy_fdg_1705011602","RaMCONdy","RaMCONdy_fdg",23,"fdg","RaMCONdy","RaMCONdy_fdg","Mixed Conifer - Eastside Dry",1
"4_41_25_82424",2,36,175,1018,1650,1705011603,"17050115","OBM","RaPIPOm_fdp_1705011603","RaPIPOm","RaPIPOm_fdp",52,"fdp","RaPIPOm","RaPIPOm_fdp","Dry Ponderosa Pine - Mesic",1
"9_53_19_85027",12,13,46,51,1669,1702000401,"17020003","WNE","RaMCONdy_fdd_1702000401","RaMCONdy","RaMCONdy_fdd",42,"fdd","RaMCONdy","RaMCONdy_fdd","Mixed Conifer - Eastside Dry",1
"4_41_25_86956",2,36,175,1018,1587,1705011603,"17050115","OBM","RaPIPOm_fdp_1705011603","RaPIPOm","RaPIPOm_fdp",52,"fdp","RaPIPOm","RaPIPOm_fdp","Dry Ponderosa Pine - Mesic",1
"4_41_25_72023",2,36,175,1018,1491,1705011603,"17050115","OBM","RaPIPOm_fdp_1705011603","RaPIPOm","RaPIPOm_fdp",52,"fdp","RaPIPOm","RaPIPOm_fdp","Dry Ponderosa Pine - Mesic",1
"4_41_25_64354",2,36,175,1018,1273,1705011603,"17050115","OBM","RaPIPOm_fdp_1705011603","RaPIPOm","RaPIPOm_fdp",52,"fdp","RaPIPOm","RaPIPOm_fdp","Dry Ponderosa Pine - Mesic",1
"4_41_25_56782",2,147,812,1040,1703,1712000102,"17110021","OBM","RaMCONdy_fdg_1712000102","RaMCONdy","RaMCONdy_fdg",23,"fdg","RaMCONdy","RaMCONdy_fdg","Mixed Conifer - Eastside Dry",1
"4_41_25_92258",2,147,812,1040,1169,1712000102,"17110021","OBM","RaMCONdy_fdg_1712000102","RaMCONdy","RaMCONdy_fdg",23,"fdg","RaMCONdy","RaMCONdy_fdg","Mixed Conifer - Eastside Dry",1
"4_41_25_66391",2,147,811,1048,2113,1712000101,"17110021","OBM","RaMCONdy_fdg_1712000101","RaMCONdy","RaMCONdy_fdg",23,"fdg","RaMCONdy","RaMCONdy_fdg","Mixed Conifer - Eastside Dry",1
"4_41_25_86243",2,147,811,1047,653,1712000101,"17110021","OBM","RaPIPOm_fdp_1712000101","RaPIPOm","RaPIPOm_fdp",52,"fdp","RaPIPOm","RaPIPOm_fdp","Dry Ponderosa Pine - Mesic",1
"4_41_25_57566",2,147,811,1047,995,1712000101,"17110021","OBM","RaPIPOm_fdp_1712000101","RaPIPOm","RaPIPOm_fdp",52,"fdp","RaPIPOm","RaPIPOm_fdp","Dry Ponderosa Pine - Mesic",1
"4_41_25_70089",2,147,812,2157,1007,1712000102,"17110021","OBM","RaPIPOxe_fxp_17120001","RaPIPOxe","RaPIPOxe_fxp",56,"fxp","RaPIPOxe","RaPIPOxe_fxp","Ponderosa Pine - Xeric",3
"9_53_19_66938",12,13,48,78,1261,1702000403,"17020003","WNE","RaMCONdy_fdd_1702000403","RaMCONdy","RaMCONdy_fdd",42,"fdd","RaMCONdy","RaMCONdy_fdd","Mixed Conifer - Eastside Dry",1
"9_53_19_91392",12,13,48,78,1476,1702000403,"17020003","WNE","RaMCONdy_fdd_1702000403","RaMCONdy","RaMCONdy_fdd",42,"fdd","RaMCONdy","RaMCONdy_fdd","Mixed Conifer - Eastside Dry",1
"9_53_19_87397",12,13,48,78,1293,1702000403,"17020003","WNE","RaMCONdy_fdd_1702000403","RaMCONdy","RaMCONdy_fdd",42,"fdd","RaMCONdy","RaMCONdy_fdd","Mixed Conifer - Eastside Dry",1
"9_53_19_97276",12,13,48,78,1008,1702000403,"17020003","WNE","RaMCONdy_fdd_1702000403","RaMCONdy","RaMCONdy_fdd",42,"fdd","RaMCONdy","RaMCONdy_fdd","Mixed Conifer - Eastside Dry",1
"9_53_19_97218",12,13,48,78,1727,1702000403,"17020003","WNE","RaMCONdy_fdd_1702000403","RaMCONdy","RaMCONdy_fdd",42,"fdd","RaMCONdy","RaMCONdy_fdd","Mixed Conifer - Eastside Dry",1
"9_53_19_95741",12,11,39,11,1523,1702000217,"17020001","WNE","RaMCONdy_fdd_1702000217","RaMCONdy","RaMCONdy_fdd",42,"fdd","RaMCONdy","RaMCONdy_fdd","Mixed Conifer - Eastside Dry",1
"9_53_19_72240",12,11,39,2283,1634,1702000217,"17020001","WNE","RaSPFI_fcd_WNE","RaSPFI","RaSPFI_fcd",9,"fcd","RaSPFI","RaSPFI_fcd","Spruce - Fir",4
"9_53_19_52892",12,13,49,96,1486,1702000404,"17020003","WNE","RaMCONdy_fdd_1702000404","RaMCONdy","RaMCONdy_fdd",42,"fdd","RaMCONdy","RaMCONdy_fdd","Mixed Conifer - Eastside Dry",1
"9_53_19_97271",12,13,49,96,394,1702000404,"17020003","WNE","RaMCONdy_fdd_1702000404","RaMCONdy","RaMCONdy_fdd",42,"fdd","RaMCONdy","RaMCONdy_fdd","Mixed Conifer - Eastside Dry",1
"9_53_19_76316",12,13,49,96,1360,1702000404,"17020003","WNE","RaMCONdy_fdd_1702000404","RaMCONdy","RaMCONdy_fdd",42,"fdd","RaMCONdy","RaMCONdy_fdd","Mixed Conifer - Eastside Dry",1
"9_53_19_55441",12,13,49,96,679,1702000404,"17020003","WNE","RaMCONdy_fdd_1702000404","RaMCONdy","RaMCONdy_fdd",42,"fdd","RaMCONdy","RaMCONdy_fdd","Mixed Conifer - Eastside Dry",1
"9_53_19_67111",12,13,49,96,198,1702000404,"17020003","WNE","RaMCONdy_fdd_1702000404","RaMCONdy","RaMCONdy_fdd",42,"fdd","RaMCONdy","RaMCONdy_fdd","Mixed Conifer - Eastside Dry",1
"9_53_19_62963",12,11,39,11,865,1702000217,"17020001","WNE","RaMCONdy_fdd_1702000217","RaMCONdy","RaMCONdy_fdd",42,"fdd","RaMCONdy","RaMCONdy_fdd","Mixed Conifer - Eastside Dry",1
"9_53_19_86445",12,11,39,11,1143,1702000217,"17020001","WNE","RaMCONdy_fdd_1702000217","RaMCONdy","RaMCONdy_fdd",42,"fdd","RaMCONdy","RaMCONdy_fdd","Mixed Conifer - Eastside Dry",1
"9_53_19_64274",12,11,39,11,1048,1702000217,"17020001","WNE","RaMCONdy_fdd_1702000217","RaMCONdy","RaMCONdy_fdd",42,"fdd","RaMCONdy","RaMCONdy_fdd","Mixed Conifer - Eastside Dry",1
"9_53_19_92033",12,11,39,11,1462,1702000217,"17020001","WNE","RaMCONdy_fdd_1702000217","RaMCONdy","RaMCONdy_fdd",42,"fdd","RaMCONdy","RaMCONdy_fdd","Mixed Conifer - Eastside Dry",1
"9_53_19_97395",12,11,38,37,1122,1702000213,"17020001","WNE","RaMCONdy_fdd_1702000213","RaMCONdy","RaMCONdy_fdd",42,"fdd","RaMCONdy","RaMCONdy_fdd","Mixed Conifer - Eastside Dry",1
"9_53_19_70673",12,11,39,2283,1035,1702000217,"17020001","WNE","RaSPFI_fcd_WNE","RaSPFI","RaSPFI_fcd",9,"fcd","RaSPFI","RaSPFI_fcd","Spruce - Fir",4
"9_53_19_99160",12,11,39,11,788,1702000217,"17020001","WNE","RaMCONdy_fdd_1702000217","RaMCONdy","RaMCONdy_fdd",42,"fdd","RaMCONdy","RaMCONdy_fdd","Mixed Conifer - Eastside Dry",1
"4_41_59_53989",2,57,315,476,1773,1707010306,"17070102","OBM","RaMCONdy_fdd_1707010306","RaMCONdy","RaMCONdy_fdd",42,"fdd","RaMCONdy","RaMCONdy_fdd","Mixed Conifer - Eastside Dry",1
"4_41_59_53777",2,57,315,2007,1207,1707010306,"17070102","OBM","RaMCONms_fcm_17070103","RaMCONms","RaMCONms_fcm",22,"fcm","RaMCONms","RaMCONms_fcm","Mixed Conifer - Eastside Mesic",3
"4_41_59_54742",2,64,362,2053,1792,1707020205,"17070201","OBM","RaMCONms_fcm_17070202","RaMCONms","RaMCONms_fcm",22,"fcm","RaMCONms","RaMCONms_fcm","Mixed Conifer - Eastside Mesic",3
"4_41_59_69749",2,57,315,2007,1317,1707010306,"17070102","OBM","RaMCONms_fcm_17070103","RaMCONms","RaMCONms_fcm",22,"fcm","RaMCONms","RaMCONms_fcm","Mixed Conifer - Eastside Mesic",3
"4_41_59_65828",2,64,362,2053,509,1707020205,"17070201","OBM","RaMCONms_fcm_17070202","RaMCONms","RaMCONms_fcm",22,"fcm","RaMCONms","RaMCONms_fcm","Mixed Conifer - Eastside Mesic",3
"4_41_59_74412",2,64,362,2053,896,1707020205,"17070201","OBM","RaMCONms_fcm_17070202","RaMCONms","RaMCONms_fcm",22,"fcm","RaMCONms","RaMCONms_fcm","Mixed Conifer - Eastside Mesic",3
"4_41_59_80778",2,64,362,543,1337,1707020205,"17070201","OBM","RaMCONdy_fdd_1707020205","RaMCONdy","RaMCONdy_fdd",42,"fdd","RaMCONdy","RaMCONdy_fdd","Mixed Conifer - Eastside Dry",1
"4_41_59_65647",2,64,362,543,2089,1707020205,"17070201","OBM","RaMCONdy_fdd_1707020205","RaMCONdy","RaMCONdy_fdd",42,"fdd","RaMCONdy","RaMCONdy_fdd","Mixed Conifer - Eastside Dry",1
"4_41_59_77370",2,64,362,543,846,1707020205,"17070201","OBM","RaMCONdy_fdd_1707020205","RaMCONdy","RaMCONdy_fdd",42,"fdd","RaMCONdy","RaMCONdy_fdd","Mixed Conifer - Eastside Dry",1
"4_41_59_58171",2,64,362,2053,619,1707020205,"17070201","OBM","RaMCONms_fcm_17070202","RaMCONms","RaMCONms_fcm",22,"fcm","RaMCONms","RaMCONms_fcm","Mixed Conifer - Eastside Mesic",3
"4_41_59_65090",2,64,362,528,1110,1707020205,"17070201","OBM","RaPIPOm_fdp_1707020205","RaPIPOm","RaPIPOm_fdp",52,"fdp","RaPIPOm","RaPIPOm_fdp","Dry Ponderosa Pine - Mesic",1
"4_41_59_74265",2,64,362,2053,1232,1707020205,"17070201","OBM","RaMCONms_fcm_17070202","RaMCONms","RaMCONms_fcm",22,"fcm","RaMCONms","RaMCONms_fcm","Mixed Conifer - Eastside Mesic",3
"4_41_59_74113",2,64,362,2053,758,1707020205,"17070201","OBM","RaMCONms_fcm_17070202","RaMCONms","RaMCONms_fcm",22,"fcm","RaMCONms","RaMCONms_fcm","Mixed Conifer - Eastside Mesic",3
"4_41_59_79910",2,64,362,2053,1914,1707020205,"17070201","OBM","RaMCONms_fcm_17070202","RaMCONms","RaMCONms_fcm",22,"fcm","RaMCONms","RaMCONms_fcm","Mixed Conifer - Eastside Mesic",3
"4_41_59_80170",2,64,360,2053,1266,1707020203,"17070201","OBM","RaMCONms_fcm_17070202","RaMCONms","RaMCONms_fcm",22,"fcm","RaMCONms","RaMCONms_fcm","Mixed Conifer - Eastside Mesic",3
"4_41_23_75794",2,64,360,604,827,1707020203,"17070201","OBM","RaPIPOm_fdp_1707020203","RaPIPOm","RaPIPOm_fdp",52,"fdp","RaPIPOm","RaPIPOm_fdp","Dry Ponderosa Pine - Mesic",1
"4_41_23_91727",2,64,361,2053,2395,1707020204,"17070201","OBM","RaMCONms_fcm_17070202","RaMCONms","RaMCONms_fcm",22,"fcm","RaMCONms","RaMCONms_fcm","Mixed Conifer - Eastside Mesic",3
"4_41_23_63961",2,64,361,2053,2184,1707020204,"17070201","OBM","RaMCONms_fcm_17070202","RaMCONms","RaMCONms_fcm",22,"fcm","RaMCONms","RaMCONms_fcm","Mixed Conifer - Eastside Mesic",3
"4_41_23_57408",2,64,361,2053,2253,1707020204,"17070201","OBM","RaMCONms_fcm_17070202","RaMCONms","RaMCONms_fcm",22,"fcm","RaMCONms","RaMCONms_fcm","Mixed Conifer - Eastside Mesic",3
"4_41_23_82852",2,64,361,2053,2684,1707020204,"17070201","OBM","RaMCONms_fcm_17070202","RaMCONms","RaMCONms_fcm",22,"fcm","RaMCONms","RaMCONms_fcm","Mixed Conifer - Eastside Mesic",3
"4_41_23_60413",2,64,361,2053,1412,1707020204,"17070201","OBM","RaMCONms_fcm_17070202","RaMCONms","RaMCONms_fcm",22,"fcm","RaMCONms","RaMCONms_fcm","Mixed Conifer - Eastside Mesic",3
"4_41_23_68612",2,64,361,2318,2696,1707020204,"17070201","OBM","RaSPFI_fcd_OBM","RaSPFI","RaSPFI_fcd",9,"fcd","RaSPFI","RaSPFI_fcd","Spruce - Fir",4
"4_41_23_77429",2,65,370,655,2113,1707020303,"17070202","OBM","RaMCONdy_fdg_1707020303","RaMCONdy","RaMCONdy_fdg",23,"fdg","RaMCONdy","RaMCONdy_fdg","Mixed Conifer - Eastside Dry",1
"4_41_23_73375",2,65,370,2072,1520,1707020303,"17070202","OBM","RaMCONms_fcm_17070203","RaMCONms","RaMCONms_fcm",22,"fcm","RaMCONms","RaMCONms_fcm","Mixed Conifer - Eastside Mesic",3
"4_41_23_53455",2,65,370,2072,1138,1707020303,"17070202","OBM","RaMCONms_fcm_17070203","RaMCONms","RaMCONms_fcm",22,"fcm","RaMCONms","RaMCONms_fcm","Mixed Conifer - Eastside Mesic",3
"4_41_23_70091",2,65,370,2072,797,1707020303,"17070202","OBM","RaMCONms_fcm_17070203","RaMCONms","RaMCONms_fcm",22,"fcm","RaMCONms","RaMCONms_fcm","Mixed Conifer - Eastside Mesic",3
"9_53_19_54956",12,13,46,51,1450,1702000401,"17020003","WNE","RaMCONdy_fdd_1702000401","RaMCONdy","RaMCONdy_fdd",42,"fdd","RaMCONdy","RaMCONdy_fdd","Mixed Conifer - Eastside Dry",1
"4_41_23_84226",2,65,369,725,1934,1707020302,"17070202","OBM","RaPIPOm_fdp_1707020302","RaPIPOm","RaPIPOm_fdp",52,"fdp","RaPIPOm","RaPIPOm_fdp","Dry Ponderosa Pine - Mesic",1
"4_41_23_56619",2,65,369,2072,1412,1707020302,"17070202","OBM","RaMCONms_fcm_17070203","RaMCONms","RaMCONms_fcm",22,"fcm","RaMCONms","RaMCONms_fcm","Mixed Conifer - Eastside Mesic",3
"4_41_23_90189",2,65,369,718,1338,1707020302,"17070202","OBM","RaMCONdy_fdg_1707020302","RaMCONdy","RaMCONdy_fdg",23,"fdg","RaMCONdy","RaMCONdy_fdg","Mixed Conifer - Eastside Dry",1
"4_41_23_54660",2,65,369,2072,1784,1707020302,"17070202","OBM","RaMCONms_fcm_17070203","RaMCONms","RaMCONms_fcm",22,"fcm","RaMCONms","RaMCONms_fcm","Mixed Conifer - Eastside Mesic",3
"4_41_23_77153",2,63,349,2091,1234,1707020106,"17070106","OBM","RaMCONms_fcm_17070201","RaMCONms","RaMCONms_fcm",22,"fcm","RaMCONms","RaMCONms_fcm","Mixed Conifer - Eastside Mesic",3
"9_53_19_51461",12,13,46,51,1508,1702000401,"17020003","WNE","RaMCONdy_fdd_1702000401","RaMCONdy","RaMCONdy_fdd",42,"fdd","RaMCONdy","RaMCONdy_fdd","Mixed Conifer - Eastside Dry",1
"4_41_23_99147",2,63,349,2318,866,1707020106,"17070106","OBM","RaSPFI_fcd_OBM","RaSPFI","RaSPFI_fcd",9,"fcd","RaSPFI","RaSPFI_fcd","Spruce - Fir",4
"4_41_23_64965",2,63,350,866,2771,1707020107,"17070106","OBM","RaMCONdy_fdg_1707020107","RaMCONdy","RaMCONdy_fdg",23,"fdg","RaMCONdy","RaMCONdy_fdg","Mixed Conifer - Eastside Dry",1
"4_41_23_79063",2,148,819,906,1677,1712000202,"17120001","OBM","RaMCONdy_fdg_1712000202","RaMCONdy","RaMCONdy_fdg",23,"fdg","RaMCONdy","RaMCONdy_fdg","Mixed Conifer - Eastside Dry",1
"4_41_23_82823",2,148,819,906,2425,1712000202,"17120001","OBM","RaMCONdy_fdg_1712000202","RaMCONdy","RaMCONdy_fdg",23,"fdg","RaMCONdy","RaMCONdy_fdg","Mixed Conifer - Eastside Dry",1
"4_41_23_51241",2,148,819,906,1428,1712000202,"17120001","OBM","RaMCONdy_fdg_1712000202","RaMCONdy","RaMCONdy_fdg",23,"fdg","RaMCONdy","RaMCONdy_fdg","Mixed Conifer - Eastside Dry",1
"4_41_23_93250",2,148,819,906,2092,1712000202,"17120001","OBM","RaMCONdy_fdg_1712000202","RaMCONdy","RaMCONdy_fdg",23,"fdg","RaMCONdy","RaMCONdy_fdg","Mixed Conifer - Eastside Dry",1
"9_53_19_65290",12,13,46,51,2061,1702000401,"17020003","WNE","RaMCONdy_fdd_1702000401","RaMCONdy","RaMCONdy_fdd",42,"fdd","RaMCONdy","RaMCONdy_fdd","Mixed Conifer - Eastside Dry",1
"4_41_23_96627",2,36,174,2318,898,1705011602,"17050115","OBM","RaSPFI_fcd_OBM","RaSPFI","RaSPFI_fcd",9,"fcd","RaSPFI","RaSPFI_fcd","Spruce - Fir",4
"4_41_23_50193",2,36,174,946,1692,1705011602,"17050115","OBM","RaMCONdy_fdg_1705011602","RaMCONdy","RaMCONdy_fdg",23,"fdg","RaMCONdy","RaMCONdy_fdg","Mixed Conifer - Eastside Dry",1
"4_41_23_84688",2,36,174,946,3143,1705011602,"17050115","OBM","RaMCONdy_fdg_1705011602","RaMCONdy","RaMCONdy_fdg",23,"fdg","RaMCONdy","RaMCONdy_fdg","Mixed Conifer - Eastside Dry",1
"4_41_23_68198",2,36,174,946,2757,1705011602,"17050115","OBM","RaMCONdy_fdg_1705011602","RaMCONdy","RaMCONdy_fdg",23,"fdg","RaMCONdy","RaMCONdy_fdg","Mixed Conifer - Eastside Dry",1
"4_41_25_68402",2,36,174,948,1942,1705011602,"17050115","OBM","RaPIPOm_fdp_1705011602","RaPIPOm","RaPIPOm_fdp",52,"fdp","RaPIPOm","RaPIPOm_fdp","Dry Ponderosa Pine - Mesic",1
"4_41_25_89295",2,36,174,2137,1488,1705011602,"17050115","OBM","RaPIPOxe_fxp_17050116","RaPIPOxe","RaPIPOxe_fxp",56,"fxp","RaPIPOxe","RaPIPOxe_fxp","Ponderosa Pine - Xeric",3
"4_41_25_82928",2,36,174,2137,1102,1705011602,"17050115","OBM","RaPIPOxe_fxp_17050116","RaPIPOxe","RaPIPOxe_fxp",56,"fxp","RaPIPOxe","RaPIPOxe_fxp","Ponderosa Pine - Xeric",3
"4_41_25_80685",2,36,174,948,1134,1705011602,"17050115","OBM","RaPIPOm_fdp_1705011602","RaPIPOm","RaPIPOm_fdp",52,"fdp","RaPIPOm","RaPIPOm_fdp","Dry Ponderosa Pine - Mesic",1
"4_41_25_78568",2,36,174,946,1292,1705011602,"17050115","OBM","RaMCONdy_fdg_1705011602","RaMCONdy","RaMCONdy_fdg",23,"fdg","RaMCONdy","RaMCONdy_fdg","Mixed Conifer - Eastside Dry",1
"4_41_25_82568",2,36,175,1018,908,1705011603,"17050115","OBM","RaPIPOm_fdp_1705011603","RaPIPOm","RaPIPOm_fdp",52,"fdp","RaPIPOm","RaPIPOm_fdp","Dry Ponderosa Pine - Mesic",1
"9_53_19_97516",12,13,46,51,1606,1702000401,"17020003","WNE","RaMCONdy_fdd_1702000401","RaMCONdy","RaMCONdy_fdd",42,"fdd","RaMCONdy","RaMCONdy_fdd","Mixed Conifer - Eastside Dry",1
"4_41_25_64647",2,36,175,1018,873,1705011603,"17050115","OBM","RaPIPOm_fdp_1705011603","RaPIPOm","RaPIPOm_fdp",52,"fdp","RaPIPOm","RaPIPOm_fdp","Dry Ponderosa Pine - Mesic",1
"4_41_25_76409",2,36,175,1018,2048,1705011603,"17050115","OBM","RaPIPOm_fdp_1705011603","RaPIPOm","RaPIPOm_fdp",52,"fdp","RaPIPOm","RaPIPOm_fdp","Dry Ponderosa Pine - Mesic",1
"4_41_25_64881",2,36,175,2137,709,1705011603,"17050115","OBM","RaPIPOxe_fxp_17050116","RaPIPOxe","RaPIPOxe_fxp",56,"fxp","RaPIPOxe","RaPIPOxe_fxp","Ponderosa Pine - Xeric",3
"4_41_25_59680",2,36,175,1018,1192,1705011603,"17050115","OBM","RaPIPOm_fdp_1705011603","RaPIPOm","RaPIPOm_fdp",52,"fdp","RaPIPOm","RaPIPOm_fdp","Dry Ponderosa Pine - Mesic",1
"4_41_25_89844",2,36,175,1026,630,1705011603,"17050115","OBM","RaMCONdy_fdd_1705011603","RaMCONdy","RaMCONdy_fdd",42,"fdd","RaMCONdy","RaMCONdy_fdd","Mixed Conifer - Eastside Dry",1
"4_41_25_92814",2,147,812,1044,904,1712000102,"17110021","OBM","RaPIPOm_fdp_1712000102","RaPIPOm","RaPIPOm_fdp",52,"fdp","RaPIPOm","RaPIPOm_fdp","Dry Ponderosa Pine - Mesic",1
"4_41_25_75384",2,147,812,1044,1348,1712000102,"17110021","OBM","RaPIPOm_fdp_1712000102","RaPIPOm","RaPIPOm_fdp",52,"fdp","RaPIPOm","RaPIPOm_fdp","Dry Ponderosa Pine - Mesic",1
"4_41_25_66114",2,147,812,2157,2460,1712000102,"17110021","OBM","RaPIPOxe_fxp_17120001","RaPIPOxe","RaPIPOxe_fxp",56,"fxp","RaPIPOxe","RaPIPOxe_fxp","Ponderosa Pine - Xeric",3
"4_41_25_59707",2,147,812,2157,118,1712000102,"17110021","OBM","RaPIPOxe_fxp_17120001","RaPIPOxe","RaPIPOxe_fxp",56,"fxp","RaPIPOxe","RaPIPOxe_fxp","Ponderosa Pine - Xeric",3
"9_53_19_65858",12,11,39,2283,1121,1702000217,"17020001","WNE","RaSPFI_fcd_WNE","RaSPFI","RaSPFI_fcd",9,"fcd","RaSPFI","RaSPFI_fcd","Spruce - Fir",4
"9_53_19_66323",12,13,48,78,883,1702000403,"17020003","WNE","RaMCONdy_fdd_1702000403","RaMCONdy","RaMCONdy_fdd",42,"fdd","RaMCONdy","RaMCONdy_fdd","Mixed Conifer - Eastside Dry",1
"4_41_25_58956",5,149,826,2208,10,1712000302,"17120002","OSE","RaPIPOxe_fxp_17120003","RaPIPOxe","RaPIPOxe_fxp",56,"fxp","RaPIPOxe","RaPIPOxe_fxp","Ponderosa Pine - Xeric",3
"4_41_25_78820",5,149,826,2208,21,1712000302,"17120002","OSE","RaPIPOxe_fxp_17120003","RaPIPOxe","RaPIPOxe_fxp",56,"fxp","RaPIPOxe","RaPIPOxe_fxp","Ponderosa Pine - Xeric",3
"9_53_19_77464",12,13,48,78,661,1702000403,"17020003","WNE","RaMCONdy_fdd_1702000403","RaMCONdy","RaMCONdy_fdd",42,"fdd","RaMCONdy","RaMCONdy_fdd","Mixed Conifer - Eastside Dry",1
"9_53_19_84023",12,13,49,96,1236,1702000404,"17020003","WNE","RaMCONdy_fdd_1702000404","RaMCONdy","RaMCONdy_fdd",42,"fdd","RaMCONdy","RaMCONdy_fdd","Mixed Conifer - Eastside Dry",1
"9_53_19_54032",12,11,39,2283,1047,1702000217,"17020001","WNE","RaSPFI_fcd_WNE","RaSPFI","RaSPFI_fcd",9,"fcd","RaSPFI","RaSPFI_fcd","Spruce - Fir",4
"9_53_19_81370",12,11,39,2283,763,1702000217,"17020001","WNE","RaSPFI_fcd_WNE","RaSPFI","RaSPFI_fcd",9,"fcd","RaSPFI","RaSPFI_fcd","Spruce - Fir",4
"9_53_19_58446",12,13,49,96,1281,1702000404,"17020003","WNE","RaMCONdy_fdd_1702000404","RaMCONdy","RaMCONdy_fdd",42,"fdd","RaMCONdy","RaMCONdy_fdd","Mixed Conifer - Eastside Dry",1
"9_53_19_66984",12,13,49,96,985,1702000404,"17020003","WNE","RaMCONdy_fdd_1702000404","RaMCONdy","RaMCONdy_fdd",42,"fdd","RaMCONdy","RaMCONdy_fdd","Mixed Conifer - Eastside Dry",1
"9_53_43_85746",12,10,35,130,446,1702000119,"17010308","WNE","RaPIPOm_fpd_1702000119","RaPIPOm","RaPIPOm_fpd",51,"fpd","RaPIPOm","RaPIPOm_fpd","Dry Ponderosa Pine - Mesic",1
"9_53_19_63224",12,11,38,37,1161,1702000213,"17020001","WNE","RaMCONdy_fdd_1702000213","RaMCONdy","RaMCONdy_fdd",42,"fdd","RaMCONdy","RaMCONdy_fdd","Mixed Conifer - Eastside Dry",1
"9_53_19_89367",12,11,38,37,942,1702000213,"17020001","WNE","RaMCONdy_fdd_1702000213","RaMCONdy","RaMCONdy_fdd",42,"fdd","RaMCONdy","RaMCONdy_fdd","Mixed Conifer - Eastside Dry",1
"4_41_59_90253",2,57,315,476,881,1707010306,"17070102","OBM","RaMCONdy_fdd_1707010306","RaMCONdy","RaMCONdy_fdd",42,"fdd","RaMCONdy","RaMCONdy_fdd","Mixed Conifer - Eastside Dry",1
"4_41_59_76074",2,57,315,476,1256,1707010306,"17070102","OBM","RaMCONdy_fdd_1707010306","RaMCONdy","RaMCONdy_fdd",42,"fdd","RaMCONdy","RaMCONdy_fdd","Mixed Conifer - Eastside Dry",1
"4_41_61_57623",2,57,315,2007,1220,1707010306,"17070102","OBM","RaMCONms_fcm_17070103","RaMCONms","RaMCONms_fcm",22,"fcm","RaMCONms","RaMCONms_fcm","Mixed Conifer - Eastside Mesic",3
"4_41_61_84878",2,46,238,1998,500,1706010402,"17060103","OBM","RaMCONms_fcm_17060104","RaMCONms","RaMCONms_fcm",22,"fcm","RaMCONms","RaMCONms_fcm","Mixed Conifer - Eastside Mesic",3
"4_41_59_96180",2,46,238,495,845,1706010402,"17060103","OBM","RaMCONdy_fdg_1706010402","RaMCONdy","RaMCONdy_fdg",23,"fdg","RaMCONdy","RaMCONdy_fdg","Mixed Conifer - Eastside Dry",1
"4_41_59_99607",2,46,238,1998,1108,1706010402,"17060103","OBM","RaMCONms_fcm_17060104","RaMCONms","RaMCONms_fcm",22,"fcm","RaMCONms","RaMCONms_fcm","Mixed Conifer - Eastside Mesic",3
"9_53_19_81567",12,13,46,2283,1629,1702000401,"17020003","WNE","RaSPFI_fcd_WNE","RaSPFI","RaSPFI_fcd",9,"fcd","RaSPFI","RaSPFI_fcd","Spruce - Fir",4
"9_53_19_80551",12,13,46,51,805,1702000401,"17020003","WNE","RaMCONdy_fdd_1702000401","RaMCONdy","RaMCONdy_fdd",42,"fdd","RaMCONdy","RaMCONdy_fdd","Mixed Conifer - Eastside Dry",1
"4_41_59_88300",2,64,362,2318,687,1707020205,"17070201","OBM","RaSPFI_fcd_OBM","RaSPFI","RaSPFI_fcd",9,"fcd","RaSPFI","RaSPFI_fcd","Spruce - Fir",4
"4_41_59_88196",2,64,362,2053,1069,1707020205,"17070201","OBM","RaMCONms_fcm_17070202","RaMCONms","RaMCONms_fcm",22,"fcm","RaMCONms","RaMCONms_fcm","Mixed Conifer - Eastside Mesic",3
"4_41_59_75241",2,64,362,528,1040,1707020205,"17070201","OBM","RaPIPOm_fdp_1707020205","RaPIPOm","RaPIPOm_fdp",52,"fdp","RaPIPOm","RaPIPOm_fdp","Dry Ponderosa Pine - Mesic",1
"4_41_59_95547",2,64,362,543,1129,1707020205,"17070201","OBM","RaMCONdy_fdd_1707020205","RaMCONdy","RaMCONdy_fdd",42,"fdd","RaMCONdy","RaMCONdy_fdd","Mixed Conifer - Eastside Dry",1
"4_41_59_87578",2,64,362,2053,2716,1707020205,"17070201","OBM","RaMCONms_fcm_17070202","RaMCONms","RaMCONms_fcm",22,"fcm","RaMCONms","RaMCONms_fcm","Mixed Conifer - Eastside Mesic",3
"4_41_59_63924",2,64,362,2053,1070,1707020205,"17070201","OBM","RaMCONms_fcm_17070202","RaMCONms","RaMCONms_fcm",22,"fcm","RaMCONms","RaMCONms_fcm","Mixed Conifer - Eastside Mesic",3
"4_41_59_85335",2,64,362,2053,2251,1707020205,"17070201","OBM","RaMCONms_fcm_17070202","RaMCONms","RaMCONms_fcm",22,"fcm","RaMCONms","RaMCONms_fcm","Mixed Conifer - Eastside Mesic",3
"4_41_59_94633",2,64,362,2053,1094,1707020205,"17070201","OBM","RaMCONms_fcm_17070202","RaMCONms","RaMCONms_fcm",22,"fcm","RaMCONms","RaMCONms_fcm","Mixed Conifer - Eastside Mesic",3
"4_41_59_55741",2,64,362,2318,697,1707020205,"17070201","OBM","RaSPFI_fcd_OBM","RaSPFI","RaSPFI_fcd",9,"fcd","RaSPFI","RaSPFI_fcd","Spruce - Fir",4
"4_41_23_91026",2,64,361,2053,2281,1707020204,"17070201","OBM","RaMCONms_fcm_17070202","RaMCONms","RaMCONms_fcm",22,"fcm","RaMCONms","RaMCONms_fcm","Mixed Conifer - Eastside Mesic",3
"4_41_23_91998",2,64,361,2053,2018,1707020204,"17070201","OBM","RaMCONms_fcm_17070202","RaMCONms","RaMCONms_fcm",22,"fcm","RaMCONms","RaMCONms_fcm","Mixed Conifer - Eastside Mesic",3
"4_41_23_60550",2,64,361,2053,1749,1707020204,"17070201","OBM","RaMCONms_fcm_17070202","RaMCONms","RaMCONms_fcm",22,"fcm","RaMCONms","RaMCONms_fcm","Mixed Conifer - Eastside Mesic",3
"4_41_23_60608",2,64,361,2318,1357,1707020204,"17070201","OBM","RaSPFI_fcd_OBM","RaSPFI","RaSPFI_fcd",9,"fcd","RaSPFI","RaSPFI_fcd","Spruce - Fir",4
"4_41_23_84362",2,64,361,2053,2644,1707020204,"17070201","OBM","RaMCONms_fcm_17070202","RaMCONms","RaMCONms_fcm",22,"fcm","RaMCONms","RaMCONms_fcm","Mixed Conifer - Eastside Mesic",3
"4_41_23_59253",2,65,370,2072,1636,1707020303,"17070202","OBM","RaMCONms_fcm_17070203","RaMCONms","RaMCONms_fcm",22,"fcm","RaMCONms","RaMCONms_fcm","Mixed Conifer - Eastside Mesic",3
"4_41_23_98464",2,65,370,2318,1790,1707020303,"17070202","OBM","RaSPFI_fcd_OBM","RaSPFI","RaSPFI_fcd",9,"fcd","RaSPFI","RaSPFI_fcd","Spruce - Fir",4
"4_41_23_55104",2,65,369,718,796,1707020302,"17070202","OBM","RaMCONdy_fdg_1707020302","RaMCONdy","RaMCONdy_fdg",23,"fdg","RaMCONdy","RaMCONdy_fdg","Mixed Conifer - Eastside Dry",1
"4_41_23_67403",2,65,369,719,713,1707020302,"17070202","OBM","RaMCONdy_fdd_1707020302","RaMCONdy","RaMCONdy_fdd",42,"fdd","RaMCONdy","RaMCONdy_fdd","Mixed Conifer - Eastside Dry",1
"4_41_23_52672",2,65,369,725,529,1707020302,"17070202","OBM","RaPIPOm_fdp_1707020302","RaPIPOm","RaPIPOm_fdp",52,"fdp","RaPIPOm","RaPIPOm_fdp","Dry Ponderosa Pine - Mesic",1
"9_53_19_91720",12,13,46,51,1480,1702000401,"17020003","WNE","RaMCONdy_fdd_1702000401","RaMCONdy","RaMCONdy_fdd",42,"fdd","RaMCONdy","RaMCONdy_fdd","Mixed Conifer - Eastside Dry",1
"4_41_23_97775",2,65,369,719,971,1707020302,"17070202","OBM","RaMCONdy_fdd_1707020302","RaMCONdy","RaMCONdy_fdd",42,"fdd","RaMCONdy","RaMCONdy_fdd","Mixed Conifer - Eastside Dry",1
"4_41_23_54955",2,65,369,2072,1671,1707020302,"17070202","OBM","RaMCONms_fcm_17070203","RaMCONms","RaMCONms_fcm",22,"fcm","RaMCONms","RaMCONms_fcm","Mixed Conifer - Eastside Mesic",3
"4_41_23_50278",2,63,349,2091,1524,1707020106,"17070106","OBM","RaMCONms_fcm_17070201","RaMCONms","RaMCONms_fcm",22,"fcm","RaMCONms","RaMCONms_fcm","Mixed Conifer - Eastside Mesic",3
"4_41_23_91841",2,63,349,2091,1583,1707020106,"17070106","OBM","RaMCONms_fcm_17070201","RaMCONms","RaMCONms_fcm",22,"fcm","RaMCONms","RaMCONms_fcm","Mixed Conifer - Eastside Mesic",3
"4_41_23_69575",2,63,349,769,1686,1707020106,"17070106","OBM","RaMCONdy_fdd_1707020106","RaMCONdy","RaMCONdy_fdd",42,"fdd","RaMCONdy","RaMCONdy_fdd","Mixed Conifer - Eastside Dry",1
"9_53_19_64642",12,13,46,51,1098,1702000401,"17020003","WNE","RaMCONdy_fdd_1702000401","RaMCONdy","RaMCONdy_fdd",42,"fdd","RaMCONdy","RaMCONdy_fdd","Mixed Conifer - Eastside Dry",1
"4_41_23_75998",2,63,349,770,2421,1707020106,"17070106","OBM","RaMCONdy_fdg_1707020106","RaMCONdy","RaMCONdy_fdg",23,"fdg","RaMCONdy","RaMCONdy_fdg","Mixed Conifer - Eastside Dry",1
"4_41_23_77091",2,63,349,2318,993,1707020106,"17070106","OBM","RaSPFI_fcd_OBM","RaSPFI","RaSPFI_fcd",9,"fcd","RaSPFI","RaSPFI_fcd","Spruce - Fir",4
"4_41_23_81871",2,148,819,906,1889,1712000202,"17120001","OBM","RaMCONdy_fdg_1712000202","RaMCONdy","RaMCONdy_fdg",23,"fdg","RaMCONdy","RaMCONdy_fdg","Mixed Conifer - Eastside Dry",1
"4_41_23_72519",2,148,819,906,3096,1712000202,"17120001","OBM","RaMCONdy_fdg_1712000202","RaMCONdy","RaMCONdy_fdg",23,"fdg","RaMCONdy","RaMCONdy_fdg","Mixed Conifer - Eastside Dry",1
"4_41_23_79089",2,148,819,906,1529,1712000202,"17120001","OBM","RaMCONdy_fdg_1712000202","RaMCONdy","RaMCONdy_fdg",23,"fdg","RaMCONdy","RaMCONdy_fdg","Mixed Conifer - Eastside Dry",1
"4_41_23_99970",2,148,819,2132,1555,1712000202,"17120001","OBM","RaMCONms_fcm_17120002","RaMCONms","RaMCONms_fcm",22,"fcm","RaMCONms","RaMCONms_fcm","Mixed Conifer - Eastside Mesic",3
"9_53_19_65264",12,13,46,51,815,1702000401,"17020003","WNE","RaMCONdy_fdd_1702000401","RaMCONdy","RaMCONdy_fdd",42,"fdd","RaMCONdy","RaMCONdy_fdd","Mixed Conifer - Eastside Dry",1
"4_41_23_52467",2,148,819,906,2160,1712000202,"17120001","OBM","RaMCONdy_fdg_1712000202","RaMCONdy","RaMCONdy_fdg",23,"fdg","RaMCONdy","RaMCONdy_fdg","Mixed Conifer - Eastside Dry",1
"4_41_23_74035",2,36,174,946,1060,1705011602,"17050115","OBM","RaMCONdy_fdg_1705011602","RaMCONdy","RaMCONdy_fdg",23,"fdg","RaMCONdy","RaMCONdy_fdg","Mixed Conifer - Eastside Dry",1
"4_41_23_86929",2,36,174,946,1581,1705011602,"17050115","OBM","RaMCONdy_fdg_1705011602","RaMCONdy","RaMCONdy_fdg",23,"fdg","RaMCONdy","RaMCONdy_fdg","Mixed Conifer - Eastside Dry",1
"4_41_23_61443",2,36,174,2318,898,1705011602,"17050115","OBM","RaSPFI_fcd_OBM","RaSPFI","RaSPFI_fcd",9,"fcd","RaSPFI","RaSPFI_fcd","Spruce - Fir",4
"4_41_23_79913",2,36,174,948,1599,1705011602,"17050115","OBM","RaPIPOm_fdp_1705011602","RaPIPOm","RaPIPOm_fdp",52,"fdp","RaPIPOm","RaPIPOm_fdp","Dry Ponderosa Pine - Mesic",1
"4_41_25_98104",2,36,174,948,854,1705011602,"17050115","OBM","RaPIPOm_fdp_1705011602","RaPIPOm","RaPIPOm_fdp",52,"fdp","RaPIPOm","RaPIPOm_fdp","Dry Ponderosa Pine - Mesic",1
"4_41_25_87210",2,36,174,2137,575,1705011602,"17050115","OBM","RaPIPOxe_fxp_17050116","RaPIPOxe","RaPIPOxe_fxp",56,"fxp","RaPIPOxe","RaPIPOxe_fxp","Ponderosa Pine - Xeric",3
"4_41_25_90831",2,36,174,948,531,1705011602,"17050115","OBM","RaPIPOm_fdp_1705011602","RaPIPOm","RaPIPOm_fdp",52,"fdp","RaPIPOm","RaPIPOm_fdp","Dry Ponderosa Pine - Mesic",1
"4_41_25_61209",2,36,177,1000,1041,1705011605,"17050115","OBM","RaPIPOm_fdp_1705011605","RaPIPOm","RaPIPOm_fdp",52,"fdp","RaPIPOm","RaPIPOm_fdp","Dry Ponderosa Pine - Mesic",1
"4_41_25_87637",2,36,177,1000,366,1705011605,"17050115","OBM","RaPIPOm_fdp_1705011605","RaPIPOm","RaPIPOm_fdp",52,"fdp","RaPIPOm","RaPIPOm_fdp","Dry Ponderosa Pine - Mesic",1
"9_53_19_54982",12,13,46,51,1979,1702000401,"17020003","WNE","RaMCONdy_fdd_1702000401","RaMCONdy","RaMCONdy_fdd",42,"fdd","RaMCONdy","RaMCONdy_fdd","Mixed Conifer - Eastside Dry",1
"4_41_25_96193",2,36,175,1018,589,1705011603,"17050115","OBM","RaPIPOm_fdp_1705011603","RaPIPOm","RaPIPOm_fdp",52,"fdp","RaPIPOm","RaPIPOm_fdp","Dry Ponderosa Pine - Mesic",1
"4_41_25_55732",2,36,175,1018,1249,1705011603,"17050115","OBM","RaPIPOm_fdp_1705011603","RaPIPOm","RaPIPOm_fdp",52,"fdp","RaPIPOm","RaPIPOm_fdp","Dry Ponderosa Pine - Mesic",1
"4_41_25_98563",2,36,175,1016,909,1705011603,"17050115","OBM","RaMCONdy_fdg_1705011603","RaMCONdy","RaMCONdy_fdg",23,"fdg","RaMCONdy","RaMCONdy_fdg","Mixed Conifer - Eastside Dry",1
"4_41_25_52650",2,36,175,1026,934,1705011603,"17050115","OBM","RaMCONdy_fdd_1705011603","RaMCONdy","RaMCONdy_fdd",42,"fdd","RaMCONdy","RaMCONdy_fdd","Mixed Conifer - Eastside Dry",1
"4_41_25_75656",2,36,175,1018,1562,1705011603,"17050115","OBM","RaPIPOm_fdp_1705011603","RaPIPOm","RaPIPOm_fdp",52,"fdp","RaPIPOm","RaPIPOm_fdp","Dry Ponderosa Pine - Mesic",1
"4_41_25_76561",2,147,812,2157,1011,1712000102,"17110021","OBM","RaPIPOxe_fxp_17120001","RaPIPOxe","RaPIPOxe_fxp",56,"fxp","RaPIPOxe","RaPIPOxe_fxp","Ponderosa Pine - Xeric",3
"9_53_19_65784",12,11,39,11,1415,1702000217,"17020001","WNE","RaMCONdy_fdd_1702000217","RaMCONdy","RaMCONdy_fdd",42,"fdd","RaMCONdy","RaMCONdy_fdd","Mixed Conifer - Eastside Dry",1
"9_53_19_89777",12,13,48,2283,1539,1702000403,"17020003","WNE","RaSPFI_fcd_WNE","RaSPFI","RaSPFI_fcd",9,"fcd","RaSPFI","RaSPFI_fcd","Spruce - Fir",4
"4_41_25_67358",5,149,826,2208,4,1712000302,"17120002","OSE","RaPIPOxe_fxp_17120003","RaPIPOxe","RaPIPOxe_fxp",56,"fxp","RaPIPOxe","RaPIPOxe_fxp","Ponderosa Pine - Xeric",3
"9_53_19_64576",12,13,48,78,1936,1702000403,"17020003","WNE","RaMCONdy_fdd_1702000403","RaMCONdy","RaMCONdy_fdd",42,"fdd","RaMCONdy","RaMCONdy_fdd","Mixed Conifer - Eastside Dry",1
"4_41_25_90511",5,149,825,1418,351,1712000301,"17120002","OSE","RaMCONdy_fmd_1712000301","RaMCONdy","RaMCONdy_fmd",28,"fmd","RaMCONdy","RaMCONdy_fmd","Mixed Conifer - Eastside Dry",1
"4_41_25_55674",5,149,825,2208,46,1712000301,"17120002","OSE","RaPIPOxe_fxp_17120003","RaPIPOxe","RaPIPOxe_fxp",56,"fxp","RaPIPOxe","RaPIPOxe_fxp","Ponderosa Pine - Xeric",3
"4_41_25_93007",5,149,825,2208,301,1712000301,"17120002","OSE","RaPIPOxe_fxp_17120003","RaPIPOxe","RaPIPOxe_fxp",56,"fxp","RaPIPOxe","RaPIPOxe_fxp","Ponderosa Pine - Xeric",3
"9_53_19_64740",12,13,48,78,1290,1702000403,"17020003","WNE","RaMCONdy_fdd_1702000403","RaMCONdy","RaMCONdy_fdd",42,"fdd","RaMCONdy","RaMCONdy_fdd","Mixed Conifer - Eastside Dry",1
"9_53_19_55881",12,13,48,78,1555,1702000403,"17020003","WNE","RaMCONdy_fdd_1702000403","RaMCONdy","RaMCONdy_fdd",42,"fdd","RaMCONdy","RaMCONdy_fdd","Mixed Conifer - Eastside Dry",1
"9_53_19_92635",12,13,49,96,2442,1702000404,"17020003","WNE","RaMCONdy_fdd_1702000404","RaMCONdy","RaMCONdy_fdd",42,"fdd","RaMCONdy","RaMCONdy_fdd","Mixed Conifer - Eastside Dry",1
"9_53_19_51923",12,11,39,11,1617,1702000217,"17020001","WNE","RaMCONdy_fdd_1702000217","RaMCONdy","RaMCONdy_fdd",42,"fdd","RaMCONdy","RaMCONdy_fdd","Mixed Conifer - Eastside Dry",1
"9_53_19_90521",12,13,49,96,306,1702000404,"17020003","WNE","RaMCONdy_fdd_1702000404","RaMCONdy","RaMCONdy_fdd",42,"fdd","RaMCONdy","RaMCONdy_fdd","Mixed Conifer - Eastside Dry",1
"9_53_19_65039",12,13,49,96,384,1702000404,"17020003","WNE","RaMCONdy_fdd_1702000404","RaMCONdy","RaMCONdy_fdd",42,"fdd","RaMCONdy","RaMCONdy_fdd","Mixed Conifer - Eastside Dry",1
"9_53_19_96567",12,13,49,96,36,1702000404,"17020003","WNE","RaMCONdy_fdd_1702000404","RaMCONdy","RaMCONdy_fdd",42,"fdd","RaMCONdy","RaMCONdy_fdd","Mixed Conifer - Eastside Dry",1
"9_53_19_68331",12,11,38,37,1046,1702000213,"17020001","WNE","RaMCONdy_fdd_1702000213","RaMCONdy","RaMCONdy_fdd",42,"fdd","RaMCONdy","RaMCONdy_fdd","Mixed Conifer - Eastside Dry",1
"9_53_19_85724",12,11,38,37,1025,1702000213,"17020001","WNE","RaMCONdy_fdd_1702000213","RaMCONdy","RaMCONdy_fdd",42,"fdd","RaMCONdy","RaMCONdy_fdd","Mixed Conifer - Eastside Dry",1
"9_53_19_77000",12,11,38,37,635,1702000213,"17020001","WNE","RaMCONdy_fdd_1702000213","RaMCONdy","RaMCONdy_fdd",42,"fdd","RaMCONdy","RaMCONdy_fdd","Mixed Conifer - Eastside Dry",1
"9_53_19_53272",12,11,38,2283,1574,1702000213,"17020001","WNE","RaSPFI_fcd_WNE","RaSPFI","RaSPFI_fcd",9,"fcd","RaSPFI","RaSPFI_fcd","Spruce - Fir",4
"9_53_19_66204",12,11,38,2283,832,1702000213,"17020001","WNE","RaSPFI_fcd_WNE","RaSPFI","RaSPFI_fcd",9,"fcd","RaSPFI","RaSPFI_fcd","Spruce - Fir",4
"4_41_59_51286",2,57,314,2009,766,1707010305,"17070102","OBM","RaPIPOxe_fxp_17070103","RaPIPOxe","RaPIPOxe_fxp",56,"fxp","RaPIPOxe","RaPIPOxe_fxp","Ponderosa Pine - Xeric",3
"9_53_19_88650",12,13,46,51,1521,1702000401,"17020003","WNE","RaMCONdy_fdd_1702000401","RaMCONdy","RaMCONdy_fdd",42,"fdd","RaMCONdy","RaMCONdy_fdd","Mixed Conifer - Eastside Dry",1
"4_41_61_75741",2,57,315,2007,1034,1707010306,"17070102","OBM","RaMCONms_fcm_17070103","RaMCONms","RaMCONms_fcm",22,"fcm","RaMCONms","RaMCONms_fcm","Mixed Conifer - Eastside Mesic",3
"4_41_61_83684",2,46,238,1998,1096,1706010402,"17060103","OBM","RaMCONms_fcm_17060104","RaMCONms","RaMCONms_fcm",22,"fcm","RaMCONms","RaMCONms_fcm","Mixed Conifer - Eastside Mesic",3
"4_41_61_99732",2,46,238,1998,669,1706010402,"17060103","OBM","RaMCONms_fcm_17060104","RaMCONms","RaMCONms_fcm",22,"fcm","RaMCONms","RaMCONms_fcm","Mixed Conifer - Eastside Mesic",3
"4_41_59_80458",2,46,238,2318,484,1706010402,"17060103","OBM","RaSPFI_fcd_OBM","RaSPFI","RaSPFI_fcd",9,"fcd","RaSPFI","RaSPFI_fcd","Spruce - Fir",4
"4_41_59_78653",2,46,238,2318,589,1706010402,"17060103","OBM","RaSPFI_fcd_OBM","RaSPFI","RaSPFI_fcd",9,"fcd","RaSPFI","RaSPFI_fcd","Spruce - Fir",4
"4_41_61_55113",2,46,238,1998,596,1706010402,"17060103","OBM","RaMCONms_fcm_17060104","RaMCONms","RaMCONms_fcm",22,"fcm","RaMCONms","RaMCONms_fcm","Mixed Conifer - Eastside Mesic",3
"4_41_59_95140",2,64,362,2053,914,1707020205,"17070201","OBM","RaMCONms_fcm_17070202","RaMCONms","RaMCONms_fcm",22,"fcm","RaMCONms","RaMCONms_fcm","Mixed Conifer - Eastside Mesic",3
"4_41_61_99988",2,64,362,2053,494,1707020205,"17070201","OBM","RaMCONms_fcm_17070202","RaMCONms","RaMCONms_fcm",22,"fcm","RaMCONms","RaMCONms_fcm","Mixed Conifer - Eastside Mesic",3
"4_41_61_97247",2,46,238,495,576,1706010402,"17060103","OBM","RaMCONdy_fdg_1706010402","RaMCONdy","RaMCONdy_fdg",23,"fdg","RaMCONdy","RaMCONdy_fdg","Mixed Conifer - Eastside Dry",1
"4_41_59_87844",2,64,362,2318,1234,1707020205,"17070201","OBM","RaSPFI_fcd_OBM","RaSPFI","RaSPFI_fcd",9,"fcd","RaSPFI","RaSPFI_fcd","Spruce - Fir",4
"4_41_59_57579",2,64,362,2053,720,1707020205,"17070201","OBM","RaMCONms_fcm_17070202","RaMCONms","RaMCONms_fcm",22,"fcm","RaMCONms","RaMCONms_fcm","Mixed Conifer - Eastside Mesic",3
"4_41_59_81773",2,64,362,2053,1826,1707020205,"17070201","OBM","RaMCONms_fcm_17070202","RaMCONms","RaMCONms_fcm",22,"fcm","RaMCONms","RaMCONms_fcm","Mixed Conifer - Eastside Mesic",3
"4_41_59_89927",2,64,362,2053,2809,1707020205,"17070201","OBM","RaMCONms_fcm_17070202","RaMCONms","RaMCONms_fcm",22,"fcm","RaMCONms","RaMCONms_fcm","Mixed Conifer - Eastside Mesic",3
"4_41_59_72912",2,64,362,2053,1322,1707020205,"17070201","OBM","RaMCONms_fcm_17070202","RaMCONms","RaMCONms_fcm",22,"fcm","RaMCONms","RaMCONms_fcm","Mixed Conifer - Eastside Mesic",3
"4_41_59_93132",2,64,362,2053,1351,1707020205,"17070201","OBM","RaMCONms_fcm_17070202","RaMCONms","RaMCONms_fcm",22,"fcm","RaMCONms","RaMCONms_fcm","Mixed Conifer - Eastside Mesic",3
"4_41_59_81618",2,64,362,2053,2067,1707020205,"17070201","OBM","RaMCONms_fcm_17070202","RaMCONms","RaMCONms_fcm",22,"fcm","RaMCONms","RaMCONms_fcm","Mixed Conifer - Eastside Mesic",3
"4_41_59_72841",2,64,362,2053,1318,1707020205,"17070201","OBM","RaMCONms_fcm_17070202","RaMCONms","RaMCONms_fcm",22,"fcm","RaMCONms","RaMCONms_fcm","Mixed Conifer - Eastside Mesic",3
"4_41_23_58233",2,64,360,602,1100,1707020203,"17070201","OBM","RaMCONdy_fdd_1707020203","RaMCONdy","RaMCONdy_fdd",42,"fdd","RaMCONdy","RaMCONdy_fdd","Mixed Conifer - Eastside Dry",1
"4_41_23_60242",2,64,360,602,980,1707020203,"17070201","OBM","RaMCONdy_fdd_1707020203","RaMCONdy","RaMCONdy_fdd",42,"fdd","RaMCONdy","RaMCONdy_fdd","Mixed Conifer - Eastside Dry",1
"4_41_23_62429",2,64,360,2053,2552,1707020203,"17070201","OBM","RaMCONms_fcm_17070202","RaMCONms","RaMCONms_fcm",22,"fcm","RaMCONms","RaMCONms_fcm","Mixed Conifer - Eastside Mesic",3
"4_41_23_85303",2,64,361,2318,2464,1707020204,"17070201","OBM","RaSPFI_fcd_OBM","RaSPFI","RaSPFI_fcd",9,"fcd","RaSPFI","RaSPFI_fcd","Spruce - Fir",4
"4_41_23_66402",2,64,361,2053,2358,1707020204,"17070201","OBM","RaMCONms_fcm_17070202","RaMCONms","RaMCONms_fcm",22,"fcm","RaMCONms","RaMCONms_fcm","Mixed Conifer - Eastside Mesic",3
"4_41_23_83643",2,64,361,2053,1100,1707020204,"17070201","OBM","RaMCONms_fcm_17070202","RaMCONms","RaMCONms_fcm",22,"fcm","RaMCONms","RaMCONms_fcm","Mixed Conifer - Eastside Mesic",3
"4_41_23_54614",2,64,361,2318,844,1707020204,"17070201","OBM","RaSPFI_fcd_OBM","RaSPFI","RaSPFI_fcd",9,"fcd","RaSPFI","RaSPFI_fcd","Spruce - Fir",4
"4_41_23_90252",2,65,369,718,420,1707020302,"17070202","OBM","RaMCONdy_fdg_1707020302","RaMCONdy","RaMCONdy_fdg",23,"fdg","RaMCONdy","RaMCONdy_fdg","Mixed Conifer - Eastside Dry",1
"4_41_23_91709",2,65,369,2080,929,1707020302,"17070202","OBM","RaSAWD_fsw_17070203","RaSAWD","RaSAWD_fsw",3,"fsw","RaSAWD","RaSAWD_fsw","Subalpine Woodland",3
"4_41_23_71640",2,65,369,719,427,1707020302,"17070202","OBM","RaMCONdy_fdd_1707020302","RaMCONdy","RaMCONdy_fdd",42,"fdd","RaMCONdy","RaMCONdy_fdd","Mixed Conifer - Eastside Dry",1
"4_41_23_75096",2,65,369,718,650,1707020302,"17070202","OBM","RaMCONdy_fdg_1707020302","RaMCONdy","RaMCONdy_fdg",23,"fdg","RaMCONdy","RaMCONdy_fdg","Mixed Conifer - Eastside Dry",1
"9_53_19_98224",12,13,46,51,1391,1702000401,"17020003","WNE","RaMCONdy_fdd_1702000401","RaMCONdy","RaMCONdy_fdd",42,"fdd","RaMCONdy","RaMCONdy_fdd","Mixed Conifer - Eastside Dry",1
"4_41_23_96126",2,65,369,725,617,1707020302,"17070202","OBM","RaPIPOm_fdp_1707020302","RaPIPOm","RaPIPOm_fdp",52,"fdp","RaPIPOm","RaPIPOm_fdp","Dry Ponderosa Pine - Mesic",1
"4_41_23_53588",2,65,369,719,1028,1707020302,"17070202","OBM","RaMCONdy_fdd_1707020302","RaMCONdy","RaMCONdy_fdd",42,"fdd","RaMCONdy","RaMCONdy_fdd","Mixed Conifer - Eastside Dry",1
"4_41_23_85157",2,65,369,718,917,1707020302,"17070202","OBM","RaMCONdy_fdg_1707020302","RaMCONdy","RaMCONdy_fdg",23,"fdg","RaMCONdy","RaMCONdy_fdg","Mixed Conifer - Eastside Dry",1
"4_41_23_70656",2,65,369,2072,925,1707020302,"17070202","OBM","RaMCONms_fcm_17070203","RaMCONms","RaMCONms_fcm",22,"fcm","RaMCONms","RaMCONms_fcm","Mixed Conifer - Eastside Mesic",3
"4_41_23_53149",2,65,369,719,957,1707020302,"17070202","OBM","RaMCONdy_fdd_1707020302","RaMCONdy","RaMCONdy_fdd",42,"fdd","RaMCONdy","RaMCONdy_fdd","Mixed Conifer - Eastside Dry",1
"4_41_23_59559",2,65,369,2072,960,1707020302,"17070202","OBM","RaMCONms_fcm_17070203","RaMCONms","RaMCONms_fcm",22,"fcm","RaMCONms","RaMCONms_fcm","Mixed Conifer - Eastside Mesic",3
"4_41_23_70208",2,65,369,2072,1972,1707020302,"17070202","OBM","RaMCONms_fcm_17070203","RaMCONms","RaMCONms_fcm",22,"fcm","RaMCONms","RaMCONms_fcm","Mixed Conifer - Eastside Mesic",3
"4_41_23_80545",2,63,349,2091,1329,1707020106,"17070106","OBM","RaMCONms_fcm_17070201","RaMCONms","RaMCONms_fcm",22,"fcm","RaMCONms","RaMCONms_fcm","Mixed Conifer - Eastside Mesic",3
"4_41_23_64512",2,63,349,770,787,1707020106,"17070106","OBM","RaMCONdy_fdg_1707020106","RaMCONdy","RaMCONdy_fdg",23,"fdg","RaMCONdy","RaMCONdy_fdg","Mixed Conifer - Eastside Dry",1
"4_41_23_91255",2,63,349,770,1434,1707020106,"17070106","OBM","RaMCONdy_fdg_1707020106","RaMCONdy","RaMCONdy_fdg",23,"fdg","RaMCONdy","RaMCONdy_fdg","Mixed Conifer - Eastside Dry",1
"4_41_23_55475",2,63,349,2091,776,1707020106,"17070106","OBM","RaMCONms_fcm_17070201","RaMCONms","RaMCONms_fcm",22,"fcm","RaMCONms","RaMCONms_fcm","Mixed Conifer - Eastside Mesic",3
"9_53_19_83233",12,13,46,51,1484,1702000401,"17020003","WNE","RaMCONdy_fdd_1702000401","RaMCONdy","RaMCONdy_fdd",42,"fdd","RaMCONdy","RaMCONdy_fdd","Mixed Conifer - Eastside Dry",1
"4_41_23_69941",2,63,349,2318,2152,1707020106,"17070106","OBM","RaSPFI_fcd_OBM","RaSPFI","RaSPFI_fcd",9,"fcd","RaSPFI","RaSPFI_fcd","Spruce - Fir",4
"4_41_23_62381",2,36,173,905,3301,1705011601,"17050115","OBM","RaMCONdy_fdg_1705011601","RaMCONdy","RaMCONdy_fdg",23,"fdg","RaMCONdy","RaMCONdy_fdg","Mixed Conifer - Eastside Dry",1
"4_41_23_59719",2,36,173,905,1922,1705011601,"17050115","OBM","RaMCONdy_fdg_1705011601","RaMCONdy","RaMCONdy_fdg",23,"fdg","RaMCONdy","RaMCONdy_fdg","Mixed Conifer - Eastside Dry",1
"4_41_23_76546",2,36,173,905,955,1705011601,"17050115","OBM","RaMCONdy_fdg_1705011601","RaMCONdy","RaMCONdy_fdg",23,"fdg","RaMCONdy","RaMCONdy_fdg","Mixed Conifer - Eastside Dry",1
"4_41_23_85570",2,36,173,905,1206,1705011601,"17050115","OBM","RaMCONdy_fdg_1705011601","RaMCONdy","RaMCONdy_fdg",23,"fdg","RaMCONdy","RaMCONdy_fdg","Mixed Conifer - Eastside Dry",1
"9_53_19_53469",12,13,46,2283,910,1702000401,"17020003","WNE","RaSPFI_fcd_WNE","RaSPFI","RaSPFI_fcd",9,"fcd","RaSPFI","RaSPFI_fcd","Spruce - Fir",4
"9_53_19_51314",12,13,46,2283,1654,1702000401,"17020003","WNE","RaSPFI_fcd_WNE","RaSPFI","RaSPFI_fcd",9,"fcd","RaSPFI","RaSPFI_fcd","Spruce - Fir",4
"4_41_23_93020",2,36,173,905,1781,1705011601,"17050115","OBM","RaMCONdy_fdg_1705011601","RaMCONdy","RaMCONdy_fdg",23,"fdg","RaMCONdy","RaMCONdy_fdg","Mixed Conifer - Eastside Dry",1
"4_41_23_90745",2,36,174,946,764,1705011602,"17050115","OBM","RaMCONdy_fdg_1705011602","RaMCONdy","RaMCONdy_fdg",23,"fdg","RaMCONdy","RaMCONdy_fdg","Mixed Conifer - Eastside Dry",1
"4_41_23_64812",2,36,174,946,1646,1705011602,"17050115","OBM","RaMCONdy_fdg_1705011602","RaMCONdy","RaMCONdy_fdg",23,"fdg","RaMCONdy","RaMCONdy_fdg","Mixed Conifer - Eastside Dry",1
"4_41_23_92458",2,36,174,948,816,1705011602,"17050115","OBM","RaPIPOm_fdp_1705011602","RaPIPOm","RaPIPOm_fdp",52,"fdp","RaPIPOm","RaPIPOm_fdp","Dry Ponderosa Pine - Mesic",1
"4_41_23_71906",2,36,174,2318,1115,1705011602,"17050115","OBM","RaSPFI_fcd_OBM","RaSPFI","RaSPFI_fcd",9,"fcd","RaSPFI","RaSPFI_fcd","Spruce - Fir",4
"4_41_25_72011",2,36,174,951,1195,1705011602,"17050115","OBM","RaMCONdy_fdd_1705011602","RaMCONdy","RaMCONdy_fdd",42,"fdd","RaMCONdy","RaMCONdy_fdd","Mixed Conifer - Eastside Dry",1
"9_53_19_81852",12,10,30,2283,1212,1702000114,"17010308","WNE","RaSPFI_fcd_WNE","RaSPFI","RaSPFI_fcd",9,"fcd","RaSPFI","RaSPFI_fcd","Spruce - Fir",4
"9_53_19_55293",12,13,46,2283,1278,1702000401,"17020003","WNE","RaSPFI_fcd_WNE","RaSPFI","RaSPFI_fcd",9,"fcd","RaSPFI","RaSPFI_fcd","Spruce - Fir",4
"4_41_25_79824",2,36,177,2137,150,1705011605,"17050115","OBM","RaPIPOxe_fxp_17050116","RaPIPOxe","RaPIPOxe_fxp",56,"fxp","RaPIPOxe","RaPIPOxe_fxp","Ponderosa Pine - Xeric",3
"4_41_25_84167",2,36,177,1000,741,1705011605,"17050115","OBM","RaPIPOm_fdp_1705011605","RaPIPOm","RaPIPOm_fdp",52,"fdp","RaPIPOm","RaPIPOm_fdp","Dry Ponderosa Pine - Mesic",1
"4_41_25_98182",2,36,177,2137,846,1705011605,"17050115","OBM","RaPIPOxe_fxp_17050116","RaPIPOxe","RaPIPOxe_fxp",56,"fxp","RaPIPOxe","RaPIPOxe_fxp","Ponderosa Pine - Xeric",3
"4_41_25_74274",2,36,175,2137,1632,1705011603,"17050115","OBM","RaPIPOxe_fxp_17050116","RaPIPOxe","RaPIPOxe_fxp",56,"fxp","RaPIPOxe","RaPIPOxe_fxp","Ponderosa Pine - Xeric",3
"4_41_25_82428",2,36,175,2137,1935,1705011603,"17050115","OBM","RaPIPOxe_fxp_17050116","RaPIPOxe","RaPIPOxe_fxp",56,"fxp","RaPIPOxe","RaPIPOxe_fxp","Ponderosa Pine - Xeric",3
"4_41_25_95732",2,36,175,2137,899,1705011603,"17050115","OBM","RaPIPOxe_fxp_17050116","RaPIPOxe","RaPIPOxe_fxp",56,"fxp","RaPIPOxe","RaPIPOxe_fxp","Ponderosa Pine - Xeric",3
"4_41_25_88846",5,149,826,2208,20,1712000302,"17120002","OSE","RaPIPOxe_fxp_17120003","RaPIPOxe","RaPIPOxe_fxp",56,"fxp","RaPIPOxe","RaPIPOxe_fxp","Ponderosa Pine - Xeric",3
"4_41_25_94549",5,149,825,1418,959,1712000301,"17120002","OSE","RaMCONdy_fmd_1712000301","RaMCONdy","RaMCONdy_fmd",28,"fmd","RaMCONdy","RaMCONdy_fmd","Mixed Conifer - Eastside Dry",1
"4_41_25_86307",5,149,825,2208,335,1712000301,"17120002","OSE","RaPIPOxe_fxp_17120003","RaPIPOxe","RaPIPOxe_fxp",56,"fxp","RaPIPOxe","RaPIPOxe_fxp","Ponderosa Pine - Xeric",3
"4_41_25_77061",5,149,825,1418,48,1712000301,"17120002","OSE","RaMCONdy_fmd_1712000301","RaMCONdy","RaMCONdy_fmd",28,"fmd","RaMCONdy","RaMCONdy_fmd","Mixed Conifer - Eastside Dry",1
"9_53_19_57925",12,13,48,78,764,1702000403,"17020003","WNE","RaMCONdy_fdd_1702000403","RaMCONdy","RaMCONdy_fdd",42,"fdd","RaMCONdy","RaMCONdy_fdd","Mixed Conifer - Eastside Dry",1
"9_53_19_63761",12,13,49,96,1057,1702000404,"17020003","WNE","RaMCONdy_fdd_1702000404","RaMCONdy","RaMCONdy_fdd",42,"fdd","RaMCONdy","RaMCONdy_fdd","Mixed Conifer - Eastside Dry",1
"9_53_19_75050",12,13,49,96,2201,1702000404,"17020003","WNE","RaMCONdy_fdd_1702000404","RaMCONdy","RaMCONdy_fdd",42,"fdd","RaMCONdy","RaMCONdy_fdd","Mixed Conifer - Eastside Dry",1
"9_53_19_93168",12,13,49,96,1702,1702000404,"17020003","WNE","RaMCONdy_fdd_1702000404","RaMCONdy","RaMCONdy_fdd",42,"fdd","RaMCONdy","RaMCONdy_fdd","Mixed Conifer - Eastside Dry",1
"9_53_19_61653",12,10,32,105,1909,1702000116,"17010308","WNE","RaMCONdy_fdd_1702000116","RaMCONdy","RaMCONdy_fdd",42,"fdd","RaMCONdy","RaMCONdy_fdd","Mixed Conifer - Eastside Dry",1
"9_53_19_50166",12,10,32,105,1983,1702000116,"17010308","WNE","RaMCONdy_fdd_1702000116","RaMCONdy","RaMCONdy_fdd",42,"fdd","RaMCONdy","RaMCONdy_fdd","Mixed Conifer - Eastside Dry",1
"9_53_19_55222",12,10,32,105,1746,1702000116,"17010308","WNE","RaMCONdy_fdd_1702000116","RaMCONdy","RaMCONdy_fdd",42,"fdd","RaMCONdy","RaMCONdy_fdd","Mixed Conifer - Eastside Dry",1
"9_53_19_99897",12,10,32,105,679,1702000116,"17010308","WNE","RaMCONdy_fdd_1702000116","RaMCONdy","RaMCONdy_fdd",42,"fdd","RaMCONdy","RaMCONdy_fdd","Mixed Conifer - Eastside Dry",1
"9_53_19_73457",12,10,32,105,1009,1702000116,"17010308","WNE","RaMCONdy_fdd_1702000116","RaMCONdy","RaMCONdy_fdd",42,"fdd","RaMCONdy","RaMCONdy_fdd","Mixed Conifer - Eastside Dry",1
"9_53_19_87039",12,10,35,130,1161,1702000119,"17010308","WNE","RaPIPOm_fpd_1702000119","RaPIPOm","RaPIPOm_fpd",51,"fpd","RaPIPOm","RaPIPOm_fpd","Dry Ponderosa Pine - Mesic",1
"9_53_43_93154",12,10,35,130,353,1702000119,"17010308","WNE","RaPIPOm_fpd_1702000119","RaPIPOm","RaPIPOm_fpd",51,"fpd","RaPIPOm","RaPIPOm_fpd","Dry Ponderosa Pine - Mesic",1
"9_53_19_58745",12,11,38,37,675,1702000213,"17020001","WNE","RaMCONdy_fdd_1702000213","RaMCONdy","RaMCONdy_fdd",42,"fdd","RaMCONdy","RaMCONdy_fdd","Mixed Conifer - Eastside Dry",1
"9_53_19_57602",12,11,38,37,1215,1702000213,"17020001","WNE","RaMCONdy_fdd_1702000213","RaMCONdy","RaMCONdy_fdd",42,"fdd","RaMCONdy","RaMCONdy_fdd","Mixed Conifer - Eastside Dry",1
"9_53_19_60372",12,13,46,51,1490,1702000401,"17020003","WNE","RaMCONdy_fdd_1702000401","RaMCONdy","RaMCONdy_fdd",42,"fdd","RaMCONdy","RaMCONdy_fdd","Mixed Conifer - Eastside Dry",1
"9_53_19_73150",12,13,46,2283,1333,1702000401,"17020003","WNE","RaSPFI_fcd_WNE","RaSPFI","RaSPFI_fcd",9,"fcd","RaSPFI","RaSPFI_fcd","Spruce - Fir",4
"4_41_59_55746",2,57,313,2007,893,1707010304,"17070102","OBM","RaMCONms_fcm_17070103","RaMCONms","RaMCONms_fcm",22,"fcm","RaMCONms","RaMCONms_fcm","Mixed Conifer - Eastside Mesic",3
"4_41_61_98924",2,46,238,1998,1506,1706010402,"17060103","OBM","RaMCONms_fcm_17060104","RaMCONms","RaMCONms_fcm",22,"fcm","RaMCONms","RaMCONms_fcm","Mixed Conifer - Eastside Mesic",3
"4_41_61_74426",2,46,238,1998,432,1706010402,"17060103","OBM","RaMCONms_fcm_17060104","RaMCONms","RaMCONms_fcm",22,"fcm","RaMCONms","RaMCONms_fcm","Mixed Conifer - Eastside Mesic",3
"4_41_61_60133",2,46,238,2318,1220,1706010402,"17060103","OBM","RaSPFI_fcd_OBM","RaSPFI","RaSPFI_fcd",9,"fcd","RaSPFI","RaSPFI_fcd","Spruce - Fir",4
"4_41_61_85025",2,46,238,491,880,1706010402,"17060103","OBM","RaMCONdy_fdd_1706010402","RaMCONdy","RaMCONdy_fdd",42,"fdd","RaMCONdy","RaMCONdy_fdd","Mixed Conifer - Eastside Dry",1
"4_41_61_68837",2,46,238,491,1015,1706010402,"17060103","OBM","RaMCONdy_fdd_1706010402","RaMCONdy","RaMCONdy_fdd",42,"fdd","RaMCONdy","RaMCONdy_fdd","Mixed Conifer - Eastside Dry",1
"4_41_61_70169",2,46,238,1998,595,1706010402,"17060103","OBM","RaMCONms_fcm_17060104","RaMCONms","RaMCONms_fcm",22,"fcm","RaMCONms","RaMCONms_fcm","Mixed Conifer - Eastside Mesic",3
"9_53_19_72324",12,13,46,2283,923,1702000401,"17020003","WNE","RaSPFI_fcd_WNE","RaSPFI","RaSPFI_fcd",9,"fcd","RaSPFI","RaSPFI_fcd","Spruce - Fir",4
"9_53_19_86972",12,13,46,51,1421,1702000401,"17020003","WNE","RaMCONdy_fdd_1702000401","RaMCONdy","RaMCONdy_fdd",42,"fdd","RaMCONdy","RaMCONdy_fdd","Mixed Conifer - Eastside Dry",1
"4_41_61_76915",2,64,362,543,441,1707020205,"17070201","OBM","RaMCONdy_fdd_1707020205","RaMCONdy","RaMCONdy_fdd",42,"fdd","RaMCONdy","RaMCONdy_fdd","Mixed Conifer - Eastside Dry",1
"4_41_59_90018",2,64,362,2318,1311,1707020205,"17070201","OBM","RaSPFI_fcd_OBM","RaSPFI","RaSPFI_fcd",9,"fcd","RaSPFI","RaSPFI_fcd","Spruce - Fir",4
"4_41_59_79271",2,64,362,2053,2691,1707020205,"17070201","OBM","RaMCONms_fcm_17070202","RaMCONms","RaMCONms_fcm",22,"fcm","RaMCONms","RaMCONms_fcm","Mixed Conifer - Eastside Mesic",3
"4_41_59_76102",2,64,362,2318,2504,1707020205,"17070201","OBM","RaSPFI_fcd_OBM","RaSPFI","RaSPFI_fcd",9,"fcd","RaSPFI","RaSPFI_fcd","Spruce - Fir",4
"4_41_59_59627",2,64,362,2318,1698,1707020205,"17070201","OBM","RaSPFI_fcd_OBM","RaSPFI","RaSPFI_fcd",9,"fcd","RaSPFI","RaSPFI_fcd","Spruce - Fir",4
"9_53_19_79030",12,13,46,2283,850,1702000401,"17020003","WNE","RaSPFI_fcd_WNE","RaSPFI","RaSPFI_fcd",9,"fcd","RaSPFI","RaSPFI_fcd","Spruce - Fir",4
"9_53_19_51521",12,13,46,51,1438,1702000401,"17020003","WNE","RaMCONdy_fdd_1702000401","RaMCONdy","RaMCONdy_fdd",42,"fdd","RaMCONdy","RaMCONdy_fdd","Mixed Conifer - Eastside Dry",1
"4_41_23_59891",2,64,360,2053,807,1707020203,"17070201","OBM","RaMCONms_fcm_17070202","RaMCONms","RaMCONms_fcm",22,"fcm","RaMCONms","RaMCONms_fcm","Mixed Conifer - Eastside Mesic",3
"4_41_23_98129",2,64,360,2318,1149,1707020203,"17070201","OBM","RaSPFI_fcd_OBM","RaSPFI","RaSPFI_fcd",9,"fcd","RaSPFI","RaSPFI_fcd","Spruce - Fir",4
"4_41_23_95590",2,64,361,2053,2219,1707020204,"17070201","OBM","RaMCONms_fcm_17070202","RaMCONms","RaMCONms_fcm",22,"fcm","RaMCONms","RaMCONms_fcm","Mixed Conifer - Eastside Mesic",3
"4_41_23_92025",2,64,361,2318,1101,1707020204,"17070201","OBM","RaSPFI_fcd_OBM","RaSPFI","RaSPFI_fcd",9,"fcd","RaSPFI","RaSPFI_fcd","Spruce - Fir",4
"4_41_23_88981",2,64,361,2318,1614,1707020204,"17070201","OBM","RaSPFI_fcd_OBM","RaSPFI","RaSPFI_fcd",9,"fcd","RaSPFI","RaSPFI_fcd","Spruce - Fir",4
"4_41_23_93017",2,64,361,2068,701,1707020204,"17070201","OBM","RaSAWD_fsw_17070202","RaSAWD","RaSAWD_fsw",3,"fsw","RaSAWD","RaSAWD_fsw","Subalpine Woodland",3
"4_41_23_86128",2,64,361,2053,1910,1707020204,"17070201","OBM","RaMCONms_fcm_17070202","RaMCONms","RaMCONms_fcm",22,"fcm","RaMCONms","RaMCONms_fcm","Mixed Conifer - Eastside Mesic",3
"4_41_23_99206",2,64,361,2318,748,1707020204,"17070201","OBM","RaSPFI_fcd_OBM","RaSPFI","RaSPFI_fcd",9,"fcd","RaSPFI","RaSPFI_fcd","Spruce - Fir",4
"4_41_23_51086",2,64,361,2318,813,1707020204,"17070201","OBM","RaSPFI_fcd_OBM","RaSPFI","RaSPFI_fcd",9,"fcd","RaSPFI","RaSPFI_fcd","Spruce - Fir",4
"4_41_23_91416",2,65,369,2318,650,1707020302,"17070202","OBM","RaSPFI_fcd_OBM","RaSPFI","RaSPFI_fcd",9,"fcd","RaSPFI","RaSPFI_fcd","Spruce - Fir",4
"4_41_23_94835",2,65,369,719,1157,1707020302,"17070202","OBM","RaMCONdy_fdd_1707020302","RaMCONdy","RaMCONdy_fdd",42,"fdd","RaMCONdy","RaMCONdy_fdd","Mixed Conifer - Eastside Dry",1
"4_41_23_85183",2,65,369,718,787,1707020302,"17070202","OBM","RaMCONdy_fdg_1707020302","RaMCONdy","RaMCONdy_fdg",23,"fdg","RaMCONdy","RaMCONdy_fdg","Mixed Conifer - Eastside Dry",1
"4_41_23_95915",2,65,369,725,898,1707020302,"17070202","OBM","RaPIPOm_fdp_1707020302","RaPIPOm","RaPIPOm_fdp",52,"fdp","RaPIPOm","RaPIPOm_fdp","Dry Ponderosa Pine - Mesic",1
"4_41_23_64202",2,65,369,2072,1081,1707020302,"17070202","OBM","RaMCONms_fcm_17070203","RaMCONms","RaMCONms_fcm",22,"fcm","RaMCONms","RaMCONms_fcm","Mixed Conifer - Eastside Mesic",3
"4_41_23_55468",2,63,348,786,694,1707020105,"17070106","OBM","RaMCONdy_fdg_1707020105","RaMCONdy","RaMCONdy_fdg",23,"fdg","RaMCONdy","RaMCONdy_fdg","Mixed Conifer - Eastside Dry",1
"4_41_23_56109",2,63,348,785,1746,1707020105,"17070106","OBM","RaMCONdy_fdd_1707020105","RaMCONdy","RaMCONdy_fdd",42,"fdd","RaMCONdy","RaMCONdy_fdd","Mixed Conifer - Eastside Dry",1
"9_53_19_79718",12,13,46,2283,648,1702000401,"17020003","WNE","RaSPFI_fcd_WNE","RaSPFI","RaSPFI_fcd",9,"fcd","RaSPFI","RaSPFI_fcd","Spruce - Fir",4
"9_53_19_95185",12,13,46,2283,761,1702000401,"17020003","WNE","RaSPFI_fcd_WNE","RaSPFI","RaSPFI_fcd",9,"fcd","RaSPFI","RaSPFI_fcd","Spruce - Fir",4
"4_41_23_61759",2,63,349,2318,1199,1707020106,"17070106","OBM","RaSPFI_fcd_OBM","RaSPFI","RaSPFI_fcd",9,"fcd","RaSPFI","RaSPFI_fcd","Spruce - Fir",4
"4_41_23_61087",2,36,173,905,2379,1705011601,"17050115","OBM","RaMCONdy_fdg_1705011601","RaMCONdy","RaMCONdy_fdg",23,"fdg","RaMCONdy","RaMCONdy_fdg","Mixed Conifer - Eastside Dry",1
"4_41_23_74836",2,36,173,905,2322,1705011601,"17050115","OBM","RaMCONdy_fdg_1705011601","RaMCONdy","RaMCONdy_fdg",23,"fdg","RaMCONdy","RaMCONdy_fdg","Mixed Conifer - Eastside Dry",1
"4_41_23_97052",2,36,173,2318,2159,1705011601,"17050115","OBM","RaSPFI_fcd_OBM","RaSPFI","RaSPFI_fcd",9,"fcd","RaSPFI","RaSPFI_fcd","Spruce - Fir",4
"4_41_23_90223",2,36,173,2318,864,1705011601,"17050115","OBM","RaSPFI_fcd_OBM","RaSPFI","RaSPFI_fcd",9,"fcd","RaSPFI","RaSPFI_fcd","Spruce - Fir",4
"4_41_23_52414",2,36,173,905,1208,1705011601,"17050115","OBM","RaMCONdy_fdg_1705011601","RaMCONdy","RaMCONdy_fdg",23,"fdg","RaMCONdy","RaMCONdy_fdg","Mixed Conifer - Eastside Dry",1
"4_41_23_73971",2,36,174,948,1096,1705011602,"17050115","OBM","RaPIPOm_fdp_1705011602","RaPIPOm","RaPIPOm_fdp",52,"fdp","RaPIPOm","RaPIPOm_fdp","Dry Ponderosa Pine - Mesic",1
"4_41_23_97954",2,36,174,946,1258,1705011602,"17050115","OBM","RaMCONdy_fdg_1705011602","RaMCONdy","RaMCONdy_fdg",23,"fdg","RaMCONdy","RaMCONdy_fdg","Mixed Conifer - Eastside Dry",1
"4_41_25_83298",2,36,174,948,1074,1705011602,"17050115","OBM","RaPIPOm_fdp_1705011602","RaPIPOm","RaPIPOm_fdp",52,"fdp","RaPIPOm","RaPIPOm_fdp","Dry Ponderosa Pine - Mesic",1
"4_41_25_87727",2,36,174,948,1815,1705011602,"17050115","OBM","RaPIPOm_fdp_1705011602","RaPIPOm","RaPIPOm_fdp",52,"fdp","RaPIPOm","RaPIPOm_fdp","Dry Ponderosa Pine - Mesic",1
"9_53_19_86219",12,10,30,72,1279,1702000114,"17010308","WNE","RaMCONdy_fdd_1702000114","RaMCONdy","RaMCONdy_fdd",42,"fdd","RaMCONdy","RaMCONdy_fdd","Mixed Conifer - Eastside Dry",1
"9_53_19_66162",12,10,30,2283,2356,1702000114,"17010308","WNE","RaSPFI_fcd_WNE","RaSPFI","RaSPFI_fcd",9,"fcd","RaSPFI","RaSPFI_fcd","Spruce - Fir",4
"4_41_25_65340",5,149,827,2208,61,1712000303,"17120002","OSE","RaPIPOxe_fxp_17120003","RaPIPOxe","RaPIPOxe_fxp",56,"fxp","RaPIPOxe","RaPIPOxe_fxp","Ponderosa Pine - Xeric",3
"9_53_19_92561",12,10,30,2283,919,1702000114,"17010308","WNE","RaSPFI_fcd_WNE","RaSPFI","RaSPFI_fcd",9,"fcd","RaSPFI","RaSPFI_fcd","Spruce - Fir",4
"4_41_25_94885",5,149,825,1418,566,1712000301,"17120002","OSE","RaMCONdy_fmd_1712000301","RaMCONdy","RaMCONdy_fmd",28,"fmd","RaMCONdy","RaMCONdy_fmd","Mixed Conifer - Eastside Dry",1
"9_53_19_79119",12,10,30,2283,969,1702000114,"17010308","WNE","RaSPFI_fcd_WNE","RaSPFI","RaSPFI_fcd",9,"fcd","RaSPFI","RaSPFI_fcd","Spruce - Fir",4
"9_53_19_90089",12,11,39,11,1729,1702000217,"17020001","WNE","RaMCONdy_fdd_1702000217","RaMCONdy","RaMCONdy_fdd",42,"fdd","RaMCONdy","RaMCONdy_fdd","Mixed Conifer - Eastside Dry",1
"9_53_19_64310",12,10,32,105,1500,1702000116,"17010308","WNE","RaMCONdy_fdd_1702000116","RaMCONdy","RaMCONdy_fdd",42,"fdd","RaMCONdy","RaMCONdy_fdd","Mixed Conifer - Eastside Dry",1
"9_53_19_77875",12,11,39,11,1990,1702000217,"17020001","WNE","RaMCONdy_fdd_1702000217","RaMCONdy","RaMCONdy_fdd",42,"fdd","RaMCONdy","RaMCONdy_fdd","Mixed Conifer - Eastside Dry",1
"9_53_19_97241",12,11,39,11,2646,1702000217,"17020001","WNE","RaMCONdy_fdd_1702000217","RaMCONdy","RaMCONdy_fdd",42,"fdd","RaMCONdy","RaMCONdy_fdd","Mixed Conifer - Eastside Dry",1
"9_53_19_56527",12,11,39,11,1784,1702000217,"17020001","WNE","RaMCONdy_fdd_1702000217","RaMCONdy","RaMCONdy_fdd",42,"fdd","RaMCONdy","RaMCONdy_fdd","Mixed Conifer - Eastside Dry",1
"9_53_19_97821",12,11,38,37,1319,1702000213,"17020001","WNE","RaMCONdy_fdd_1702000213","RaMCONdy","RaMCONdy_fdd",42,"fdd","RaMCONdy","RaMCONdy_fdd","Mixed Conifer - Eastside Dry",1
"9_53_19_96997",12,11,38,37,1165,1702000213,"17020001","WNE","RaMCONdy_fdd_1702000213","RaMCONdy","RaMCONdy_fdd",42,"fdd","RaMCONdy","RaMCONdy_fdd","Mixed Conifer - Eastside Dry",1
"1_41_41_77761",3,110,622,2314,2482,1710020505,"17100204","OCR","RaSSHE_fss_OCR","RaSSHE","RaSSHE_fss",60,"fss","RaSSHE","RaSSHE_fss","Sitka Spruce - Western Hemlock",5
"1_41_41_98166",3,110,621,2314,405,1710020504,"17100204","OCR","RaSSHE_fss_OCR","RaSSHE","RaSSHE_fss",60,"fss","RaSSHE","RaSSHE_fss","Sitka Spruce - Western Hemlock",5
"1_41_41_85351",3,110,622,2314,2743,1710020505,"17100204","OCR","RaSSHE_fss_OCR","RaSSHE","RaSSHE_fss",60,"fss","RaSSHE","RaSSHE_fss","Sitka Spruce - Western Hemlock",5
"1_41_41_59914",3,110,622,2314,2679,1710020505,"17100204","OCR","RaSSHE_fss_OCR","RaSSHE","RaSSHE_fss",60,"fss","RaSSHE","RaSSHE_fss","Sitka Spruce - Western Hemlock",5
"1_41_41_65587",3,110,622,2314,1089,1710020505,"17100204","OCR","RaSSHE_fss_OCR","RaSSHE","RaSSHE_fss",60,"fss","RaSSHE","RaSSHE_fss","Sitka Spruce - Western Hemlock",5
"1_41_39_92193",3,110,624,2314,1417,1710020507,"17100204","OCR","RaSSHE_fss_OCR","RaSSHE","RaSSHE_fss",60,"fss","RaSSHE","RaSSHE_fss","Sitka Spruce - Western Hemlock",5
"1_41_39_90190",3,110,624,2314,1192,1710020507,"17100204","OCR","RaSSHE_fss_OCR","RaSSHE","RaSSHE_fss",60,"fss","RaSSHE","RaSSHE_fss","Sitka Spruce - Western Hemlock",5
"1_41_39_67430",3,110,624,2314,985,1710020507,"17100204","OCR","RaSSHE_fss_OCR","RaSSHE","RaSSHE_fss",60,"fss","RaSSHE","RaSSHE_fss","Sitka Spruce - Western Hemlock",5
"1_41_39_57928",3,110,624,2314,1268,1710020507,"17100204","OCR","RaSSHE_fss_OCR","RaSSHE","RaSSHE_fss",60,"fss","RaSSHE","RaSSHE_fss","Sitka Spruce - Western Hemlock",5
"1_41_39_81474",3,110,624,2315,1307,1710020507,"17100204","OCR","RaDFHEwt_fwn_OCR","RaDFHEwt","RaDFHEwt_fwn",32,"fwn","RaDFHEwt","RaDFHEwt_fwn","Douglas-fir Hemlock-Wet Mesic",5
"1_41_39_62218",3,110,624,2314,1085,1710020507,"17100204","OCR","RaSSHE_fss_OCR","RaSSHE","RaSSHE_fss",60,"fss","RaSSHE","RaSSHE_fss","Sitka Spruce - Western Hemlock",5
"1_41_39_95089",3,111,631,2316,1390,1710020607,"17100205","OCR","RaDFHEwt_fww_OCR","RaDFHEwt","RaDFHEwt_fww",34,"fww","RaDFHEwt","RaDFHEwt_fww","Douglas-fir Hemlock-Wet Mesic",5
"1_41_39_93632",3,110,624,2316,1054,1710020507,"17100204","OCR","RaDFHEwt_fww_OCR","RaDFHEwt","RaDFHEwt_fww",34,"fww","RaDFHEwt","RaDFHEwt_fww","Douglas-fir Hemlock-Wet Mesic",5
"1_41_39_95790",3,111,631,2316,1550,1710020607,"17100205","OCR","RaDFHEwt_fww_OCR","RaDFHEwt","RaDFHEwt_fww",34,"fww","RaDFHEwt","RaDFHEwt_fww","Douglas-fir Hemlock-Wet Mesic",5
"1_41_39_90174",3,112,633,2315,699,1710020701,"17100206","OCR","RaDFHEwt_fwn_OCR","RaDFHEwt","RaDFHEwt_fwn",32,"fwn","RaDFHEwt","RaDFHEwt_fwn","Douglas-fir Hemlock-Wet Mesic",5
"1_41_39_99390",3,112,633,2316,1374,1710020701,"17100206","OCR","RaDFHEwt_fww_OCR","RaDFHEwt","RaDFHEwt_fww",34,"fww","RaDFHEwt","RaDFHEwt_fww","Douglas-fir Hemlock-Wet Mesic",5
"1_41_39_71081",3,112,633,2316,1794,1710020701,"17100206","OCR","RaDFHEwt_fww_OCR","RaDFHEwt","RaDFHEwt_fww",34,"fww","RaDFHEwt","RaDFHEwt_fww","Douglas-fir Hemlock-Wet Mesic",5
"2_41_19_68497",3,112,633,2316,1855,1710020701,"17100206","OCR","RaDFHEwt_fww_OCR","RaDFHEwt","RaDFHEwt_fww",34,"fww","RaDFHEwt","RaDFHEwt_fww","Douglas-fir Hemlock-Wet Mesic",5
"2_41_19_86388",3,116,665,2314,1917,1710030308,"17100303B","OCR","RaSSHE_fss_OCR","RaSSHE","RaSSHE_fss",60,"fss","RaSSHE","RaSSHE_fss","Sitka Spruce - Western Hemlock",5
"2_41_11_66410",3,117,667,2315,682,1710030402,"17100303A","OCR","RaDFHEwt_fwn_OCR","RaDFHEwt","RaDFHEwt_fwn",32,"fwn","RaDFHEwt","RaDFHEwt_fwn","Douglas-fir Hemlock-Wet Mesic",5
"2_41_11_71486",3,117,666,2316,782,1710030401,"17100303A","OCR","RaDFHEwt_fww_OCR","RaDFHEwt","RaDFHEwt_fww",34,"fww","RaDFHEwt","RaDFHEwt_fww","Douglas-fir Hemlock-Wet Mesic",5
"2_41_11_93125",6,118,673,2350,1045,1710030504,"17100304","OSW","RaDFHEwt_fwn_OSW","RaDFHEwt","RaDFHEwt_fwn",32,"fwn","RaDFHEwt","RaDFHEwt_fwn","Douglas-fir Hemlock-Wet Mesic",5
"2_41_11_96418",6,118,673,2351,1034,1710030504,"17100304","OSW","RaDFHEwt_fww_OSW","RaDFHEwt","RaDFHEwt_fww",34,"fww","RaDFHEwt","RaDFHEwt_fww","Douglas-fir Hemlock-Wet Mesic",5
"2_41_11_64292",6,118,673,2350,1736,1710030504,"17100304","OSW","RaDFHEwt_fwn_OSW","RaDFHEwt","RaDFHEwt_fwn",32,"fwn","RaDFHEwt","RaDFHEwt_fwn","Douglas-fir Hemlock-Wet Mesic",5
"2_41_11_77551",6,118,672,2350,1427,1710030503,"17100304","OSW","RaDFHEwt_fwn_OSW","RaDFHEwt","RaDFHEwt_fwn",32,"fwn","RaDFHEwt","RaDFHEwt_fwn","Douglas-fir Hemlock-Wet Mesic",5
"2_41_11_72809",6,118,672,2350,1259,1710030503,"17100304","OSW","RaDFHEwt_fwn_OSW","RaDFHEwt","RaDFHEwt_fwn",32,"fwn","RaDFHEwt","RaDFHEwt_fwn","Douglas-fir Hemlock-Wet Mesic",5
"2_41_11_75266",6,118,670,2347,1115,1710030501,"17100304","OSW","RaDFHEwt_fwm_OSW","RaDFHEwt","RaDFHEwt_fwm",33,"fwm","RaDFHEwt","RaDFHEwt_fwm","Douglas-fir Hemlock-Wet Mesic",5
"2_41_11_66240",6,118,670,2347,1879,1710030501,"17100304","OSW","RaDFHEwt_fwm_OSW","RaDFHEwt","RaDFHEwt_fwm",33,"fwm","RaDFHEwt","RaDFHEwt_fwm","Douglas-fir Hemlock-Wet Mesic",5
"2_41_11_50414",6,118,671,2198,1800,1710030502,"17100304","OSW","RaDFHEdy_fwi_17100305","RaDFHEdy","RaDFHEdy_fwi",31,"fwi","RaDFHEdy","RaDFHEdy_fwi","Douglas-fir Hemlock-Dry Mesic",3
"2_41_11_55890",6,118,671,2198,2105,1710030502,"17100304","OSW","RaDFHEdy_fwi_17100305","RaDFHEdy","RaDFHEdy_fwi",31,"fwi","RaDFHEdy","RaDFHEdy_fwi","Douglas-fir Hemlock-Dry Mesic",3
"2_41_11_95057",6,118,671,2198,1514,1710030502,"17100304","OSW","RaDFHEdy_fwi_17100305","RaDFHEdy","RaDFHEdy_fwi",31,"fwi","RaDFHEdy","RaDFHEdy_fwi","Douglas-fir Hemlock-Dry Mesic",3
"2_41_15_60680",6,123,701,1375,1303,1710031005,"17100309","OSW","RaTAOAco_ftm_1710031005","RaTAOAco","RaTAOAco_ftm",47,"ftm","RaTAOAco","RaTAOAco_ftm","Oregon Coastal Tanoak",1
"2_41_15_97037",6,123,701,1369,841,1710031005,"17100309","OSW","RaMEVG_ftd_1710031005","RaMEVG","RaMEVG_ftd",48,"ftd","RaMEVG","RaMEVG_ftd","California Mixed Evergreen North",1
"2_41_15_60791",6,123,702,1413,1524,1710031006,"17100309","OSW","RaMEVG_ftd_1710031006","RaMEVG","RaMEVG_ftd",48,"ftd","RaMEVG","RaMEVG_ftd","California Mixed Evergreen North",1
"2_41_15_99169",6,123,702,1413,1249,1710031006,"17100309","OSW","RaMEVG_ftd_1710031006","RaMEVG","RaMEVG_ftd",48,"ftd","RaMEVG","RaMEVG_ftd","California Mixed Evergreen North",1
"2_41_15_52854",6,123,702,1413,1474,1710031006,"17100309","OSW","RaMEVG_ftd_1710031006","RaMEVG","RaMEVG_ftd",48,"ftd","RaMEVG","RaMEVG_ftd","California Mixed Evergreen North",1
"2_41_15_84916",6,124,714,1450,826,1710031110,"17100310","OSW","RaMCONsw_fiw_1710031110","RaMCONsw","RaMCONsw_fiw",20,"fiw","RaMCONsw","RaMCONsw_fiw","Mixed Conifer - Southwest Oregon",1
"2_41_15_74587",6,124,714,1459,794,1710031110,"17100310","OSW","RaMEVG_ftd_1710031110","RaMEVG","RaMEVG_ftd",48,"ftd","RaMEVG","RaMEVG_ftd","California Mixed Evergreen North",1
"2_41_15_96770",6,124,714,1459,2479,1710031110,"17100310","OSW","RaMEVG_ftd_1710031110","RaMEVG","RaMEVG_ftd",48,"ftd","RaMEVG","RaMEVG_ftd","California Mixed Evergreen North",1
"2_41_15_55480",6,124,714,1459,2887,1710031110,"17100310","OSW","RaMEVG_ftd_1710031110","RaMEVG","RaMEVG_ftd",48,"ftd","RaMEVG","RaMEVG_ftd","California Mixed Evergreen North",1
"2_41_33_68784",6,124,713,1497,1964,1710031109,"17100310","OSW","RaMEVG_ftd_1710031109","RaMEVG","RaMEVG_ftd",48,"ftd","RaMEVG","RaMEVG_ftd","California Mixed Evergreen North",1
"2_41_33_69804",6,124,713,1497,2523,1710031109,"17100310","OSW","RaMEVG_ftd_1710031109","RaMEVG","RaMEVG_ftd",48,"ftd","RaMEVG","RaMEVG_ftd","California Mixed Evergreen North",1
"2_41_15_89199",6,125,716,1616,1744,1710031201,"17100311","OSW","RaMEVG_fuc_1710031201","RaMEVG","RaMEVG_fuc",59,"fuc","RaMEVG","RaMEVG_fuc","California Mixed Evergreen North",1
"2_41_15_81671",6,156,891,1704,1615,1801010101,"17120009","OSW","RaMEVG_fuc_1801010101","RaMEVG","RaMEVG_fuc",59,"fuc","RaMEVG","RaMEVG_fuc","California Mixed Evergreen North",1
"2_41_15_65277",6,156,891,1704,1403,1801010101,"17120009","OSW","RaMEVG_fuc_1801010101","RaMEVG","RaMEVG_fuc",59,"fuc","RaMEVG","RaMEVG_fuc","California Mixed Evergreen North",1
"2_41_15_82895",6,156,891,1704,1233,1801010101,"17120009","OSW","RaMEVG_fuc_1801010101","RaMEVG","RaMEVG_fuc",59,"fuc","RaMEVG","RaMEVG_fuc","California Mixed Evergreen North",1
"2_41_15_56791",6,156,891,1704,1487,1801010101,"17120009","OSW","RaMEVG_fuc_1801010101","RaMEVG","RaMEVG_fuc",59,"fuc","RaMEVG","RaMEVG_fuc","California Mixed Evergreen North",1
"2_41_15_71805",6,156,891,1704,1143,1801010101,"17120009","OSW","RaMEVG_fuc_1801010101","RaMEVG","RaMEVG_fuc",59,"fuc","RaMEVG","RaMEVG_fuc","California Mixed Evergreen North",1
"2_41_15_69512",6,156,891,1702,1064,1801010101,"17120009","OSW","RaMEVG_ftd_1801010101","RaMEVG","RaMEVG_ftd",48,"ftd","RaMEVG","RaMEVG_ftd","California Mixed Evergreen North",1
"6_53_9_56443",9,146,810,2295,1330,1711002107,"17110020","WCR","RaSSHE_fss_WCR","RaSSHE","RaSSHE_fss",60,"fss","RaSSHE","RaSSHE_fss","Sitka Spruce - Western Hemlock",5
"6_53_9_50297",9,146,810,2295,1097,1711002107,"17110020","WCR","RaSSHE_fss_WCR","RaSSHE","RaSSHE_fss",60,"fss","RaSSHE","RaSSHE_fss","Sitka Spruce - Western Hemlock",5
"6_53_9_89409",9,146,810,2295,1871,1711002107,"17110020","WCR","RaSSHE_fss_WCR","RaSSHE","RaSSHE_fss",60,"fss","RaSSHE","RaSSHE_fss","Sitka Spruce - Western Hemlock",5
"6_53_9_90227",9,100,567,2295,1828,1710010106,"17090012A","WCR","RaSSHE_fss_WCR","RaSSHE","RaSSHE_fss",60,"fss","RaSSHE","RaSSHE_fss","Sitka Spruce - Western Hemlock",5
"6_53_9_65186",9,100,567,2297,611,1710010106,"17090012A","WCR","RaABAMup_fst_WCR","RaABAMup","RaABAMup_fst",13,"fst","RaABAMup","RaABAMup_fst","Pacific Silver Fir - High Elevation",5
"6_53_9_63517",9,100,567,2295,702,1710010106,"17090012A","WCR","RaSSHE_fss_WCR","RaSSHE","RaSSHE_fss",60,"fss","RaSSHE","RaSSHE_fss","Sitka Spruce - Western Hemlock",5
"6_53_9_96395",9,100,565,2295,1262,1710010104,"17090012A","WCR","RaSSHE_fss_WCR","RaSSHE","RaSSHE_fss",60,"fss","RaSSHE","RaSSHE_fss","Sitka Spruce - Western Hemlock",5
"6_53_9_74672",9,100,566,2295,1593,1710010105,"17090012A","WCR","RaSSHE_fss_WCR","RaSSHE","RaSSHE_fss",60,"fss","RaSSHE","RaSSHE_fss","Sitka Spruce - Western Hemlock",5
"6_53_31_75000",9,100,566,2295,2438,1710010105,"17090012A","WCR","RaSSHE_fss_WCR","RaSSHE","RaSSHE_fss",60,"fss","RaSSHE","RaSSHE_fss","Sitka Spruce - Western Hemlock",5
"6_53_31_79333",9,100,569,2296,1632,1710010108,"17090012A","WCR","RaDFHEwt_fwn_WCR","RaDFHEwt","RaDFHEwt_fwn",32,"fwn","RaDFHEwt","RaDFHEwt_fwn","Douglas-fir Hemlock-Wet Mesic",5
"6_53_31_79268",9,100,568,2295,1976,1710010107,"17090012A","WCR","RaSSHE_fss_WCR","RaSSHE","RaSSHE_fss",60,"fss","RaSSHE","RaSSHE_fss","Sitka Spruce - Western Hemlock",5
"6_53_31_87612",9,100,568,2295,2397,1710010107,"17090012A","WCR","RaSSHE_fss_WCR","RaSSHE","RaSSHE_fss",60,"fss","RaSSHE","RaSSHE_fss","Sitka Spruce - Western Hemlock",5
"6_53_31_91591",9,101,572,2295,2141,1710010203,"17100101","WCR","RaSSHE_fss_WCR","RaSSHE","RaSSHE_fss",60,"fss","RaSSHE","RaSSHE_fss","Sitka Spruce - Western Hemlock",5
"6_53_31_82990",9,101,571,2295,2287,1710010202,"17100101","WCR","RaSSHE_fss_WCR","RaSSHE","RaSSHE_fss",60,"fss","RaSSHE","RaSSHE_fss","Sitka Spruce - Western Hemlock",5
"6_53_27_83234",9,101,572,2295,1240,1710010203,"17100101","WCR","RaSSHE_fss_WCR","RaSSHE","RaSSHE_fss",60,"fss","RaSSHE","RaSSHE_fss","Sitka Spruce - Western Hemlock",5
"6_53_27_56786",9,101,572,2295,1766,1710010203,"17100101","WCR","RaSSHE_fss_WCR","RaSSHE","RaSSHE_fss",60,"fss","RaSSHE","RaSSHE_fss","Sitka Spruce - Western Hemlock",5
"6_53_27_73613",9,101,572,2295,1402,1710010203,"17100101","WCR","RaSSHE_fss_WCR","RaSSHE","RaSSHE_fss",60,"fss","RaSSHE","RaSSHE_fss","Sitka Spruce - Western Hemlock",5
"9_53_19_96767",12,11,38,2283,1959,1702000213,"17020001","WNE","RaSPFI_fcd_WNE","RaSPFI","RaSPFI_fcd",9,"fcd","RaSPFI","RaSPFI_fcd","Spruce - Fir",4
"9_53_19_87596",12,11,39,11,1492,1702000217,"17020001","WNE","RaMCONdy_fdd_1702000217","RaMCONdy","RaMCONdy_fdd",42,"fdd","RaMCONdy","RaMCONdy_fdd","Mixed Conifer - Eastside Dry",1
"9_53_19_89284",12,11,38,2283,1920,1702000213,"17020001","WNE","RaSPFI_fcd_WNE","RaSPFI","RaSPFI_fcd",9,"fcd","RaSPFI","RaSPFI_fcd","Spruce - Fir",4
"9_53_19_78601",12,13,46,2283,1596,1702000401,"17020003","WNE","RaSPFI_fcd_WNE","RaSPFI","RaSPFI_fcd",9,"fcd","RaSPFI","RaSPFI_fcd","Spruce - Fir",4
"9_53_19_58281",12,13,46,2283,2455,1702000401,"17020003","WNE","RaSPFI_fcd_WNE","RaSPFI","RaSPFI_fcd",9,"fcd","RaSPFI","RaSPFI_fcd","Spruce - Fir",4
"4_41_59_82258",2,57,313,441,774,1707010304,"17070102","OBM","RaMCONdy_fdd_1707010304","RaMCONdy","RaMCONdy_fdd",42,"fdd","RaMCONdy","RaMCONdy_fdd","Mixed Conifer - Eastside Dry",1
"4_41_61_93854",2,46,238,1998,2240,1706010402,"17060103","OBM","RaMCONms_fcm_17060104","RaMCONms","RaMCONms_fcm",22,"fcm","RaMCONms","RaMCONms_fcm","Mixed Conifer - Eastside Mesic",3
"4_41_61_94599",2,46,238,2318,819,1706010402,"17060103","OBM","RaSPFI_fcd_OBM","RaSPFI","RaSPFI_fcd",9,"fcd","RaSPFI","RaSPFI_fcd","Spruce - Fir",4
"4_41_61_50008",2,46,238,491,1861,1706010402,"17060103","OBM","RaMCONdy_fdd_1706010402","RaMCONdy","RaMCONdy_fdd",42,"fdd","RaMCONdy","RaMCONdy_fdd","Mixed Conifer - Eastside Dry",1
"4_41_61_80106",2,46,238,1998,1109,1706010402,"17060103","OBM","RaMCONms_fcm_17060104","RaMCONms","RaMCONms_fcm",22,"fcm","RaMCONms","RaMCONms_fcm","Mixed Conifer - Eastside Mesic",3
"9_53_19_54766",12,13,46,2283,1359,1702000401,"17020003","WNE","RaSPFI_fcd_WNE","RaSPFI","RaSPFI_fcd",9,"fcd","RaSPFI","RaSPFI_fcd","Spruce - Fir",4
"4_41_61_52265",2,46,238,1998,578,1706010402,"17060103","OBM","RaMCONms_fcm_17060104","RaMCONms","RaMCONms_fcm",22,"fcm","RaMCONms","RaMCONms_fcm","Mixed Conifer - Eastside Mesic",3
"4_41_61_99051",2,64,362,2053,1056,1707020205,"17070201","OBM","RaMCONms_fcm_17070202","RaMCONms","RaMCONms_fcm",22,"fcm","RaMCONms","RaMCONms_fcm","Mixed Conifer - Eastside Mesic",3
"4_41_59_89713",2,64,362,528,1475,1707020205,"17070201","OBM","RaPIPOm_fdp_1707020205","RaPIPOm","RaPIPOm_fdp",52,"fdp","RaPIPOm","RaPIPOm_fdp","Dry Ponderosa Pine - Mesic",1
"4_41_59_93185",2,64,362,2053,1563,1707020205,"17070201","OBM","RaMCONms_fcm_17070202","RaMCONms","RaMCONms_fcm",22,"fcm","RaMCONms","RaMCONms_fcm","Mixed Conifer - Eastside Mesic",3
"4_41_59_96533",2,46,237,1998,3142,1706010401,"17060103","OBM","RaMCONms_fcm_17060104","RaMCONms","RaMCONms_fcm",22,"fcm","RaMCONms","RaMCONms_fcm","Mixed Conifer - Eastside Mesic",3
"4_41_59_67061",2,46,237,1998,1720,1706010401,"17060103","OBM","RaMCONms_fcm_17060104","RaMCONms","RaMCONms_fcm",22,"fcm","RaMCONms","RaMCONms_fcm","Mixed Conifer - Eastside Mesic",3
"4_41_59_67643",2,64,362,2318,1924,1707020205,"17070201","OBM","RaSPFI_fcd_OBM","RaSPFI","RaSPFI_fcd",9,"fcd","RaSPFI","RaSPFI_fcd","Spruce - Fir",4
"4_41_59_59542",2,64,360,2318,1518,1707020203,"17070201","OBM","RaSPFI_fcd_OBM","RaSPFI","RaSPFI_fcd",9,"fcd","RaSPFI","RaSPFI_fcd","Spruce - Fir",4
"4_41_59_98009",2,64,360,2053,2245,1707020203,"17070201","OBM","RaMCONms_fcm_17070202","RaMCONms","RaMCONms_fcm",22,"fcm","RaMCONms","RaMCONms_fcm","Mixed Conifer - Eastside Mesic",3
"4_41_23_94924",2,64,360,2053,1331,1707020203,"17070201","OBM","RaMCONms_fcm_17070202","RaMCONms","RaMCONms_fcm",22,"fcm","RaMCONms","RaMCONms_fcm","Mixed Conifer - Eastside Mesic",3
"9_53_19_74029",12,10,29,2283,1051,1702000113,"17010308","WNE","RaSPFI_fcd_WNE","RaSPFI","RaSPFI_fcd",9,"fcd","RaSPFI","RaSPFI_fcd","Spruce - Fir",4
"4_41_23_64600",2,64,360,2053,1006,1707020203,"17070201","OBM","RaMCONms_fcm_17070202","RaMCONms","RaMCONms_fcm",22,"fcm","RaMCONms","RaMCONms_fcm","Mixed Conifer - Eastside Mesic",3
"4_41_23_76508",2,64,360,602,1293,1707020203,"17070201","OBM","RaMCONdy_fdd_1707020203","RaMCONdy","RaMCONdy_fdd",42,"fdd","RaMCONdy","RaMCONdy_fdd","Mixed Conifer - Eastside Dry",1
"4_41_23_98813",2,64,359,2053,853,1707020202,"17070201","OBM","RaMCONms_fcm_17070202","RaMCONms","RaMCONms_fcm",22,"fcm","RaMCONms","RaMCONms_fcm","Mixed Conifer - Eastside Mesic",3
"4_41_23_51338",2,64,359,2318,1302,1707020202,"17070201","OBM","RaSPFI_fcd_OBM","RaSPFI","RaSPFI_fcd",9,"fcd","RaSPFI","RaSPFI_fcd","Spruce - Fir",4
"4_41_23_61937",2,65,369,2072,1041,1707020302,"17070202","OBM","RaMCONms_fcm_17070203","RaMCONms","RaMCONms_fcm",22,"fcm","RaMCONms","RaMCONms_fcm","Mixed Conifer - Eastside Mesic",3
"9_53_19_53933",12,13,46,2283,1689,1702000401,"17020003","WNE","RaSPFI_fcd_WNE","RaSPFI","RaSPFI_fcd",9,"fcd","RaSPFI","RaSPFI_fcd","Spruce - Fir",4
"9_53_19_88304",12,13,46,2283,711,1702000401,"17020003","WNE","RaSPFI_fcd_WNE","RaSPFI","RaSPFI_fcd",9,"fcd","RaSPFI","RaSPFI_fcd","Spruce - Fir",4
"4_41_23_53247",2,65,369,718,729,1707020302,"17070202","OBM","RaMCONdy_fdg_1707020302","RaMCONdy","RaMCONdy_fdg",23,"fdg","RaMCONdy","RaMCONdy_fdg","Mixed Conifer - Eastside Dry",1
"4_41_23_75303",2,65,369,719,588,1707020302,"17070202","OBM","RaMCONdy_fdd_1707020302","RaMCONdy","RaMCONdy_fdd",42,"fdd","RaMCONdy","RaMCONdy_fdd","Mixed Conifer - Eastside Dry",1
"4_41_23_95270",2,65,369,718,1012,1707020302,"17070202","OBM","RaMCONdy_fdg_1707020302","RaMCONdy","RaMCONdy_fdg",23,"fdg","RaMCONdy","RaMCONdy_fdg","Mixed Conifer - Eastside Dry",1
"4_41_23_69391",2,65,369,718,502,1707020302,"17070202","OBM","RaMCONdy_fdg_1707020302","RaMCONdy","RaMCONdy_fdg",23,"fdg","RaMCONdy","RaMCONdy_fdg","Mixed Conifer - Eastside Dry",1
"4_41_23_61010",2,65,369,718,1107,1707020302,"17070202","OBM","RaMCONdy_fdg_1707020302","RaMCONdy","RaMCONdy_fdg",23,"fdg","RaMCONdy","RaMCONdy_fdg","Mixed Conifer - Eastside Dry",1
"4_41_23_50093",2,65,369,718,667,1707020302,"17070202","OBM","RaMCONdy_fdg_1707020302","RaMCONdy","RaMCONdy_fdg",23,"fdg","RaMCONdy","RaMCONdy_fdg","Mixed Conifer - Eastside Dry",1
"4_41_23_87780",2,65,369,718,1282,1707020302,"17070202","OBM","RaMCONdy_fdg_1707020302","RaMCONdy","RaMCONdy_fdg",23,"fdg","RaMCONdy","RaMCONdy_fdg","Mixed Conifer - Eastside Dry",1
"4_41_23_65636",2,65,369,2072,1214,1707020302,"17070202","OBM","RaMCONms_fcm_17070203","RaMCONms","RaMCONms_fcm",22,"fcm","RaMCONms","RaMCONms_fcm","Mixed Conifer - Eastside Mesic",3
"4_41_23_83265",2,65,368,753,1629,1707020301,"17070202","OBM","RaMCONdy_fdg_1707020301","RaMCONdy","RaMCONdy_fdg",23,"fdg","RaMCONdy","RaMCONdy_fdg","Mixed Conifer - Eastside Dry",1
"4_41_23_79882",2,63,348,786,457,1707020105,"17070106","OBM","RaMCONdy_fdg_1707020105","RaMCONdy","RaMCONdy_fdg",23,"fdg","RaMCONdy","RaMCONdy_fdg","Mixed Conifer - Eastside Dry",1
"4_41_23_59190",2,63,348,786,1055,1707020105,"17070106","OBM","RaMCONdy_fdg_1707020105","RaMCONdy","RaMCONdy_fdg",23,"fdg","RaMCONdy","RaMCONdy_fdg","Mixed Conifer - Eastside Dry",1
"9_53_19_98328",12,10,30,2283,678,1702000114,"17010308","WNE","RaSPFI_fcd_WNE","RaSPFI","RaSPFI_fcd",9,"fcd","RaSPFI","RaSPFI_fcd","Spruce - Fir",4
"9_53_19_82978",12,10,29,2283,1420,1702000113,"17010308","WNE","RaSPFI_fcd_WNE","RaSPFI","RaSPFI_fcd",9,"fcd","RaSPFI","RaSPFI_fcd","Spruce - Fir",4
"4_41_23_89503",2,63,348,786,1932,1707020105,"17070106","OBM","RaMCONdy_fdg_1707020105","RaMCONdy","RaMCONdy_fdg",23,"fdg","RaMCONdy","RaMCONdy_fdg","Mixed Conifer - Eastside Dry",1
"4_41_23_72382",2,36,173,905,1477,1705011601,"17050115","OBM","RaMCONdy_fdg_1705011601","RaMCONdy","RaMCONdy_fdg",23,"fdg","RaMCONdy","RaMCONdy_fdg","Mixed Conifer - Eastside Dry",1
"4_41_23_91782",2,36,173,905,1411,1705011601,"17050115","OBM","RaMCONdy_fdg_1705011601","RaMCONdy","RaMCONdy_fdg",23,"fdg","RaMCONdy","RaMCONdy_fdg","Mixed Conifer - Eastside Dry",1
"4_41_23_74929",2,36,173,2318,1486,1705011601,"17050115","OBM","RaSPFI_fcd_OBM","RaSPFI","RaSPFI_fcd",9,"fcd","RaSPFI","RaSPFI_fcd","Spruce - Fir",4
"4_41_23_61216",2,36,173,909,736,1705011601,"17050115","OBM","RaPIPOm_fdp_1705011601","RaPIPOm","RaPIPOm_fdp",52,"fdp","RaPIPOm","RaPIPOm_fdp","Dry Ponderosa Pine - Mesic",1
"9_53_19_62109",12,10,30,2283,1461,1702000114,"17010308","WNE","RaSPFI_fcd_WNE","RaSPFI","RaSPFI_fcd",9,"fcd","RaSPFI","RaSPFI_fcd","Spruce - Fir",4
"9_53_19_69377",12,10,30,72,693,1702000114,"17010308","WNE","RaMCONdy_fdd_1702000114","RaMCONdy","RaMCONdy_fdd",42,"fdd","RaMCONdy","RaMCONdy_fdd","Mixed Conifer - Eastside Dry",1
"4_41_23_74370",2,36,173,904,1131,1705011601,"17050115","OBM","RaMCONdy_fdd_1705011601","RaMCONdy","RaMCONdy_fdd",42,"fdd","RaMCONdy","RaMCONdy_fdd","Mixed Conifer - Eastside Dry",1
"4_41_23_78028",2,36,173,904,507,1705011601,"17050115","OBM","RaMCONdy_fdd_1705011601","RaMCONdy","RaMCONdy_fdd",42,"fdd","RaMCONdy","RaMCONdy_fdd","Mixed Conifer - Eastside Dry",1
"4_41_23_52471",2,36,173,905,909,1705011601,"17050115","OBM","RaMCONdy_fdg_1705011601","RaMCONdy","RaMCONdy_fdg",23,"fdg","RaMCONdy","RaMCONdy_fdg","Mixed Conifer - Eastside Dry",1
"4_41_23_74554",2,36,173,905,1331,1705011601,"17050115","OBM","RaMCONdy_fdg_1705011601","RaMCONdy","RaMCONdy_fdg",23,"fdg","RaMCONdy","RaMCONdy_fdg","Mixed Conifer - Eastside Dry",1
"4_41_23_60468",2,36,173,904,1183,1705011601,"17050115","OBM","RaMCONdy_fdd_1705011601","RaMCONdy","RaMCONdy_fdd",42,"fdd","RaMCONdy","RaMCONdy_fdd","Mixed Conifer - Eastside Dry",1
"4_41_25_90249",2,36,174,948,1178,1705011602,"17050115","OBM","RaPIPOm_fdp_1705011602","RaPIPOm","RaPIPOm_fdp",52,"fdp","RaPIPOm","RaPIPOm_fdp","Dry Ponderosa Pine - Mesic",1
"4_41_25_94646",2,36,174,948,1176,1705011602,"17050115","OBM","RaPIPOm_fdp_1705011602","RaPIPOm","RaPIPOm_fdp",52,"fdp","RaPIPOm","RaPIPOm_fdp","Dry Ponderosa Pine - Mesic",1
"9_53_19_52517",12,10,30,2283,1398,1702000114,"17010308","WNE","RaSPFI_fcd_WNE","RaSPFI","RaSPFI_fcd",9,"fcd","RaSPFI","RaSPFI_fcd","Spruce - Fir",4
"4_41_25_79326",2,36,177,2137,3,1705011605,"17050115","OBM","RaPIPOxe_fxp_17050116","RaPIPOxe","RaPIPOxe_fxp",56,"fxp","RaPIPOxe","RaPIPOxe_fxp","Ponderosa Pine - Xeric",3
"4_41_25_69182",2,36,175,2137,26,1705011603,"17050115","OBM","RaPIPOxe_fxp_17050116","RaPIPOxe","RaPIPOxe_fxp",56,"fxp","RaPIPOxe","RaPIPOxe_fxp","Ponderosa Pine - Xeric",3
"9_53_19_55088",12,10,30,72,1859,1702000114,"17010308","WNE","RaMCONdy_fdd_1702000114","RaMCONdy","RaMCONdy_fdd",42,"fdd","RaMCONdy","RaMCONdy_fdd","Mixed Conifer - Eastside Dry",1
"4_41_25_65144",5,149,825,1418,65,1712000301,"17120002","OSE","RaMCONdy_fmd_1712000301","RaMCONdy","RaMCONdy_fmd",28,"fmd","RaMCONdy","RaMCONdy_fmd","Mixed Conifer - Eastside Dry",1
"9_53_19_79359",12,10,30,72,782,1702000114,"17010308","WNE","RaMCONdy_fdd_1702000114","RaMCONdy","RaMCONdy_fdd",42,"fdd","RaMCONdy","RaMCONdy_fdd","Mixed Conifer - Eastside Dry",1
"9_53_19_70459",12,10,30,72,1270,1702000114,"17010308","WNE","RaMCONdy_fdd_1702000114","RaMCONdy","RaMCONdy_fdd",42,"fdd","RaMCONdy","RaMCONdy_fdd","Mixed Conifer - Eastside Dry",1
"9_53_19_99521",12,10,31,2283,1881,1702000115,"17010308","WNE","RaSPFI_fcd_WNE","RaSPFI","RaSPFI_fcd",9,"fcd","RaSPFI","RaSPFI_fcd","Spruce - Fir",4
"9_53_19_72747",12,10,31,2283,778,1702000115,"17010308","WNE","RaSPFI_fcd_WNE","RaSPFI","RaSPFI_fcd",9,"fcd","RaSPFI","RaSPFI_fcd","Spruce - Fir",4
"9_53_19_84332",12,10,32,105,3094,1702000116,"17010308","WNE","RaMCONdy_fdd_1702000116","RaMCONdy","RaMCONdy_fdd",42,"fdd","RaMCONdy","RaMCONdy_fdd","Mixed Conifer - Eastside Dry",1
"9_53_19_86009",12,11,39,11,2079,1702000217,"17020001","WNE","RaMCONdy_fdd_1702000217","RaMCONdy","RaMCONdy_fdd",42,"fdd","RaMCONdy","RaMCONdy_fdd","Mixed Conifer - Eastside Dry",1
"9_53_19_57376",12,10,32,105,2874,1702000116,"17010308","WNE","RaMCONdy_fdd_1702000116","RaMCONdy","RaMCONdy_fdd",42,"fdd","RaMCONdy","RaMCONdy_fdd","Mixed Conifer - Eastside Dry",1
"9_53_19_89842",12,10,32,105,1466,1702000116,"17010308","WNE","RaMCONdy_fdd_1702000116","RaMCONdy","RaMCONdy_fdd",42,"fdd","RaMCONdy","RaMCONdy_fdd","Mixed Conifer - Eastside Dry",1
"9_53_19_84040",12,10,32,105,1270,1702000116,"17010308","WNE","RaMCONdy_fdd_1702000116","RaMCONdy","RaMCONdy_fdd",42,"fdd","RaMCONdy","RaMCONdy_fdd","Mixed Conifer - Eastside Dry",1
"9_53_19_50002",12,10,32,105,1845,1702000116,"17010308","WNE","RaMCONdy_fdd_1702000116","RaMCONdy","RaMCONdy_fdd",42,"fdd","RaMCONdy","RaMCONdy_fdd","Mixed Conifer - Eastside Dry",1
"9_53_19_94210",12,10,35,130,828,1702000119,"17010308","WNE","RaPIPOm_fpd_1702000119","RaPIPOm","RaPIPOm_fpd",51,"fpd","RaPIPOm","RaPIPOm_fpd","Dry Ponderosa Pine - Mesic",1
"9_53_19_93590",12,11,39,11,1580,1702000217,"17020001","WNE","RaMCONdy_fdd_1702000217","RaMCONdy","RaMCONdy_fdd",42,"fdd","RaMCONdy","RaMCONdy_fdd","Mixed Conifer - Eastside Dry",1
"9_53_19_82977",12,11,38,37,1498,1702000213,"17020001","WNE","RaMCONdy_fdd_1702000213","RaMCONdy","RaMCONdy_fdd",42,"fdd","RaMCONdy","RaMCONdy_fdd","Mixed Conifer - Eastside Dry",1
"9_53_19_54509",12,11,39,2283,2193,1702000217,"17020001","WNE","RaSPFI_fcd_WNE","RaSPFI","RaSPFI_fcd",9,"fcd","RaSPFI","RaSPFI_fcd","Spruce - Fir",4
"9_53_19_75432",12,11,38,2283,1872,1702000213,"17020001","WNE","RaSPFI_fcd_WNE","RaSPFI","RaSPFI_fcd",9,"fcd","RaSPFI","RaSPFI_fcd","Spruce - Fir",4
"9_53_19_60485",12,11,38,2283,1532,1702000213,"17020001","WNE","RaSPFI_fcd_WNE","RaSPFI","RaSPFI_fcd",9,"fcd","RaSPFI","RaSPFI_fcd","Spruce - Fir",4
"9_53_19_82593",12,11,40,2283,2525,1702000219,"17020001","WNE","RaSPFI_fcd_WNE","RaSPFI","RaSPFI_fcd",9,"fcd","RaSPFI","RaSPFI_fcd","Spruce - Fir",4
"9_53_19_99215",12,11,40,8,1324,1702000219,"17020001","WNE","RaMCONdy_fdd_1702000219","RaMCONdy","RaMCONdy_fdd",42,"fdd","RaMCONdy","RaMCONdy_fdd","Mixed Conifer - Eastside Dry",1
"9_53_19_82176",12,11,40,2283,1595,1702000219,"17020001","WNE","RaSPFI_fcd_WNE","RaSPFI","RaSPFI_fcd",9,"fcd","RaSPFI","RaSPFI_fcd","Spruce - Fir",4
"9_53_19_82948",12,11,40,2283,990,1702000219,"17020001","WNE","RaSPFI_fcd_WNE","RaSPFI","RaSPFI_fcd",9,"fcd","RaSPFI","RaSPFI_fcd","Spruce - Fir",4
"9_53_19_64784",12,11,40,2283,1219,1702000219,"17020001","WNE","RaSPFI_fcd_WNE","RaSPFI","RaSPFI_fcd",9,"fcd","RaSPFI","RaSPFI_fcd","Spruce - Fir",4
"4_41_59_96443",2,57,313,2007,579,1707010304,"17070102","OBM","RaMCONms_fcm_17070103","RaMCONms","RaMCONms_fcm",22,"fcm","RaMCONms","RaMCONms_fcm","Mixed Conifer - Eastside Mesic",3
"9_53_19_85067",12,10,29,2283,1603,1702000113,"17010308","WNE","RaSPFI_fcd_WNE","RaSPFI","RaSPFI_fcd",9,"fcd","RaSPFI","RaSPFI_fcd","Spruce - Fir",4
"9_53_19_58414",12,10,29,2283,1477,1702000113,"17010308","WNE","RaSPFI_fcd_WNE","RaSPFI","RaSPFI_fcd",9,"fcd","RaSPFI","RaSPFI_fcd","Spruce - Fir",4
"4_41_59_81005",2,57,313,441,1880,1707010304,"17070102","OBM","RaMCONdy_fdd_1707010304","RaMCONdy","RaMCONdy_fdd",42,"fdd","RaMCONdy","RaMCONdy_fdd","Mixed Conifer - Eastside Dry",1
"4_41_61_64892",2,46,238,1998,1601,1706010402,"17060103","OBM","RaMCONms_fcm_17060104","RaMCONms","RaMCONms_fcm",22,"fcm","RaMCONms","RaMCONms_fcm","Mixed Conifer - Eastside Mesic",3
"4_41_61_62501",2,46,238,491,1441,1706010402,"17060103","OBM","RaMCONdy_fdd_1706010402","RaMCONdy","RaMCONdy_fdd",42,"fdd","RaMCONdy","RaMCONdy_fdd","Mixed Conifer - Eastside Dry",1
"4_41_61_94065",2,46,238,491,1315,1706010402,"17060103","OBM","RaMCONdy_fdd_1706010402","RaMCONdy","RaMCONdy_fdd",42,"fdd","RaMCONdy","RaMCONdy_fdd","Mixed Conifer - Eastside Dry",1
"4_41_61_83074",2,46,238,491,2206,1706010402,"17060103","OBM","RaMCONdy_fdd_1706010402","RaMCONdy","RaMCONdy_fdd",42,"fdd","RaMCONdy","RaMCONdy_fdd","Mixed Conifer - Eastside Dry",1
"4_41_61_51362",2,46,238,491,1681,1706010402,"17060103","OBM","RaMCONdy_fdd_1706010402","RaMCONdy","RaMCONdy_fdd",42,"fdd","RaMCONdy","RaMCONdy_fdd","Mixed Conifer - Eastside Dry",1
"9_53_19_61586",12,10,29,2283,1886,1702000113,"17010308","WNE","RaSPFI_fcd_WNE","RaSPFI","RaSPFI_fcd",9,"fcd","RaSPFI","RaSPFI_fcd","Spruce - Fir",4
"4_41_61_68613",2,46,238,1998,1383,1706010402,"17060103","OBM","RaMCONms_fcm_17060104","RaMCONms","RaMCONms_fcm",22,"fcm","RaMCONms","RaMCONms_fcm","Mixed Conifer - Eastside Mesic",3
"4_41_61_90277",2,46,238,1998,1151,1706010402,"17060103","OBM","RaMCONms_fcm_17060104","RaMCONms","RaMCONms_fcm",22,"fcm","RaMCONms","RaMCONms_fcm","Mixed Conifer - Eastside Mesic",3
"4_41_61_72366",2,64,362,2053,997,1707020205,"17070201","OBM","RaMCONms_fcm_17070202","RaMCONms","RaMCONms_fcm",22,"fcm","RaMCONms","RaMCONms_fcm","Mixed Conifer - Eastside Mesic",3
"4_41_61_82165",2,46,238,1998,554,1706010402,"17060103","OBM","RaMCONms_fcm_17060104","RaMCONms","RaMCONms_fcm",22,"fcm","RaMCONms","RaMCONms_fcm","Mixed Conifer - Eastside Mesic",3
"4_41_61_71794",2,46,237,1998,2361,1706010401,"17060103","OBM","RaMCONms_fcm_17060104","RaMCONms","RaMCONms_fcm",22,"fcm","RaMCONms","RaMCONms_fcm","Mixed Conifer - Eastside Mesic",3
"4_41_61_88071",2,46,237,1998,1859,1706010401,"17060103","OBM","RaMCONms_fcm_17060104","RaMCONms","RaMCONms_fcm",22,"fcm","RaMCONms","RaMCONms_fcm","Mixed Conifer - Eastside Mesic",3
"4_41_59_78523",2,46,237,2318,1890,1706010401,"17060103","OBM","RaSPFI_fcd_OBM","RaSPFI","RaSPFI_fcd",9,"fcd","RaSPFI","RaSPFI_fcd","Spruce - Fir",4
"4_41_59_53660",2,46,237,2318,2620,1706010401,"17060103","OBM","RaSPFI_fcd_OBM","RaSPFI","RaSPFI_fcd",9,"fcd","RaSPFI","RaSPFI_fcd","Spruce - Fir",4
"4_41_23_72165",2,64,360,2318,1765,1707020203,"17070201","OBM","RaSPFI_fcd_OBM","RaSPFI","RaSPFI_fcd",9,"fcd","RaSPFI","RaSPFI_fcd","Spruce - Fir",4
"9_53_19_93349",12,10,29,2283,1085,1702000113,"17010308","WNE","RaSPFI_fcd_WNE","RaSPFI","RaSPFI_fcd",9,"fcd","RaSPFI","RaSPFI_fcd","Spruce - Fir",4
"9_53_19_71673",12,10,29,2283,830,1702000113,"17010308","WNE","RaSPFI_fcd_WNE","RaSPFI","RaSPFI_fcd",9,"fcd","RaSPFI","RaSPFI_fcd","Spruce - Fir",4
"4_41_23_54572",2,64,359,669,706,1707020202,"17070201","OBM","RaMCONdy_fdg_1707020202","RaMCONdy","RaMCONdy_fdg",23,"fdg","RaMCONdy","RaMCONdy_fdg","Mixed Conifer - Eastside Dry",1
"4_41_23_50208",2,64,359,2053,1246,1707020202,"17070201","OBM","RaMCONms_fcm_17070202","RaMCONms","RaMCONms_fcm",22,"fcm","RaMCONms","RaMCONms_fcm","Mixed Conifer - Eastside Mesic",3
"4_41_23_70785",2,64,359,2053,1385,1707020202,"17070201","OBM","RaMCONms_fcm_17070202","RaMCONms","RaMCONms_fcm",22,"fcm","RaMCONms","RaMCONms_fcm","Mixed Conifer - Eastside Mesic",3
"4_41_23_68196",2,64,359,2318,1913,1707020202,"17070201","OBM","RaSPFI_fcd_OBM","RaSPFI","RaSPFI_fcd",9,"fcd","RaSPFI","RaSPFI_fcd","Spruce - Fir",4
"4_41_23_55116",2,64,359,2318,2513,1707020202,"17070201","OBM","RaSPFI_fcd_OBM","RaSPFI","RaSPFI_fcd",9,"fcd","RaSPFI","RaSPFI_fcd","Spruce - Fir",4
"4_41_23_99767",2,65,369,2318,975,1707020302,"17070202","OBM","RaSPFI_fcd_OBM","RaSPFI","RaSPFI_fcd",9,"fcd","RaSPFI","RaSPFI_fcd","Spruce - Fir",4
"9_53_19_90593",12,10,29,2283,681,1702000113,"17010308","WNE","RaSPFI_fcd_WNE","RaSPFI","RaSPFI_fcd",9,"fcd","RaSPFI","RaSPFI_fcd","Spruce - Fir",4
"4_41_23_93979",2,65,369,2318,858,1707020302,"17070202","OBM","RaSPFI_fcd_OBM","RaSPFI","RaSPFI_fcd",9,"fcd","RaSPFI","RaSPFI_fcd","Spruce - Fir",4
"4_41_23_52375",2,65,369,718,1965,1707020302,"17070202","OBM","RaMCONdy_fdg_1707020302","RaMCONdy","RaMCONdy_fdg",23,"fdg","RaMCONdy","RaMCONdy_fdg","Mixed Conifer - Eastside Dry",1
"4_41_23_86516",2,65,369,718,1129,1707020302,"17070202","OBM","RaMCONdy_fdg_1707020302","RaMCONdy","RaMCONdy_fdg",23,"fdg","RaMCONdy","RaMCONdy_fdg","Mixed Conifer - Eastside Dry",1
"4_41_23_83501",2,65,369,718,695,1707020302,"17070202","OBM","RaMCONdy_fdg_1707020302","RaMCONdy","RaMCONdy_fdg",23,"fdg","RaMCONdy","RaMCONdy_fdg","Mixed Conifer - Eastside Dry",1
"4_41_23_70527",2,65,369,718,1598,1707020302,"17070202","OBM","RaMCONdy_fdg_1707020302","RaMCONdy","RaMCONdy_fdg",23,"fdg","RaMCONdy","RaMCONdy_fdg","Mixed Conifer - Eastside Dry",1
"4_41_23_74323",2,65,368,753,1383,1707020301,"17070202","OBM","RaMCONdy_fdg_1707020301","RaMCONdy","RaMCONdy_fdg",23,"fdg","RaMCONdy","RaMCONdy_fdg","Mixed Conifer - Eastside Dry",1
"4_41_23_68348",2,65,368,2072,1114,1707020301,"17070202","OBM","RaMCONms_fcm_17070203","RaMCONms","RaMCONms_fcm",22,"fcm","RaMCONms","RaMCONms_fcm","Mixed Conifer - Eastside Mesic",3
"4_41_23_88985",2,63,348,786,1651,1707020105,"17070106","OBM","RaMCONdy_fdg_1707020105","RaMCONdy","RaMCONdy_fdg",23,"fdg","RaMCONdy","RaMCONdy_fdg","Mixed Conifer - Eastside Dry",1
"4_41_23_70713",2,63,348,786,1622,1707020105,"17070106","OBM","RaMCONdy_fdg_1707020105","RaMCONdy","RaMCONdy_fdg",23,"fdg","RaMCONdy","RaMCONdy_fdg","Mixed Conifer - Eastside Dry",1
"9_53_19_83190",12,10,29,1769,719,1702000113,"17010308","WNE","Na1010471_frn_17020001","Na1010471","Na1010471_frn",39,"frn","Na1010471","Na1010471_frn","Northern Rocky Mountain Mesic Montane Mixed Conifer Forest",3
"4_41_23_69396",2,63,348,785,1255,1707020105,"17070106","OBM","RaMCONdy_fdd_1707020105","RaMCONdy","RaMCONdy_fdd",42,"fdd","RaMCONdy","RaMCONdy_fdd","Mixed Conifer - Eastside Dry",1
"4_41_23_94288",2,63,348,786,1638,1707020105,"17070106","OBM","RaMCONdy_fdg_1707020105","RaMCONdy","RaMCONdy_fdg",23,"fdg","RaMCONdy","RaMCONdy_fdg","Mixed Conifer - Eastside Dry",1
"4_41_23_85038",2,63,348,2318,1272,1707020105,"17070106","OBM","RaSPFI_fcd_OBM","RaSPFI","RaSPFI_fcd",9,"fcd","RaSPFI","RaSPFI_fcd","Spruce - Fir",4
"4_41_23_50832",2,36,173,905,681,1705011601,"17050115","OBM","RaMCONdy_fdg_1705011601","RaMCONdy","RaMCONdy_fdg",23,"fdg","RaMCONdy","RaMCONdy_fdg","Mixed Conifer - Eastside Dry",1
"4_41_23_77426",2,36,173,905,1082,1705011601,"17050115","OBM","RaMCONdy_fdg_1705011601","RaMCONdy","RaMCONdy_fdg",23,"fdg","RaMCONdy","RaMCONdy_fdg","Mixed Conifer - Eastside Dry",1
"4_41_23_86854",2,36,173,909,1058,1705011601,"17050115","OBM","RaPIPOm_fdp_1705011601","RaPIPOm","RaPIPOm_fdp",52,"fdp","RaPIPOm","RaPIPOm_fdp","Dry Ponderosa Pine - Mesic",1
"4_41_23_64556",2,36,173,909,788,1705011601,"17050115","OBM","RaPIPOm_fdp_1705011601","RaPIPOm","RaPIPOm_fdp",52,"fdp","RaPIPOm","RaPIPOm_fdp","Dry Ponderosa Pine - Mesic",1
"9_53_19_99728",12,10,29,2283,1449,1702000113,"17010308","WNE","RaSPFI_fcd_WNE","RaSPFI","RaSPFI_fcd",9,"fcd","RaSPFI","RaSPFI_fcd","Spruce - Fir",4
"4_41_23_63077",2,36,173,909,1143,1705011601,"17050115","OBM","RaPIPOm_fdp_1705011601","RaPIPOm","RaPIPOm_fdp",52,"fdp","RaPIPOm","RaPIPOm_fdp","Dry Ponderosa Pine - Mesic",1
"4_41_23_91264",2,36,173,909,1266,1705011601,"17050115","OBM","RaPIPOm_fdp_1705011601","RaPIPOm","RaPIPOm_fdp",52,"fdp","RaPIPOm","RaPIPOm_fdp","Dry Ponderosa Pine - Mesic",1
"4_41_23_90292",2,36,173,909,879,1705011601,"17050115","OBM","RaPIPOm_fdp_1705011601","RaPIPOm","RaPIPOm_fdp",52,"fdp","RaPIPOm","RaPIPOm_fdp","Dry Ponderosa Pine - Mesic",1
"4_41_23_74439",2,36,173,909,1791,1705011601,"17050115","OBM","RaPIPOm_fdp_1705011601","RaPIPOm","RaPIPOm_fdp",52,"fdp","RaPIPOm","RaPIPOm_fdp","Dry Ponderosa Pine - Mesic",1
"4_41_23_86235",2,36,173,909,1092,1705011601,"17050115","OBM","RaPIPOm_fdp_1705011601","RaPIPOm","RaPIPOm_fdp",52,"fdp","RaPIPOm","RaPIPOm_fdp","Dry Ponderosa Pine - Mesic",1
"4_41_23_67581",2,36,173,909,1860,1705011601,"17050115","OBM","RaPIPOm_fdp_1705011601","RaPIPOm","RaPIPOm_fdp",52,"fdp","RaPIPOm","RaPIPOm_fdp","Dry Ponderosa Pine - Mesic",1
"4_41_25_52590",2,36,173,904,657,1705011601,"17050115","OBM","RaMCONdy_fdd_1705011601","RaMCONdy","RaMCONdy_fdd",42,"fdd","RaMCONdy","RaMCONdy_fdd","Mixed Conifer - Eastside Dry",1
"4_41_23_64758",2,36,173,909,419,1705011601,"17050115","OBM","RaPIPOm_fdp_1705011601","RaPIPOm","RaPIPOm_fdp",52,"fdp","RaPIPOm","RaPIPOm_fdp","Dry Ponderosa Pine - Mesic",1
"4_41_25_56855",2,36,173,909,1862,1705011601,"17050115","OBM","RaPIPOm_fdp_1705011601","RaPIPOm","RaPIPOm_fdp",52,"fdp","RaPIPOm","RaPIPOm_fdp","Dry Ponderosa Pine - Mesic",1
"9_53_19_75745",12,10,30,2283,581,1702000114,"17010308","WNE","RaSPFI_fcd_WNE","RaSPFI","RaSPFI_fcd",9,"fcd","RaSPFI","RaSPFI_fcd","Spruce - Fir",4
"9_53_19_76691",12,11,39,11,1002,1702000217,"17020001","WNE","RaMCONdy_fdd_1702000217","RaMCONdy","RaMCONdy_fdd",42,"fdd","RaMCONdy","RaMCONdy_fdd","Mixed Conifer - Eastside Dry",1
"9_53_19_84774",12,10,30,72,2245,1702000114,"17010308","WNE","RaMCONdy_fdd_1702000114","RaMCONdy","RaMCONdy_fdd",42,"fdd","RaMCONdy","RaMCONdy_fdd","Mixed Conifer - Eastside Dry",1
"4_41_25_87699",5,149,827,2208,42,1712000303,"17120002","OSE","RaPIPOxe_fxp_17120003","RaPIPOxe","RaPIPOxe_fxp",56,"fxp","RaPIPOxe","RaPIPOxe_fxp","Ponderosa Pine - Xeric",3
"9_53_19_97311",12,10,30,72,1174,1702000114,"17010308","WNE","RaMCONdy_fdd_1702000114","RaMCONdy","RaMCONdy_fdd",42,"fdd","RaMCONdy","RaMCONdy_fdd","Mixed Conifer - Eastside Dry",1
"9_53_19_75195",12,11,39,11,2078,1702000217,"17020001","WNE","RaMCONdy_fdd_1702000217","RaMCONdy","RaMCONdy_fdd",42,"fdd","RaMCONdy","RaMCONdy_fdd","Mixed Conifer - Eastside Dry",1
"9_53_19_60019",12,10,32,105,1575,1702000116,"17010308","WNE","RaMCONdy_fdd_1702000116","RaMCONdy","RaMCONdy_fdd",42,"fdd","RaMCONdy","RaMCONdy_fdd","Mixed Conifer - Eastside Dry",1
"9_53_43_94430",12,10,35,130,950,1702000119,"17010308","WNE","RaPIPOm_fpd_1702000119","RaPIPOm","RaPIPOm_fpd",51,"fpd","RaPIPOm","RaPIPOm_fpd","Dry Ponderosa Pine - Mesic",1
"9_53_19_86710",12,11,39,2283,2907,1702000217,"17020001","WNE","RaSPFI_fcd_WNE","RaSPFI","RaSPFI_fcd",9,"fcd","RaSPFI","RaSPFI_fcd","Spruce - Fir",4
"9_53_19_59830",12,11,40,2283,1561,1702000219,"17020001","WNE","RaSPFI_fcd_WNE","RaSPFI","RaSPFI_fcd",9,"fcd","RaSPFI","RaSPFI_fcd","Spruce - Fir",4
"9_53_19_94744",12,11,38,2283,945,1702000213,"17020001","WNE","RaSPFI_fcd_WNE","RaSPFI","RaSPFI_fcd",9,"fcd","RaSPFI","RaSPFI_fcd","Spruce - Fir",4
"9_53_19_99222",12,11,40,2283,2000,1702000219,"17020001","WNE","RaSPFI_fcd_WNE","RaSPFI","RaSPFI_fcd",9,"fcd","RaSPFI","RaSPFI_fcd","Spruce - Fir",4
"9_53_19_74707",12,11,40,1774,2485,1702000219,"17020001","WNE","Na1010471_frn_17020002","Na1010471","Na1010471_frn",39,"frn","Na1010471","Na1010471_frn","Northern Rocky Mountain Mesic Montane Mixed Conifer Forest",3
"9_53_19_54954",12,11,40,2283,1320,1702000219,"17020001","WNE","RaSPFI_fcd_WNE","RaSPFI","RaSPFI_fcd",9,"fcd","RaSPFI","RaSPFI_fcd","Spruce - Fir",4
"9_53_19_89320",12,11,41,2283,1625,1702000220,"17020001","WNE","RaSPFI_fcd_WNE","RaSPFI","RaSPFI_fcd",9,"fcd","RaSPFI","RaSPFI_fcd","Spruce - Fir",4
"4_41_59_91976",2,57,313,2007,1272,1707010304,"17070102","OBM","RaMCONms_fcm_17070103","RaMCONms","RaMCONms_fcm",22,"fcm","RaMCONms","RaMCONms_fcm","Mixed Conifer - Eastside Mesic",3
"4_41_59_64911",2,57,313,2007,3092,1707010304,"17070102","OBM","RaMCONms_fcm_17070103","RaMCONms","RaMCONms_fcm",22,"fcm","RaMCONms","RaMCONms_fcm","Mixed Conifer - Eastside Mesic",3
"4_41_61_58080",2,57,313,2007,1146,1707010304,"17070102","OBM","RaMCONms_fcm_17070103","RaMCONms","RaMCONms_fcm",22,"fcm","RaMCONms","RaMCONms_fcm","Mixed Conifer - Eastside Mesic",3
"9_53_19_66796",12,10,29,60,1085,1702000113,"17010308","WNE","RaMCONdy_fdd_1702000113","RaMCONdy","RaMCONdy_fdd",42,"fdd","RaMCONdy","RaMCONdy_fdd","Mixed Conifer - Eastside Dry",1
"9_53_19_78193",12,10,29,60,1297,1702000113,"17010308","WNE","RaMCONdy_fdd_1702000113","RaMCONdy","RaMCONdy_fdd",42,"fdd","RaMCONdy","RaMCONdy_fdd","Mixed Conifer - Eastside Dry",1
"4_41_61_98639",2,46,238,491,883,1706010402,"17060103","OBM","RaMCONdy_fdd_1706010402","RaMCONdy","RaMCONdy_fdd",42,"fdd","RaMCONdy","RaMCONdy_fdd","Mixed Conifer - Eastside Dry",1
"4_41_61_60885",2,46,238,1998,1382,1706010402,"17060103","OBM","RaMCONms_fcm_17060104","RaMCONms","RaMCONms_fcm",22,"fcm","RaMCONms","RaMCONms_fcm","Mixed Conifer - Eastside Mesic",3
"4_41_61_72655",2,46,238,1998,750,1706010402,"17060103","OBM","RaMCONms_fcm_17060104","RaMCONms","RaMCONms_fcm",22,"fcm","RaMCONms","RaMCONms_fcm","Mixed Conifer - Eastside Mesic",3
"4_41_61_70162",2,46,238,1998,2412,1706010402,"17060103","OBM","RaMCONms_fcm_17060104","RaMCONms","RaMCONms_fcm",22,"fcm","RaMCONms","RaMCONms_fcm","Mixed Conifer - Eastside Mesic",3
"4_41_61_79626",2,46,237,1998,1317,1706010401,"17060103","OBM","RaMCONms_fcm_17060104","RaMCONms","RaMCONms_fcm",22,"fcm","RaMCONms","RaMCONms_fcm","Mixed Conifer - Eastside Mesic",3
"4_41_61_60147",2,46,237,1998,2429,1706010401,"17060103","OBM","RaMCONms_fcm_17060104","RaMCONms","RaMCONms_fcm",22,"fcm","RaMCONms","RaMCONms_fcm","Mixed Conifer - Eastside Mesic",3
"4_41_61_84553",2,46,237,2318,1485,1706010401,"17060103","OBM","RaSPFI_fcd_OBM","RaSPFI","RaSPFI_fcd",9,"fcd","RaSPFI","RaSPFI_fcd","Spruce - Fir",4
"4_41_61_53485",2,46,237,2318,2031,1706010401,"17060103","OBM","RaSPFI_fcd_OBM","RaSPFI","RaSPFI_fcd",9,"fcd","RaSPFI","RaSPFI_fcd","Spruce - Fir",4
"4_41_61_95310",2,64,360,2318,1344,1707020203,"17070201","OBM","RaSPFI_fcd_OBM","RaSPFI","RaSPFI_fcd",9,"fcd","RaSPFI","RaSPFI_fcd","Spruce - Fir",4
"4_41_23_58714",2,64,360,2318,848,1707020203,"17070201","OBM","RaSPFI_fcd_OBM","RaSPFI","RaSPFI_fcd",9,"fcd","RaSPFI","RaSPFI_fcd","Spruce - Fir",4
"4_41_23_99193",2,64,360,2318,1731,1707020203,"17070201","OBM","RaSPFI_fcd_OBM","RaSPFI","RaSPFI_fcd",9,"fcd","RaSPFI","RaSPFI_fcd","Spruce - Fir",4
"9_53_19_69824",12,10,29,2283,725,1702000113,"17010308","WNE","RaSPFI_fcd_WNE","RaSPFI","RaSPFI_fcd",9,"fcd","RaSPFI","RaSPFI_fcd","Spruce - Fir",4
"4_41_23_58079",2,64,358,2318,642,1707020201,"17070201","OBM","RaSPFI_fcd_OBM","RaSPFI","RaSPFI_fcd",9,"fcd","RaSPFI","RaSPFI_fcd","Spruce - Fir",4
"4_41_23_62281",2,64,358,621,596,1707020201,"17070201","OBM","RaMCONdy_fdg_1707020201","RaMCONdy","RaMCONdy_fdg",23,"fdg","RaMCONdy","RaMCONdy_fdg","Mixed Conifer - Eastside Dry",1
"4_41_23_74382",2,64,359,672,626,1707020202,"17070201","OBM","RaMCONdy_fdd_1707020202","RaMCONdy","RaMCONdy_fdd",42,"fdd","RaMCONdy","RaMCONdy_fdd","Mixed Conifer - Eastside Dry",1
"4_41_23_97468",2,64,359,2053,643,1707020202,"17070201","OBM","RaMCONms_fcm_17070202","RaMCONms","RaMCONms_fcm",22,"fcm","RaMCONms","RaMCONms_fcm","Mixed Conifer - Eastside Mesic",3
"4_41_23_69936",2,64,359,669,1043,1707020202,"17070201","OBM","RaMCONdy_fdg_1707020202","RaMCONdy","RaMCONdy_fdg",23,"fdg","RaMCONdy","RaMCONdy_fdg","Mixed Conifer - Eastside Dry",1
"4_41_23_78082",2,64,359,2318,1730,1707020202,"17070201","OBM","RaSPFI_fcd_OBM","RaSPFI","RaSPFI_fcd",9,"fcd","RaSPFI","RaSPFI_fcd","Spruce - Fir",4
"9_53_19_56342",12,10,29,60,904,1702000113,"17010308","WNE","RaMCONdy_fdd_1702000113","RaMCONdy","RaMCONdy_fdd",42,"fdd","RaMCONdy","RaMCONdy_fdd","Mixed Conifer - Eastside Dry",1
"9_53_19_87902",12,10,29,2283,2014,1702000113,"17010308","WNE","RaSPFI_fcd_WNE","RaSPFI","RaSPFI_fcd",9,"fcd","RaSPFI","RaSPFI_fcd","Spruce - Fir",4
"4_41_23_76225",2,65,369,718,820,1707020302,"17070202","OBM","RaMCONdy_fdg_1707020302","RaMCONdy","RaMCONdy_fdg",23,"fdg","RaMCONdy","RaMCONdy_fdg","Mixed Conifer - Eastside Dry",1
"4_41_23_68277",2,65,369,718,1443,1707020302,"17070202","OBM","RaMCONdy_fdg_1707020302","RaMCONdy","RaMCONdy_fdg",23,"fdg","RaMCONdy","RaMCONdy_fdg","Mixed Conifer - Eastside Dry",1
"4_41_23_96780",2,65,369,2318,616,1707020302,"17070202","OBM","RaSPFI_fcd_OBM","RaSPFI","RaSPFI_fcd",9,"fcd","RaSPFI","RaSPFI_fcd","Spruce - Fir",4
"4_41_23_63215",2,65,368,2318,1315,1707020301,"17070202","OBM","RaSPFI_fcd_OBM","RaSPFI","RaSPFI_fcd",9,"fcd","RaSPFI","RaSPFI_fcd","Spruce - Fir",4
"4_41_23_79498",2,65,368,753,1165,1707020301,"17070202","OBM","RaMCONdy_fdg_1707020301","RaMCONdy","RaMCONdy_fdg",23,"fdg","RaMCONdy","RaMCONdy_fdg","Mixed Conifer - Eastside Dry",1
"4_41_23_82861",2,65,368,753,1433,1707020301,"17070202","OBM","RaMCONdy_fdg_1707020301","RaMCONdy","RaMCONdy_fdg",23,"fdg","RaMCONdy","RaMCONdy_fdg","Mixed Conifer - Eastside Dry",1
"4_41_23_93413",2,63,348,786,1968,1707020105,"17070106","OBM","RaMCONdy_fdg_1707020105","RaMCONdy","RaMCONdy_fdg",23,"fdg","RaMCONdy","RaMCONdy_fdg","Mixed Conifer - Eastside Dry",1
"4_41_23_95441",2,63,348,2091,1744,1707020105,"17070106","OBM","RaMCONms_fcm_17070201","RaMCONms","RaMCONms_fcm",22,"fcm","RaMCONms","RaMCONms_fcm","Mixed Conifer - Eastside Mesic",3
"4_41_23_87803",2,63,348,788,877,1707020105,"17070106","OBM","RaPIPOm_fdp_1707020105","RaPIPOm","RaPIPOm_fdp",52,"fdp","RaPIPOm","RaPIPOm_fdp","Dry Ponderosa Pine - Mesic",1
"9_53_19_60001",12,10,29,60,1527,1702000113,"17010308","WNE","RaMCONdy_fdd_1702000113","RaMCONdy","RaMCONdy_fdd",42,"fdd","RaMCONdy","RaMCONdy_fdd","Mixed Conifer - Eastside Dry",1
"4_41_23_56590",2,63,348,785,918,1707020105,"17070106","OBM","RaMCONdy_fdd_1707020105","RaMCONdy","RaMCONdy_fdd",42,"fdd","RaMCONdy","RaMCONdy_fdd","Mixed Conifer - Eastside Dry",1
"4_41_23_84231",2,63,348,786,1104,1707020105,"17070106","OBM","RaMCONdy_fdg_1707020105","RaMCONdy","RaMCONdy_fdg",23,"fdg","RaMCONdy","RaMCONdy_fdg","Mixed Conifer - Eastside Dry",1
"4_41_23_56636",2,63,348,786,1162,1707020105,"17070106","OBM","RaMCONdy_fdg_1707020105","RaMCONdy","RaMCONdy_fdg",23,"fdg","RaMCONdy","RaMCONdy_fdg","Mixed Conifer - Eastside Dry",1
"4_41_23_67851",2,63,348,786,1518,1707020105,"17070106","OBM","RaMCONdy_fdg_1707020105","RaMCONdy","RaMCONdy_fdg",23,"fdg","RaMCONdy","RaMCONdy_fdg","Mixed Conifer - Eastside Dry",1
"4_41_23_77957",2,63,348,2318,1306,1707020105,"17070106","OBM","RaSPFI_fcd_OBM","RaSPFI","RaSPFI_fcd",9,"fcd","RaSPFI","RaSPFI_fcd","Spruce - Fir",4
"4_41_23_76292",2,36,173,905,1032,1705011601,"17050115","OBM","RaMCONdy_fdg_1705011601","RaMCONdy","RaMCONdy_fdg",23,"fdg","RaMCONdy","RaMCONdy_fdg","Mixed Conifer - Eastside Dry",1
"4_41_23_52245",2,36,173,905,1933,1705011601,"17050115","OBM","RaMCONdy_fdg_1705011601","RaMCONdy","RaMCONdy_fdg",23,"fdg","RaMCONdy","RaMCONdy_fdg","Mixed Conifer - Eastside Dry",1
"4_41_23_80373",2,36,173,905,1872,1705011601,"17050115","OBM","RaMCONdy_fdg_1705011601","RaMCONdy","RaMCONdy_fdg",23,"fdg","RaMCONdy","RaMCONdy_fdg","Mixed Conifer - Eastside Dry",1
"4_41_23_98116",2,36,173,905,1225,1705011601,"17050115","OBM","RaMCONdy_fdg_1705011601","RaMCONdy","RaMCONdy_fdg",23,"fdg","RaMCONdy","RaMCONdy_fdg","Mixed Conifer - Eastside Dry",1
"4_41_23_87212",2,36,173,2318,1090,1705011601,"17050115","OBM","RaSPFI_fcd_OBM","RaSPFI","RaSPFI_fcd",9,"fcd","RaSPFI","RaSPFI_fcd","Spruce - Fir",4
"9_53_19_92361",12,10,29,60,835,1702000113,"17010308","WNE","RaMCONdy_fdd_1702000113","RaMCONdy","RaMCONdy_fdd",42,"fdd","RaMCONdy","RaMCONdy_fdd","Mixed Conifer - Eastside Dry",1
"4_41_23_61486",2,36,173,905,1815,1705011601,"17050115","OBM","RaMCONdy_fdg_1705011601","RaMCONdy","RaMCONdy_fdg",23,"fdg","RaMCONdy","RaMCONdy_fdg","Mixed Conifer - Eastside Dry",1
"4_41_23_83135",2,36,173,905,2485,1705011601,"17050115","OBM","RaMCONdy_fdg_1705011601","RaMCONdy","RaMCONdy_fdg",23,"fdg","RaMCONdy","RaMCONdy_fdg","Mixed Conifer - Eastside Dry",1
"4_41_23_64708",2,36,173,904,1054,1705011601,"17050115","OBM","RaMCONdy_fdd_1705011601","RaMCONdy","RaMCONdy_fdd",42,"fdd","RaMCONdy","RaMCONdy_fdd","Mixed Conifer - Eastside Dry",1
"4_41_23_75786",2,36,173,904,1625,1705011601,"17050115","OBM","RaMCONdy_fdd_1705011601","RaMCONdy","RaMCONdy_fdd",42,"fdd","RaMCONdy","RaMCONdy_fdd","Mixed Conifer - Eastside Dry",1
"4_41_25_67420",2,36,173,904,1287,1705011601,"17050115","OBM","RaMCONdy_fdd_1705011601","RaMCONdy","RaMCONdy_fdd",42,"fdd","RaMCONdy","RaMCONdy_fdd","Mixed Conifer - Eastside Dry",1
"9_53_19_73478",12,10,29,60,760,1702000113,"17010308","WNE","RaMCONdy_fdd_1702000113","RaMCONdy","RaMCONdy_fdd",42,"fdd","RaMCONdy","RaMCONdy_fdd","Mixed Conifer - Eastside Dry",1
"9_53_19_83524",12,10,29,2283,1285,1702000113,"17010308","WNE","RaSPFI_fcd_WNE","RaSPFI","RaSPFI_fcd",9,"fcd","RaSPFI","RaSPFI_fcd","Spruce - Fir",4
"4_41_25_85401",2,36,175,2137,16,1705011603,"17050115","OBM","RaPIPOxe_fxp_17050116","RaPIPOxe","RaPIPOxe_fxp",56,"fxp","RaPIPOxe","RaPIPOxe_fxp","Ponderosa Pine - Xeric",3
"4_41_25_76212",2,36,175,2137,92,1705011603,"17050115","OBM","RaPIPOxe_fxp_17050116","RaPIPOxe","RaPIPOxe_fxp",56,"fxp","RaPIPOxe","RaPIPOxe_fxp","Ponderosa Pine - Xeric",3
"9_53_19_98299",12,11,40,1774,1697,1702000219,"17020001","WNE","Na1010471_frn_17020002","Na1010471","Na1010471_frn",39,"frn","Na1010471","Na1010471_frn","Northern Rocky Mountain Mesic Montane Mixed Conifer Forest",3
"9_53_19_54004",12,10,30,72,1863,1702000114,"17010308","WNE","RaMCONdy_fdd_1702000114","RaMCONdy","RaMCONdy_fdd",42,"fdd","RaMCONdy","RaMCONdy_fdd","Mixed Conifer - Eastside Dry",1
"9_53_19_96711",12,10,30,72,1235,1702000114,"17010308","WNE","RaMCONdy_fdd_1702000114","RaMCONdy","RaMCONdy_fdd",42,"fdd","RaMCONdy","RaMCONdy_fdd","Mixed Conifer - Eastside Dry",1
"4_41_25_78748",5,155,885,2221,266,1712000903,"17120008","OSE","RaPIPOxe_fxp_17120009","RaPIPOxe","RaPIPOxe_fxp",56,"fxp","RaPIPOxe","RaPIPOxe_fxp","Ponderosa Pine - Xeric",3
"9_53_19_79291",12,10,30,72,1903,1702000114,"17010308","WNE","RaMCONdy_fdd_1702000114","RaMCONdy","RaMCONdy_fdd",42,"fdd","RaMCONdy","RaMCONdy_fdd","Mixed Conifer - Eastside Dry",1
"9_53_19_85343",12,10,31,90,1603,1702000115,"17010308","WNE","RaMCONdy_fdd_1702000115","RaMCONdy","RaMCONdy_fdd",42,"fdd","RaMCONdy","RaMCONdy_fdd","Mixed Conifer - Eastside Dry",1
"9_53_19_56317",12,10,31,90,1916,1702000115,"17010308","WNE","RaMCONdy_fdd_1702000115","RaMCONdy","RaMCONdy_fdd",42,"fdd","RaMCONdy","RaMCONdy_fdd","Mixed Conifer - Eastside Dry",1
"9_53_19_60205",12,10,33,107,2172,1702000117,"17010308","WNE","RaMCONdy_fdd_1702000117","RaMCONdy","RaMCONdy_fdd",42,"fdd","RaMCONdy","RaMCONdy_fdd","Mixed Conifer - Eastside Dry",1
"9_53_19_60612",12,11,39,2283,1537,1702000217,"17020001","WNE","RaSPFI_fcd_WNE","RaSPFI","RaSPFI_fcd",9,"fcd","RaSPFI","RaSPFI_fcd","Spruce - Fir",4
"9_53_19_73204",12,10,33,107,2520,1702000117,"17010308","WNE","RaMCONdy_fdd_1702000117","RaMCONdy","RaMCONdy_fdd",42,"fdd","RaMCONdy","RaMCONdy_fdd","Mixed Conifer - Eastside Dry",1
"9_53_19_89730",12,10,32,105,1775,1702000116,"17010308","WNE","RaMCONdy_fdd_1702000116","RaMCONdy","RaMCONdy_fdd",42,"fdd","RaMCONdy","RaMCONdy_fdd","Mixed Conifer - Eastside Dry",1
"9_53_19_68615",12,10,32,110,1074,1702000116,"17010308","WNE","RaPIPOm_fpd_1702000116","RaPIPOm","RaPIPOm_fpd",51,"fpd","RaPIPOm","RaPIPOm_fpd","Dry Ponderosa Pine - Mesic",1
"9_53_19_78520",12,10,32,105,1337,1702000116,"17010308","WNE","RaMCONdy_fdd_1702000116","RaMCONdy","RaMCONdy_fdd",42,"fdd","RaMCONdy","RaMCONdy_fdd","Mixed Conifer - Eastside Dry",1
"9_53_19_91341",12,10,33,107,1922,1702000117,"17010308","WNE","RaMCONdy_fdd_1702000117","RaMCONdy","RaMCONdy_fdd",42,"fdd","RaMCONdy","RaMCONdy_fdd","Mixed Conifer - Eastside Dry",1
"9_53_19_54548",12,11,39,2283,1572,1702000217,"17020001","WNE","RaSPFI_fcd_WNE","RaSPFI","RaSPFI_fcd",9,"fcd","RaSPFI","RaSPFI_fcd","Spruce - Fir",4
"9_53_19_87796",12,10,33,107,1460,1702000117,"17010308","WNE","RaMCONdy_fdd_1702000117","RaMCONdy","RaMCONdy_fdd",42,"fdd","RaMCONdy","RaMCONdy_fdd","Mixed Conifer - Eastside Dry",1
"9_53_19_84654",12,10,35,130,500,1702000119,"17010308","WNE","RaPIPOm_fpd_1702000119","RaPIPOm","RaPIPOm_fpd",51,"fpd","RaPIPOm","RaPIPOm_fpd","Dry Ponderosa Pine - Mesic",1
"9_53_19_72337",12,11,40,2283,826,1702000219,"17020001","WNE","RaSPFI_fcd_WNE","RaSPFI","RaSPFI_fcd",9,"fcd","RaSPFI","RaSPFI_fcd","Spruce - Fir",4
"9_53_19_80394",12,11,40,2283,901,1702000219,"17020001","WNE","RaSPFI_fcd_WNE","RaSPFI","RaSPFI_fcd",9,"fcd","RaSPFI","RaSPFI_fcd","Spruce - Fir",4
"9_53_19_83780",12,11,39,2283,1425,1702000217,"17020001","WNE","RaSPFI_fcd_WNE","RaSPFI","RaSPFI_fcd",9,"fcd","RaSPFI","RaSPFI_fcd","Spruce - Fir",4
"9_53_19_86523",12,11,40,2283,772,1702000219,"17020001","WNE","RaSPFI_fcd_WNE","RaSPFI","RaSPFI_fcd",9,"fcd","RaSPFI","RaSPFI_fcd","Spruce - Fir",4
"9_53_19_94266",12,11,40,2283,1286,1702000219,"17020001","WNE","RaSPFI_fcd_WNE","RaSPFI","RaSPFI_fcd",9,"fcd","RaSPFI","RaSPFI_fcd","Spruce - Fir",4
"9_53_19_72882",12,11,40,8,1226,1702000219,"17020001","WNE","RaMCONdy_fdd_1702000219","RaMCONdy","RaMCONdy_fdd",42,"fdd","RaMCONdy","RaMCONdy_fdd","Mixed Conifer - Eastside Dry",1
"9_53_19_81222",12,11,40,2283,1594,1702000219,"17020001","WNE","RaSPFI_fcd_WNE","RaSPFI","RaSPFI_fcd",9,"fcd","RaSPFI","RaSPFI_fcd","Spruce - Fir",4
"9_53_19_80043",12,11,40,2283,860,1702000219,"17020001","WNE","RaSPFI_fcd_WNE","RaSPFI","RaSPFI_fcd",9,"fcd","RaSPFI","RaSPFI_fcd","Spruce - Fir",4
"9_53_19_75864",12,11,40,2283,920,1702000219,"17020001","WNE","RaSPFI_fcd_WNE","RaSPFI","RaSPFI_fcd",9,"fcd","RaSPFI","RaSPFI_fcd","Spruce - Fir",4
"9_53_19_71162",12,11,40,1774,1686,1702000219,"17020001","WNE","Na1010471_frn_17020002","Na1010471","Na1010471_frn",39,"frn","Na1010471","Na1010471_frn","Northern Rocky Mountain Mesic Montane Mixed Conifer Forest",3
"9_53_19_73009",12,11,41,24,608,1702000220,"17020001","WNE","RaMCONdy_fdd_1702000220","RaMCONdy","RaMCONdy_fdd",42,"fdd","RaMCONdy","RaMCONdy_fdd","Mixed Conifer - Eastside Dry",1
"9_53_19_87638",12,11,40,2283,1368,1702000219,"17020001","WNE","RaSPFI_fcd_WNE","RaSPFI","RaSPFI_fcd",9,"fcd","RaSPFI","RaSPFI_fcd","Spruce - Fir",4
"9_53_19_78836",12,11,41,2283,981,1702000220,"17020001","WNE","RaSPFI_fcd_WNE","RaSPFI","RaSPFI_fcd",9,"fcd","RaSPFI","RaSPFI_fcd","Spruce - Fir",4
"4_41_59_90643",2,57,314,2007,812,1707010305,"17070102","OBM","RaMCONms_fcm_17070103","RaMCONms","RaMCONms_fcm",22,"fcm","RaMCONms","RaMCONms_fcm","Mixed Conifer - Eastside Mesic",3
"4_41_59_53582",2,57,311,2007,2231,1707010302,"17070102","OBM","RaMCONms_fcm_17070103","RaMCONms","RaMCONms_fcm",22,"fcm","RaMCONms","RaMCONms_fcm","Mixed Conifer - Eastside Mesic",3
"4_41_59_97413",2,57,313,2007,1368,1707010304,"17070102","OBM","RaMCONms_fcm_17070103","RaMCONms","RaMCONms_fcm",22,"fcm","RaMCONms","RaMCONms_fcm","Mixed Conifer - Eastside Mesic",3
"9_53_19_64451",12,11,41,2283,1141,1702000220,"17020001","WNE","RaSPFI_fcd_WNE","RaSPFI","RaSPFI_fcd",9,"fcd","RaSPFI","RaSPFI_fcd","Spruce - Fir",4
"9_53_19_53963",12,11,41,24,1474,1702000220,"17020001","WNE","RaMCONdy_fdd_1702000220","RaMCONdy","RaMCONdy_fdd",42,"fdd","RaMCONdy","RaMCONdy_fdd","Mixed Conifer - Eastside Dry",1
"4_41_59_98867",2,57,313,2007,2296,1707010304,"17070102","OBM","RaMCONms_fcm_17070103","RaMCONms","RaMCONms_fcm",22,"fcm","RaMCONms","RaMCONms_fcm","Mixed Conifer - Eastside Mesic",3
"4_41_59_65023",2,57,313,2007,2681,1707010304,"17070102","OBM","RaMCONms_fcm_17070103","RaMCONms","RaMCONms_fcm",22,"fcm","RaMCONms","RaMCONms_fcm","Mixed Conifer - Eastside Mesic",3
"4_41_61_94691",2,46,238,1998,2869,1706010402,"17060103","OBM","RaMCONms_fcm_17060104","RaMCONms","RaMCONms_fcm",22,"fcm","RaMCONms","RaMCONms_fcm","Mixed Conifer - Eastside Mesic",3
"4_41_61_54288",2,46,238,491,1040,1706010402,"17060103","OBM","RaMCONdy_fdd_1706010402","RaMCONdy","RaMCONdy_fdd",42,"fdd","RaMCONdy","RaMCONdy_fdd","Mixed Conifer - Eastside Dry",1
"9_53_19_66503",12,11,41,2283,1597,1702000220,"17020001","WNE","RaSPFI_fcd_WNE","RaSPFI","RaSPFI_fcd",9,"fcd","RaSPFI","RaSPFI_fcd","Spruce - Fir",4
"4_41_61_62076",2,46,238,491,646,1706010402,"17060103","OBM","RaMCONdy_fdd_1706010402","RaMCONdy","RaMCONdy_fdd",42,"fdd","RaMCONdy","RaMCONdy_fdd","Mixed Conifer - Eastside Dry",1
"4_41_61_59339",2,46,238,491,1169,1706010402,"17060103","OBM","RaMCONdy_fdd_1706010402","RaMCONdy","RaMCONdy_fdd",42,"fdd","RaMCONdy","RaMCONdy_fdd","Mixed Conifer - Eastside Dry",1
"4_41_61_60334",2,46,238,1998,1886,1706010402,"17060103","OBM","RaMCONms_fcm_17060104","RaMCONms","RaMCONms_fcm",22,"fcm","RaMCONms","RaMCONms_fcm","Mixed Conifer - Eastside Mesic",3
"4_41_61_93253",2,46,237,1998,2038,1706010401,"17060103","OBM","RaMCONms_fcm_17060104","RaMCONms","RaMCONms_fcm",22,"fcm","RaMCONms","RaMCONms_fcm","Mixed Conifer - Eastside Mesic",3
"4_41_61_67591",2,46,237,1998,2249,1706010401,"17060103","OBM","RaMCONms_fcm_17060104","RaMCONms","RaMCONms_fcm",22,"fcm","RaMCONms","RaMCONms_fcm","Mixed Conifer - Eastside Mesic",3
"4_41_61_55462",2,46,237,1998,2717,1706010401,"17060103","OBM","RaMCONms_fcm_17060104","RaMCONms","RaMCONms_fcm",22,"fcm","RaMCONms","RaMCONms_fcm","Mixed Conifer - Eastside Mesic",3
"4_41_61_60010",2,46,237,1998,1226,1706010401,"17060103","OBM","RaMCONms_fcm_17060104","RaMCONms","RaMCONms_fcm",22,"fcm","RaMCONms","RaMCONms_fcm","Mixed Conifer - Eastside Mesic",3
"9_53_19_59302",12,10,29,60,694,1702000113,"17010308","WNE","RaMCONdy_fdd_1702000113","RaMCONdy","RaMCONdy_fdd",42,"fdd","RaMCONdy","RaMCONdy_fdd","Mixed Conifer - Eastside Dry",1
"9_53_19_62619",12,10,29,60,2170,1702000113,"17010308","WNE","RaMCONdy_fdd_1702000113","RaMCONdy","RaMCONdy_fdd",42,"fdd","RaMCONdy","RaMCONdy_fdd","Mixed Conifer - Eastside Dry",1
"4_41_23_59479",2,64,358,621,729,1707020201,"17070201","OBM","RaMCONdy_fdg_1707020201","RaMCONdy","RaMCONdy_fdg",23,"fdg","RaMCONdy","RaMCONdy_fdg","Mixed Conifer - Eastside Dry",1
"4_41_23_92141",2,64,358,2053,1538,1707020201,"17070201","OBM","RaMCONms_fcm_17070202","RaMCONms","RaMCONms_fcm",22,"fcm","RaMCONms","RaMCONms_fcm","Mixed Conifer - Eastside Mesic",3
"4_41_23_74900",2,64,359,2318,807,1707020202,"17070201","OBM","RaSPFI_fcd_OBM","RaSPFI","RaSPFI_fcd",9,"fcd","RaSPFI","RaSPFI_fcd","Spruce - Fir",4
"4_41_23_58561",2,64,359,2318,1912,1707020202,"17070201","OBM","RaSPFI_fcd_OBM","RaSPFI","RaSPFI_fcd",9,"fcd","RaSPFI","RaSPFI_fcd","Spruce - Fir",4
"4_41_23_83917",2,64,359,2318,853,1707020202,"17070201","OBM","RaSPFI_fcd_OBM","RaSPFI","RaSPFI_fcd",9,"fcd","RaSPFI","RaSPFI_fcd","Spruce - Fir",4
"4_41_23_86570",2,64,359,2053,2054,1707020202,"17070201","OBM","RaMCONms_fcm_17070202","RaMCONms","RaMCONms_fcm",22,"fcm","RaMCONms","RaMCONms_fcm","Mixed Conifer - Eastside Mesic",3
"4_41_1_71573",2,41,207,712,1166,1705020201,"17050201","OBM","RaMCONdy_fdg_1705020201","RaMCONdy","RaMCONdy_fdg",23,"fdg","RaMCONdy","RaMCONdy_fdg","Mixed Conifer - Eastside Dry",1
"9_53_19_70835",12,10,29,60,1061,1702000113,"17010308","WNE","RaMCONdy_fdd_1702000113","RaMCONdy","RaMCONdy_fdd",42,"fdd","RaMCONdy","RaMCONdy_fdd","Mixed Conifer - Eastside Dry",1
"4_41_1_59178",2,41,207,711,804,1705020201,"17050201","OBM","RaMCONdy_fdd_1705020201","RaMCONdy","RaMCONdy_fdd",42,"fdd","RaMCONdy","RaMCONdy_fdd","Mixed Conifer - Eastside Dry",1
"4_41_23_65876",2,65,368,753,1493,1707020301,"17070202","OBM","RaMCONdy_fdg_1707020301","RaMCONdy","RaMCONdy_fdg",23,"fdg","RaMCONdy","RaMCONdy_fdg","Mixed Conifer - Eastside Dry",1
"4_41_23_74625",2,65,368,758,1598,1707020301,"17070202","OBM","RaPIPOm_fdp_1707020301","RaPIPOm","RaPIPOm_fdp",52,"fdp","RaPIPOm","RaPIPOm_fdp","Dry Ponderosa Pine - Mesic",1
"4_41_23_66181",2,65,368,758,1250,1707020301,"17070202","OBM","RaPIPOm_fdp_1707020301","RaPIPOm","RaPIPOm_fdp",52,"fdp","RaPIPOm","RaPIPOm_fdp","Dry Ponderosa Pine - Mesic",1
"4_41_23_63940",2,65,368,758,1848,1707020301,"17070202","OBM","RaPIPOm_fdp_1707020301","RaPIPOm","RaPIPOm_fdp",52,"fdp","RaPIPOm","RaPIPOm_fdp","Dry Ponderosa Pine - Mesic",1
"4_41_23_94985",2,65,368,2318,1701,1707020301,"17070202","OBM","RaSPFI_fcd_OBM","RaSPFI","RaSPFI_fcd",9,"fcd","RaSPFI","RaSPFI_fcd","Spruce - Fir",4
"4_41_23_62856",2,65,368,2072,1878,1707020301,"17070202","OBM","RaMCONms_fcm_17070203","RaMCONms","RaMCONms_fcm",22,"fcm","RaMCONms","RaMCONms_fcm","Mixed Conifer - Eastside Mesic",3
"4_41_23_64906",2,65,368,2072,1996,1707020301,"17070202","OBM","RaMCONms_fcm_17070203","RaMCONms","RaMCONms_fcm",22,"fcm","RaMCONms","RaMCONms_fcm","Mixed Conifer - Eastside Mesic",3
"4_41_23_60714",2,65,368,2318,1716,1707020301,"17070202","OBM","RaSPFI_fcd_OBM","RaSPFI","RaSPFI_fcd",9,"fcd","RaSPFI","RaSPFI_fcd","Spruce - Fir",4
"4_41_23_59653",2,63,348,786,2328,1707020105,"17070106","OBM","RaMCONdy_fdg_1707020105","RaMCONdy","RaMCONdy_fdg",23,"fdg","RaMCONdy","RaMCONdy_fdg","Mixed Conifer - Eastside Dry",1
"9_53_19_73188",12,10,29,60,2427,1702000113,"17010308","WNE","RaMCONdy_fdd_1702000113","RaMCONdy","RaMCONdy_fdd",42,"fdd","RaMCONdy","RaMCONdy_fdd","Mixed Conifer - Eastside Dry",1
"4_41_23_78416",2,63,348,2091,807,1707020105,"17070106","OBM","RaMCONms_fcm_17070201","RaMCONms","RaMCONms_fcm",22,"fcm","RaMCONms","RaMCONms_fcm","Mixed Conifer - Eastside Mesic",3
"4_41_23_98436",2,63,348,786,936,1707020105,"17070106","OBM","RaMCONdy_fdg_1707020105","RaMCONdy","RaMCONdy_fdg",23,"fdg","RaMCONdy","RaMCONdy_fdg","Mixed Conifer - Eastside Dry",1
"4_41_23_77022",2,63,348,2318,1239,1707020105,"17070106","OBM","RaSPFI_fcd_OBM","RaSPFI","RaSPFI_fcd",9,"fcd","RaSPFI","RaSPFI_fcd","Spruce - Fir",4
"4_41_23_95143",2,63,348,786,996,1707020105,"17070106","OBM","RaMCONdy_fdg_1707020105","RaMCONdy","RaMCONdy_fdg",23,"fdg","RaMCONdy","RaMCONdy_fdg","Mixed Conifer - Eastside Dry",1
"4_41_23_76676",2,63,348,2318,709,1707020105,"17070106","OBM","RaSPFI_fcd_OBM","RaSPFI","RaSPFI_fcd",9,"fcd","RaSPFI","RaSPFI_fcd","Spruce - Fir",4
"4_41_23_67422",2,63,348,2318,2543,1707020105,"17070106","OBM","RaSPFI_fcd_OBM","RaSPFI","RaSPFI_fcd",9,"fcd","RaSPFI","RaSPFI_fcd","Spruce - Fir",4
"4_41_1_64528",2,36,183,2121,409,1705011611,"17050115","OBM","RaSAWD_fsw_17050116","RaSAWD","RaSAWD_fsw",3,"fsw","RaSAWD","RaSAWD_fsw","Subalpine Woodland",3
"4_41_23_79981",2,36,173,905,795,1705011601,"17050115","OBM","RaMCONdy_fdg_1705011601","RaMCONdy","RaMCONdy_fdg",23,"fdg","RaMCONdy","RaMCONdy_fdg","Mixed Conifer - Eastside Dry",1
"4_41_23_71369",2,36,173,905,835,1705011601,"17050115","OBM","RaMCONdy_fdg_1705011601","RaMCONdy","RaMCONdy_fdg",23,"fdg","RaMCONdy","RaMCONdy_fdg","Mixed Conifer - Eastside Dry",1
"4_41_23_83196",2,36,183,863,2287,1705011611,"17050115","OBM","RaMCONdy_fdg_1705011611","RaMCONdy","RaMCONdy_fdg",23,"fdg","RaMCONdy","RaMCONdy_fdg","Mixed Conifer - Eastside Dry",1
"4_41_23_96159",2,36,183,863,1580,1705011611,"17050115","OBM","RaMCONdy_fdg_1705011611","RaMCONdy","RaMCONdy_fdg",23,"fdg","RaMCONdy","RaMCONdy_fdg","Mixed Conifer - Eastside Dry",1
"4_41_23_88500",2,36,183,868,1746,1705011611,"17050115","OBM","RaPIPOm_fdp_1705011611","RaPIPOm","RaPIPOm_fdp",52,"fdp","RaPIPOm","RaPIPOm_fdp","Dry Ponderosa Pine - Mesic",1
"9_53_19_75217",12,10,29,60,1114,1702000113,"17010308","WNE","RaMCONdy_fdd_1702000113","RaMCONdy","RaMCONdy_fdd",42,"fdd","RaMCONdy","RaMCONdy_fdd","Mixed Conifer - Eastside Dry",1
"9_53_19_89519",12,10,29,60,1984,1702000113,"17010308","WNE","RaMCONdy_fdd_1702000113","RaMCONdy","RaMCONdy_fdd",42,"fdd","RaMCONdy","RaMCONdy_fdd","Mixed Conifer - Eastside Dry",1
"4_41_23_99818",2,36,183,863,749,1705011611,"17050115","OBM","RaMCONdy_fdg_1705011611","RaMCONdy","RaMCONdy_fdg",23,"fdg","RaMCONdy","RaMCONdy_fdg","Mixed Conifer - Eastside Dry",1
"4_41_23_54230",2,36,183,863,1946,1705011611,"17050115","OBM","RaMCONdy_fdg_1705011611","RaMCONdy","RaMCONdy_fdg",23,"fdg","RaMCONdy","RaMCONdy_fdg","Mixed Conifer - Eastside Dry",1
"4_41_23_55442",2,36,173,905,1066,1705011601,"17050115","OBM","RaMCONdy_fdg_1705011601","RaMCONdy","RaMCONdy_fdg",23,"fdg","RaMCONdy","RaMCONdy_fdg","Mixed Conifer - Eastside Dry",1
"4_41_23_62119",2,36,173,905,1711,1705011601,"17050115","OBM","RaMCONdy_fdg_1705011601","RaMCONdy","RaMCONdy_fdg",23,"fdg","RaMCONdy","RaMCONdy_fdg","Mixed Conifer - Eastside Dry",1
"4_41_25_87504",2,36,173,904,833,1705011601,"17050115","OBM","RaMCONdy_fdd_1705011601","RaMCONdy","RaMCONdy_fdd",42,"fdd","RaMCONdy","RaMCONdy_fdd","Mixed Conifer - Eastside Dry",1
"4_41_23_75058",2,36,173,909,1239,1705011601,"17050115","OBM","RaPIPOm_fdp_1705011601","RaPIPOm","RaPIPOm_fdp",52,"fdp","RaPIPOm","RaPIPOm_fdp","Dry Ponderosa Pine - Mesic",1
"4_41_25_80217",2,36,173,909,1121,1705011601,"17050115","OBM","RaPIPOm_fdp_1705011601","RaPIPOm","RaPIPOm_fdp",52,"fdp","RaPIPOm","RaPIPOm_fdp","Dry Ponderosa Pine - Mesic",1
"9_53_19_92708",12,10,29,60,835,1702000113,"17010308","WNE","RaMCONdy_fdd_1702000113","RaMCONdy","RaMCONdy_fdd",42,"fdd","RaMCONdy","RaMCONdy_fdd","Mixed Conifer - Eastside Dry",1
"4_41_25_75713",2,36,176,2137,6,1705011604,"17050115","OBM","RaPIPOxe_fxp_17050116","RaPIPOxe","RaPIPOxe_fxp",56,"fxp","RaPIPOxe","RaPIPOxe_fxp","Ponderosa Pine - Xeric",3
"9_53_19_93223",12,11,40,1774,2576,1702000219,"17020001","WNE","Na1010471_frn_17020002","Na1010471","Na1010471_frn",39,"frn","Na1010471","Na1010471_frn","Northern Rocky Mountain Mesic Montane Mixed Conifer Forest",3
"4_41_25_84299",2,36,181,2137,357,1705011609,"17050115","OBM","RaPIPOxe_fxp_17050116","RaPIPOxe","RaPIPOxe_fxp",56,"fxp","RaPIPOxe","RaPIPOxe_fxp","Ponderosa Pine - Xeric",3
"4_41_25_90043",2,36,180,2137,79,1705011608,"17050115","OBM","RaPIPOxe_fxp_17050116","RaPIPOxe","RaPIPOxe_fxp",56,"fxp","RaPIPOxe","RaPIPOxe_fxp","Ponderosa Pine - Xeric",3
"9_53_19_78351",12,10,30,72,1200,1702000114,"17010308","WNE","RaMCONdy_fdd_1702000114","RaMCONdy","RaMCONdy_fdd",42,"fdd","RaMCONdy","RaMCONdy_fdd","Mixed Conifer - Eastside Dry",1
"9_53_19_84074",12,11,40,1774,2092,1702000219,"17020001","WNE","Na1010471_frn_17020002","Na1010471","Na1010471_frn",39,"frn","Na1010471","Na1010471_frn","Northern Rocky Mountain Mesic Montane Mixed Conifer Forest",3
"9_53_19_76204",12,10,33,107,2512,1702000117,"17010308","WNE","RaMCONdy_fdd_1702000117","RaMCONdy","RaMCONdy_fdd",42,"fdd","RaMCONdy","RaMCONdy_fdd","Mixed Conifer - Eastside Dry",1
"9_53_19_72452",12,10,33,107,833,1702000117,"17010308","WNE","RaMCONdy_fdd_1702000117","RaMCONdy","RaMCONdy_fdd",42,"fdd","RaMCONdy","RaMCONdy_fdd","Mixed Conifer - Eastside Dry",1
"9_53_19_66994",12,10,33,107,310,1702000117,"17010308","WNE","RaMCONdy_fdd_1702000117","RaMCONdy","RaMCONdy_fdd",42,"fdd","RaMCONdy","RaMCONdy_fdd","Mixed Conifer - Eastside Dry",1
"9_53_19_59766",12,11,40,1774,1680,1702000219,"17020001","WNE","Na1010471_frn_17020002","Na1010471","Na1010471_frn",39,"frn","Na1010471","Na1010471_frn","Northern Rocky Mountain Mesic Montane Mixed Conifer Forest",3
"9_53_19_76866",12,10,33,107,132,1702000117,"17010308","WNE","RaMCONdy_fdd_1702000117","RaMCONdy","RaMCONdy_fdd",42,"fdd","RaMCONdy","RaMCONdy_fdd","Mixed Conifer - Eastside Dry",1
"9_53_43_84117",12,10,34,139,302,1702000118,"17010308","WNE","RaPIPOm_fpd_1702000118","RaPIPOm","RaPIPOm_fpd",51,"fpd","RaPIPOm","RaPIPOm_fpd","Dry Ponderosa Pine - Mesic",1
"9_53_19_70829",12,11,40,1774,1157,1702000219,"17020001","WNE","Na1010471_frn_17020002","Na1010471","Na1010471_frn",39,"frn","Na1010471","Na1010471_frn","Northern Rocky Mountain Mesic Montane Mixed Conifer Forest",3
"9_53_19_72529",12,11,40,2283,635,1702000219,"17020001","WNE","RaSPFI_fcd_WNE","RaSPFI","RaSPFI_fcd",9,"fcd","RaSPFI","RaSPFI_fcd","Spruce - Fir",4
"9_53_19_63521",12,11,40,1774,886,1702000219,"17020001","WNE","Na1010471_frn_17020002","Na1010471","Na1010471_frn",39,"frn","Na1010471","Na1010471_frn","Northern Rocky Mountain Mesic Montane Mixed Conifer Forest",3
"9_53_19_73606",12,11,40,2283,1051,1702000219,"17020001","WNE","RaSPFI_fcd_WNE","RaSPFI","RaSPFI_fcd",9,"fcd","RaSPFI","RaSPFI_fcd","Spruce - Fir",4
"9_53_19_66172",12,11,40,2283,766,1702000219,"17020001","WNE","RaSPFI_fcd_WNE","RaSPFI","RaSPFI_fcd",9,"fcd","RaSPFI","RaSPFI_fcd","Spruce - Fir",4
"9_53_19_88022",12,11,40,8,703,1702000219,"17020001","WNE","RaMCONdy_fdd_1702000219","RaMCONdy","RaMCONdy_fdd",42,"fdd","RaMCONdy","RaMCONdy_fdd","Mixed Conifer - Eastside Dry",1
"9_53_19_68832",12,11,40,8,2429,1702000219,"17020001","WNE","RaMCONdy_fdd_1702000219","RaMCONdy","RaMCONdy_fdd",42,"fdd","RaMCONdy","RaMCONdy_fdd","Mixed Conifer - Eastside Dry",1
"9_53_19_84691",12,11,40,1774,824,1702000219,"17020001","WNE","Na1010471_frn_17020002","Na1010471","Na1010471_frn",39,"frn","Na1010471","Na1010471_frn","Northern Rocky Mountain Mesic Montane Mixed Conifer Forest",3
"9_53_19_70402",12,11,40,1774,2075,1702000219,"17020001","WNE","Na1010471_frn_17020002","Na1010471","Na1010471_frn",39,"frn","Na1010471","Na1010471_frn","Northern Rocky Mountain Mesic Montane Mixed Conifer Forest",3
"9_53_19_89270",12,11,41,2283,890,1702000220,"17020001","WNE","RaSPFI_fcd_WNE","RaSPFI","RaSPFI_fcd",9,"fcd","RaSPFI","RaSPFI_fcd","Spruce - Fir",4
"4_41_59_68006",2,57,312,396,293,1707010303,"17070102","OBM","RaMCONdy_fdd_1707010303","RaMCONdy","RaMCONdy_fdd",42,"fdd","RaMCONdy","RaMCONdy_fdd","Mixed Conifer - Eastside Dry",1
"4_41_59_85941",2,57,314,406,358,1707010305,"17070102","OBM","RaPIPOm_fdp_1707010305","RaPIPOm","RaPIPOm_fdp",52,"fdp","RaPIPOm","RaPIPOm_fdp","Dry Ponderosa Pine - Mesic",1
"4_41_59_88047",2,57,314,407,750,1707010305,"17070102","OBM","RaMCONdy_fdd_1707010305","RaMCONdy","RaMCONdy_fdd",42,"fdd","RaMCONdy","RaMCONdy_fdd","Mixed Conifer - Eastside Dry",1
"4_41_59_64804",2,57,314,2007,476,1707010305,"17070102","OBM","RaMCONms_fcm_17070103","RaMCONms","RaMCONms_fcm",22,"fcm","RaMCONms","RaMCONms_fcm","Mixed Conifer - Eastside Mesic",3
"9_53_19_57521",12,11,41,24,1701,1702000220,"17020001","WNE","RaMCONdy_fdd_1702000220","RaMCONdy","RaMCONdy_fdd",42,"fdd","RaMCONdy","RaMCONdy_fdd","Mixed Conifer - Eastside Dry",1
"4_41_61_99269",2,46,238,1998,2264,1706010402,"17060103","OBM","RaMCONms_fcm_17060104","RaMCONms","RaMCONms_fcm",22,"fcm","RaMCONms","RaMCONms_fcm","Mixed Conifer - Eastside Mesic",3
"4_41_61_80699",2,46,238,1998,2350,1706010402,"17060103","OBM","RaMCONms_fcm_17060104","RaMCONms","RaMCONms_fcm",22,"fcm","RaMCONms","RaMCONms_fcm","Mixed Conifer - Eastside Mesic",3
"4_41_61_67533",2,46,238,491,1324,1706010402,"17060103","OBM","RaMCONdy_fdd_1706010402","RaMCONdy","RaMCONdy_fdd",42,"fdd","RaMCONdy","RaMCONdy_fdd","Mixed Conifer - Eastside Dry",1
"4_41_61_71872",2,46,238,491,597,1706010402,"17060103","OBM","RaMCONdy_fdd_1706010402","RaMCONdy","RaMCONdy_fdd",42,"fdd","RaMCONdy","RaMCONdy_fdd","Mixed Conifer - Eastside Dry",1
"9_53_19_59958",12,11,41,2283,1806,1702000220,"17020001","WNE","RaSPFI_fcd_WNE","RaSPFI","RaSPFI_fcd",9,"fcd","RaSPFI","RaSPFI_fcd","Spruce - Fir",4
"4_41_61_84572",2,46,237,535,1065,1706010401,"17060103","OBM","RaMCONdy_fdd_1706010401","RaMCONdy","RaMCONdy_fdd",42,"fdd","RaMCONdy","RaMCONdy_fdd","Mixed Conifer - Eastside Dry",1
"4_41_61_84997",2,46,238,1998,313,1706010402,"17060103","OBM","RaMCONms_fcm_17060104","RaMCONms","RaMCONms_fcm",22,"fcm","RaMCONms","RaMCONms_fcm","Mixed Conifer - Eastside Mesic",3
"4_41_61_67541",2,46,237,1998,759,1706010401,"17060103","OBM","RaMCONms_fcm_17060104","RaMCONms","RaMCONms_fcm",22,"fcm","RaMCONms","RaMCONms_fcm","Mixed Conifer - Eastside Mesic",3
"4_41_61_68078",2,46,237,1998,1384,1706010401,"17060103","OBM","RaMCONms_fcm_17060104","RaMCONms","RaMCONms_fcm",22,"fcm","RaMCONms","RaMCONms_fcm","Mixed Conifer - Eastside Mesic",3
"4_41_61_86572",2,46,237,1998,1294,1706010401,"17060103","OBM","RaMCONms_fcm_17060104","RaMCONms","RaMCONms_fcm",22,"fcm","RaMCONms","RaMCONms_fcm","Mixed Conifer - Eastside Mesic",3
"4_41_61_64329",2,46,237,2318,1534,1706010401,"17060103","OBM","RaSPFI_fcd_OBM","RaSPFI","RaSPFI_fcd",9,"fcd","RaSPFI","RaSPFI_fcd","Spruce - Fir",4
"4_41_61_94547",2,46,237,1998,1533,1706010401,"17060103","OBM","RaMCONms_fcm_17060104","RaMCONms","RaMCONms_fcm",22,"fcm","RaMCONms","RaMCONms_fcm","Mixed Conifer - Eastside Mesic",3
"4_41_61_90234",2,46,237,2318,1208,1706010401,"17060103","OBM","RaSPFI_fcd_OBM","RaSPFI","RaSPFI_fcd",9,"fcd","RaSPFI","RaSPFI_fcd","Spruce - Fir",4
"4_41_23_59169",2,64,358,2318,2083,1707020201,"17070201","OBM","RaSPFI_fcd_OBM","RaSPFI","RaSPFI_fcd",9,"fcd","RaSPFI","RaSPFI_fcd","Spruce - Fir",4
"9_53_19_88425",12,10,29,60,1448,1702000113,"17010308","WNE","RaMCONdy_fdd_1702000113","RaMCONdy","RaMCONdy_fdd",42,"fdd","RaMCONdy","RaMCONdy_fdd","Mixed Conifer - Eastside Dry",1
"4_41_23_69011",2,64,358,2318,1921,1707020201,"17070201","OBM","RaSPFI_fcd_OBM","RaSPFI","RaSPFI_fcd",9,"fcd","RaSPFI","RaSPFI_fcd","Spruce - Fir",4
"4_41_23_55983",2,64,359,2318,1030,1707020202,"17070201","OBM","RaSPFI_fcd_OBM","RaSPFI","RaSPFI_fcd",9,"fcd","RaSPFI","RaSPFI_fcd","Spruce - Fir",4
"4_41_23_74519",2,64,359,672,1228,1707020202,"17070201","OBM","RaMCONdy_fdd_1707020202","RaMCONdy","RaMCONdy_fdd",42,"fdd","RaMCONdy","RaMCONdy_fdd","Mixed Conifer - Eastside Dry",1
"4_41_23_79616",2,64,359,2053,2223,1707020202,"17070201","OBM","RaMCONms_fcm_17070202","RaMCONms","RaMCONms_fcm",22,"fcm","RaMCONms","RaMCONms_fcm","Mixed Conifer - Eastside Mesic",3
"4_41_23_73922",2,64,359,669,1551,1707020202,"17070201","OBM","RaMCONdy_fdg_1707020202","RaMCONdy","RaMCONdy_fdg",23,"fdg","RaMCONdy","RaMCONdy_fdg","Mixed Conifer - Eastside Dry",1
"4_41_23_58842",2,64,359,2053,2721,1707020202,"17070201","OBM","RaMCONms_fcm_17070202","RaMCONms","RaMCONms_fcm",22,"fcm","RaMCONms","RaMCONms_fcm","Mixed Conifer - Eastside Mesic",3
"4_41_1_75439",2,41,207,712,2348,1705020201,"17050201","OBM","RaMCONdy_fdg_1705020201","RaMCONdy","RaMCONdy_fdg",23,"fdg","RaMCONdy","RaMCONdy_fdg","Mixed Conifer - Eastside Dry",1
"9_53_19_69441",12,10,29,60,1712,1702000113,"17010308","WNE","RaMCONdy_fdd_1702000113","RaMCONdy","RaMCONdy_fdd",42,"fdd","RaMCONdy","RaMCONdy_fdd","Mixed Conifer - Eastside Dry",1
"4_41_1_53629",2,41,207,712,768,1705020201,"17050201","OBM","RaMCONdy_fdg_1705020201","RaMCONdy","RaMCONdy_fdg",23,"fdg","RaMCONdy","RaMCONdy_fdg","Mixed Conifer - Eastside Dry",1
"4_41_1_59004",2,65,368,753,1502,1707020301,"17070202","OBM","RaMCONdy_fdg_1707020301","RaMCONdy","RaMCONdy_fdg",23,"fdg","RaMCONdy","RaMCONdy_fdg","Mixed Conifer - Eastside Dry",1
"4_41_23_85186",2,65,368,752,1261,1707020301,"17070202","OBM","RaMCONdy_fdd_1707020301","RaMCONdy","RaMCONdy_fdd",42,"fdd","RaMCONdy","RaMCONdy_fdd","Mixed Conifer - Eastside Dry",1
"4_41_23_94761",2,65,368,758,1191,1707020301,"17070202","OBM","RaPIPOm_fdp_1707020301","RaPIPOm","RaPIPOm_fdp",52,"fdp","RaPIPOm","RaPIPOm_fdp","Dry Ponderosa Pine - Mesic",1
"4_41_23_88250",2,65,368,758,1644,1707020301,"17070202","OBM","RaPIPOm_fdp_1707020301","RaPIPOm","RaPIPOm_fdp",52,"fdp","RaPIPOm","RaPIPOm_fdp","Dry Ponderosa Pine - Mesic",1
"4_41_23_96311",2,65,368,2318,1865,1707020301,"17070202","OBM","RaSPFI_fcd_OBM","RaSPFI","RaSPFI_fcd",9,"fcd","RaSPFI","RaSPFI_fcd","Spruce - Fir",4
"4_41_23_98111",2,65,368,2318,952,1707020301,"17070202","OBM","RaSPFI_fcd_OBM","RaSPFI","RaSPFI_fcd",9,"fcd","RaSPFI","RaSPFI_fcd","Spruce - Fir",4
"4_41_23_83242",2,65,368,753,2265,1707020301,"17070202","OBM","RaMCONdy_fdg_1707020301","RaMCONdy","RaMCONdy_fdg",23,"fdg","RaMCONdy","RaMCONdy_fdg","Mixed Conifer - Eastside Dry",1
"4_41_23_84462",2,65,368,2072,1297,1707020301,"17070202","OBM","RaMCONms_fcm_17070203","RaMCONms","RaMCONms_fcm",22,"fcm","RaMCONms","RaMCONms_fcm","Mixed Conifer - Eastside Mesic",3
"4_41_23_95600",2,65,368,2318,1219,1707020301,"17070202","OBM","RaSPFI_fcd_OBM","RaSPFI","RaSPFI_fcd",9,"fcd","RaSPFI","RaSPFI_fcd","Spruce - Fir",4
"4_41_23_91588",2,63,348,786,1719,1707020105,"17070106","OBM","RaMCONdy_fdg_1707020105","RaMCONdy","RaMCONdy_fdg",23,"fdg","RaMCONdy","RaMCONdy_fdg","Mixed Conifer - Eastside Dry",1
"9_53_19_94640",12,10,29,60,1696,1702000113,"17010308","WNE","RaMCONdy_fdd_1702000113","RaMCONdy","RaMCONdy_fdd",42,"fdd","RaMCONdy","RaMCONdy_fdd","Mixed Conifer - Eastside Dry",1
"9_53_19_59828",12,10,29,60,1530,1702000113,"17010308","WNE","RaMCONdy_fdd_1702000113","RaMCONdy","RaMCONdy_fdd",42,"fdd","RaMCONdy","RaMCONdy_fdd","Mixed Conifer - Eastside Dry",1
"4_41_23_64823",2,63,348,2318,1808,1707020105,"17070106","OBM","RaSPFI_fcd_OBM","RaSPFI","RaSPFI_fcd",9,"fcd","RaSPFI","RaSPFI_fcd","Spruce - Fir",4
"4_41_23_65948",2,63,348,786,1944,1707020105,"17070106","OBM","RaMCONdy_fdg_1707020105","RaMCONdy","RaMCONdy_fdg",23,"fdg","RaMCONdy","RaMCONdy_fdg","Mixed Conifer - Eastside Dry",1
"4_41_23_64381",2,63,348,2318,1945,1707020105,"17070106","OBM","RaSPFI_fcd_OBM","RaSPFI","RaSPFI_fcd",9,"fcd","RaSPFI","RaSPFI_fcd","Spruce - Fir",4
"4_41_1_81300",2,36,183,863,1065,1705011611,"17050115","OBM","RaMCONdy_fdg_1705011611","RaMCONdy","RaMCONdy_fdg",23,"fdg","RaMCONdy","RaMCONdy_fdg","Mixed Conifer - Eastside Dry",1
"4_41_1_68694",2,36,183,2318,1074,1705011611,"17050115","OBM","RaSPFI_fcd_OBM","RaSPFI","RaSPFI_fcd",9,"fcd","RaSPFI","RaSPFI_fcd","Spruce - Fir",4
"4_41_1_53823",2,36,183,2318,900,1705011611,"17050115","OBM","RaSPFI_fcd_OBM","RaSPFI","RaSPFI_fcd",9,"fcd","RaSPFI","RaSPFI_fcd","Spruce - Fir",4
"4_41_1_56657",2,36,183,2318,926,1705011611,"17050115","OBM","RaSPFI_fcd_OBM","RaSPFI","RaSPFI_fcd",9,"fcd","RaSPFI","RaSPFI_fcd","Spruce - Fir",4
"4_41_1_82146",2,36,183,2318,912,1705011611,"17050115","OBM","RaSPFI_fcd_OBM","RaSPFI","RaSPFI_fcd",9,"fcd","RaSPFI","RaSPFI_fcd","Spruce - Fir",4
"4_41_1_53180",2,36,183,863,1327,1705011611,"17050115","OBM","RaMCONdy_fdg_1705011611","RaMCONdy","RaMCONdy_fdg",23,"fdg","RaMCONdy","RaMCONdy_fdg","Mixed Conifer - Eastside Dry",1
"4_41_23_86594",2,36,183,863,734,1705011611,"17050115","OBM","RaMCONdy_fdg_1705011611","RaMCONdy","RaMCONdy_fdg",23,"fdg","RaMCONdy","RaMCONdy_fdg","Mixed Conifer - Eastside Dry",1
"4_41_23_86640",2,36,183,863,1897,1705011611,"17050115","OBM","RaMCONdy_fdg_1705011611","RaMCONdy","RaMCONdy_fdg",23,"fdg","RaMCONdy","RaMCONdy_fdg","Mixed Conifer - Eastside Dry",1
"4_41_23_99403",2,36,183,863,1018,1705011611,"17050115","OBM","RaMCONdy_fdg_1705011611","RaMCONdy","RaMCONdy_fdg",23,"fdg","RaMCONdy","RaMCONdy_fdg","Mixed Conifer - Eastside Dry",1
"4_41_23_93064",2,36,183,863,2369,1705011611,"17050115","OBM","RaMCONdy_fdg_1705011611","RaMCONdy","RaMCONdy_fdg",23,"fdg","RaMCONdy","RaMCONdy_fdg","Mixed Conifer - Eastside Dry",1
"4_41_23_93973",2,36,183,863,1582,1705011611,"17050115","OBM","RaMCONdy_fdg_1705011611","RaMCONdy","RaMCONdy_fdg",23,"fdg","RaMCONdy","RaMCONdy_fdg","Mixed Conifer - Eastside Dry",1
"4_41_23_90993",2,36,183,863,1648,1705011611,"17050115","OBM","RaMCONdy_fdg_1705011611","RaMCONdy","RaMCONdy_fdg",23,"fdg","RaMCONdy","RaMCONdy_fdg","Mixed Conifer - Eastside Dry",1
"4_41_23_99505",2,36,183,863,1355,1705011611,"17050115","OBM","RaMCONdy_fdg_1705011611","RaMCONdy","RaMCONdy_fdg",23,"fdg","RaMCONdy","RaMCONdy_fdg","Mixed Conifer - Eastside Dry",1
"4_41_23_60737",2,36,178,945,1842,1705011606,"17050115","OBM","RaPIPOm_fdp_1705011606","RaPIPOm","RaPIPOm_fdp",52,"fdp","RaPIPOm","RaPIPOm_fdp","Dry Ponderosa Pine - Mesic",1
"4_41_23_58083",2,36,173,905,1942,1705011601,"17050115","OBM","RaMCONdy_fdg_1705011601","RaMCONdy","RaMCONdy_fdg",23,"fdg","RaMCONdy","RaMCONdy_fdg","Mixed Conifer - Eastside Dry",1
"4_41_25_94672",2,36,173,909,1701,1705011601,"17050115","OBM","RaPIPOm_fdp_1705011601","RaPIPOm","RaPIPOm_fdp",52,"fdp","RaPIPOm","RaPIPOm_fdp","Dry Ponderosa Pine - Mesic",1
"4_41_25_50413",2,36,173,909,2277,1705011601,"17050115","OBM","RaPIPOm_fdp_1705011601","RaPIPOm","RaPIPOm_fdp",52,"fdp","RaPIPOm","RaPIPOm_fdp","Dry Ponderosa Pine - Mesic",1
"4_41_25_59108",2,36,177,2137,134,1705011605,"17050115","OBM","RaPIPOxe_fxp_17050116","RaPIPOxe","RaPIPOxe_fxp",56,"fxp","RaPIPOxe","RaPIPOxe_fxp","Ponderosa Pine - Xeric",3
"4_41_25_66029",2,36,177,2137,60,1705011605,"17050115","OBM","RaPIPOxe_fxp_17050116","RaPIPOxe","RaPIPOxe_fxp",56,"fxp","RaPIPOxe","RaPIPOxe_fxp","Ponderosa Pine - Xeric",3
"9_53_19_70087",12,10,29,60,1421,1702000113,"17010308","WNE","RaMCONdy_fdd_1702000113","RaMCONdy","RaMCONdy_fdd",42,"fdd","RaMCONdy","RaMCONdy_fdd","Mixed Conifer - Eastside Dry",1
"9_53_19_96759",12,10,29,60,1377,1702000113,"17010308","WNE","RaMCONdy_fdd_1702000113","RaMCONdy","RaMCONdy_fdd",42,"fdd","RaMCONdy","RaMCONdy_fdd","Mixed Conifer - Eastside Dry",1
"9_53_19_91265",12,11,40,1774,1889,1702000219,"17020001","WNE","Na1010471_frn_17020002","Na1010471","Na1010471_frn",39,"frn","Na1010471","Na1010471_frn","Northern Rocky Mountain Mesic Montane Mixed Conifer Forest",3
"4_41_25_87036",2,36,176,2137,1035,1705011604,"17050115","OBM","RaPIPOxe_fxp_17050116","RaPIPOxe","RaPIPOxe_fxp",56,"fxp","RaPIPOxe","RaPIPOxe_fxp","Ponderosa Pine - Xeric",3
"4_41_25_52836",2,36,181,2137,8,1705011609,"17050115","OBM","RaPIPOxe_fxp_17050116","RaPIPOxe","RaPIPOxe_fxp",56,"fxp","RaPIPOxe","RaPIPOxe_fxp","Ponderosa Pine - Xeric",3
"9_53_19_66377",12,10,30,72,2193,1702000114,"17010308","WNE","RaMCONdy_fdd_1702000114","RaMCONdy","RaMCONdy_fdd",42,"fdd","RaMCONdy","RaMCONdy_fdd","Mixed Conifer - Eastside Dry",1
"4_41_25_62657",2,147,816,2157,560,1712000106,"17110021","OBM","RaPIPOxe_fxp_17120001","RaPIPOxe","RaPIPOxe_fxp",56,"fxp","RaPIPOxe","RaPIPOxe_fxp","Ponderosa Pine - Xeric",3
"4_41_25_85728",2,147,816,2157,285,1712000106,"17110021","OBM","RaPIPOxe_fxp_17120001","RaPIPOxe","RaPIPOxe_fxp",56,"fxp","RaPIPOxe","RaPIPOxe_fxp","Ponderosa Pine - Xeric",3
"9_53_19_88655",12,10,30,72,2537,1702000114,"17010308","WNE","RaMCONdy_fdd_1702000114","RaMCONdy","RaMCONdy_fdd",42,"fdd","RaMCONdy","RaMCONdy_fdd","Mixed Conifer - Eastside Dry",1
"4_41_25_72754",5,155,889,2221,66,1712000907,"17120008","OSE","RaPIPOxe_fxp_17120009","RaPIPOxe","RaPIPOxe_fxp",56,"fxp","RaPIPOxe","RaPIPOxe_fxp","Ponderosa Pine - Xeric",3
"9_53_19_55455",12,10,30,72,2546,1702000114,"17010308","WNE","RaMCONdy_fdd_1702000114","RaMCONdy","RaMCONdy_fdd",42,"fdd","RaMCONdy","RaMCONdy_fdd","Mixed Conifer - Eastside Dry",1
"9_53_19_50538",12,10,31,90,2262,1702000115,"17010308","WNE","RaMCONdy_fdd_1702000115","RaMCONdy","RaMCONdy_fdd",42,"fdd","RaMCONdy","RaMCONdy_fdd","Mixed Conifer - Eastside Dry",1
"9_53_19_99067",12,10,31,90,2277,1702000115,"17010308","WNE","RaMCONdy_fdd_1702000115","RaMCONdy","RaMCONdy_fdd",42,"fdd","RaMCONdy","RaMCONdy_fdd","Mixed Conifer - Eastside Dry",1
"9_53_19_68916",12,10,31,90,2805,1702000115,"17010308","WNE","RaMCONdy_fdd_1702000115","RaMCONdy","RaMCONdy_fdd",42,"fdd","RaMCONdy","RaMCONdy_fdd","Mixed Conifer - Eastside Dry",1
"9_53_19_97488",12,11,40,1774,2114,1702000219,"17020001","WNE","Na1010471_frn_17020002","Na1010471","Na1010471_frn",39,"frn","Na1010471","Na1010471_frn","Northern Rocky Mountain Mesic Montane Mixed Conifer Forest",3
"9_53_19_77024",12,10,31,90,2191,1702000115,"17010308","WNE","RaMCONdy_fdd_1702000115","RaMCONdy","RaMCONdy_fdd",42,"fdd","RaMCONdy","RaMCONdy_fdd","Mixed Conifer - Eastside Dry",1
"9_53_19_71544",12,10,33,107,731,1702000117,"17010308","WNE","RaMCONdy_fdd_1702000117","RaMCONdy","RaMCONdy_fdd",42,"fdd","RaMCONdy","RaMCONdy_fdd","Mixed Conifer - Eastside Dry",1
"9_53_19_92827",12,10,33,107,318,1702000117,"17010308","WNE","RaMCONdy_fdd_1702000117","RaMCONdy","RaMCONdy_fdd",42,"fdd","RaMCONdy","RaMCONdy_fdd","Mixed Conifer - Eastside Dry",1
"9_53_19_52534",12,11,40,1774,2288,1702000219,"17020001","WNE","Na1010471_frn_17020002","Na1010471","Na1010471_frn",39,"frn","Na1010471","Na1010471_frn","Northern Rocky Mountain Mesic Montane Mixed Conifer Forest",3
"9_53_19_89608",12,11,40,8,964,1702000219,"17020001","WNE","RaMCONdy_fdd_1702000219","RaMCONdy","RaMCONdy_fdd",42,"fdd","RaMCONdy","RaMCONdy_fdd","Mixed Conifer - Eastside Dry",1
"9_53_19_95902",12,11,40,1774,724,1702000219,"17020001","WNE","Na1010471_frn_17020002","Na1010471","Na1010471_frn",39,"frn","Na1010471","Na1010471_frn","Northern Rocky Mountain Mesic Montane Mixed Conifer Forest",3
"9_53_19_71637",12,11,40,8,1211,1702000219,"17020001","WNE","RaMCONdy_fdd_1702000219","RaMCONdy","RaMCONdy_fdd",42,"fdd","RaMCONdy","RaMCONdy_fdd","Mixed Conifer - Eastside Dry",1
"9_53_19_62380",12,11,40,1774,778,1702000219,"17020001","WNE","Na1010471_frn_17020002","Na1010471","Na1010471_frn",39,"frn","Na1010471","Na1010471_frn","Northern Rocky Mountain Mesic Montane Mixed Conifer Forest",3
"9_53_19_52988",12,11,40,2283,783,1702000219,"17020001","WNE","RaSPFI_fcd_WNE","RaSPFI","RaSPFI_fcd",9,"fcd","RaSPFI","RaSPFI_fcd","Spruce - Fir",4
"9_53_19_61313",12,11,40,1774,736,1702000219,"17020001","WNE","Na1010471_frn_17020002","Na1010471","Na1010471_frn",39,"frn","Na1010471","Na1010471_frn","Northern Rocky Mountain Mesic Montane Mixed Conifer Forest",3
"9_53_19_93095",12,11,40,2283,747,1702000219,"17020001","WNE","RaSPFI_fcd_WNE","RaSPFI","RaSPFI_fcd",9,"fcd","RaSPFI","RaSPFI_fcd","Spruce - Fir",4
"9_53_19_93070",12,11,40,8,935,1702000219,"17020001","WNE","RaMCONdy_fdd_1702000219","RaMCONdy","RaMCONdy_fdd",42,"fdd","RaMCONdy","RaMCONdy_fdd","Mixed Conifer - Eastside Dry",1
"9_53_19_62699",12,11,40,8,1687,1702000219,"17020001","WNE","RaMCONdy_fdd_1702000219","RaMCONdy","RaMCONdy_fdd",42,"fdd","RaMCONdy","RaMCONdy_fdd","Mixed Conifer - Eastside Dry",1
"9_53_19_81899",12,11,40,1774,2253,1702000219,"17020001","WNE","Na1010471_frn_17020002","Na1010471","Na1010471_frn",39,"frn","Na1010471","Na1010471_frn","Northern Rocky Mountain Mesic Montane Mixed Conifer Forest",3
"9_53_19_91131",12,11,41,24,1209,1702000220,"17020001","WNE","RaMCONdy_fdd_1702000220","RaMCONdy","RaMCONdy_fdd",42,"fdd","RaMCONdy","RaMCONdy_fdd","Mixed Conifer - Eastside Dry",1
"9_53_19_50948",12,11,41,24,832,1702000220,"17020001","WNE","RaMCONdy_fdd_1702000220","RaMCONdy","RaMCONdy_fdd",42,"fdd","RaMCONdy","RaMCONdy_fdd","Mixed Conifer - Eastside Dry",1
"4_41_59_86635",2,56,307,378,375,1707010209,"17070101B","OBM","RaMCONdy_fdd_1707010209","RaMCONdy","RaMCONdy_fdd",42,"fdd","RaMCONdy","RaMCONdy_fdd","Mixed Conifer - Eastside Dry",1
"9_53_19_62296",12,11,41,24,1797,1702000220,"17020001","WNE","RaMCONdy_fdd_1702000220","RaMCONdy","RaMCONdy_fdd",42,"fdd","RaMCONdy","RaMCONdy_fdd","Mixed Conifer - Eastside Dry",1
"4_41_59_84888",2,57,311,414,1008,1707010302,"17070102","OBM","RaMCONdy_fdd_1707010302","RaMCONdy","RaMCONdy_fdd",42,"fdd","RaMCONdy","RaMCONdy_fdd","Mixed Conifer - Eastside Dry",1
"4_41_59_96216",2,57,311,2007,572,1707010302,"17070102","OBM","RaMCONms_fcm_17070103","RaMCONms","RaMCONms_fcm",22,"fcm","RaMCONms","RaMCONms_fcm","Mixed Conifer - Eastside Mesic",3
"4_41_59_67525",2,57,311,414,1059,1707010302,"17070102","OBM","RaMCONdy_fdd_1707010302","RaMCONdy","RaMCONdy_fdd",42,"fdd","RaMCONdy","RaMCONdy_fdd","Mixed Conifer - Eastside Dry",1
"9_53_19_54684",12,11,41,24,2496,1702000220,"17020001","WNE","RaMCONdy_fdd_1702000220","RaMCONdy","RaMCONdy_fdd",42,"fdd","RaMCONdy","RaMCONdy_fdd","Mixed Conifer - Eastside Dry",1
"4_41_59_82055",2,57,311,2007,2025,1707010302,"17070102","OBM","RaMCONms_fcm_17070103","RaMCONms","RaMCONms_fcm",22,"fcm","RaMCONms","RaMCONms_fcm","Mixed Conifer - Eastside Mesic",3
"4_41_61_87937",2,46,240,1998,2606,1706010404,"17060103","OBM","RaMCONms_fcm_17060104","RaMCONms","RaMCONms_fcm",22,"fcm","RaMCONms","RaMCONms_fcm","Mixed Conifer - Eastside Mesic",3
"4_41_61_99862",2,46,240,1998,1533,1706010404,"17060103","OBM","RaMCONms_fcm_17060104","RaMCONms","RaMCONms_fcm",22,"fcm","RaMCONms","RaMCONms_fcm","Mixed Conifer - Eastside Mesic",3
"4_41_61_96590",2,46,238,1998,695,1706010402,"17060103","OBM","RaMCONms_fcm_17060104","RaMCONms","RaMCONms_fcm",22,"fcm","RaMCONms","RaMCONms_fcm","Mixed Conifer - Eastside Mesic",3
"4_41_61_81393",2,46,239,480,2070,1706010403,"17060103","OBM","RaMCONdy_fdd_1706010403","RaMCONdy","RaMCONdy_fdd",42,"fdd","RaMCONdy","RaMCONdy_fdd","Mixed Conifer - Eastside Dry",1
"4_41_61_92316",2,46,238,491,1317,1706010402,"17060103","OBM","RaMCONdy_fdd_1706010402","RaMCONdy","RaMCONdy_fdd",42,"fdd","RaMCONdy","RaMCONdy_fdd","Mixed Conifer - Eastside Dry",1
"9_53_19_58421",12,10,29,60,998,1702000113,"17010308","WNE","RaMCONdy_fdd_1702000113","RaMCONdy","RaMCONdy_fdd",42,"fdd","RaMCONdy","RaMCONdy_fdd","Mixed Conifer - Eastside Dry",1
"4_41_61_58468",2,46,237,535,776,1706010401,"17060103","OBM","RaMCONdy_fdd_1706010401","RaMCONdy","RaMCONdy_fdd",42,"fdd","RaMCONdy","RaMCONdy_fdd","Mixed Conifer - Eastside Dry",1
"4_41_61_72964",2,46,237,535,1193,1706010401,"17060103","OBM","RaMCONdy_fdd_1706010401","RaMCONdy","RaMCONdy_fdd",42,"fdd","RaMCONdy","RaMCONdy_fdd","Mixed Conifer - Eastside Dry",1
"4_41_61_78263",2,46,237,1998,653,1706010401,"17060103","OBM","RaMCONms_fcm_17060104","RaMCONms","RaMCONms_fcm",22,"fcm","RaMCONms","RaMCONms_fcm","Mixed Conifer - Eastside Mesic",3
"4_41_61_66708",2,46,237,551,830,1706010401,"17060103","OBM","RaMCONdy_fdg_1706010401","RaMCONdy","RaMCONdy_fdg",23,"fdg","RaMCONdy","RaMCONdy_fdg","Mixed Conifer - Eastside Dry",1
"4_41_61_79314",2,46,237,1998,648,1706010401,"17060103","OBM","RaMCONms_fcm_17060104","RaMCONms","RaMCONms_fcm",22,"fcm","RaMCONms","RaMCONms_fcm","Mixed Conifer - Eastside Mesic",3
"4_41_61_69045",2,46,237,2318,1346,1706010401,"17060103","OBM","RaSPFI_fcd_OBM","RaSPFI","RaSPFI_fcd",9,"fcd","RaSPFI","RaSPFI_fcd","Spruce - Fir",4
"4_41_61_97935",2,46,237,1998,2089,1706010401,"17060103","OBM","RaMCONms_fcm_17060104","RaMCONms","RaMCONms_fcm",22,"fcm","RaMCONms","RaMCONms_fcm","Mixed Conifer - Eastside Mesic",3
"4_41_61_89351",2,46,237,1998,1224,1706010401,"17060103","OBM","RaMCONms_fcm_17060104","RaMCONms","RaMCONms_fcm",22,"fcm","RaMCONms","RaMCONms_fcm","Mixed Conifer - Eastside Mesic",3
"4_41_61_75062",2,46,237,1998,1018,1706010401,"17060103","OBM","RaMCONms_fcm_17060104","RaMCONms","RaMCONms_fcm",22,"fcm","RaMCONms","RaMCONms_fcm","Mixed Conifer - Eastside Mesic",3
"4_41_61_80155",2,46,237,1998,2151,1706010401,"17060103","OBM","RaMCONms_fcm_17060104","RaMCONms","RaMCONms_fcm",22,"fcm","RaMCONms","RaMCONms_fcm","Mixed Conifer - Eastside Mesic",3
"4_41_23_58197",2,64,358,2318,1276,1707020201,"17070201","OBM","RaSPFI_fcd_OBM","RaSPFI","RaSPFI_fcd",9,"fcd","RaSPFI","RaSPFI_fcd","Spruce - Fir",4
"4_41_61_64993",2,46,237,1998,1206,1706010401,"17060103","OBM","RaMCONms_fcm_17060104","RaMCONms","RaMCONms_fcm",22,"fcm","RaMCONms","RaMCONms_fcm","Mixed Conifer - Eastside Mesic",3
"9_53_19_73664",12,10,29,60,2261,1702000113,"17010308","WNE","RaMCONdy_fdd_1702000113","RaMCONdy","RaMCONdy_fdd",42,"fdd","RaMCONdy","RaMCONdy_fdd","Mixed Conifer - Eastside Dry",1
"4_41_23_81061",2,64,358,2318,1876,1707020201,"17070201","OBM","RaSPFI_fcd_OBM","RaSPFI","RaSPFI_fcd",9,"fcd","RaSPFI","RaSPFI_fcd","Spruce - Fir",4
"4_41_23_76688",2,64,358,2053,1321,1707020201,"17070201","OBM","RaMCONms_fcm_17070202","RaMCONms","RaMCONms_fcm",22,"fcm","RaMCONms","RaMCONms_fcm","Mixed Conifer - Eastside Mesic",3
"4_41_23_71294",2,64,358,2053,1407,1707020201,"17070201","OBM","RaMCONms_fcm_17070202","RaMCONms","RaMCONms_fcm",22,"fcm","RaMCONms","RaMCONms_fcm","Mixed Conifer - Eastside Mesic",3
"4_41_23_91570",2,64,358,2318,1105,1707020201,"17070201","OBM","RaSPFI_fcd_OBM","RaSPFI","RaSPFI_fcd",9,"fcd","RaSPFI","RaSPFI_fcd","Spruce - Fir",4
"4_41_23_86722",2,64,359,2053,859,1707020202,"17070201","OBM","RaMCONms_fcm_17070202","RaMCONms","RaMCONms_fcm",22,"fcm","RaMCONms","RaMCONms_fcm","Mixed Conifer - Eastside Mesic",3
"4_41_23_71273",2,64,359,672,1072,1707020202,"17070201","OBM","RaMCONdy_fdd_1707020202","RaMCONdy","RaMCONdy_fdd",42,"fdd","RaMCONdy","RaMCONdy_fdd","Mixed Conifer - Eastside Dry",1
"4_41_23_97455",2,64,359,673,837,1707020202,"17070201","OBM","RaPIPOm_fdp_1707020202","RaPIPOm","RaPIPOm_fdp",52,"fdp","RaPIPOm","RaPIPOm_fdp","Dry Ponderosa Pine - Mesic",1
"4_41_23_63551",2,64,359,2053,1951,1707020202,"17070201","OBM","RaMCONms_fcm_17070202","RaMCONms","RaMCONms_fcm",22,"fcm","RaMCONms","RaMCONms_fcm","Mixed Conifer - Eastside Mesic",3
"4_41_23_63372",2,64,359,2053,1316,1707020202,"17070201","OBM","RaMCONms_fcm_17070202","RaMCONms","RaMCONms_fcm",22,"fcm","RaMCONms","RaMCONms_fcm","Mixed Conifer - Eastside Mesic",3
"4_41_23_57790",2,64,359,2053,951,1707020202,"17070201","OBM","RaMCONms_fcm_17070202","RaMCONms","RaMCONms_fcm",22,"fcm","RaMCONms","RaMCONms_fcm","Mixed Conifer - Eastside Mesic",3
"4_41_23_76904",2,64,359,2053,1599,1707020202,"17070201","OBM","RaMCONms_fcm_17070202","RaMCONms","RaMCONms_fcm",22,"fcm","RaMCONms","RaMCONms_fcm","Mixed Conifer - Eastside Mesic",3
"9_53_19_90479",12,10,29,60,2082,1702000113,"17010308","WNE","RaMCONdy_fdd_1702000113","RaMCONdy","RaMCONdy_fdd",42,"fdd","RaMCONdy","RaMCONdy_fdd","Mixed Conifer - Eastside Dry",1
"4_41_1_90376",2,41,207,711,867,1705020201,"17050201","OBM","RaMCONdy_fdd_1705020201","RaMCONdy","RaMCONdy_fdd",42,"fdd","RaMCONdy","RaMCONdy_fdd","Mixed Conifer - Eastside Dry",1
"4_41_1_72292",2,41,207,712,1393,1705020201,"17050201","OBM","RaMCONdy_fdg_1705020201","RaMCONdy","RaMCONdy_fdg",23,"fdg","RaMCONdy","RaMCONdy_fdg","Mixed Conifer - Eastside Dry",1
"4_41_1_59035",2,41,207,2318,984,1705020201,"17050201","OBM","RaSPFI_fcd_OBM","RaSPFI","RaSPFI_fcd",9,"fcd","RaSPFI","RaSPFI_fcd","Spruce - Fir",4
"4_41_23_83988",2,65,368,2318,2054,1707020301,"17070202","OBM","RaSPFI_fcd_OBM","RaSPFI","RaSPFI_fcd",9,"fcd","RaSPFI","RaSPFI_fcd","Spruce - Fir",4
"4_41_23_87205",2,65,368,758,1351,1707020301,"17070202","OBM","RaPIPOm_fdp_1707020301","RaPIPOm","RaPIPOm_fdp",52,"fdp","RaPIPOm","RaPIPOm_fdp","Dry Ponderosa Pine - Mesic",1
"4_41_23_88804",2,65,368,2318,1206,1707020301,"17070202","OBM","RaSPFI_fcd_OBM","RaSPFI","RaSPFI_fcd",9,"fcd","RaSPFI","RaSPFI_fcd","Spruce - Fir",4
"4_41_23_92305",2,65,368,753,1787,1707020301,"17070202","OBM","RaMCONdy_fdg_1707020301","RaMCONdy","RaMCONdy_fdg",23,"fdg","RaMCONdy","RaMCONdy_fdg","Mixed Conifer - Eastside Dry",1
"4_41_23_63353",2,65,368,753,1963,1707020301,"17070202","OBM","RaMCONdy_fdg_1707020301","RaMCONdy","RaMCONdy_fdg",23,"fdg","RaMCONdy","RaMCONdy_fdg","Mixed Conifer - Eastside Dry",1
"4_41_23_98085",2,65,368,2318,2142,1707020301,"17070202","OBM","RaSPFI_fcd_OBM","RaSPFI","RaSPFI_fcd",9,"fcd","RaSPFI","RaSPFI_fcd","Spruce - Fir",4
"4_41_23_78104",2,65,368,2318,1733,1707020301,"17070202","OBM","RaSPFI_fcd_OBM","RaSPFI","RaSPFI_fcd",9,"fcd","RaSPFI","RaSPFI_fcd","Spruce - Fir",4
"4_41_23_66961",2,63,348,2318,1614,1707020105,"17070106","OBM","RaSPFI_fcd_OBM","RaSPFI","RaSPFI_fcd",9,"fcd","RaSPFI","RaSPFI_fcd","Spruce - Fir",4
"9_53_19_50626",12,10,29,60,1740,1702000113,"17010308","WNE","RaMCONdy_fdd_1702000113","RaMCONdy","RaMCONdy_fdd",42,"fdd","RaMCONdy","RaMCONdy_fdd","Mixed Conifer - Eastside Dry",1
"4_41_1_56724",2,41,208,2318,2414,1705020202,"17050201","OBM","RaSPFI_fcd_OBM","RaSPFI","RaSPFI_fcd",9,"fcd","RaSPFI","RaSPFI_fcd","Spruce - Fir",4
"4_41_23_56080",2,63,348,2318,1315,1707020105,"17070106","OBM","RaSPFI_fcd_OBM","RaSPFI","RaSPFI_fcd",9,"fcd","RaSPFI","RaSPFI_fcd","Spruce - Fir",4
"4_41_1_66607",2,36,183,2318,1359,1705011611,"17050115","OBM","RaSPFI_fcd_OBM","RaSPFI","RaSPFI_fcd",9,"fcd","RaSPFI","RaSPFI_fcd","Spruce - Fir",4
"4_41_1_80063",2,36,183,2318,1754,1705011611,"17050115","OBM","RaSPFI_fcd_OBM","RaSPFI","RaSPFI_fcd",9,"fcd","RaSPFI","RaSPFI_fcd","Spruce - Fir",4
"4_41_1_92844",2,41,208,2318,1073,1705020202,"17050201","OBM","RaSPFI_fcd_OBM","RaSPFI","RaSPFI_fcd",9,"fcd","RaSPFI","RaSPFI_fcd","Spruce - Fir",4
"4_41_1_99350",2,36,183,863,1849,1705011611,"17050115","OBM","RaMCONdy_fdg_1705011611","RaMCONdy","RaMCONdy_fdg",23,"fdg","RaMCONdy","RaMCONdy_fdg","Mixed Conifer - Eastside Dry",1
"4_41_1_88991",2,36,183,2318,1474,1705011611,"17050115","OBM","RaSPFI_fcd_OBM","RaSPFI","RaSPFI_fcd",9,"fcd","RaSPFI","RaSPFI_fcd","Spruce - Fir",4
"4_41_1_57747",2,36,183,863,1348,1705011611,"17050115","OBM","RaMCONdy_fdg_1705011611","RaMCONdy","RaMCONdy_fdg",23,"fdg","RaMCONdy","RaMCONdy_fdg","Mixed Conifer - Eastside Dry",1
"4_41_23_67705",2,36,183,863,2633,1705011611,"17050115","OBM","RaMCONdy_fdg_1705011611","RaMCONdy","RaMCONdy_fdg",23,"fdg","RaMCONdy","RaMCONdy_fdg","Mixed Conifer - Eastside Dry",1
"4_41_23_60881",2,36,183,863,3017,1705011611,"17050115","OBM","RaMCONdy_fdg_1705011611","RaMCONdy","RaMCONdy_fdg",23,"fdg","RaMCONdy","RaMCONdy_fdg","Mixed Conifer - Eastside Dry",1
"4_41_23_64100",2,36,183,863,2383,1705011611,"17050115","OBM","RaMCONdy_fdg_1705011611","RaMCONdy","RaMCONdy_fdg",23,"fdg","RaMCONdy","RaMCONdy_fdg","Mixed Conifer - Eastside Dry",1
"4_41_23_67576",2,36,183,863,1360,1705011611,"17050115","OBM","RaMCONdy_fdg_1705011611","RaMCONdy","RaMCONdy_fdg",23,"fdg","RaMCONdy","RaMCONdy_fdg","Mixed Conifer - Eastside Dry",1
"9_53_19_83224",12,10,29,2283,1003,1702000113,"17010308","WNE","RaSPFI_fcd_WNE","RaSPFI","RaSPFI_fcd",9,"fcd","RaSPFI","RaSPFI_fcd","Spruce - Fir",4
"4_41_23_56693",2,36,183,863,1227,1705011611,"17050115","OBM","RaMCONdy_fdg_1705011611","RaMCONdy","RaMCONdy_fdg",23,"fdg","RaMCONdy","RaMCONdy_fdg","Mixed Conifer - Eastside Dry",1
"4_41_23_92777",2,36,178,945,993,1705011606,"17050115","OBM","RaPIPOm_fdp_1705011606","RaPIPOm","RaPIPOm_fdp",52,"fdp","RaPIPOm","RaPIPOm_fdp","Dry Ponderosa Pine - Mesic",1
"4_41_23_89879",2,36,178,945,2333,1705011606,"17050115","OBM","RaPIPOm_fdp_1705011606","RaPIPOm","RaPIPOm_fdp",52,"fdp","RaPIPOm","RaPIPOm_fdp","Dry Ponderosa Pine - Mesic",1
"4_41_25_76544",2,36,173,909,869,1705011601,"17050115","OBM","RaPIPOm_fdp_1705011601","RaPIPOm","RaPIPOm_fdp",52,"fdp","RaPIPOm","RaPIPOm_fdp","Dry Ponderosa Pine - Mesic",1
"4_41_25_97327",2,36,178,945,368,1705011606,"17050115","OBM","RaPIPOm_fdp_1705011606","RaPIPOm","RaPIPOm_fdp",52,"fdp","RaPIPOm","RaPIPOm_fdp","Dry Ponderosa Pine - Mesic",1
"9_53_19_52351",12,10,29,60,1327,1702000113,"17010308","WNE","RaMCONdy_fdd_1702000113","RaMCONdy","RaMCONdy_fdd",42,"fdd","RaMCONdy","RaMCONdy_fdd","Mixed Conifer - Eastside Dry",1
"9_53_19_89253",12,10,29,60,1968,1702000113,"17010308","WNE","RaMCONdy_fdd_1702000113","RaMCONdy","RaMCONdy_fdd",42,"fdd","RaMCONdy","RaMCONdy_fdd","Mixed Conifer - Eastside Dry",1
"9_53_19_78808",12,11,40,1774,1517,1702000219,"17020001","WNE","Na1010471_frn_17020002","Na1010471","Na1010471_frn",39,"frn","Na1010471","Na1010471_frn","Northern Rocky Mountain Mesic Montane Mixed Conifer Forest",3
"9_53_19_63065",12,11,40,1774,2306,1702000219,"17020001","WNE","Na1010471_frn_17020002","Na1010471","Na1010471_frn",39,"frn","Na1010471","Na1010471_frn","Northern Rocky Mountain Mesic Montane Mixed Conifer Forest",3
"4_41_25_58242",2,36,181,2137,219,1705011609,"17050115","OBM","RaPIPOxe_fxp_17050116","RaPIPOxe","RaPIPOxe_fxp",56,"fxp","RaPIPOxe","RaPIPOxe_fxp","Ponderosa Pine - Xeric",3
"4_41_25_98088",2,36,181,2137,66,1705011609,"17050115","OBM","RaPIPOxe_fxp_17050116","RaPIPOxe","RaPIPOxe_fxp",56,"fxp","RaPIPOxe","RaPIPOxe_fxp","Ponderosa Pine - Xeric",3
"4_41_25_70143",2,147,816,2157,106,1712000106,"17110021","OBM","RaPIPOxe_fxp_17120001","RaPIPOxe","RaPIPOxe_fxp",56,"fxp","RaPIPOxe","RaPIPOxe_fxp","Ponderosa Pine - Xeric",3
"9_53_19_52893",12,10,31,90,1666,1702000115,"17010308","WNE","RaMCONdy_fdd_1702000115","RaMCONdy","RaMCONdy_fdd",42,"fdd","RaMCONdy","RaMCONdy_fdd","Mixed Conifer - Eastside Dry",1
"9_53_19_98894",12,11,40,8,1216,1702000219,"17020001","WNE","RaMCONdy_fdd_1702000219","RaMCONdy","RaMCONdy_fdd",42,"fdd","RaMCONdy","RaMCONdy_fdd","Mixed Conifer - Eastside Dry",1
"9_53_19_86210",12,11,40,8,1842,1702000219,"17020001","WNE","RaMCONdy_fdd_1702000219","RaMCONdy","RaMCONdy_fdd",42,"fdd","RaMCONdy","RaMCONdy_fdd","Mixed Conifer - Eastside Dry",1
"9_53_19_53395",12,10,31,90,2722,1702000115,"17010308","WNE","RaMCONdy_fdd_1702000115","RaMCONdy","RaMCONdy_fdd",42,"fdd","RaMCONdy","RaMCONdy_fdd","Mixed Conifer - Eastside Dry",1
"9_53_19_68145",12,10,31,90,1699,1702000115,"17010308","WNE","RaMCONdy_fdd_1702000115","RaMCONdy","RaMCONdy_fdd",42,"fdd","RaMCONdy","RaMCONdy_fdd","Mixed Conifer - Eastside Dry",1
"9_53_19_69837",12,10,33,107,1373,1702000117,"17010308","WNE","RaMCONdy_fdd_1702000117","RaMCONdy","RaMCONdy_fdd",42,"fdd","RaMCONdy","RaMCONdy_fdd","Mixed Conifer - Eastside Dry",1
"9_53_65_64173",12,10,33,107,1149,1702000117,"17010308","WNE","RaMCONdy_fdd_1702000117","RaMCONdy","RaMCONdy_fdd",42,"fdd","RaMCONdy","RaMCONdy_fdd","Mixed Conifer - Eastside Dry",1
"9_53_19_98843",12,11,40,1774,1350,1702000219,"17020001","WNE","Na1010471_frn_17020002","Na1010471","Na1010471_frn",39,"frn","Na1010471","Na1010471_frn","Northern Rocky Mountain Mesic Montane Mixed Conifer Forest",3
"9_53_43_56949",12,10,34,139,444,1702000118,"17010308","WNE","RaPIPOm_fpd_1702000118","RaPIPOm","RaPIPOm_fpd",51,"fpd","RaPIPOm","RaPIPOm_fpd","Dry Ponderosa Pine - Mesic",1
"9_53_43_69215",12,10,34,139,598,1702000118,"17010308","WNE","RaPIPOm_fpd_1702000118","RaPIPOm","RaPIPOm_fpd",51,"fpd","RaPIPOm","RaPIPOm_fpd","Dry Ponderosa Pine - Mesic",1
"9_53_19_92117",12,11,40,8,1968,1702000219,"17020001","WNE","RaMCONdy_fdd_1702000219","RaMCONdy","RaMCONdy_fdd",42,"fdd","RaMCONdy","RaMCONdy_fdd","Mixed Conifer - Eastside Dry",1
"9_53_19_97482",12,11,40,8,876,1702000219,"17020001","WNE","RaMCONdy_fdd_1702000219","RaMCONdy","RaMCONdy_fdd",42,"fdd","RaMCONdy","RaMCONdy_fdd","Mixed Conifer - Eastside Dry",1
"9_53_19_69903",12,11,40,8,1345,1702000219,"17020001","WNE","RaMCONdy_fdd_1702000219","RaMCONdy","RaMCONdy_fdd",42,"fdd","RaMCONdy","RaMCONdy_fdd","Mixed Conifer - Eastside Dry",1
"9_53_19_98158",12,11,40,1774,574,1702000219,"17020001","WNE","Na1010471_frn_17020002","Na1010471","Na1010471_frn",39,"frn","Na1010471","Na1010471_frn","Northern Rocky Mountain Mesic Montane Mixed Conifer Forest",3
"9_53_19_72275",12,11,40,8,775,1702000219,"17020001","WNE","RaMCONdy_fdd_1702000219","RaMCONdy","RaMCONdy_fdd",42,"fdd","RaMCONdy","RaMCONdy_fdd","Mixed Conifer - Eastside Dry",1
"9_53_19_73633",12,11,41,2283,518,1702000220,"17020001","WNE","RaSPFI_fcd_WNE","RaSPFI","RaSPFI_fcd",9,"fcd","RaSPFI","RaSPFI_fcd","Spruce - Fir",4
"9_53_19_66047",12,11,40,8,2118,1702000219,"17020001","WNE","RaMCONdy_fdd_1702000219","RaMCONdy","RaMCONdy_fdd",42,"fdd","RaMCONdy","RaMCONdy_fdd","Mixed Conifer - Eastside Dry",1
"9_53_19_89249",12,11,41,24,973,1702000220,"17020001","WNE","RaMCONdy_fdd_1702000220","RaMCONdy","RaMCONdy_fdd",42,"fdd","RaMCONdy","RaMCONdy_fdd","Mixed Conifer - Eastside Dry",1
"4_41_59_80244",2,57,312,395,995,1707010303,"17070102","OBM","RaPIPOm_fpd_1707010303","RaPIPOm","RaPIPOm_fpd",51,"fpd","RaPIPOm","RaPIPOm_fpd","Dry Ponderosa Pine - Mesic",1
"4_41_59_54586",2,57,311,414,587,1707010302,"17070102","OBM","RaMCONdy_fdd_1707010302","RaMCONdy","RaMCONdy_fdd",42,"fdd","RaMCONdy","RaMCONdy_fdd","Mixed Conifer - Eastside Dry",1
"4_41_59_87321",2,57,311,414,484,1707010302,"17070102","OBM","RaMCONdy_fdd_1707010302","RaMCONdy","RaMCONdy_fdd",42,"fdd","RaMCONdy","RaMCONdy_fdd","Mixed Conifer - Eastside Dry",1
"4_41_59_68596",2,57,311,414,1049,1707010302,"17070102","OBM","RaMCONdy_fdd_1707010302","RaMCONdy","RaMCONdy_fdd",42,"fdd","RaMCONdy","RaMCONdy_fdd","Mixed Conifer - Eastside Dry",1
"4_41_59_71429",2,57,311,414,552,1707010302,"17070102","OBM","RaMCONdy_fdd_1707010302","RaMCONdy","RaMCONdy_fdd",42,"fdd","RaMCONdy","RaMCONdy_fdd","Mixed Conifer - Eastside Dry",1
"4_41_59_91638",2,57,311,414,1276,1707010302,"17070102","OBM","RaMCONdy_fdd_1707010302","RaMCONdy","RaMCONdy_fdd",42,"fdd","RaMCONdy","RaMCONdy_fdd","Mixed Conifer - Eastside Dry",1
"4_41_59_54786",2,57,311,414,1397,1707010302,"17070102","OBM","RaMCONdy_fdd_1707010302","RaMCONdy","RaMCONdy_fdd",42,"fdd","RaMCONdy","RaMCONdy_fdd","Mixed Conifer - Eastside Dry",1
"9_53_19_85683",12,11,41,24,1112,1702000220,"17020001","WNE","RaMCONdy_fdd_1702000220","RaMCONdy","RaMCONdy_fdd",42,"fdd","RaMCONdy","RaMCONdy_fdd","Mixed Conifer - Eastside Dry",1
"4_41_59_52007",2,57,311,414,1395,1707010302,"17070102","OBM","RaMCONdy_fdd_1707010302","RaMCONdy","RaMCONdy_fdd",42,"fdd","RaMCONdy","RaMCONdy_fdd","Mixed Conifer - Eastside Dry",1
"4_41_61_66354",2,46,239,480,1987,1706010403,"17060103","OBM","RaMCONdy_fdd_1706010403","RaMCONdy","RaMCONdy_fdd",42,"fdd","RaMCONdy","RaMCONdy_fdd","Mixed Conifer - Eastside Dry",1
"4_41_61_70221",2,46,239,480,1782,1706010403,"17060103","OBM","RaMCONdy_fdd_1706010403","RaMCONdy","RaMCONdy_fdd",42,"fdd","RaMCONdy","RaMCONdy_fdd","Mixed Conifer - Eastside Dry",1
"4_41_61_68791",2,46,239,480,808,1706010403,"17060103","OBM","RaMCONdy_fdd_1706010403","RaMCONdy","RaMCONdy_fdd",42,"fdd","RaMCONdy","RaMCONdy_fdd","Mixed Conifer - Eastside Dry",1
"4_41_61_71796",2,46,239,480,556,1706010403,"17060103","OBM","RaMCONdy_fdd_1706010403","RaMCONdy","RaMCONdy_fdd",42,"fdd","RaMCONdy","RaMCONdy_fdd","Mixed Conifer - Eastside Dry",1
"9_53_19_69753",12,10,29,60,2605,1702000113,"17010308","WNE","RaMCONdy_fdd_1702000113","RaMCONdy","RaMCONdy_fdd",42,"fdd","RaMCONdy","RaMCONdy_fdd","Mixed Conifer - Eastside Dry",1
"4_41_61_53862",2,46,237,535,745,1706010401,"17060103","OBM","RaMCONdy_fdd_1706010401","RaMCONdy","RaMCONdy_fdd",42,"fdd","RaMCONdy","RaMCONdy_fdd","Mixed Conifer - Eastside Dry",1
"4_41_61_85819",2,46,237,535,1431,1706010401,"17060103","OBM","RaMCONdy_fdd_1706010401","RaMCONdy","RaMCONdy_fdd",42,"fdd","RaMCONdy","RaMCONdy_fdd","Mixed Conifer - Eastside Dry",1
"4_41_61_88411",2,46,237,1998,770,1706010401,"17060103","OBM","RaMCONms_fcm_17060104","RaMCONms","RaMCONms_fcm",22,"fcm","RaMCONms","RaMCONms_fcm","Mixed Conifer - Eastside Mesic",3
"4_41_61_80171",2,46,237,1998,697,1706010401,"17060103","OBM","RaMCONms_fcm_17060104","RaMCONms","RaMCONms_fcm",22,"fcm","RaMCONms","RaMCONms_fcm","Mixed Conifer - Eastside Mesic",3
"4_41_61_98300",2,46,237,1998,2163,1706010401,"17060103","OBM","RaMCONms_fcm_17060104","RaMCONms","RaMCONms_fcm",22,"fcm","RaMCONms","RaMCONms_fcm","Mixed Conifer - Eastside Mesic",3
"4_41_61_69186",2,46,237,1998,1669,1706010401,"17060103","OBM","RaMCONms_fcm_17060104","RaMCONms","RaMCONms_fcm",22,"fcm","RaMCONms","RaMCONms_fcm","Mixed Conifer - Eastside Mesic",3
"4_41_61_88740",2,46,237,2318,1879,1706010401,"17060103","OBM","RaSPFI_fcd_OBM","RaSPFI","RaSPFI_fcd",9,"fcd","RaSPFI","RaSPFI_fcd","Spruce - Fir",4
"4_41_23_56204",2,64,358,2318,1444,1707020201,"17070201","OBM","RaSPFI_fcd_OBM","RaSPFI","RaSPFI_fcd",9,"fcd","RaSPFI","RaSPFI_fcd","Spruce - Fir",4
"9_53_19_78921",12,10,29,60,2296,1702000113,"17010308","WNE","RaMCONdy_fdd_1702000113","RaMCONdy","RaMCONdy_fdd",42,"fdd","RaMCONdy","RaMCONdy_fdd","Mixed Conifer - Eastside Dry",1
"4_41_23_82266",2,64,358,2318,3009,1707020201,"17070201","OBM","RaSPFI_fcd_OBM","RaSPFI","RaSPFI_fcd",9,"fcd","RaSPFI","RaSPFI_fcd","Spruce - Fir",4
"4_41_23_98948",2,64,358,2318,1048,1707020201,"17070201","OBM","RaSPFI_fcd_OBM","RaSPFI","RaSPFI_fcd",9,"fcd","RaSPFI","RaSPFI_fcd","Spruce - Fir",4
"4_41_23_74995",2,64,359,2318,1728,1707020202,"17070201","OBM","RaSPFI_fcd_OBM","RaSPFI","RaSPFI_fcd",9,"fcd","RaSPFI","RaSPFI_fcd","Spruce - Fir",4
"4_41_23_79157",2,64,359,669,1194,1707020202,"17070201","OBM","RaMCONdy_fdg_1707020202","RaMCONdy","RaMCONdy_fdg",23,"fdg","RaMCONdy","RaMCONdy_fdg","Mixed Conifer - Eastside Dry",1
"4_41_23_52974",2,64,359,669,1381,1707020202,"17070201","OBM","RaMCONdy_fdg_1707020202","RaMCONdy","RaMCONdy_fdg",23,"fdg","RaMCONdy","RaMCONdy_fdg","Mixed Conifer - Eastside Dry",1
"4_41_23_78222",2,64,359,2053,2252,1707020202,"17070201","OBM","RaMCONms_fcm_17070202","RaMCONms","RaMCONms_fcm",22,"fcm","RaMCONms","RaMCONms_fcm","Mixed Conifer - Eastside Mesic",3
"4_41_23_72411",2,64,359,2053,1408,1707020202,"17070201","OBM","RaMCONms_fcm_17070202","RaMCONms","RaMCONms_fcm",22,"fcm","RaMCONms","RaMCONms_fcm","Mixed Conifer - Eastside Mesic",3
"4_41_1_85776",2,41,207,712,1880,1705020201,"17050201","OBM","RaMCONdy_fdg_1705020201","RaMCONdy","RaMCONdy_fdg",23,"fdg","RaMCONdy","RaMCONdy_fdg","Mixed Conifer - Eastside Dry",1
"4_41_1_86354",2,41,207,712,1422,1705020201,"17050201","OBM","RaMCONdy_fdg_1705020201","RaMCONdy","RaMCONdy_fdg",23,"fdg","RaMCONdy","RaMCONdy_fdg","Mixed Conifer - Eastside Dry",1
"4_41_1_94445",2,41,207,724,1531,1705020201,"17050201","OBM","RaPIPOm_fdp_1705020201","RaPIPOm","RaPIPOm_fdp",52,"fdp","RaPIPOm","RaPIPOm_fdp","Dry Ponderosa Pine - Mesic",1
"4_41_1_58909",2,41,207,2318,831,1705020201,"17050201","OBM","RaSPFI_fcd_OBM","RaSPFI","RaSPFI_fcd",9,"fcd","RaSPFI","RaSPFI_fcd","Spruce - Fir",4
"4_41_23_65963",2,65,368,2318,1139,1707020301,"17070202","OBM","RaSPFI_fcd_OBM","RaSPFI","RaSPFI_fcd",9,"fcd","RaSPFI","RaSPFI_fcd","Spruce - Fir",4
"4_41_23_78468",2,65,368,753,859,1707020301,"17070202","OBM","RaMCONdy_fdg_1707020301","RaMCONdy","RaMCONdy_fdg",23,"fdg","RaMCONdy","RaMCONdy_fdg","Mixed Conifer - Eastside Dry",1
"4_41_23_57906",2,65,368,753,784,1707020301,"17070202","OBM","RaMCONdy_fdg_1707020301","RaMCONdy","RaMCONdy_fdg",23,"fdg","RaMCONdy","RaMCONdy_fdg","Mixed Conifer - Eastside Dry",1
"4_41_23_94386",2,65,368,758,1059,1707020301,"17070202","OBM","RaPIPOm_fdp_1707020301","RaPIPOm","RaPIPOm_fdp",52,"fdp","RaPIPOm","RaPIPOm_fdp","Dry Ponderosa Pine - Mesic",1
"4_41_23_90509",2,65,368,2318,1323,1707020301,"17070202","OBM","RaSPFI_fcd_OBM","RaSPFI","RaSPFI_fcd",9,"fcd","RaSPFI","RaSPFI_fcd","Spruce - Fir",4
"4_41_1_56435",2,41,207,712,1163,1705020201,"17050201","OBM","RaMCONdy_fdg_1705020201","RaMCONdy","RaMCONdy_fdg",23,"fdg","RaMCONdy","RaMCONdy_fdg","Mixed Conifer - Eastside Dry",1
"4_41_23_71667",2,65,368,753,1603,1707020301,"17070202","OBM","RaMCONdy_fdg_1707020301","RaMCONdy","RaMCONdy_fdg",23,"fdg","RaMCONdy","RaMCONdy_fdg","Mixed Conifer - Eastside Dry",1
"4_41_23_55227",2,65,368,2318,2734,1707020301,"17070202","OBM","RaSPFI_fcd_OBM","RaSPFI","RaSPFI_fcd",9,"fcd","RaSPFI","RaSPFI_fcd","Spruce - Fir",4
"4_41_1_76470",2,41,208,2318,1118,1705020202,"17050201","OBM","RaSPFI_fcd_OBM","RaSPFI","RaSPFI_fcd",9,"fcd","RaSPFI","RaSPFI_fcd","Spruce - Fir",4
"4_41_1_98077",2,41,208,2318,1084,1705020202,"17050201","OBM","RaSPFI_fcd_OBM","RaSPFI","RaSPFI_fcd",9,"fcd","RaSPFI","RaSPFI_fcd","Spruce - Fir",4
"4_41_1_94743",2,41,208,820,919,1705020202,"17050201","OBM","RaMCONdy_fdg_1705020202","RaMCONdy","RaMCONdy_fdg",23,"fdg","RaMCONdy","RaMCONdy_fdg","Mixed Conifer - Eastside Dry",1
"4_41_1_97515",2,41,208,820,1481,1705020202,"17050201","OBM","RaMCONdy_fdg_1705020202","RaMCONdy","RaMCONdy_fdg",23,"fdg","RaMCONdy","RaMCONdy_fdg","Mixed Conifer - Eastside Dry",1
"4_41_1_71024",2,41,208,820,1571,1705020202,"17050201","OBM","RaMCONdy_fdg_1705020202","RaMCONdy","RaMCONdy_fdg",23,"fdg","RaMCONdy","RaMCONdy_fdg","Mixed Conifer - Eastside Dry",1
"9_53_19_90107",12,10,29,60,2187,1702000113,"17010308","WNE","RaMCONdy_fdd_1702000113","RaMCONdy","RaMCONdy_fdd",42,"fdd","RaMCONdy","RaMCONdy_fdd","Mixed Conifer - Eastside Dry",1
"4_41_1_75444",2,41,208,820,1674,1705020202,"17050201","OBM","RaMCONdy_fdg_1705020202","RaMCONdy","RaMCONdy_fdg",23,"fdg","RaMCONdy","RaMCONdy_fdg","Mixed Conifer - Eastside Dry",1
"4_41_1_78861",2,41,208,820,2359,1705020202,"17050201","OBM","RaMCONdy_fdg_1705020202","RaMCONdy","RaMCONdy_fdg",23,"fdg","RaMCONdy","RaMCONdy_fdg","Mixed Conifer - Eastside Dry",1
"4_41_1_69494",2,41,208,2318,1393,1705020202,"17050201","OBM","RaSPFI_fcd_OBM","RaSPFI","RaSPFI_fcd",9,"fcd","RaSPFI","RaSPFI_fcd","Spruce - Fir",4
"4_41_1_80163",2,41,208,820,1871,1705020202,"17050201","OBM","RaMCONdy_fdg_1705020202","RaMCONdy","RaMCONdy_fdg",23,"fdg","RaMCONdy","RaMCONdy_fdg","Mixed Conifer - Eastside Dry",1
"4_41_1_82078",2,36,183,863,1708,1705011611,"17050115","OBM","RaMCONdy_fdg_1705011611","RaMCONdy","RaMCONdy_fdg",23,"fdg","RaMCONdy","RaMCONdy_fdg","Mixed Conifer - Eastside Dry",1
"4_41_1_79999",2,36,184,874,1757,1705011612,"17050115","OBM","RaMCONdy_fdg_1705011612","RaMCONdy","RaMCONdy_fdg",23,"fdg","RaMCONdy","RaMCONdy_fdg","Mixed Conifer - Eastside Dry",1
"4_41_23_79230",2,36,183,863,2529,1705011611,"17050115","OBM","RaMCONdy_fdg_1705011611","RaMCONdy","RaMCONdy_fdg",23,"fdg","RaMCONdy","RaMCONdy_fdg","Mixed Conifer - Eastside Dry",1
"4_41_1_94373",2,36,183,863,1559,1705011611,"17050115","OBM","RaMCONdy_fdg_1705011611","RaMCONdy","RaMCONdy_fdg",23,"fdg","RaMCONdy","RaMCONdy_fdg","Mixed Conifer - Eastside Dry",1
"4_41_23_68088",2,36,183,863,2294,1705011611,"17050115","OBM","RaMCONdy_fdg_1705011611","RaMCONdy","RaMCONdy_fdg",23,"fdg","RaMCONdy","RaMCONdy_fdg","Mixed Conifer - Eastside Dry",1
"4_41_23_54613",2,36,183,868,1959,1705011611,"17050115","OBM","RaPIPOm_fdp_1705011611","RaPIPOm","RaPIPOm_fdp",52,"fdp","RaPIPOm","RaPIPOm_fdp","Dry Ponderosa Pine - Mesic",1
"4_41_23_59857",2,36,183,868,2949,1705011611,"17050115","OBM","RaPIPOm_fdp_1705011611","RaPIPOm","RaPIPOm_fdp",52,"fdp","RaPIPOm","RaPIPOm_fdp","Dry Ponderosa Pine - Mesic",1
"4_41_23_63695",2,36,183,868,2580,1705011611,"17050115","OBM","RaPIPOm_fdp_1705011611","RaPIPOm","RaPIPOm_fdp",52,"fdp","RaPIPOm","RaPIPOm_fdp","Dry Ponderosa Pine - Mesic",1
"9_53_19_70192",12,10,29,60,1677,1702000113,"17010308","WNE","RaMCONdy_fdd_1702000113","RaMCONdy","RaMCONdy_fdd",42,"fdd","RaMCONdy","RaMCONdy_fdd","Mixed Conifer - Eastside Dry",1
"9_53_19_95395",12,10,29,60,1348,1702000113,"17010308","WNE","RaMCONdy_fdd_1702000113","RaMCONdy","RaMCONdy_fdd",42,"fdd","RaMCONdy","RaMCONdy_fdd","Mixed Conifer - Eastside Dry",1
"4_41_23_52432",2,36,183,868,2241,1705011611,"17050115","OBM","RaPIPOm_fdp_1705011611","RaPIPOm","RaPIPOm_fdp",52,"fdp","RaPIPOm","RaPIPOm_fdp","Dry Ponderosa Pine - Mesic",1
"4_41_23_71410",2,36,183,868,1498,1705011611,"17050115","OBM","RaPIPOm_fdp_1705011611","RaPIPOm","RaPIPOm_fdp",52,"fdp","RaPIPOm","RaPIPOm_fdp","Dry Ponderosa Pine - Mesic",1
"4_41_23_56070",2,36,178,947,1471,1705011606,"17050115","OBM","RaMCONdy_fdd_1705011606","RaMCONdy","RaMCONdy_fdd",42,"fdd","RaMCONdy","RaMCONdy_fdd","Mixed Conifer - Eastside Dry",1
"4_41_25_73978",2,36,178,945,1105,1705011606,"17050115","OBM","RaPIPOm_fdp_1705011606","RaPIPOm","RaPIPOm_fdp",52,"fdp","RaPIPOm","RaPIPOm_fdp","Dry Ponderosa Pine - Mesic",1
"4_41_23_99242",2,36,178,945,1324,1705011606,"17050115","OBM","RaPIPOm_fdp_1705011606","RaPIPOm","RaPIPOm_fdp",52,"fdp","RaPIPOm","RaPIPOm_fdp","Dry Ponderosa Pine - Mesic",1
"4_41_25_78503",2,36,173,909,357,1705011601,"17050115","OBM","RaPIPOm_fdp_1705011601","RaPIPOm","RaPIPOm_fdp",52,"fdp","RaPIPOm","RaPIPOm_fdp","Dry Ponderosa Pine - Mesic",1
"9_53_19_71496",12,10,29,60,1008,1702000113,"17010308","WNE","RaMCONdy_fdd_1702000113","RaMCONdy","RaMCONdy_fdd",42,"fdd","RaMCONdy","RaMCONdy_fdd","Mixed Conifer - Eastside Dry",1
"4_41_25_93693",2,36,177,2137,53,1705011605,"17050115","OBM","RaPIPOxe_fxp_17050116","RaPIPOxe","RaPIPOxe_fxp",56,"fxp","RaPIPOxe","RaPIPOxe_fxp","Ponderosa Pine - Xeric",3
"9_53_19_70265",12,10,29,60,1335,1702000113,"17010308","WNE","RaMCONdy_fdd_1702000113","RaMCONdy","RaMCONdy_fdd",42,"fdd","RaMCONdy","RaMCONdy_fdd","Mixed Conifer - Eastside Dry",1
"9_53_19_60040",12,10,29,60,828,1702000113,"17010308","WNE","RaMCONdy_fdd_1702000113","RaMCONdy","RaMCONdy_fdd",42,"fdd","RaMCONdy","RaMCONdy_fdd","Mixed Conifer - Eastside Dry",1
"4_41_25_57978",2,36,181,2137,16,1705011609,"17050115","OBM","RaPIPOxe_fxp_17050116","RaPIPOxe","RaPIPOxe_fxp",56,"fxp","RaPIPOxe","RaPIPOxe_fxp","Ponderosa Pine - Xeric",3
"9_53_19_93678",12,10,29,60,1895,1702000113,"17010308","WNE","RaMCONdy_fdd_1702000113","RaMCONdy","RaMCONdy_fdd",42,"fdd","RaMCONdy","RaMCONdy_fdd","Mixed Conifer - Eastside Dry",1
"4_41_25_62192",2,147,816,2157,252,1712000106,"17110021","OBM","RaPIPOxe_fxp_17120001","RaPIPOxe","RaPIPOxe_fxp",56,"fxp","RaPIPOxe","RaPIPOxe_fxp","Ponderosa Pine - Xeric",3
"9_53_19_70951",12,10,30,72,930,1702000114,"17010308","WNE","RaMCONdy_fdd_1702000114","RaMCONdy","RaMCONdy_fdd",42,"fdd","RaMCONdy","RaMCONdy_fdd","Mixed Conifer - Eastside Dry",1
"9_53_19_93279",12,10,31,90,511,1702000115,"17010308","WNE","RaMCONdy_fdd_1702000115","RaMCONdy","RaMCONdy_fdd",42,"fdd","RaMCONdy","RaMCONdy_fdd","Mixed Conifer - Eastside Dry",1
"9_53_19_96244",12,11,40,8,847,1702000219,"17020001","WNE","RaMCONdy_fdd_1702000219","RaMCONdy","RaMCONdy_fdd",42,"fdd","RaMCONdy","RaMCONdy_fdd","Mixed Conifer - Eastside Dry",1
"9_53_43_55835",12,8,22,120,111,1701030704,"17010306","WNE","RaMCONdy_fdd_1701030704","RaMCONdy","RaMCONdy_fdd",42,"fdd","RaMCONdy","RaMCONdy_fdd","Mixed Conifer - Eastside Dry",1
"9_53_19_75666",12,11,40,8,659,1702000219,"17020001","WNE","RaMCONdy_fdd_1702000219","RaMCONdy","RaMCONdy_fdd",42,"fdd","RaMCONdy","RaMCONdy_fdd","Mixed Conifer - Eastside Dry",1
"9_53_19_79929",12,11,40,8,1527,1702000219,"17020001","WNE","RaMCONdy_fdd_1702000219","RaMCONdy","RaMCONdy_fdd",42,"fdd","RaMCONdy","RaMCONdy_fdd","Mixed Conifer - Eastside Dry",1
"9_53_19_66819",12,11,40,8,1198,1702000219,"17020001","WNE","RaMCONdy_fdd_1702000219","RaMCONdy","RaMCONdy_fdd",42,"fdd","RaMCONdy","RaMCONdy_fdd","Mixed Conifer - Eastside Dry",1
"9_53_19_95108",12,11,40,8,561,1702000219,"17020001","WNE","RaMCONdy_fdd_1702000219","RaMCONdy","RaMCONdy_fdd",42,"fdd","RaMCONdy","RaMCONdy_fdd","Mixed Conifer - Eastside Dry",1
"9_53_19_53249",12,11,40,8,1379,1702000219,"17020001","WNE","RaMCONdy_fdd_1702000219","RaMCONdy","RaMCONdy_fdd",42,"fdd","RaMCONdy","RaMCONdy_fdd","Mixed Conifer - Eastside Dry",1
"9_53_19_64385",12,11,40,8,1827,1702000219,"17020001","WNE","RaMCONdy_fdd_1702000219","RaMCONdy","RaMCONdy_fdd",42,"fdd","RaMCONdy","RaMCONdy_fdd","Mixed Conifer - Eastside Dry",1
"9_53_19_69888",12,11,40,8,985,1702000219,"17020001","WNE","RaMCONdy_fdd_1702000219","RaMCONdy","RaMCONdy_fdd",42,"fdd","RaMCONdy","RaMCONdy_fdd","Mixed Conifer - Eastside Dry",1
"9_53_19_74954",12,11,40,8,1820,1702000219,"17020001","WNE","RaMCONdy_fdd_1702000219","RaMCONdy","RaMCONdy_fdd",42,"fdd","RaMCONdy","RaMCONdy_fdd","Mixed Conifer - Eastside Dry",1
"9_53_19_88648",12,11,41,24,1479,1702000220,"17020001","WNE","RaMCONdy_fdd_1702000220","RaMCONdy","RaMCONdy_fdd",42,"fdd","RaMCONdy","RaMCONdy_fdd","Mixed Conifer - Eastside Dry",1
"9_53_65_99334",12,11,40,8,963,1702000219,"17020001","WNE","RaMCONdy_fdd_1702000219","RaMCONdy","RaMCONdy_fdd",42,"fdd","RaMCONdy","RaMCONdy_fdd","Mixed Conifer - Eastside Dry",1
"9_53_19_84254",12,11,41,24,1741,1702000220,"17020001","WNE","RaMCONdy_fdd_1702000220","RaMCONdy","RaMCONdy_fdd",42,"fdd","RaMCONdy","RaMCONdy_fdd","Mixed Conifer - Eastside Dry",1
"9_53_19_76548",12,11,41,24,2439,1702000220,"17020001","WNE","RaMCONdy_fdd_1702000220","RaMCONdy","RaMCONdy_fdd",42,"fdd","RaMCONdy","RaMCONdy_fdd","Mixed Conifer - Eastside Dry",1
"4_41_59_75765",2,57,310,394,942,1707010301,"17070102","OBM","RaMCONdy_fdd_1707010301","RaMCONdy","RaMCONdy_fdd",42,"fdd","RaMCONdy","RaMCONdy_fdd","Mixed Conifer - Eastside Dry",1
"4_41_59_51569",2,57,310,394,1211,1707010301,"17070102","OBM","RaMCONdy_fdd_1707010301","RaMCONdy","RaMCONdy_fdd",42,"fdd","RaMCONdy","RaMCONdy_fdd","Mixed Conifer - Eastside Dry",1
"4_41_59_57028",2,57,310,394,606,1707010301,"17070102","OBM","RaMCONdy_fdd_1707010301","RaMCONdy","RaMCONdy_fdd",42,"fdd","RaMCONdy","RaMCONdy_fdd","Mixed Conifer - Eastside Dry",1
"4_41_59_80360",2,57,310,2007,1896,1707010301,"17070102","OBM","RaMCONms_fcm_17070103","RaMCONms","RaMCONms_fcm",22,"fcm","RaMCONms","RaMCONms_fcm","Mixed Conifer - Eastside Mesic",3
"4_41_59_59298",2,57,311,2007,1333,1707010302,"17070102","OBM","RaMCONms_fcm_17070103","RaMCONms","RaMCONms_fcm",22,"fcm","RaMCONms","RaMCONms_fcm","Mixed Conifer - Eastside Mesic",3
"4_41_59_83610",2,57,311,2007,1841,1707010302,"17070102","OBM","RaMCONms_fcm_17070103","RaMCONms","RaMCONms_fcm",22,"fcm","RaMCONms","RaMCONms_fcm","Mixed Conifer - Eastside Mesic",3
"4_41_59_85867",2,57,311,2007,1103,1707010302,"17070102","OBM","RaMCONms_fcm_17070103","RaMCONms","RaMCONms_fcm",22,"fcm","RaMCONms","RaMCONms_fcm","Mixed Conifer - Eastside Mesic",3
"4_41_59_58193",2,57,311,2007,1548,1707010302,"17070102","OBM","RaMCONms_fcm_17070103","RaMCONms","RaMCONms_fcm",22,"fcm","RaMCONms","RaMCONms_fcm","Mixed Conifer - Eastside Mesic",3
"4_41_59_77443",2,57,311,416,1139,1707010302,"17070102","OBM","RaPIPOm_fdp_1707010302","RaPIPOm","RaPIPOm_fdp",52,"fdp","RaPIPOm","RaPIPOm_fdp","Dry Ponderosa Pine - Mesic",1
"4_41_59_99337",2,57,311,2007,1527,1707010302,"17070102","OBM","RaMCONms_fcm_17070103","RaMCONms","RaMCONms_fcm",22,"fcm","RaMCONms","RaMCONms_fcm","Mixed Conifer - Eastside Mesic",3
"4_41_61_69955",2,46,240,1998,1417,1706010404,"17060103","OBM","RaMCONms_fcm_17060104","RaMCONms","RaMCONms_fcm",22,"fcm","RaMCONms","RaMCONms_fcm","Mixed Conifer - Eastside Mesic",3
"4_41_61_74526",2,46,240,471,1720,1706010404,"17060103","OBM","RaMCONdy_fdd_1706010404","RaMCONdy","RaMCONdy_fdd",42,"fdd","RaMCONdy","RaMCONdy_fdd","Mixed Conifer - Eastside Dry",1
"4_41_61_85197",2,46,239,480,2109,1706010403,"17060103","OBM","RaMCONdy_fdd_1706010403","RaMCONdy","RaMCONdy_fdd",42,"fdd","RaMCONdy","RaMCONdy_fdd","Mixed Conifer - Eastside Dry",1
"4_41_61_89843",2,46,239,480,1380,1706010403,"17060103","OBM","RaMCONdy_fdd_1706010403","RaMCONdy","RaMCONdy_fdd",42,"fdd","RaMCONdy","RaMCONdy_fdd","Mixed Conifer - Eastside Dry",1
"4_41_61_57026",2,46,239,481,787,1706010403,"17060103","OBM","RaPIPOm_fdp_1706010403","RaPIPOm","RaPIPOm_fdp",52,"fdp","RaPIPOm","RaPIPOm_fdp","Dry Ponderosa Pine - Mesic",1
"4_41_61_58296",2,46,239,480,1259,1706010403,"17060103","OBM","RaMCONdy_fdd_1706010403","RaMCONdy","RaMCONdy_fdd",42,"fdd","RaMCONdy","RaMCONdy_fdd","Mixed Conifer - Eastside Dry",1
"4_41_61_75662",2,46,239,480,948,1706010403,"17060103","OBM","RaMCONdy_fdd_1706010403","RaMCONdy","RaMCONdy_fdd",42,"fdd","RaMCONdy","RaMCONdy_fdd","Mixed Conifer - Eastside Dry",1
"9_53_19_87119",12,10,29,60,1979,1702000113,"17010308","WNE","RaMCONdy_fdd_1702000113","RaMCONdy","RaMCONdy_fdd",42,"fdd","RaMCONdy","RaMCONdy_fdd","Mixed Conifer - Eastside Dry",1
"4_41_61_87320",2,46,239,480,1551,1706010403,"17060103","OBM","RaMCONdy_fdd_1706010403","RaMCONdy","RaMCONdy_fdd",42,"fdd","RaMCONdy","RaMCONdy_fdd","Mixed Conifer - Eastside Dry",1
"4_41_61_73232",2,46,239,1998,750,1706010403,"17060103","OBM","RaMCONms_fcm_17060104","RaMCONms","RaMCONms_fcm",22,"fcm","RaMCONms","RaMCONms_fcm","Mixed Conifer - Eastside Mesic",3
"4_41_61_73373",2,46,239,1998,1055,1706010403,"17060103","OBM","RaMCONms_fcm_17060104","RaMCONms","RaMCONms_fcm",22,"fcm","RaMCONms","RaMCONms_fcm","Mixed Conifer - Eastside Mesic",3
"4_41_61_54789",2,46,237,535,865,1706010401,"17060103","OBM","RaMCONdy_fdd_1706010401","RaMCONdy","RaMCONdy_fdd",42,"fdd","RaMCONdy","RaMCONdy_fdd","Mixed Conifer - Eastside Dry",1
"4_41_61_67772",2,46,237,1998,848,1706010401,"17060103","OBM","RaMCONms_fcm_17060104","RaMCONms","RaMCONms_fcm",22,"fcm","RaMCONms","RaMCONms_fcm","Mixed Conifer - Eastside Mesic",3
"4_41_61_73858",2,46,237,1998,1142,1706010401,"17060103","OBM","RaMCONms_fcm_17060104","RaMCONms","RaMCONms_fcm",22,"fcm","RaMCONms","RaMCONms_fcm","Mixed Conifer - Eastside Mesic",3
"4_41_61_75850",2,46,237,1998,1108,1706010401,"17060103","OBM","RaMCONms_fcm_17060104","RaMCONms","RaMCONms_fcm",22,"fcm","RaMCONms","RaMCONms_fcm","Mixed Conifer - Eastside Mesic",3
"4_41_61_74212",2,46,237,1998,1324,1706010401,"17060103","OBM","RaMCONms_fcm_17060104","RaMCONms","RaMCONms_fcm",22,"fcm","RaMCONms","RaMCONms_fcm","Mixed Conifer - Eastside Mesic",3
"4_41_61_94128",2,46,237,1998,1615,1706010401,"17060103","OBM","RaMCONms_fcm_17060104","RaMCONms","RaMCONms_fcm",22,"fcm","RaMCONms","RaMCONms_fcm","Mixed Conifer - Eastside Mesic",3
"4_41_61_91571",2,46,237,1998,2612,1706010401,"17060103","OBM","RaMCONms_fcm_17060104","RaMCONms","RaMCONms_fcm",22,"fcm","RaMCONms","RaMCONms_fcm","Mixed Conifer - Eastside Mesic",3
"4_41_61_91415",2,46,237,1998,1225,1706010401,"17060103","OBM","RaMCONms_fcm_17060104","RaMCONms","RaMCONms_fcm",22,"fcm","RaMCONms","RaMCONms_fcm","Mixed Conifer - Eastside Mesic",3
"4_41_61_56494",2,46,237,1998,2276,1706010401,"17060103","OBM","RaMCONms_fcm_17060104","RaMCONms","RaMCONms_fcm",22,"fcm","RaMCONms","RaMCONms_fcm","Mixed Conifer - Eastside Mesic",3
"4_41_61_68123",2,46,237,2318,2825,1706010401,"17060103","OBM","RaSPFI_fcd_OBM","RaSPFI","RaSPFI_fcd",9,"fcd","RaSPFI","RaSPFI_fcd","Spruce - Fir",4
"4_41_23_54108",2,64,358,2318,1100,1707020201,"17070201","OBM","RaSPFI_fcd_OBM","RaSPFI","RaSPFI_fcd",9,"fcd","RaSPFI","RaSPFI_fcd","Spruce - Fir",4
"4_41_23_73885",2,64,358,2318,2673,1707020201,"17070201","OBM","RaSPFI_fcd_OBM","RaSPFI","RaSPFI_fcd",9,"fcd","RaSPFI","RaSPFI_fcd","Spruce - Fir",4
"4_41_23_70740",2,64,358,2318,986,1707020201,"17070201","OBM","RaSPFI_fcd_OBM","RaSPFI","RaSPFI_fcd",9,"fcd","RaSPFI","RaSPFI_fcd","Spruce - Fir",4
"4_41_23_66119",2,64,358,2318,2211,1707020201,"17070201","OBM","RaSPFI_fcd_OBM","RaSPFI","RaSPFI_fcd",9,"fcd","RaSPFI","RaSPFI_fcd","Spruce - Fir",4
"4_41_23_84747",2,64,358,2053,892,1707020201,"17070201","OBM","RaMCONms_fcm_17070202","RaMCONms","RaMCONms_fcm",22,"fcm","RaMCONms","RaMCONms_fcm","Mixed Conifer - Eastside Mesic",3
"4_41_23_76329",2,64,359,2318,2032,1707020202,"17070201","OBM","RaSPFI_fcd_OBM","RaSPFI","RaSPFI_fcd",9,"fcd","RaSPFI","RaSPFI_fcd","Spruce - Fir",4
"4_41_23_63810",2,64,359,2318,1369,1707020202,"17070201","OBM","RaSPFI_fcd_OBM","RaSPFI","RaSPFI_fcd",9,"fcd","RaSPFI","RaSPFI_fcd","Spruce - Fir",4
"4_41_23_67600",2,64,359,2053,1127,1707020202,"17070201","OBM","RaMCONms_fcm_17070202","RaMCONms","RaMCONms_fcm",22,"fcm","RaMCONms","RaMCONms_fcm","Mixed Conifer - Eastside Mesic",3
"4_41_23_51747",2,64,359,2053,2218,1707020202,"17070201","OBM","RaMCONms_fcm_17070202","RaMCONms","RaMCONms_fcm",22,"fcm","RaMCONms","RaMCONms_fcm","Mixed Conifer - Eastside Mesic",3
"4_41_1_51808",2,41,207,711,1780,1705020201,"17050201","OBM","RaMCONdy_fdd_1705020201","RaMCONdy","RaMCONdy_fdd",42,"fdd","RaMCONdy","RaMCONdy_fdd","Mixed Conifer - Eastside Dry",1
"4_41_1_51859",2,41,207,724,2913,1705020201,"17050201","OBM","RaPIPOm_fdp_1705020201","RaPIPOm","RaPIPOm_fdp",52,"fdp","RaPIPOm","RaPIPOm_fdp","Dry Ponderosa Pine - Mesic",1
"9_53_19_89144",12,10,29,60,1213,1702000113,"17010308","WNE","RaMCONdy_fdd_1702000113","RaMCONdy","RaMCONdy_fdd",42,"fdd","RaMCONdy","RaMCONdy_fdd","Mixed Conifer - Eastside Dry",1
"4_41_1_74833",2,41,207,724,2048,1705020201,"17050201","OBM","RaPIPOm_fdp_1705020201","RaPIPOm","RaPIPOm_fdp",52,"fdp","RaPIPOm","RaPIPOm_fdp","Dry Ponderosa Pine - Mesic",1
"4_41_1_97930",2,41,207,712,1149,1705020201,"17050201","OBM","RaMCONdy_fdg_1705020201","RaMCONdy","RaMCONdy_fdg",23,"fdg","RaMCONdy","RaMCONdy_fdg","Mixed Conifer - Eastside Dry",1
"4_41_1_68959",2,41,207,2318,1050,1705020201,"17050201","OBM","RaSPFI_fcd_OBM","RaSPFI","RaSPFI_fcd",9,"fcd","RaSPFI","RaSPFI_fcd","Spruce - Fir",4
"4_41_23_60950",2,65,368,753,947,1707020301,"17070202","OBM","RaMCONdy_fdg_1707020301","RaMCONdy","RaMCONdy_fdg",23,"fdg","RaMCONdy","RaMCONdy_fdg","Mixed Conifer - Eastside Dry",1
"4_41_23_91634",2,65,368,753,1238,1707020301,"17070202","OBM","RaMCONdy_fdg_1707020301","RaMCONdy","RaMCONdy_fdg",23,"fdg","RaMCONdy","RaMCONdy_fdg","Mixed Conifer - Eastside Dry",1
"4_41_23_84075",2,41,207,712,824,1705020201,"17050201","OBM","RaMCONdy_fdg_1705020201","RaMCONdy","RaMCONdy_fdg",23,"fdg","RaMCONdy","RaMCONdy_fdg","Mixed Conifer - Eastside Dry",1
"4_41_1_62589",2,41,207,712,688,1705020201,"17050201","OBM","RaMCONdy_fdg_1705020201","RaMCONdy","RaMCONdy_fdg",23,"fdg","RaMCONdy","RaMCONdy_fdg","Mixed Conifer - Eastside Dry",1
"4_41_1_88452",2,41,207,2318,1092,1705020201,"17050201","OBM","RaSPFI_fcd_OBM","RaSPFI","RaSPFI_fcd",9,"fcd","RaSPFI","RaSPFI_fcd","Spruce - Fir",4
"4_41_1_53362",2,41,207,712,1071,1705020201,"17050201","OBM","RaMCONdy_fdg_1705020201","RaMCONdy","RaMCONdy_fdg",23,"fdg","RaMCONdy","RaMCONdy_fdg","Mixed Conifer - Eastside Dry",1
"4_41_1_90356",2,41,208,820,1706,1705020202,"17050201","OBM","RaMCONdy_fdg_1705020202","RaMCONdy","RaMCONdy_fdg",23,"fdg","RaMCONdy","RaMCONdy_fdg","Mixed Conifer - Eastside Dry",1
"4_41_1_63431",2,41,208,820,2522,1705020202,"17050201","OBM","RaMCONdy_fdg_1705020202","RaMCONdy","RaMCONdy_fdg",23,"fdg","RaMCONdy","RaMCONdy_fdg","Mixed Conifer - Eastside Dry",1
"4_41_1_67366",2,41,208,822,1826,1705020202,"17050201","OBM","RaMCONdy_fdd_1705020202","RaMCONdy","RaMCONdy_fdd",42,"fdd","RaMCONdy","RaMCONdy_fdd","Mixed Conifer - Eastside Dry",1
"9_53_19_70007",12,10,29,60,1819,1702000113,"17010308","WNE","RaMCONdy_fdd_1702000113","RaMCONdy","RaMCONdy_fdd",42,"fdd","RaMCONdy","RaMCONdy_fdd","Mixed Conifer - Eastside Dry",1
"4_41_1_86328",2,41,208,821,1124,1705020202,"17050201","OBM","RaPIPOm_fdp_1705020202","RaPIPOm","RaPIPOm_fdp",52,"fdp","RaPIPOm","RaPIPOm_fdp","Dry Ponderosa Pine - Mesic",1
"4_41_1_64521",2,41,208,820,1468,1705020202,"17050201","OBM","RaMCONdy_fdg_1705020202","RaMCONdy","RaMCONdy_fdg",23,"fdg","RaMCONdy","RaMCONdy_fdg","Mixed Conifer - Eastside Dry",1
"4_41_1_75247",2,36,183,863,1399,1705011611,"17050115","OBM","RaMCONdy_fdg_1705011611","RaMCONdy","RaMCONdy_fdg",23,"fdg","RaMCONdy","RaMCONdy_fdg","Mixed Conifer - Eastside Dry",1
"4_41_23_67655",2,36,184,874,1861,1705011612,"17050115","OBM","RaMCONdy_fdg_1705011612","RaMCONdy","RaMCONdy_fdg",23,"fdg","RaMCONdy","RaMCONdy_fdg","Mixed Conifer - Eastside Dry",1
"4_41_23_80092",2,36,183,863,2017,1705011611,"17050115","OBM","RaMCONdy_fdg_1705011611","RaMCONdy","RaMCONdy_fdg",23,"fdg","RaMCONdy","RaMCONdy_fdg","Mixed Conifer - Eastside Dry",1
"4_41_23_82785",2,36,183,868,1857,1705011611,"17050115","OBM","RaPIPOm_fdp_1705011611","RaPIPOm","RaPIPOm_fdp",52,"fdp","RaPIPOm","RaPIPOm_fdp","Dry Ponderosa Pine - Mesic",1
"4_41_23_96063",2,36,183,868,1024,1705011611,"17050115","OBM","RaPIPOm_fdp_1705011611","RaPIPOm","RaPIPOm_fdp",52,"fdp","RaPIPOm","RaPIPOm_fdp","Dry Ponderosa Pine - Mesic",1
"4_41_23_96370",2,36,183,868,1940,1705011611,"17050115","OBM","RaPIPOm_fdp_1705011611","RaPIPOm","RaPIPOm_fdp",52,"fdp","RaPIPOm","RaPIPOm_fdp","Dry Ponderosa Pine - Mesic",1
"4_41_23_72939",2,36,183,868,616,1705011611,"17050115","OBM","RaPIPOm_fdp_1705011611","RaPIPOm","RaPIPOm_fdp",52,"fdp","RaPIPOm","RaPIPOm_fdp","Dry Ponderosa Pine - Mesic",1
"4_41_25_78140",2,36,178,945,820,1705011606,"17050115","OBM","RaPIPOm_fdp_1705011606","RaPIPOm","RaPIPOm_fdp",52,"fdp","RaPIPOm","RaPIPOm_fdp","Dry Ponderosa Pine - Mesic",1
"4_41_23_63383",2,36,178,945,782,1705011606,"17050115","OBM","RaPIPOm_fdp_1705011606","RaPIPOm","RaPIPOm_fdp",52,"fdp","RaPIPOm","RaPIPOm_fdp","Dry Ponderosa Pine - Mesic",1
"4_41_25_73915",2,36,178,945,1668,1705011606,"17050115","OBM","RaPIPOm_fdp_1705011606","RaPIPOm","RaPIPOm_fdp",52,"fdp","RaPIPOm","RaPIPOm_fdp","Dry Ponderosa Pine - Mesic",1
"4_41_25_67145",2,36,178,945,1588,1705011606,"17050115","OBM","RaPIPOm_fdp_1705011606","RaPIPOm","RaPIPOm_fdp",52,"fdp","RaPIPOm","RaPIPOm_fdp","Dry Ponderosa Pine - Mesic",1
"4_41_25_73216",2,36,178,2137,190,1705011606,"17050115","OBM","RaPIPOxe_fxp_17050116","RaPIPOxe","RaPIPOxe_fxp",56,"fxp","RaPIPOxe","RaPIPOxe_fxp","Ponderosa Pine - Xeric",3
"4_41_25_59957",2,36,176,2137,41,1705011604,"17050115","OBM","RaPIPOxe_fxp_17050116","RaPIPOxe","RaPIPOxe_fxp",56,"fxp","RaPIPOxe","RaPIPOxe_fxp","Ponderosa Pine - Xeric",3
"9_53_65_96809",12,11,40,8,1600,1702000219,"17020001","WNE","RaMCONdy_fdd_1702000219","RaMCONdy","RaMCONdy_fdd",42,"fdd","RaMCONdy","RaMCONdy_fdd","Mixed Conifer - Eastside Dry",1
"4_41_25_76874",2,36,182,2137,151,1705011610,"17050115","OBM","RaPIPOxe_fxp_17050116","RaPIPOxe","RaPIPOxe_fxp",56,"fxp","RaPIPOxe","RaPIPOxe_fxp","Ponderosa Pine - Xeric",3
"4_41_25_75093",2,36,182,2137,44,1705011610,"17050115","OBM","RaPIPOxe_fxp_17050116","RaPIPOxe","RaPIPOxe_fxp",56,"fxp","RaPIPOxe","RaPIPOxe_fxp","Ponderosa Pine - Xeric",3
"4_41_25_91164",2,36,180,2137,5,1705011608,"17050115","OBM","RaPIPOxe_fxp_17050116","RaPIPOxe","RaPIPOxe_fxp",56,"fxp","RaPIPOxe","RaPIPOxe_fxp","Ponderosa Pine - Xeric",3
"4_41_25_98981",2,36,180,2137,41,1705011608,"17050115","OBM","RaPIPOxe_fxp_17050116","RaPIPOxe","RaPIPOxe_fxp",56,"fxp","RaPIPOxe","RaPIPOxe_fxp","Ponderosa Pine - Xeric",3
"9_53_19_85270",12,10,29,60,1802,1702000113,"17010308","WNE","RaMCONdy_fdd_1702000113","RaMCONdy","RaMCONdy_fdd",42,"fdd","RaMCONdy","RaMCONdy_fdd","Mixed Conifer - Eastside Dry",1
"9_53_19_89768",12,10,31,90,410,1702000115,"17010308","WNE","RaMCONdy_fdd_1702000115","RaMCONdy","RaMCONdy_fdd",42,"fdd","RaMCONdy","RaMCONdy_fdd","Mixed Conifer - Eastside Dry",1
"9_53_19_79039",12,10,31,90,1068,1702000115,"17010308","WNE","RaMCONdy_fdd_1702000115","RaMCONdy","RaMCONdy_fdd",42,"fdd","RaMCONdy","RaMCONdy_fdd","Mixed Conifer - Eastside Dry",1
"9_53_65_91891",12,10,33,107,128,1702000117,"17010308","WNE","RaMCONdy_fdd_1702000117","RaMCONdy","RaMCONdy_fdd",42,"fdd","RaMCONdy","RaMCONdy_fdd","Mixed Conifer - Eastside Dry",1
"9_53_65_71523",12,8,22,120,128,1701030704,"17010306","WNE","RaMCONdy_fdd_1701030704","RaMCONdy","RaMCONdy_fdd",42,"fdd","RaMCONdy","RaMCONdy_fdd","Mixed Conifer - Eastside Dry",1
"9_53_65_86230",12,11,40,8,1975,1702000219,"17020001","WNE","RaMCONdy_fdd_1702000219","RaMCONdy","RaMCONdy_fdd",42,"fdd","RaMCONdy","RaMCONdy_fdd","Mixed Conifer - Eastside Dry",1
"9_53_19_82246",12,11,41,24,1940,1702000220,"17020001","WNE","RaMCONdy_fdd_1702000220","RaMCONdy","RaMCONdy_fdd",42,"fdd","RaMCONdy","RaMCONdy_fdd","Mixed Conifer - Eastside Dry",1
"9_53_19_60365",12,11,41,24,1204,1702000220,"17020001","WNE","RaMCONdy_fdd_1702000220","RaMCONdy","RaMCONdy_fdd",42,"fdd","RaMCONdy","RaMCONdy_fdd","Mixed Conifer - Eastside Dry",1
"9_53_19_99540",12,11,41,24,1482,1702000220,"17020001","WNE","RaMCONdy_fdd_1702000220","RaMCONdy","RaMCONdy_fdd",42,"fdd","RaMCONdy","RaMCONdy_fdd","Mixed Conifer - Eastside Dry",1
"9_53_19_99500",12,11,41,24,1205,1702000220,"17020001","WNE","RaMCONdy_fdd_1702000220","RaMCONdy","RaMCONdy_fdd",42,"fdd","RaMCONdy","RaMCONdy_fdd","Mixed Conifer - Eastside Dry",1
"9_53_65_86142",12,11,40,8,1497,1702000219,"17020001","WNE","RaMCONdy_fdd_1702000219","RaMCONdy","RaMCONdy_fdd",42,"fdd","RaMCONdy","RaMCONdy_fdd","Mixed Conifer - Eastside Dry",1
"9_53_19_61757",12,11,41,24,922,1702000220,"17020001","WNE","RaMCONdy_fdd_1702000220","RaMCONdy","RaMCONdy_fdd",42,"fdd","RaMCONdy","RaMCONdy_fdd","Mixed Conifer - Eastside Dry",1
"4_41_59_77448",2,56,299,1968,566,1707010201,"17070101B","OBM","RaMCONms_fcm_17070102","RaMCONms","RaMCONms_fcm",22,"fcm","RaMCONms","RaMCONms_fcm","Mixed Conifer - Eastside Mesic",3
"4_41_59_60137",2,56,307,378,1018,1707010209,"17070101B","OBM","RaMCONdy_fdd_1707010209","RaMCONdy","RaMCONdy_fdd",42,"fdd","RaMCONdy","RaMCONdy_fdd","Mixed Conifer - Eastside Dry",1
"9_53_19_85079",12,10,29,60,923,1702000113,"17010308","WNE","RaMCONdy_fdd_1702000113","RaMCONdy","RaMCONdy_fdd",42,"fdd","RaMCONdy","RaMCONdy_fdd","Mixed Conifer - Eastside Dry",1
"4_41_59_96542",2,57,310,2007,2175,1707010301,"17070102","OBM","RaMCONms_fcm_17070103","RaMCONms","RaMCONms_fcm",22,"fcm","RaMCONms","RaMCONms_fcm","Mixed Conifer - Eastside Mesic",3
"4_41_59_88243",2,57,310,2007,1322,1707010301,"17070102","OBM","RaMCONms_fcm_17070103","RaMCONms","RaMCONms_fcm",22,"fcm","RaMCONms","RaMCONms_fcm","Mixed Conifer - Eastside Mesic",3
"4_41_59_74045",2,57,310,2007,1228,1707010301,"17070102","OBM","RaMCONms_fcm_17070103","RaMCONms","RaMCONms_fcm",22,"fcm","RaMCONms","RaMCONms_fcm","Mixed Conifer - Eastside Mesic",3
"4_41_59_61045",2,57,310,2007,1907,1707010301,"17070102","OBM","RaMCONms_fcm_17070103","RaMCONms","RaMCONms_fcm",22,"fcm","RaMCONms","RaMCONms_fcm","Mixed Conifer - Eastside Mesic",3
"4_41_59_70956",2,57,310,2007,1592,1707010301,"17070102","OBM","RaMCONms_fcm_17070103","RaMCONms","RaMCONms_fcm",22,"fcm","RaMCONms","RaMCONms_fcm","Mixed Conifer - Eastside Mesic",3
"4_41_59_99765",2,57,310,2007,2138,1707010301,"17070102","OBM","RaMCONms_fcm_17070103","RaMCONms","RaMCONms_fcm",22,"fcm","RaMCONms","RaMCONms_fcm","Mixed Conifer - Eastside Mesic",3
"4_41_59_75473",2,57,311,2007,1882,1707010302,"17070102","OBM","RaMCONms_fcm_17070103","RaMCONms","RaMCONms_fcm",22,"fcm","RaMCONms","RaMCONms_fcm","Mixed Conifer - Eastside Mesic",3
"4_41_59_86990",2,57,311,2007,1522,1707010302,"17070102","OBM","RaMCONms_fcm_17070103","RaMCONms","RaMCONms_fcm",22,"fcm","RaMCONms","RaMCONms_fcm","Mixed Conifer - Eastside Mesic",3
"4_41_59_93037",2,57,311,2007,2611,1707010302,"17070102","OBM","RaMCONms_fcm_17070103","RaMCONms","RaMCONms_fcm",22,"fcm","RaMCONms","RaMCONms_fcm","Mixed Conifer - Eastside Mesic",3
"9_53_19_53164",12,10,29,60,2493,1702000113,"17010308","WNE","RaMCONdy_fdd_1702000113","RaMCONdy","RaMCONdy_fdd",42,"fdd","RaMCONdy","RaMCONdy_fdd","Mixed Conifer - Eastside Dry",1
"4_41_59_89979",2,57,311,2007,1393,1707010302,"17070102","OBM","RaMCONms_fcm_17070103","RaMCONms","RaMCONms_fcm",22,"fcm","RaMCONms","RaMCONms_fcm","Mixed Conifer - Eastside Mesic",3
"4_41_59_89703",2,57,311,414,1485,1707010302,"17070102","OBM","RaMCONdy_fdd_1707010302","RaMCONdy","RaMCONdy_fdd",42,"fdd","RaMCONdy","RaMCONdy_fdd","Mixed Conifer - Eastside Dry",1
"4_41_59_68991",2,57,311,423,1325,1707010302,"17070102","OBM","RaMCONdy_fdg_1707010302","RaMCONdy","RaMCONdy_fdg",23,"fdg","RaMCONdy","RaMCONdy_fdg","Mixed Conifer - Eastside Dry",1
"4_41_61_96250",2,46,240,469,1239,1706010404,"17060103","OBM","RaPIPOm_fdp_1706010404","RaPIPOm","RaPIPOm_fdp",52,"fdp","RaPIPOm","RaPIPOm_fdp","Dry Ponderosa Pine - Mesic",1
"4_41_61_65000",2,46,240,471,1332,1706010404,"17060103","OBM","RaMCONdy_fdd_1706010404","RaMCONdy","RaMCONdy_fdd",42,"fdd","RaMCONdy","RaMCONdy_fdd","Mixed Conifer - Eastside Dry",1
"4_41_61_52196",2,46,239,480,672,1706010403,"17060103","OBM","RaMCONdy_fdd_1706010403","RaMCONdy","RaMCONdy_fdd",42,"fdd","RaMCONdy","RaMCONdy_fdd","Mixed Conifer - Eastside Dry",1
"9_53_19_51143",12,10,29,60,2009,1702000113,"17010308","WNE","RaMCONdy_fdd_1702000113","RaMCONdy","RaMCONdy_fdd",42,"fdd","RaMCONdy","RaMCONdy_fdd","Mixed Conifer - Eastside Dry",1
"4_41_61_83858",2,46,239,1998,1546,1706010403,"17060103","OBM","RaMCONms_fcm_17060104","RaMCONms","RaMCONms_fcm",22,"fcm","RaMCONms","RaMCONms_fcm","Mixed Conifer - Eastside Mesic",3
"4_41_61_95835",2,46,239,1998,1634,1706010403,"17060103","OBM","RaMCONms_fcm_17060104","RaMCONms","RaMCONms_fcm",22,"fcm","RaMCONms","RaMCONms_fcm","Mixed Conifer - Eastside Mesic",3
"4_41_61_51295",2,46,237,1998,1760,1706010401,"17060103","OBM","RaMCONms_fcm_17060104","RaMCONms","RaMCONms_fcm",22,"fcm","RaMCONms","RaMCONms_fcm","Mixed Conifer - Eastside Mesic",3
"4_41_61_61664",2,46,237,1998,1869,1706010401,"17060103","OBM","RaMCONms_fcm_17060104","RaMCONms","RaMCONms_fcm",22,"fcm","RaMCONms","RaMCONms_fcm","Mixed Conifer - Eastside Mesic",3
"4_41_61_79612",2,46,237,1998,1131,1706010401,"17060103","OBM","RaMCONms_fcm_17060104","RaMCONms","RaMCONms_fcm",22,"fcm","RaMCONms","RaMCONms_fcm","Mixed Conifer - Eastside Mesic",3
"4_41_61_65389",2,46,237,1998,2412,1706010401,"17060103","OBM","RaMCONms_fcm_17060104","RaMCONms","RaMCONms_fcm",22,"fcm","RaMCONms","RaMCONms_fcm","Mixed Conifer - Eastside Mesic",3
"4_41_61_86341",2,46,237,1998,2843,1706010401,"17060103","OBM","RaMCONms_fcm_17060104","RaMCONms","RaMCONms_fcm",22,"fcm","RaMCONms","RaMCONms_fcm","Mixed Conifer - Eastside Mesic",3
"4_41_61_78928",2,46,237,1998,3127,1706010401,"17060103","OBM","RaMCONms_fcm_17060104","RaMCONms","RaMCONms_fcm",22,"fcm","RaMCONms","RaMCONms_fcm","Mixed Conifer - Eastside Mesic",3
"4_41_61_81816",2,46,237,2318,3286,1706010401,"17060103","OBM","RaSPFI_fcd_OBM","RaSPFI","RaSPFI_fcd",9,"fcd","RaSPFI","RaSPFI_fcd","Spruce - Fir",4
"4_41_61_55138",2,46,237,2318,1306,1706010401,"17060103","OBM","RaSPFI_fcd_OBM","RaSPFI","RaSPFI_fcd",9,"fcd","RaSPFI","RaSPFI_fcd","Spruce - Fir",4
"9_53_19_62508",12,10,29,60,877,1702000113,"17010308","WNE","RaMCONdy_fdd_1702000113","RaMCONdy","RaMCONdy_fdd",42,"fdd","RaMCONdy","RaMCONdy_fdd","Mixed Conifer - Eastside Dry",1
"4_41_23_66472",2,64,358,2318,2806,1707020201,"17070201","OBM","RaSPFI_fcd_OBM","RaSPFI","RaSPFI_fcd",9,"fcd","RaSPFI","RaSPFI_fcd","Spruce - Fir",4
"4_41_23_54156",2,64,358,2318,2375,1707020201,"17070201","OBM","RaSPFI_fcd_OBM","RaSPFI","RaSPFI_fcd",9,"fcd","RaSPFI","RaSPFI_fcd","Spruce - Fir",4
"4_41_23_76038",2,64,358,2318,1128,1707020201,"17070201","OBM","RaSPFI_fcd_OBM","RaSPFI","RaSPFI_fcd",9,"fcd","RaSPFI","RaSPFI_fcd","Spruce - Fir",4
"4_41_1_83608",2,42,215,2318,1214,1705020301,"17050202","OBM","RaSPFI_fcd_OBM","RaSPFI","RaSPFI_fcd",9,"fcd","RaSPFI","RaSPFI_fcd","Spruce - Fir",4
"4_41_1_56682",2,42,215,2318,1851,1705020301,"17050202","OBM","RaSPFI_fcd_OBM","RaSPFI","RaSPFI_fcd",9,"fcd","RaSPFI","RaSPFI_fcd","Spruce - Fir",4
"4_41_23_61076",2,64,359,669,916,1707020202,"17070201","OBM","RaMCONdy_fdg_1707020202","RaMCONdy","RaMCONdy_fdg",23,"fdg","RaMCONdy","RaMCONdy_fdg","Mixed Conifer - Eastside Dry",1
"4_41_1_81491",2,41,207,712,1573,1705020201,"17050201","OBM","RaMCONdy_fdg_1705020201","RaMCONdy","RaMCONdy_fdg",23,"fdg","RaMCONdy","RaMCONdy_fdg","Mixed Conifer - Eastside Dry",1
"4_41_1_69259",2,41,207,712,2287,1705020201,"17050201","OBM","RaMCONdy_fdg_1705020201","RaMCONdy","RaMCONdy_fdg",23,"fdg","RaMCONdy","RaMCONdy_fdg","Mixed Conifer - Eastside Dry",1
"4_41_1_88660",2,41,207,724,2863,1705020201,"17050201","OBM","RaPIPOm_fdp_1705020201","RaPIPOm","RaPIPOm_fdp",52,"fdp","RaPIPOm","RaPIPOm_fdp","Dry Ponderosa Pine - Mesic",1
"9_53_19_95012",12,10,29,60,1763,1702000113,"17010308","WNE","RaMCONdy_fdd_1702000113","RaMCONdy","RaMCONdy_fdd",42,"fdd","RaMCONdy","RaMCONdy_fdd","Mixed Conifer - Eastside Dry",1
"4_41_1_97758",2,41,207,712,1123,1705020201,"17050201","OBM","RaMCONdy_fdg_1705020201","RaMCONdy","RaMCONdy_fdg",23,"fdg","RaMCONdy","RaMCONdy_fdg","Mixed Conifer - Eastside Dry",1
"4_41_1_63464",2,41,207,712,1043,1705020201,"17050201","OBM","RaMCONdy_fdg_1705020201","RaMCONdy","RaMCONdy_fdg",23,"fdg","RaMCONdy","RaMCONdy_fdg","Mixed Conifer - Eastside Dry",1
"4_41_1_81154",2,41,207,712,1109,1705020201,"17050201","OBM","RaMCONdy_fdg_1705020201","RaMCONdy","RaMCONdy_fdg",23,"fdg","RaMCONdy","RaMCONdy_fdg","Mixed Conifer - Eastside Dry",1
"4_41_1_98724",2,41,207,712,1236,1705020201,"17050201","OBM","RaMCONdy_fdg_1705020201","RaMCONdy","RaMCONdy_fdg",23,"fdg","RaMCONdy","RaMCONdy_fdg","Mixed Conifer - Eastside Dry",1
"4_41_1_83830",2,41,207,711,467,1705020201,"17050201","OBM","RaMCONdy_fdd_1705020201","RaMCONdy","RaMCONdy_fdd",42,"fdd","RaMCONdy","RaMCONdy_fdd","Mixed Conifer - Eastside Dry",1
"4_41_1_60933",2,41,207,724,1514,1705020201,"17050201","OBM","RaPIPOm_fdp_1705020201","RaPIPOm","RaPIPOm_fdp",52,"fdp","RaPIPOm","RaPIPOm_fdp","Dry Ponderosa Pine - Mesic",1
"4_41_1_69342",2,41,207,711,1334,1705020201,"17050201","OBM","RaMCONdy_fdd_1705020201","RaMCONdy","RaMCONdy_fdd",42,"fdd","RaMCONdy","RaMCONdy_fdd","Mixed Conifer - Eastside Dry",1
"4_41_1_82919",2,41,207,724,548,1705020201,"17050201","OBM","RaPIPOm_fdp_1705020201","RaPIPOm","RaPIPOm_fdp",52,"fdp","RaPIPOm","RaPIPOm_fdp","Dry Ponderosa Pine - Mesic",1
"4_41_1_67624",2,41,207,711,1813,1705020201,"17050201","OBM","RaMCONdy_fdd_1705020201","RaMCONdy","RaMCONdy_fdd",42,"fdd","RaMCONdy","RaMCONdy_fdd","Mixed Conifer - Eastside Dry",1
"4_41_1_72132",2,41,208,822,2528,1705020202,"17050201","OBM","RaMCONdy_fdd_1705020202","RaMCONdy","RaMCONdy_fdd",42,"fdd","RaMCONdy","RaMCONdy_fdd","Mixed Conifer - Eastside Dry",1
"4_41_1_80177",2,41,208,822,2256,1705020202,"17050201","OBM","RaMCONdy_fdd_1705020202","RaMCONdy","RaMCONdy_fdd",42,"fdd","RaMCONdy","RaMCONdy_fdd","Mixed Conifer - Eastside Dry",1
"9_53_19_88021",12,10,29,61,798,1702000113,"17010308","WNE","RaPIPOm_fpd_1702000113","RaPIPOm","RaPIPOm_fpd",51,"fpd","RaPIPOm","RaPIPOm_fpd","Dry Ponderosa Pine - Mesic",1
"4_41_1_65664",2,41,208,822,837,1705020202,"17050201","OBM","RaMCONdy_fdd_1705020202","RaMCONdy","RaMCONdy_fdd",42,"fdd","RaMCONdy","RaMCONdy_fdd","Mixed Conifer - Eastside Dry",1
"4_41_1_94956",2,41,208,2318,543,1705020202,"17050201","OBM","RaSPFI_fcd_OBM","RaSPFI","RaSPFI_fcd",9,"fcd","RaSPFI","RaSPFI_fcd","Spruce - Fir",4
"4_41_1_59296",2,36,184,874,1763,1705011612,"17050115","OBM","RaMCONdy_fdg_1705011612","RaMCONdy","RaMCONdy_fdg",23,"fdg","RaMCONdy","RaMCONdy_fdg","Mixed Conifer - Eastside Dry",1
"4_41_23_57119",2,36,184,874,935,1705011612,"17050115","OBM","RaMCONdy_fdg_1705011612","RaMCONdy","RaMCONdy_fdg",23,"fdg","RaMCONdy","RaMCONdy_fdg","Mixed Conifer - Eastside Dry",1
"4_41_23_92509",2,36,183,863,1981,1705011611,"17050115","OBM","RaMCONdy_fdg_1705011611","RaMCONdy","RaMCONdy_fdg",23,"fdg","RaMCONdy","RaMCONdy_fdg","Mixed Conifer - Eastside Dry",1
"4_41_23_67112",2,36,183,863,1814,1705011611,"17050115","OBM","RaMCONdy_fdg_1705011611","RaMCONdy","RaMCONdy_fdg",23,"fdg","RaMCONdy","RaMCONdy_fdg","Mixed Conifer - Eastside Dry",1
"4_41_23_70790",2,36,183,868,2428,1705011611,"17050115","OBM","RaPIPOm_fdp_1705011611","RaPIPOm","RaPIPOm_fdp",52,"fdp","RaPIPOm","RaPIPOm_fdp","Dry Ponderosa Pine - Mesic",1
"4_41_23_96308",2,36,183,868,177,1705011611,"17050115","OBM","RaPIPOm_fdp_1705011611","RaPIPOm","RaPIPOm_fdp",52,"fdp","RaPIPOm","RaPIPOm_fdp","Dry Ponderosa Pine - Mesic",1
"4_41_23_77375",2,36,183,872,968,1705011611,"17050115","OBM","RaMCONdy_fdd_1705011611","RaMCONdy","RaMCONdy_fdd",42,"fdd","RaMCONdy","RaMCONdy_fdd","Mixed Conifer - Eastside Dry",1
"4_41_25_75250",2,36,178,2137,8,1705011606,"17050115","OBM","RaPIPOxe_fxp_17050116","RaPIPOxe","RaPIPOxe_fxp",56,"fxp","RaPIPOxe","RaPIPOxe_fxp","Ponderosa Pine - Xeric",3
"9_53_65_63930",12,10,29,60,982,1702000113,"17010308","WNE","RaMCONdy_fdd_1702000113","RaMCONdy","RaMCONdy_fdd",42,"fdd","RaMCONdy","RaMCONdy_fdd","Mixed Conifer - Eastside Dry",1
"9_53_65_88124",12,11,40,8,1567,1702000219,"17020001","WNE","RaMCONdy_fdd_1702000219","RaMCONdy","RaMCONdy_fdd",42,"fdd","RaMCONdy","RaMCONdy_fdd","Mixed Conifer - Eastside Dry",1
"4_41_25_91086",5,155,889,2221,40,1712000907,"17120008","OSE","RaPIPOxe_fxp_17120009","RaPIPOxe","RaPIPOxe_fxp",56,"fxp","RaPIPOxe","RaPIPOxe_fxp","Ponderosa Pine - Xeric",3
"9_53_65_97872",12,10,29,61,100,1702000113,"17010308","WNE","RaPIPOm_fpd_1702000113","RaPIPOm","RaPIPOm_fpd",51,"fpd","RaPIPOm","RaPIPOm_fpd","Dry Ponderosa Pine - Mesic",1
"9_53_19_91977",12,10,31,90,83,1702000115,"17010308","WNE","RaMCONdy_fdd_1702000115","RaMCONdy","RaMCONdy_fdd",42,"fdd","RaMCONdy","RaMCONdy_fdd","Mixed Conifer - Eastside Dry",1
"9_53_65_96372",12,11,40,8,2065,1702000219,"17020001","WNE","RaMCONdy_fdd_1702000219","RaMCONdy","RaMCONdy_fdd",42,"fdd","RaMCONdy","RaMCONdy_fdd","Mixed Conifer - Eastside Dry",1
"9_53_65_64267",12,8,22,124,382,1701030704,"17010306","WNE","RaPIPOm_fpd_1701030704","RaPIPOm","RaPIPOm_fpd",51,"fpd","RaPIPOm","RaPIPOm_fpd","Dry Ponderosa Pine - Mesic",1
"9_53_65_85601",12,11,41,24,1690,1702000220,"17020001","WNE","RaMCONdy_fdd_1702000220","RaMCONdy","RaMCONdy_fdd",42,"fdd","RaMCONdy","RaMCONdy_fdd","Mixed Conifer - Eastside Dry",1
"9_53_43_66055",12,10,34,139,197,1702000118,"17010308","WNE","RaPIPOm_fpd_1702000118","RaPIPOm","RaPIPOm_fpd",51,"fpd","RaPIPOm","RaPIPOm_fpd","Dry Ponderosa Pine - Mesic",1
"9_53_65_96855",12,11,40,8,1178,1702000219,"17020001","WNE","RaMCONdy_fdd_1702000219","RaMCONdy","RaMCONdy_fdd",42,"fdd","RaMCONdy","RaMCONdy_fdd","Mixed Conifer - Eastside Dry",1
"9_53_65_57527",12,11,41,24,1116,1702000220,"17020001","WNE","RaMCONdy_fdd_1702000220","RaMCONdy","RaMCONdy_fdd",42,"fdd","RaMCONdy","RaMCONdy_fdd","Mixed Conifer - Eastside Dry",1
"9_53_19_53813",12,11,41,24,1183,1702000220,"17020001","WNE","RaMCONdy_fdd_1702000220","RaMCONdy","RaMCONdy_fdd",42,"fdd","RaMCONdy","RaMCONdy_fdd","Mixed Conifer - Eastside Dry",1
"9_53_65_67756",12,11,40,8,521,1702000219,"17020001","WNE","RaMCONdy_fdd_1702000219","RaMCONdy","RaMCONdy_fdd",42,"fdd","RaMCONdy","RaMCONdy_fdd","Mixed Conifer - Eastside Dry",1
"4_41_59_59031",2,57,310,2007,1672,1707010301,"17070102","OBM","RaMCONms_fcm_17070103","RaMCONms","RaMCONms_fcm",22,"fcm","RaMCONms","RaMCONms_fcm","Mixed Conifer - Eastside Mesic",3
"4_41_59_91797",2,57,310,2007,1569,1707010301,"17070102","OBM","RaMCONms_fcm_17070103","RaMCONms","RaMCONms_fcm",22,"fcm","RaMCONms","RaMCONms_fcm","Mixed Conifer - Eastside Mesic",3
"4_41_59_83414",2,57,310,2007,1625,1707010301,"17070102","OBM","RaMCONms_fcm_17070103","RaMCONms","RaMCONms_fcm",22,"fcm","RaMCONms","RaMCONms_fcm","Mixed Conifer - Eastside Mesic",3
"4_41_59_84432",2,57,310,2007,1707,1707010301,"17070102","OBM","RaMCONms_fcm_17070103","RaMCONms","RaMCONms_fcm",22,"fcm","RaMCONms","RaMCONms_fcm","Mixed Conifer - Eastside Mesic",3
"4_41_59_70061",2,57,310,2007,2773,1707010301,"17070102","OBM","RaMCONms_fcm_17070103","RaMCONms","RaMCONms_fcm",22,"fcm","RaMCONms","RaMCONms_fcm","Mixed Conifer - Eastside Mesic",3
"4_41_59_91544",2,57,310,2007,3100,1707010301,"17070102","OBM","RaMCONms_fcm_17070103","RaMCONms","RaMCONms_fcm",22,"fcm","RaMCONms","RaMCONms_fcm","Mixed Conifer - Eastside Mesic",3
"4_41_59_53147",2,57,311,2007,1886,1707010302,"17070102","OBM","RaMCONms_fcm_17070103","RaMCONms","RaMCONms_fcm",22,"fcm","RaMCONms","RaMCONms_fcm","Mixed Conifer - Eastside Mesic",3
"4_41_59_69917",2,57,311,2007,1890,1707010302,"17070102","OBM","RaMCONms_fcm_17070103","RaMCONms","RaMCONms_fcm",22,"fcm","RaMCONms","RaMCONms_fcm","Mixed Conifer - Eastside Mesic",3
"4_41_59_62384",2,57,311,2007,2412,1707010302,"17070102","OBM","RaMCONms_fcm_17070103","RaMCONms","RaMCONms_fcm",22,"fcm","RaMCONms","RaMCONms_fcm","Mixed Conifer - Eastside Mesic",3
"4_41_59_75122",2,57,311,2007,2684,1707010302,"17070102","OBM","RaMCONms_fcm_17070103","RaMCONms","RaMCONms_fcm",22,"fcm","RaMCONms","RaMCONms_fcm","Mixed Conifer - Eastside Mesic",3
"4_41_59_54707",2,57,311,2007,1908,1707010302,"17070102","OBM","RaMCONms_fcm_17070103","RaMCONms","RaMCONms_fcm",22,"fcm","RaMCONms","RaMCONms_fcm","Mixed Conifer - Eastside Mesic",3
"4_41_59_73038",2,57,311,2007,2599,1707010302,"17070102","OBM","RaMCONms_fcm_17070103","RaMCONms","RaMCONms_fcm",22,"fcm","RaMCONms","RaMCONms_fcm","Mixed Conifer - Eastside Mesic",3
"4_41_59_58821",2,57,311,2007,1469,1707010302,"17070102","OBM","RaMCONms_fcm_17070103","RaMCONms","RaMCONms_fcm",22,"fcm","RaMCONms","RaMCONms_fcm","Mixed Conifer - Eastside Mesic",3
"4_41_61_71581",2,46,240,471,737,1706010404,"17060103","OBM","RaMCONdy_fdd_1706010404","RaMCONdy","RaMCONdy_fdd",42,"fdd","RaMCONdy","RaMCONdy_fdd","Mixed Conifer - Eastside Dry",1
"4_41_61_92659",2,46,240,471,1879,1706010404,"17060103","OBM","RaMCONdy_fdd_1706010404","RaMCONdy","RaMCONdy_fdd",42,"fdd","RaMCONdy","RaMCONdy_fdd","Mixed Conifer - Eastside Dry",1
"4_41_61_95922",2,46,240,469,548,1706010404,"17060103","OBM","RaPIPOm_fdp_1706010404","RaPIPOm","RaPIPOm_fdp",52,"fdp","RaPIPOm","RaPIPOm_fdp","Dry Ponderosa Pine - Mesic",1
"4_41_61_98426",2,46,240,471,1077,1706010404,"17060103","OBM","RaMCONdy_fdd_1706010404","RaMCONdy","RaMCONdy_fdd",42,"fdd","RaMCONdy","RaMCONdy_fdd","Mixed Conifer - Eastside Dry",1
"4_41_61_87978",2,46,240,471,802,1706010404,"17060103","OBM","RaMCONdy_fdd_1706010404","RaMCONdy","RaMCONdy_fdd",42,"fdd","RaMCONdy","RaMCONdy_fdd","Mixed Conifer - Eastside Dry",1
"4_41_61_92916",2,46,239,480,435,1706010403,"17060103","OBM","RaMCONdy_fdd_1706010403","RaMCONdy","RaMCONdy_fdd",42,"fdd","RaMCONdy","RaMCONdy_fdd","Mixed Conifer - Eastside Dry",1
"4_41_61_97202",2,46,239,480,543,1706010403,"17060103","OBM","RaMCONdy_fdd_1706010403","RaMCONdy","RaMCONdy_fdd",42,"fdd","RaMCONdy","RaMCONdy_fdd","Mixed Conifer - Eastside Dry",1
"9_53_19_93656",12,10,29,60,356,1702000113,"17010308","WNE","RaMCONdy_fdd_1702000113","RaMCONdy","RaMCONdy_fdd",42,"fdd","RaMCONdy","RaMCONdy_fdd","Mixed Conifer - Eastside Dry",1
"4_41_61_79841",2,46,239,1998,2084,1706010403,"17060103","OBM","RaMCONms_fcm_17060104","RaMCONms","RaMCONms_fcm",22,"fcm","RaMCONms","RaMCONms_fcm","Mixed Conifer - Eastside Mesic",3
"4_41_61_73769",2,46,239,1998,2302,1706010403,"17060103","OBM","RaMCONms_fcm_17060104","RaMCONms","RaMCONms_fcm",22,"fcm","RaMCONms","RaMCONms_fcm","Mixed Conifer - Eastside Mesic",3
"4_41_61_87890",2,46,239,1998,1943,1706010403,"17060103","OBM","RaMCONms_fcm_17060104","RaMCONms","RaMCONms_fcm",22,"fcm","RaMCONms","RaMCONms_fcm","Mixed Conifer - Eastside Mesic",3
"4_41_61_51341",2,46,237,1998,699,1706010401,"17060103","OBM","RaMCONms_fcm_17060104","RaMCONms","RaMCONms_fcm",22,"fcm","RaMCONms","RaMCONms_fcm","Mixed Conifer - Eastside Mesic",3
"4_41_61_89634",2,46,237,2318,1406,1706010401,"17060103","OBM","RaSPFI_fcd_OBM","RaSPFI","RaSPFI_fcd",9,"fcd","RaSPFI","RaSPFI_fcd","Spruce - Fir",4
"4_41_61_64182",2,46,237,2318,1661,1706010401,"17060103","OBM","RaSPFI_fcd_OBM","RaSPFI","RaSPFI_fcd",9,"fcd","RaSPFI","RaSPFI_fcd","Spruce - Fir",4
"4_41_61_72457",2,46,237,2318,1717,1706010401,"17060103","OBM","RaSPFI_fcd_OBM","RaSPFI","RaSPFI_fcd",9,"fcd","RaSPFI","RaSPFI_fcd","Spruce - Fir",4
"4_41_61_71623",2,46,237,2318,1937,1706010401,"17060103","OBM","RaSPFI_fcd_OBM","RaSPFI","RaSPFI_fcd",9,"fcd","RaSPFI","RaSPFI_fcd","Spruce - Fir",4
"4_41_61_55972",2,46,237,2318,2727,1706010401,"17060103","OBM","RaSPFI_fcd_OBM","RaSPFI","RaSPFI_fcd",9,"fcd","RaSPFI","RaSPFI_fcd","Spruce - Fir",4
"4_41_61_94663",2,42,219,2318,2159,1705020305,"17050202","OBM","RaSPFI_fcd_OBM","RaSPFI","RaSPFI_fcd",9,"fcd","RaSPFI","RaSPFI_fcd","Spruce - Fir",4
"4_41_23_87871",2,64,358,2318,1289,1707020201,"17070201","OBM","RaSPFI_fcd_OBM","RaSPFI","RaSPFI_fcd",9,"fcd","RaSPFI","RaSPFI_fcd","Spruce - Fir",4
"4_41_23_73670",2,64,358,2318,1371,1707020201,"17070201","OBM","RaSPFI_fcd_OBM","RaSPFI","RaSPFI_fcd",9,"fcd","RaSPFI","RaSPFI_fcd","Spruce - Fir",4
"4_41_23_78566",2,64,358,2318,917,1707020201,"17070201","OBM","RaSPFI_fcd_OBM","RaSPFI","RaSPFI_fcd",9,"fcd","RaSPFI","RaSPFI_fcd","Spruce - Fir",4
"4_41_1_79777",2,42,215,2318,1949,1705020301,"17050202","OBM","RaSPFI_fcd_OBM","RaSPFI","RaSPFI_fcd",9,"fcd","RaSPFI","RaSPFI_fcd","Spruce - Fir",4
"4_41_1_64666",2,42,215,2318,934,1705020301,"17050202","OBM","RaSPFI_fcd_OBM","RaSPFI","RaSPFI_fcd",9,"fcd","RaSPFI","RaSPFI_fcd","Spruce - Fir",4
"4_41_1_80068",2,42,215,2056,1167,1705020301,"17050202","OBM","RaMCONms_fcm_17050203","RaMCONms","RaMCONms_fcm",22,"fcm","RaMCONms","RaMCONms_fcm","Mixed Conifer - Eastside Mesic",3
"4_41_1_86778",2,42,215,2056,1215,1705020301,"17050202","OBM","RaMCONms_fcm_17050203","RaMCONms","RaMCONms_fcm",22,"fcm","RaMCONms","RaMCONms_fcm","Mixed Conifer - Eastside Mesic",3
"4_41_1_53005",2,42,215,676,823,1705020301,"17050202","OBM","RaMCONdy_fdg_1705020301","RaMCONdy","RaMCONdy_fdg",23,"fdg","RaMCONdy","RaMCONdy_fdg","Mixed Conifer - Eastside Dry",1
"4_41_1_85798",2,41,207,712,2117,1705020201,"17050201","OBM","RaMCONdy_fdg_1705020201","RaMCONdy","RaMCONdy_fdg",23,"fdg","RaMCONdy","RaMCONdy_fdg","Mixed Conifer - Eastside Dry",1
"4_41_1_74180",2,41,207,724,2286,1705020201,"17050201","OBM","RaPIPOm_fdp_1705020201","RaPIPOm","RaPIPOm_fdp",52,"fdp","RaPIPOm","RaPIPOm_fdp","Dry Ponderosa Pine - Mesic",1
"4_41_1_95181",2,41,207,724,1724,1705020201,"17050201","OBM","RaPIPOm_fdp_1705020201","RaPIPOm","RaPIPOm_fdp",52,"fdp","RaPIPOm","RaPIPOm_fdp","Dry Ponderosa Pine - Mesic",1
"4_41_1_84378",2,41,207,724,2475,1705020201,"17050201","OBM","RaPIPOm_fdp_1705020201","RaPIPOm","RaPIPOm_fdp",52,"fdp","RaPIPOm","RaPIPOm_fdp","Dry Ponderosa Pine - Mesic",1
"4_41_1_54407",2,41,207,724,1152,1705020201,"17050201","OBM","RaPIPOm_fdp_1705020201","RaPIPOm","RaPIPOm_fdp",52,"fdp","RaPIPOm","RaPIPOm_fdp","Dry Ponderosa Pine - Mesic",1
"4_41_1_57494",2,41,207,711,806,1705020201,"17050201","OBM","RaMCONdy_fdd_1705020201","RaMCONdy","RaMCONdy_fdd",42,"fdd","RaMCONdy","RaMCONdy_fdd","Mixed Conifer - Eastside Dry",1
"4_41_1_83628",2,41,207,711,732,1705020201,"17050201","OBM","RaMCONdy_fdd_1705020201","RaMCONdy","RaMCONdy_fdd",42,"fdd","RaMCONdy","RaMCONdy_fdd","Mixed Conifer - Eastside Dry",1
"4_41_1_96363",2,41,207,724,798,1705020201,"17050201","OBM","RaPIPOm_fdp_1705020201","RaPIPOm","RaPIPOm_fdp",52,"fdp","RaPIPOm","RaPIPOm_fdp","Dry Ponderosa Pine - Mesic",1
"4_41_1_84372",2,41,207,711,398,1705020201,"17050201","OBM","RaMCONdy_fdd_1705020201","RaMCONdy","RaMCONdy_fdd",42,"fdd","RaMCONdy","RaMCONdy_fdd","Mixed Conifer - Eastside Dry",1
"4_41_1_61372",2,41,207,2086,597,1705020201,"17050201","OBM","RaPIPOxe_fxp_17050202","RaPIPOxe","RaPIPOxe_fxp",56,"fxp","RaPIPOxe","RaPIPOxe_fxp","Ponderosa Pine - Xeric",3
"4_41_1_67259",2,41,207,2086,205,1705020201,"17050201","OBM","RaPIPOxe_fxp_17050202","RaPIPOxe","RaPIPOxe_fxp",56,"fxp","RaPIPOxe","RaPIPOxe_fxp","Ponderosa Pine - Xeric",3
"4_41_1_76765",2,41,207,2086,37,1705020201,"17050201","OBM","RaPIPOxe_fxp_17050202","RaPIPOxe","RaPIPOxe_fxp",56,"fxp","RaPIPOxe","RaPIPOxe_fxp","Ponderosa Pine - Xeric",3
"4_41_1_82244",2,41,208,2086,78,1705020202,"17050201","OBM","RaPIPOxe_fxp_17050202","RaPIPOxe","RaPIPOxe_fxp",56,"fxp","RaPIPOxe","RaPIPOxe_fxp","Ponderosa Pine - Xeric",3
"4_41_1_52368",2,41,208,822,1790,1705020202,"17050201","OBM","RaMCONdy_fdd_1705020202","RaMCONdy","RaMCONdy_fdd",42,"fdd","RaMCONdy","RaMCONdy_fdd","Mixed Conifer - Eastside Dry",1
"4_41_1_71772",2,41,208,820,593,1705020202,"17050201","OBM","RaMCONdy_fdg_1705020202","RaMCONdy","RaMCONdy_fdg",23,"fdg","RaMCONdy","RaMCONdy_fdg","Mixed Conifer - Eastside Dry",1
"4_41_23_58397",2,36,184,894,1671,1705011612,"17050115","OBM","RaPIPOm_fdp_1705011612","RaPIPOm","RaPIPOm_fdp",52,"fdp","RaPIPOm","RaPIPOm_fdp","Dry Ponderosa Pine - Mesic",1
"4_41_1_68772",2,36,184,874,1804,1705011612,"17050115","OBM","RaMCONdy_fdg_1705011612","RaMCONdy","RaMCONdy_fdg",23,"fdg","RaMCONdy","RaMCONdy_fdg","Mixed Conifer - Eastside Dry",1
"4_41_23_72251",2,36,184,888,1054,1705011612,"17050115","OBM","RaMCONdy_fdd_1705011612","RaMCONdy","RaMCONdy_fdd",42,"fdd","RaMCONdy","RaMCONdy_fdd","Mixed Conifer - Eastside Dry",1
"4_41_23_55657",2,36,184,874,1873,1705011612,"17050115","OBM","RaMCONdy_fdg_1705011612","RaMCONdy","RaMCONdy_fdg",23,"fdg","RaMCONdy","RaMCONdy_fdg","Mixed Conifer - Eastside Dry",1
"4_41_23_74555",2,36,183,868,2481,1705011611,"17050115","OBM","RaPIPOm_fdp_1705011611","RaPIPOm","RaPIPOm_fdp",52,"fdp","RaPIPOm","RaPIPOm_fdp","Dry Ponderosa Pine - Mesic",1
"4_41_23_80987",2,36,183,868,1024,1705011611,"17050115","OBM","RaPIPOm_fdp_1705011611","RaPIPOm","RaPIPOm_fdp",52,"fdp","RaPIPOm","RaPIPOm_fdp","Dry Ponderosa Pine - Mesic",1
"9_53_65_92096",12,10,29,60,1822,1702000113,"17010308","WNE","RaMCONdy_fdd_1702000113","RaMCONdy","RaMCONdy_fdd",42,"fdd","RaMCONdy","RaMCONdy_fdd","Mixed Conifer - Eastside Dry",1
"4_41_23_74291",2,36,183,868,298,1705011611,"17050115","OBM","RaPIPOm_fdp_1705011611","RaPIPOm","RaPIPOm_fdp",52,"fdp","RaPIPOm","RaPIPOm_fdp","Dry Ponderosa Pine - Mesic",1
"4_41_23_80185",2,36,183,868,80,1705011611,"17050115","OBM","RaPIPOm_fdp_1705011611","RaPIPOm","RaPIPOm_fdp",52,"fdp","RaPIPOm","RaPIPOm_fdp","Dry Ponderosa Pine - Mesic",1
"9_53_65_87605",12,11,40,1774,819,1702000219,"17020001","WNE","Na1010471_frn_17020002","Na1010471","Na1010471_frn",39,"frn","Na1010471","Na1010471_frn","Northern Rocky Mountain Mesic Montane Mixed Conifer Forest",3
"9_53_65_72594",12,11,41,24,2126,1702000220,"17020001","WNE","RaMCONdy_fdd_1702000220","RaMCONdy","RaMCONdy_fdd",42,"fdd","RaMCONdy","RaMCONdy_fdd","Mixed Conifer - Eastside Dry",1
"4_41_25_54297",2,36,180,2137,208,1705011608,"17050115","OBM","RaPIPOxe_fxp_17050116","RaPIPOxe","RaPIPOxe_fxp",56,"fxp","RaPIPOxe","RaPIPOxe_fxp","Ponderosa Pine - Xeric",3
"9_53_65_77158",12,10,31,90,152,1702000115,"17010308","WNE","RaMCONdy_fdd_1702000115","RaMCONdy","RaMCONdy_fdd",42,"fdd","RaMCONdy","RaMCONdy_fdd","Mixed Conifer - Eastside Dry",1
"9_53_65_85590",12,10,31,90,1295,1702000115,"17010308","WNE","RaMCONdy_fdd_1702000115","RaMCONdy","RaMCONdy_fdd",42,"fdd","RaMCONdy","RaMCONdy_fdd","Mixed Conifer - Eastside Dry",1
"9_53_65_73235",12,10,31,90,348,1702000115,"17010308","WNE","RaMCONdy_fdd_1702000115","RaMCONdy","RaMCONdy_fdd",42,"fdd","RaMCONdy","RaMCONdy_fdd","Mixed Conifer - Eastside Dry",1
"9_53_65_83478",12,11,41,24,1951,1702000220,"17020001","WNE","RaMCONdy_fdd_1702000220","RaMCONdy","RaMCONdy_fdd",42,"fdd","RaMCONdy","RaMCONdy_fdd","Mixed Conifer - Eastside Dry",1
"9_53_65_76003",12,10,31,90,448,1702000115,"17010308","WNE","RaMCONdy_fdd_1702000115","RaMCONdy","RaMCONdy_fdd",42,"fdd","RaMCONdy","RaMCONdy_fdd","Mixed Conifer - Eastside Dry",1
"9_53_65_63916",12,10,33,107,1249,1702000117,"17010308","WNE","RaMCONdy_fdd_1702000117","RaMCONdy","RaMCONdy_fdd",42,"fdd","RaMCONdy","RaMCONdy_fdd","Mixed Conifer - Eastside Dry",1
"9_53_65_52956",12,8,22,120,1384,1701030704,"17010306","WNE","RaMCONdy_fdd_1701030704","RaMCONdy","RaMCONdy_fdd",42,"fdd","RaMCONdy","RaMCONdy_fdd","Mixed Conifer - Eastside Dry",1
"9_53_65_97166",12,8,22,120,1103,1701030704,"17010306","WNE","RaMCONdy_fdd_1701030704","RaMCONdy","RaMCONdy_fdd",42,"fdd","RaMCONdy","RaMCONdy_fdd","Mixed Conifer - Eastside Dry",1
"9_53_65_71681",12,11,41,24,572,1702000220,"17020001","WNE","RaMCONdy_fdd_1702000220","RaMCONdy","RaMCONdy_fdd",42,"fdd","RaMCONdy","RaMCONdy_fdd","Mixed Conifer - Eastside Dry",1
"9_53_43_74497",12,8,22,124,33,1701030704,"17010306","WNE","RaPIPOm_fpd_1701030704","RaPIPOm","RaPIPOm_fpd",51,"fpd","RaPIPOm","RaPIPOm_fpd","Dry Ponderosa Pine - Mesic",1
"9_53_65_92570",12,11,41,24,922,1702000220,"17020001","WNE","RaMCONdy_fdd_1702000220","RaMCONdy","RaMCONdy_fdd",42,"fdd","RaMCONdy","RaMCONdy_fdd","Mixed Conifer - Eastside Dry",1
"9_53_65_94699",12,11,41,24,1154,1702000220,"17020001","WNE","RaMCONdy_fdd_1702000220","RaMCONdy","RaMCONdy_fdd",42,"fdd","RaMCONdy","RaMCONdy_fdd","Mixed Conifer - Eastside Dry",1
"1_41_41_78457",3,109,617,2314,1708,1710020409,"17100203","OCR","RaSSHE_fss_OCR","RaSSHE","RaSSHE_fss",60,"fss","RaSSHE","RaSSHE_fss","Sitka Spruce - Western Hemlock",5
"1_41_41_75922",3,109,617,2314,1264,1710020409,"17100203","OCR","RaSSHE_fss_OCR","RaSSHE","RaSSHE_fss",60,"fss","RaSSHE","RaSSHE_fss","Sitka Spruce - Western Hemlock",5
"1_41_41_78259",3,109,611,2314,347,1710020403,"17100203","OCR","RaSSHE_fss_OCR","RaSSHE","RaSSHE_fss",60,"fss","RaSSHE","RaSSHE_fss","Sitka Spruce - Western Hemlock",5
"1_41_41_68747",3,110,622,2314,3047,1710020505,"17100204","OCR","RaSSHE_fss_OCR","RaSSHE","RaSSHE_fss",60,"fss","RaSSHE","RaSSHE_fss","Sitka Spruce - Western Hemlock",5
"1_41_41_78045",3,110,622,2314,1823,1710020505,"17100204","OCR","RaSSHE_fss_OCR","RaSSHE","RaSSHE_fss",60,"fss","RaSSHE","RaSSHE_fss","Sitka Spruce - Western Hemlock",5
"1_41_41_65128",3,110,622,2315,1083,1710020505,"17100204","OCR","RaDFHEwt_fwn_OCR","RaDFHEwt","RaDFHEwt_fwn",32,"fwn","RaDFHEwt","RaDFHEwt_fwn","Douglas-fir Hemlock-Wet Mesic",5
"1_41_41_70163",3,110,623,2314,1054,1710020506,"17100204","OCR","RaSSHE_fss_OCR","RaSSHE","RaSSHE_fss",60,"fss","RaSSHE","RaSSHE_fss","Sitka Spruce - Western Hemlock",5
"1_41_41_69769",3,110,623,2314,1467,1710020506,"17100204","OCR","RaSSHE_fss_OCR","RaSSHE","RaSSHE_fss",60,"fss","RaSSHE","RaSSHE_fss","Sitka Spruce - Western Hemlock",5
"1_41_39_59210",3,110,624,2315,1891,1710020507,"17100204","OCR","RaDFHEwt_fwn_OCR","RaDFHEwt","RaDFHEwt_fwn",32,"fwn","RaDFHEwt","RaDFHEwt_fwn","Douglas-fir Hemlock-Wet Mesic",5
"1_41_39_65887",3,110,624,2315,1607,1710020507,"17100204","OCR","RaDFHEwt_fwn_OCR","RaDFHEwt","RaDFHEwt_fwn",32,"fwn","RaDFHEwt","RaDFHEwt_fwn","Douglas-fir Hemlock-Wet Mesic",5
"1_41_39_77872",3,110,624,2315,1468,1710020507,"17100204","OCR","RaDFHEwt_fwn_OCR","RaDFHEwt","RaDFHEwt_fwn",32,"fwn","RaDFHEwt","RaDFHEwt_fwn","Douglas-fir Hemlock-Wet Mesic",5
"1_41_39_88646",3,110,624,2314,1457,1710020507,"17100204","OCR","RaSSHE_fss_OCR","RaSSHE","RaSSHE_fss",60,"fss","RaSSHE","RaSSHE_fss","Sitka Spruce - Western Hemlock",5
"1_41_39_67320",3,110,624,2315,822,1710020507,"17100204","OCR","RaDFHEwt_fwn_OCR","RaDFHEwt","RaDFHEwt_fwn",32,"fwn","RaDFHEwt","RaDFHEwt_fwn","Douglas-fir Hemlock-Wet Mesic",5
"1_41_39_68104",3,111,631,2315,977,1710020607,"17100205","OCR","RaDFHEwt_fwn_OCR","RaDFHEwt","RaDFHEwt_fwn",32,"fwn","RaDFHEwt","RaDFHEwt_fwn","Douglas-fir Hemlock-Wet Mesic",5
"1_41_39_51358",3,111,631,2316,1522,1710020607,"17100205","OCR","RaDFHEwt_fww_OCR","RaDFHEwt","RaDFHEwt_fww",34,"fww","RaDFHEwt","RaDFHEwt_fww","Douglas-fir Hemlock-Wet Mesic",5
"1_41_39_56035",3,111,631,2316,813,1710020607,"17100205","OCR","RaDFHEwt_fww_OCR","RaDFHEwt","RaDFHEwt_fww",34,"fww","RaDFHEwt","RaDFHEwt_fww","Douglas-fir Hemlock-Wet Mesic",5
"1_41_39_67873",3,111,632,2316,599,1710020608,"17100205","OCR","RaDFHEwt_fww_OCR","RaDFHEwt","RaDFHEwt_fww",34,"fww","RaDFHEwt","RaDFHEwt_fww","Douglas-fir Hemlock-Wet Mesic",5
"1_41_39_91523",3,111,632,2316,748,1710020608,"17100205","OCR","RaDFHEwt_fww_OCR","RaDFHEwt","RaDFHEwt_fww",34,"fww","RaDFHEwt","RaDFHEwt_fww","Douglas-fir Hemlock-Wet Mesic",5
"1_41_39_64743",3,111,632,2316,546,1710020608,"17100205","OCR","RaDFHEwt_fww_OCR","RaDFHEwt","RaDFHEwt_fww",34,"fww","RaDFHEwt","RaDFHEwt_fww","Douglas-fir Hemlock-Wet Mesic",5
"1_41_39_65685",3,111,632,2316,1033,1710020608,"17100205","OCR","RaDFHEwt_fww_OCR","RaDFHEwt","RaDFHEwt_fww",34,"fww","RaDFHEwt","RaDFHEwt_fww","Douglas-fir Hemlock-Wet Mesic",5
"1_41_39_57077",3,112,633,2316,1716,1710020701,"17100206","OCR","RaDFHEwt_fww_OCR","RaDFHEwt","RaDFHEwt_fww",34,"fww","RaDFHEwt","RaDFHEwt_fww","Douglas-fir Hemlock-Wet Mesic",5
"2_41_19_58817",3,112,633,2316,1353,1710020701,"17100206","OCR","RaDFHEwt_fww_OCR","RaDFHEwt","RaDFHEwt_fww",34,"fww","RaDFHEwt","RaDFHEwt_fww","Douglas-fir Hemlock-Wet Mesic",5
"2_41_19_96505",3,116,664,2316,1510,1710030307,"17100303B","OCR","RaDFHEwt_fww_OCR","RaDFHEwt","RaDFHEwt_fww",34,"fww","RaDFHEwt","RaDFHEwt_fww","Douglas-fir Hemlock-Wet Mesic",5
"2_41_19_62466",3,116,664,2316,1372,1710030307,"17100303B","OCR","RaDFHEwt_fww_OCR","RaDFHEwt","RaDFHEwt_fww",34,"fww","RaDFHEwt","RaDFHEwt_fww","Douglas-fir Hemlock-Wet Mesic",5
"2_41_19_62689",3,116,665,2316,1204,1710030308,"17100303B","OCR","RaDFHEwt_fww_OCR","RaDFHEwt","RaDFHEwt_fww",34,"fww","RaDFHEwt","RaDFHEwt_fww","Douglas-fir Hemlock-Wet Mesic",5
"2_41_19_67428",3,116,665,2316,1553,1710030308,"17100303B","OCR","RaDFHEwt_fww_OCR","RaDFHEwt","RaDFHEwt_fww",34,"fww","RaDFHEwt","RaDFHEwt_fww","Douglas-fir Hemlock-Wet Mesic",5
"2_41_11_60518",3,117,667,2315,1296,1710030402,"17100303A","OCR","RaDFHEwt_fwn_OCR","RaDFHEwt","RaDFHEwt_fwn",32,"fwn","RaDFHEwt","RaDFHEwt_fwn","Douglas-fir Hemlock-Wet Mesic",5
"2_41_11_77037",3,117,667,2315,1208,1710030402,"17100303A","OCR","RaDFHEwt_fwn_OCR","RaDFHEwt","RaDFHEwt_fwn",32,"fwn","RaDFHEwt","RaDFHEwt_fwn","Douglas-fir Hemlock-Wet Mesic",5
"2_41_11_68222",3,117,667,2315,1481,1710030402,"17100303A","OCR","RaDFHEwt_fwn_OCR","RaDFHEwt","RaDFHEwt_fwn",32,"fwn","RaDFHEwt","RaDFHEwt_fwn","Douglas-fir Hemlock-Wet Mesic",5
"2_41_11_82529",3,117,667,2315,2238,1710030402,"17100303A","OCR","RaDFHEwt_fwn_OCR","RaDFHEwt","RaDFHEwt_fwn",32,"fwn","RaDFHEwt","RaDFHEwt_fwn","Douglas-fir Hemlock-Wet Mesic",5
"2_41_11_61924",3,117,667,2315,2233,1710030402,"17100303A","OCR","RaDFHEwt_fwn_OCR","RaDFHEwt","RaDFHEwt_fwn",32,"fwn","RaDFHEwt","RaDFHEwt_fwn","Douglas-fir Hemlock-Wet Mesic",5
"2_41_11_70213",6,118,673,2350,898,1710030504,"17100304","OSW","RaDFHEwt_fwn_OSW","RaDFHEwt","RaDFHEwt_fwn",32,"fwn","RaDFHEwt","RaDFHEwt_fwn","Douglas-fir Hemlock-Wet Mesic",5
"2_41_11_63032",6,118,673,2350,2353,1710030504,"17100304","OSW","RaDFHEwt_fwn_OSW","RaDFHEwt","RaDFHEwt_fwn",32,"fwn","RaDFHEwt","RaDFHEwt_fwn","Douglas-fir Hemlock-Wet Mesic",5
"2_41_11_72076",6,118,673,2350,1894,1710030504,"17100304","OSW","RaDFHEwt_fwn_OSW","RaDFHEwt","RaDFHEwt_fwn",32,"fwn","RaDFHEwt","RaDFHEwt_fwn","Douglas-fir Hemlock-Wet Mesic",5
"2_41_11_91518",6,118,673,2350,1738,1710030504,"17100304","OSW","RaDFHEwt_fwn_OSW","RaDFHEwt","RaDFHEwt_fwn",32,"fwn","RaDFHEwt","RaDFHEwt_fwn","Douglas-fir Hemlock-Wet Mesic",5
"2_41_11_57353",6,118,670,2347,1955,1710030501,"17100304","OSW","RaDFHEwt_fwm_OSW","RaDFHEwt","RaDFHEwt_fwm",33,"fwm","RaDFHEwt","RaDFHEwt_fwm","Douglas-fir Hemlock-Wet Mesic",5
"2_41_11_59493",6,118,670,1221,1717,1710030501,"17100304","OSW","RaTAOAco_ftm_1710030501","RaTAOAco","RaTAOAco_ftm",47,"ftm","RaTAOAco","RaTAOAco_ftm","Oregon Coastal Tanoak",1
"2_41_11_56402",6,118,670,2198,2737,1710030501,"17100304","OSW","RaDFHEdy_fwi_17100305","RaDFHEdy","RaDFHEdy_fwi",31,"fwi","RaDFHEdy","RaDFHEdy_fwi","Douglas-fir Hemlock-Dry Mesic",3
"2_41_11_70563",6,118,671,2198,1946,1710030502,"17100304","OSW","RaDFHEdy_fwi_17100305","RaDFHEdy","RaDFHEdy_fwi",31,"fwi","RaDFHEdy","RaDFHEdy_fwi","Douglas-fir Hemlock-Dry Mesic",3
"2_41_11_95918",6,118,671,2198,1582,1710030502,"17100304","OSW","RaDFHEdy_fwi_17100305","RaDFHEdy","RaDFHEdy_fwi",31,"fwi","RaDFHEdy","RaDFHEdy_fwi","Douglas-fir Hemlock-Dry Mesic",3
"2_41_11_70367",6,118,671,2198,1544,1710030502,"17100304","OSW","RaDFHEdy_fwi_17100305","RaDFHEdy","RaDFHEdy_fwi",31,"fwi","RaDFHEdy","RaDFHEdy_fwi","Douglas-fir Hemlock-Dry Mesic",3
"2_41_11_69638",6,118,671,2198,1773,1710030502,"17100304","OSW","RaDFHEdy_fwi_17100305","RaDFHEdy","RaDFHEdy_fwi",31,"fwi","RaDFHEdy","RaDFHEdy_fwi","Douglas-fir Hemlock-Dry Mesic",3
"2_41_15_83559",6,123,701,1375,766,1710031005,"17100309","OSW","RaTAOAco_ftm_1710031005","RaTAOAco","RaTAOAco_ftm",47,"ftm","RaTAOAco","RaTAOAco_ftm","Oregon Coastal Tanoak",1
"2_41_15_82733",6,123,702,1413,1795,1710031006,"17100309","OSW","RaMEVG_ftd_1710031006","RaMEVG","RaMEVG_ftd",48,"ftd","RaMEVG","RaMEVG_ftd","California Mixed Evergreen North",1
"2_41_15_64739",6,123,702,1417,690,1710031006,"17100309","OSW","RaTAOAco_ftm_1710031006","RaTAOAco","RaTAOAco_ftm",47,"ftm","RaTAOAco","RaTAOAco_ftm","Oregon Coastal Tanoak",1
"2_41_15_87525",6,124,714,1459,1071,1710031110,"17100310","OSW","RaMEVG_ftd_1710031110","RaMEVG","RaMEVG_ftd",48,"ftd","RaMEVG","RaMEVG_ftd","California Mixed Evergreen North",1
"2_41_15_97397",6,124,714,1450,1436,1710031110,"17100310","OSW","RaMCONsw_fiw_1710031110","RaMCONsw","RaMCONsw_fiw",20,"fiw","RaMCONsw","RaMCONsw_fiw","Mixed Conifer - Southwest Oregon",1
"2_41_15_84870",6,124,714,1459,1265,1710031110,"17100310","OSW","RaMEVG_ftd_1710031110","RaMEVG","RaMEVG_ftd",48,"ftd","RaMEVG","RaMEVG_ftd","California Mixed Evergreen North",1
"2_41_33_58689",6,124,713,1497,2596,1710031109,"17100310","OSW","RaMEVG_ftd_1710031109","RaMEVG","RaMEVG_ftd",48,"ftd","RaMEVG","RaMEVG_ftd","California Mixed Evergreen North",1
"2_41_33_61435",6,124,713,1497,1861,1710031109,"17100310","OSW","RaMEVG_ftd_1710031109","RaMEVG","RaMEVG_ftd",48,"ftd","RaMEVG","RaMEVG_ftd","California Mixed Evergreen North",1
"2_41_33_67458",6,124,712,1540,2782,1710031108,"17100310","OSW","RaMEVG_ftd_1710031108","RaMEVG","RaMEVG_ftd",48,"ftd","RaMEVG","RaMEVG_ftd","California Mixed Evergreen North",1
"2_41_33_60723",6,124,712,1540,1555,1710031108,"17100310","OSW","RaMEVG_ftd_1710031108","RaMEVG","RaMEVG_ftd",48,"ftd","RaMEVG","RaMEVG_ftd","California Mixed Evergreen North",1
"2_41_15_91917",6,125,716,1598,1314,1710031201,"17100311","OSW","Na0710270_fdd_1710031201","Na0710270","Na0710270_fdd",43,"fdd","Na0710270","Na0710270_fdd","Mediterranean California Dry-Mesic Mixed Conifer Forest and Woodland",1
"2_41_15_85975",6,125,716,1597,1244,1710031201,"17100311","OSW","RaMEVG_ftd_1710031201","RaMEVG","RaMEVG_ftd",48,"ftd","RaMEVG","RaMEVG_ftd","California Mixed Evergreen North",1
"2_41_15_99960",6,125,716,1597,1270,1710031201,"17100311","OSW","RaMEVG_ftd_1710031201","RaMEVG","RaMEVG_ftd",48,"ftd","RaMEVG","RaMEVG_ftd","California Mixed Evergreen North",1
"6_53_9_54610",9,146,810,2295,2023,1711002107,"17110020","WCR","RaSSHE_fss_WCR","RaSSHE","RaSSHE_fss",60,"fss","RaSSHE","RaSSHE_fss","Sitka Spruce - Western Hemlock",5
"2_41_15_81106",6,156,891,1704,1635,1801010101,"17120009","OSW","RaMEVG_fuc_1801010101","RaMEVG","RaMEVG_fuc",59,"fuc","RaMEVG","RaMEVG_fuc","California Mixed Evergreen North",1
"2_41_15_94568",6,156,891,1704,1199,1801010101,"17120009","OSW","RaMEVG_fuc_1801010101","RaMEVG","RaMEVG_fuc",59,"fuc","RaMEVG","RaMEVG_fuc","California Mixed Evergreen North",1
"2_41_15_67134",6,156,891,1704,2525,1801010101,"17120009","OSW","RaMEVG_fuc_1801010101","RaMEVG","RaMEVG_fuc",59,"fuc","RaMEVG","RaMEVG_fuc","California Mixed Evergreen North",1
"2_41_15_76499",6,156,891,1704,847,1801010101,"17120009","OSW","RaMEVG_fuc_1801010101","RaMEVG","RaMEVG_fuc",59,"fuc","RaMEVG","RaMEVG_fuc","California Mixed Evergreen North",1
"2_41_15_70022",6,156,891,1704,1653,1801010101,"17120009","OSW","RaMEVG_fuc_1801010101","RaMEVG","RaMEVG_fuc",59,"fuc","RaMEVG","RaMEVG_fuc","California Mixed Evergreen North",1
"2_41_15_98722",6,156,891,1704,710,1801010101,"17120009","OSW","RaMEVG_fuc_1801010101","RaMEVG","RaMEVG_fuc",59,"fuc","RaMEVG","RaMEVG_fuc","California Mixed Evergreen North",1
"6_53_9_80407",9,146,810,2295,779,1711002107,"17110020","WCR","RaSSHE_fss_WCR","RaSSHE","RaSSHE_fss",60,"fss","RaSSHE","RaSSHE_fss","Sitka Spruce - Western Hemlock",5
"6_53_9_88976",9,146,810,2297,2082,1711002107,"17110020","WCR","RaABAMup_fst_WCR","RaABAMup","RaABAMup_fst",13,"fst","RaABAMup","RaABAMup_fst","Pacific Silver Fir - High Elevation",5
"6_53_9_54314",9,100,567,2295,1761,1710010106,"17090012A","WCR","RaSSHE_fss_WCR","RaSSHE","RaSSHE_fss",60,"fss","RaSSHE","RaSSHE_fss","Sitka Spruce - Western Hemlock",5
"6_53_9_89489",9,100,567,2295,1293,1710010106,"17090012A","WCR","RaSSHE_fss_WCR","RaSSHE","RaSSHE_fss",60,"fss","RaSSHE","RaSSHE_fss","Sitka Spruce - Western Hemlock",5
"6_53_9_77505",9,100,567,2297,561,1710010106,"17090012A","WCR","RaABAMup_fst_WCR","RaABAMup","RaABAMup_fst",13,"fst","RaABAMup","RaABAMup_fst","Pacific Silver Fir - High Elevation",5
"6_53_9_99402",9,100,565,2297,566,1710010104,"17090012A","WCR","RaABAMup_fst_WCR","RaABAMup","RaABAMup_fst",13,"fst","RaABAMup","RaABAMup_fst","Pacific Silver Fir - High Elevation",5
"6_53_9_65951",9,100,565,2295,912,1710010104,"17090012A","WCR","RaSSHE_fss_WCR","RaSSHE","RaSSHE_fss",60,"fss","RaSSHE","RaSSHE_fss","Sitka Spruce - Western Hemlock",5
"6_53_9_81408",9,100,566,2296,627,1710010105,"17090012A","WCR","RaDFHEwt_fwn_WCR","RaDFHEwt","RaDFHEwt_fwn",32,"fwn","RaDFHEwt","RaDFHEwt_fwn","Douglas-fir Hemlock-Wet Mesic",5
"6_53_9_97563",9,100,566,2295,1280,1710010105,"17090012A","WCR","RaSSHE_fss_WCR","RaSSHE","RaSSHE_fss",60,"fss","RaSSHE","RaSSHE_fss","Sitka Spruce - Western Hemlock",5
"6_53_31_65728",9,101,570,2295,1051,1710010201,"17100101","WCR","RaSSHE_fss_WCR","RaSSHE","RaSSHE_fss",60,"fss","RaSSHE","RaSSHE_fss","Sitka Spruce - Western Hemlock",5
"6_53_27_81144",9,101,572,2295,2225,1710010203,"17100101","WCR","RaSSHE_fss_WCR","RaSSHE","RaSSHE_fss",60,"fss","RaSSHE","RaSSHE_fss","Sitka Spruce - Western Hemlock",5
"6_53_27_77601",9,101,572,2295,1545,1710010203,"17100101","WCR","RaSSHE_fss_WCR","RaSSHE","RaSSHE_fss",60,"fss","RaSSHE","RaSSHE_fss","Sitka Spruce - Western Hemlock",5
"6_53_27_99320",9,101,572,2295,1261,1710010203,"17100101","WCR","RaSSHE_fss_WCR","RaSSHE","RaSSHE_fss",60,"fss","RaSSHE","RaSSHE_fss","Sitka Spruce - Western Hemlock",5
"6_53_27_50228",9,101,574,2295,2633,1710010205,"17100101","WCR","RaSSHE_fss_WCR","RaSSHE","RaSSHE_fss",60,"fss","RaSSHE","RaSSHE_fss","Sitka Spruce - Western Hemlock",5
"9_53_65_70372",12,11,40,1774,987,1702000219,"17020001","WNE","Na1010471_frn_17020002","Na1010471","Na1010471_frn",39,"frn","Na1010471","Na1010471_frn","Northern Rocky Mountain Mesic Montane Mixed Conifer Forest",3
"9_53_65_99502",12,11,40,1774,1347,1702000219,"17020001","WNE","Na1010471_frn_17020002","Na1010471","Na1010471_frn",39,"frn","Na1010471","Na1010471_frn","Northern Rocky Mountain Mesic Montane Mixed Conifer Forest",3
"4_41_59_55450",2,56,305,1968,871,1707010207,"17070101B","OBM","RaMCONms_fcm_17070102","RaMCONms","RaMCONms_fcm",22,"fcm","RaMCONms","RaMCONms_fcm","Mixed Conifer - Eastside Mesic",3
"4_41_59_94049",2,56,299,1968,1089,1707010201,"17070101B","OBM","RaMCONms_fcm_17070102","RaMCONms","RaMCONms_fcm",22,"fcm","RaMCONms","RaMCONms_fcm","Mixed Conifer - Eastside Mesic",3
"4_41_59_86870",2,56,299,1968,2356,1707010201,"17070101B","OBM","RaMCONms_fcm_17070102","RaMCONms","RaMCONms_fcm",22,"fcm","RaMCONms","RaMCONms_fcm","Mixed Conifer - Eastside Mesic",3
"4_41_59_67453",2,57,310,2007,2023,1707010301,"17070102","OBM","RaMCONms_fcm_17070103","RaMCONms","RaMCONms_fcm",22,"fcm","RaMCONms","RaMCONms_fcm","Mixed Conifer - Eastside Mesic",3
"4_41_59_89702",2,57,310,2007,2262,1707010301,"17070102","OBM","RaMCONms_fcm_17070103","RaMCONms","RaMCONms_fcm",22,"fcm","RaMCONms","RaMCONms_fcm","Mixed Conifer - Eastside Mesic",3
"4_41_59_78363",2,57,310,2007,1258,1707010301,"17070102","OBM","RaMCONms_fcm_17070103","RaMCONms","RaMCONms_fcm",22,"fcm","RaMCONms","RaMCONms_fcm","Mixed Conifer - Eastside Mesic",3
"4_41_59_95442",2,57,310,2007,2470,1707010301,"17070102","OBM","RaMCONms_fcm_17070103","RaMCONms","RaMCONms_fcm",22,"fcm","RaMCONms","RaMCONms_fcm","Mixed Conifer - Eastside Mesic",3
"4_41_59_64143",2,57,310,2007,2051,1707010301,"17070102","OBM","RaMCONms_fcm_17070103","RaMCONms","RaMCONms_fcm",22,"fcm","RaMCONms","RaMCONms_fcm","Mixed Conifer - Eastside Mesic",3
"4_41_59_77411",2,57,310,2007,2301,1707010301,"17070102","OBM","RaMCONms_fcm_17070103","RaMCONms","RaMCONms_fcm",22,"fcm","RaMCONms","RaMCONms_fcm","Mixed Conifer - Eastside Mesic",3
"4_41_59_68323",2,57,311,2007,1338,1707010302,"17070102","OBM","RaMCONms_fcm_17070103","RaMCONms","RaMCONms_fcm",22,"fcm","RaMCONms","RaMCONms_fcm","Mixed Conifer - Eastside Mesic",3
"4_41_59_63344",2,57,311,2007,2206,1707010302,"17070102","OBM","RaMCONms_fcm_17070103","RaMCONms","RaMCONms_fcm",22,"fcm","RaMCONms","RaMCONms_fcm","Mixed Conifer - Eastside Mesic",3
"4_41_59_75449",2,57,311,2007,1966,1707010302,"17070102","OBM","RaMCONms_fcm_17070103","RaMCONms","RaMCONms_fcm",22,"fcm","RaMCONms","RaMCONms_fcm","Mixed Conifer - Eastside Mesic",3
"4_41_59_65811",2,57,311,2007,1419,1707010302,"17070102","OBM","RaMCONms_fcm_17070103","RaMCONms","RaMCONms_fcm",22,"fcm","RaMCONms","RaMCONms_fcm","Mixed Conifer - Eastside Mesic",3
"4_41_59_69398",2,57,311,2007,2567,1707010302,"17070102","OBM","RaMCONms_fcm_17070103","RaMCONms","RaMCONms_fcm",22,"fcm","RaMCONms","RaMCONms_fcm","Mixed Conifer - Eastside Mesic",3
"4_41_59_56986",2,57,311,2007,1199,1707010302,"17070102","OBM","RaMCONms_fcm_17070103","RaMCONms","RaMCONms_fcm",22,"fcm","RaMCONms","RaMCONms_fcm","Mixed Conifer - Eastside Mesic",3
"4_41_59_80335",2,57,311,2007,1066,1707010302,"17070102","OBM","RaMCONms_fcm_17070103","RaMCONms","RaMCONms_fcm",22,"fcm","RaMCONms","RaMCONms_fcm","Mixed Conifer - Eastside Mesic",3
"4_41_61_79072",2,46,240,1998,1303,1706010404,"17060103","OBM","RaMCONms_fcm_17060104","RaMCONms","RaMCONms_fcm",22,"fcm","RaMCONms","RaMCONms_fcm","Mixed Conifer - Eastside Mesic",3
"4_41_59_52692",2,46,240,1998,1312,1706010404,"17060103","OBM","RaMCONms_fcm_17060104","RaMCONms","RaMCONms_fcm",22,"fcm","RaMCONms","RaMCONms_fcm","Mixed Conifer - Eastside Mesic",3
"4_41_61_78951",2,46,240,1998,1139,1706010404,"17060103","OBM","RaMCONms_fcm_17060104","RaMCONms","RaMCONms_fcm",22,"fcm","RaMCONms","RaMCONms_fcm","Mixed Conifer - Eastside Mesic",3
"4_41_61_97540",2,46,240,1998,796,1706010404,"17060103","OBM","RaMCONms_fcm_17060104","RaMCONms","RaMCONms_fcm",22,"fcm","RaMCONms","RaMCONms_fcm","Mixed Conifer - Eastside Mesic",3
"4_41_61_54664",2,46,239,1998,1958,1706010403,"17060103","OBM","RaMCONms_fcm_17060104","RaMCONms","RaMCONms_fcm",22,"fcm","RaMCONms","RaMCONms_fcm","Mixed Conifer - Eastside Mesic",3
"4_41_61_78207",2,46,239,1998,2701,1706010403,"17060103","OBM","RaMCONms_fcm_17060104","RaMCONms","RaMCONms_fcm",22,"fcm","RaMCONms","RaMCONms_fcm","Mixed Conifer - Eastside Mesic",3
"4_41_61_89258",2,46,239,1998,1363,1706010403,"17060103","OBM","RaMCONms_fcm_17060104","RaMCONms","RaMCONms_fcm",22,"fcm","RaMCONms","RaMCONms_fcm","Mixed Conifer - Eastside Mesic",3
"4_41_61_66427",2,46,239,2318,1636,1706010403,"17060103","OBM","RaSPFI_fcd_OBM","RaSPFI","RaSPFI_fcd",9,"fcd","RaSPFI","RaSPFI_fcd","Spruce - Fir",4
"4_41_61_50005",2,42,220,2318,1423,1705020306,"17050202","OBM","RaSPFI_fcd_OBM","RaSPFI","RaSPFI_fcd",9,"fcd","RaSPFI","RaSPFI_fcd","Spruce - Fir",4
"4_41_61_56951",2,42,219,2056,2393,1705020305,"17050202","OBM","RaMCONms_fcm_17050203","RaMCONms","RaMCONms_fcm",22,"fcm","RaMCONms","RaMCONms_fcm","Mixed Conifer - Eastside Mesic",3
"4_41_61_96506",2,42,219,2318,1761,1705020305,"17050202","OBM","RaSPFI_fcd_OBM","RaSPFI","RaSPFI_fcd",9,"fcd","RaSPFI","RaSPFI_fcd","Spruce - Fir",4
"4_41_1_80505",2,42,219,2318,3405,1705020305,"17050202","OBM","RaSPFI_fcd_OBM","RaSPFI","RaSPFI_fcd",9,"fcd","RaSPFI","RaSPFI_fcd","Spruce - Fir",4
"4_41_1_62234",2,42,219,2318,2760,1705020305,"17050202","OBM","RaSPFI_fcd_OBM","RaSPFI","RaSPFI_fcd",9,"fcd","RaSPFI","RaSPFI_fcd","Spruce - Fir",4
"4_41_1_71459",2,42,219,2318,1593,1705020305,"17050202","OBM","RaSPFI_fcd_OBM","RaSPFI","RaSPFI_fcd",9,"fcd","RaSPFI","RaSPFI_fcd","Spruce - Fir",4
"4_41_1_83368",2,42,219,2318,1995,1705020305,"17050202","OBM","RaSPFI_fcd_OBM","RaSPFI","RaSPFI_fcd",9,"fcd","RaSPFI","RaSPFI_fcd","Spruce - Fir",4
"4_41_1_60296",2,42,215,2318,1493,1705020301,"17050202","OBM","RaSPFI_fcd_OBM","RaSPFI","RaSPFI_fcd",9,"fcd","RaSPFI","RaSPFI_fcd","Spruce - Fir",4
"4_41_1_65907",2,42,215,2057,1025,1705020301,"17050202","OBM","RaSAWD_fsw_17050203","RaSAWD","RaSAWD_fsw",3,"fsw","RaSAWD","RaSAWD_fsw","Subalpine Woodland",3
"4_41_1_78277",2,42,215,2056,999,1705020301,"17050202","OBM","RaMCONms_fcm_17050203","RaMCONms","RaMCONms_fcm",22,"fcm","RaMCONms","RaMCONms_fcm","Mixed Conifer - Eastside Mesic",3
"4_41_1_79669",2,42,215,680,1668,1705020301,"17050202","OBM","RaMCONdy_fdd_1705020301","RaMCONdy","RaMCONdy_fdd",42,"fdd","RaMCONdy","RaMCONdy_fdd","Mixed Conifer - Eastside Dry",1
"4_41_1_69839",2,42,215,676,1275,1705020301,"17050202","OBM","RaMCONdy_fdg_1705020301","RaMCONdy","RaMCONdy_fdg",23,"fdg","RaMCONdy","RaMCONdy_fdg","Mixed Conifer - Eastside Dry",1
"4_41_1_93552",2,42,215,676,1148,1705020301,"17050202","OBM","RaMCONdy_fdg_1705020301","RaMCONdy","RaMCONdy_fdg",23,"fdg","RaMCONdy","RaMCONdy_fdg","Mixed Conifer - Eastside Dry",1
"9_53_65_50582",12,12,45,65,917,1702000304,"17020002","WNE","RaPIPOm_fpd_1702000304","RaPIPOm","RaPIPOm_fpd",51,"fpd","RaPIPOm","RaPIPOm_fpd","Dry Ponderosa Pine - Mesic",1
"4_41_1_97582",2,41,207,724,1318,1705020201,"17050201","OBM","RaPIPOm_fdp_1705020201","RaPIPOm","RaPIPOm_fdp",52,"fdp","RaPIPOm","RaPIPOm_fdp","Dry Ponderosa Pine - Mesic",1
"4_41_1_91965",2,41,207,724,764,1705020201,"17050201","OBM","RaPIPOm_fdp_1705020201","RaPIPOm","RaPIPOm_fdp",52,"fdp","RaPIPOm","RaPIPOm_fdp","Dry Ponderosa Pine - Mesic",1
"4_41_1_66434",2,41,207,724,925,1705020201,"17050201","OBM","RaPIPOm_fdp_1705020201","RaPIPOm","RaPIPOm_fdp",52,"fdp","RaPIPOm","RaPIPOm_fdp","Dry Ponderosa Pine - Mesic",1
"4_41_1_74689",2,41,208,822,1832,1705020202,"17050201","OBM","RaMCONdy_fdd_1705020202","RaMCONdy","RaMCONdy_fdd",42,"fdd","RaMCONdy","RaMCONdy_fdd","Mixed Conifer - Eastside Dry",1
"4_41_1_98292",2,41,209,845,681,1705020203,"17050201","OBM","RaMCONdy_fdd_1705020203","RaMCONdy","RaMCONdy_fdd",42,"fdd","RaMCONdy","RaMCONdy_fdd","Mixed Conifer - Eastside Dry",1
"4_41_1_84562",2,41,209,846,1469,1705020203,"17050201","OBM","RaMCONdy_fdg_1705020203","RaMCONdy","RaMCONdy_fdg",23,"fdg","RaMCONdy","RaMCONdy_fdg","Mixed Conifer - Eastside Dry",1
"4_41_1_73930",2,41,209,846,1589,1705020203,"17050201","OBM","RaMCONdy_fdg_1705020203","RaMCONdy","RaMCONdy_fdg",23,"fdg","RaMCONdy","RaMCONdy_fdg","Mixed Conifer - Eastside Dry",1
"4_41_1_55322",2,36,184,874,1104,1705011612,"17050115","OBM","RaMCONdy_fdg_1705011612","RaMCONdy","RaMCONdy_fdg",23,"fdg","RaMCONdy","RaMCONdy_fdg","Mixed Conifer - Eastside Dry",1
"9_53_65_94031",12,10,29,60,850,1702000113,"17010308","WNE","RaMCONdy_fdd_1702000113","RaMCONdy","RaMCONdy_fdd",42,"fdd","RaMCONdy","RaMCONdy_fdd","Mixed Conifer - Eastside Dry",1
"9_53_65_83058",12,10,29,60,2164,1702000113,"17010308","WNE","RaMCONdy_fdd_1702000113","RaMCONdy","RaMCONdy_fdd",42,"fdd","RaMCONdy","RaMCONdy_fdd","Mixed Conifer - Eastside Dry",1
"4_41_25_98871",2,36,178,2137,8,1705011606,"17050115","OBM","RaPIPOxe_fxp_17050116","RaPIPOxe","RaPIPOxe_fxp",56,"fxp","RaPIPOxe","RaPIPOxe_fxp","Ponderosa Pine - Xeric",3
"4_41_25_58123",2,36,179,2137,1,1705011607,"17050115","OBM","RaPIPOxe_fxp_17050116","RaPIPOxe","RaPIPOxe_fxp",56,"fxp","RaPIPOxe","RaPIPOxe_fxp","Ponderosa Pine - Xeric",3
"9_53_65_52138",12,11,41,24,2862,1702000220,"17020001","WNE","RaMCONdy_fdd_1702000220","RaMCONdy","RaMCONdy_fdd",42,"fdd","RaMCONdy","RaMCONdy_fdd","Mixed Conifer - Eastside Dry",1
"9_53_65_57988",12,10,29,60,1363,1702000113,"17010308","WNE","RaMCONdy_fdd_1702000113","RaMCONdy","RaMCONdy_fdd",42,"fdd","RaMCONdy","RaMCONdy_fdd","Mixed Conifer - Eastside Dry",1
"9_53_65_73502",12,10,31,90,1597,1702000115,"17010308","WNE","RaMCONdy_fdd_1702000115","RaMCONdy","RaMCONdy_fdd",42,"fdd","RaMCONdy","RaMCONdy_fdd","Mixed Conifer - Eastside Dry",1
"4_41_25_60726",5,155,884,2221,49,1712000902,"17120008","OSE","RaPIPOxe_fxp_17120009","RaPIPOxe","RaPIPOxe_fxp",56,"fxp","RaPIPOxe","RaPIPOxe_fxp","Ponderosa Pine - Xeric",3
"4_41_25_87151",5,155,884,2221,20,1712000902,"17120008","OSE","RaPIPOxe_fxp_17120009","RaPIPOxe","RaPIPOxe_fxp",56,"fxp","RaPIPOxe","RaPIPOxe_fxp","Ponderosa Pine - Xeric",3
"9_53_65_90906",12,10,31,90,1170,1702000115,"17010308","WNE","RaMCONdy_fdd_1702000115","RaMCONdy","RaMCONdy_fdd",42,"fdd","RaMCONdy","RaMCONdy_fdd","Mixed Conifer - Eastside Dry",1
"9_53_65_78776",12,10,31,90,973,1702000115,"17010308","WNE","RaMCONdy_fdd_1702000115","RaMCONdy","RaMCONdy_fdd",42,"fdd","RaMCONdy","RaMCONdy_fdd","Mixed Conifer - Eastside Dry",1
"9_53_65_85423",12,10,31,90,2273,1702000115,"17010308","WNE","RaMCONdy_fdd_1702000115","RaMCONdy","RaMCONdy_fdd",42,"fdd","RaMCONdy","RaMCONdy_fdd","Mixed Conifer - Eastside Dry",1
"9_53_65_54970",12,11,41,24,1653,1702000220,"17020001","WNE","RaMCONdy_fdd_1702000220","RaMCONdy","RaMCONdy_fdd",42,"fdd","RaMCONdy","RaMCONdy_fdd","Mixed Conifer - Eastside Dry",1
"9_53_65_68418",12,10,33,107,1614,1702000117,"17010308","WNE","RaMCONdy_fdd_1702000117","RaMCONdy","RaMCONdy_fdd",42,"fdd","RaMCONdy","RaMCONdy_fdd","Mixed Conifer - Eastside Dry",1
"9_53_65_58203",12,10,33,107,1684,1702000117,"17010308","WNE","RaMCONdy_fdd_1702000117","RaMCONdy","RaMCONdy_fdd",42,"fdd","RaMCONdy","RaMCONdy_fdd","Mixed Conifer - Eastside Dry",1
"9_53_65_76826",12,11,41,24,1586,1702000220,"17020001","WNE","RaMCONdy_fdd_1702000220","RaMCONdy","RaMCONdy_fdd",42,"fdd","RaMCONdy","RaMCONdy_fdd","Mixed Conifer - Eastside Dry",1
"9_53_65_95273",12,8,22,124,43,1701030704,"17010306","WNE","RaPIPOm_fpd_1701030704","RaPIPOm","RaPIPOm_fpd",51,"fpd","RaPIPOm","RaPIPOm_fpd","Dry Ponderosa Pine - Mesic",1
"9_53_65_82509",12,10,28,6,652,1702000112,"17010308","WNE","RaPIPOm_fpd_1702000112","RaPIPOm","RaPIPOm_fpd",51,"fpd","RaPIPOm","RaPIPOm_fpd","Dry Ponderosa Pine - Mesic",1
"9_53_65_81657",12,10,27,1769,1443,1702000111,"17010308","WNE","Na1010471_frn_17020001","Na1010471","Na1010471_frn",39,"frn","Na1010471","Na1010471_frn","Northern Rocky Mountain Mesic Montane Mixed Conifer Forest",3
"9_53_65_86200",12,10,27,1769,1374,1702000111,"17010308","WNE","Na1010471_frn_17020001","Na1010471","Na1010471_frn",39,"frn","Na1010471","Na1010471_frn","Northern Rocky Mountain Mesic Montane Mixed Conifer Forest",3
"9_53_71_70686",2,56,300,1968,487,1707010202,"17070101B","OBM","RaMCONms_fcm_17070102","RaMCONms","RaMCONms_fcm",22,"fcm","RaMCONms","RaMCONms_fcm","Mixed Conifer - Eastside Mesic",3
"4_41_59_64151",2,56,305,1968,982,1707010207,"17070101B","OBM","RaMCONms_fcm_17070102","RaMCONms","RaMCONms_fcm",22,"fcm","RaMCONms","RaMCONms_fcm","Mixed Conifer - Eastside Mesic",3
"4_41_59_91971",2,57,310,2007,1954,1707010301,"17070102","OBM","RaMCONms_fcm_17070103","RaMCONms","RaMCONms_fcm",22,"fcm","RaMCONms","RaMCONms_fcm","Mixed Conifer - Eastside Mesic",3
"4_41_59_78000",2,57,310,2007,1834,1707010301,"17070102","OBM","RaMCONms_fcm_17070103","RaMCONms","RaMCONms_fcm",22,"fcm","RaMCONms","RaMCONms_fcm","Mixed Conifer - Eastside Mesic",3
"4_41_59_65330",2,57,310,2007,2199,1707010301,"17070102","OBM","RaMCONms_fcm_17070103","RaMCONms","RaMCONms_fcm",22,"fcm","RaMCONms","RaMCONms_fcm","Mixed Conifer - Eastside Mesic",3
"4_41_59_76202",2,57,310,2007,1959,1707010301,"17070102","OBM","RaMCONms_fcm_17070103","RaMCONms","RaMCONms_fcm",22,"fcm","RaMCONms","RaMCONms_fcm","Mixed Conifer - Eastside Mesic",3
"4_41_59_96687",2,57,311,2007,2913,1707010302,"17070102","OBM","RaMCONms_fcm_17070103","RaMCONms","RaMCONms_fcm",22,"fcm","RaMCONms","RaMCONms_fcm","Mixed Conifer - Eastside Mesic",3
"4_41_59_92260",2,57,311,2007,1850,1707010302,"17070102","OBM","RaMCONms_fcm_17070103","RaMCONms","RaMCONms_fcm",22,"fcm","RaMCONms","RaMCONms_fcm","Mixed Conifer - Eastside Mesic",3
"4_41_59_83139",2,57,311,2007,1460,1707010302,"17070102","OBM","RaMCONms_fcm_17070103","RaMCONms","RaMCONms_fcm",22,"fcm","RaMCONms","RaMCONms_fcm","Mixed Conifer - Eastside Mesic",3
"4_41_59_97491",2,46,240,1998,1546,1706010404,"17060103","OBM","RaMCONms_fcm_17060104","RaMCONms","RaMCONms_fcm",22,"fcm","RaMCONms","RaMCONms_fcm","Mixed Conifer - Eastside Mesic",3
"4_41_61_62198",2,46,240,1998,2489,1706010404,"17060103","OBM","RaMCONms_fcm_17060104","RaMCONms","RaMCONms_fcm",22,"fcm","RaMCONms","RaMCONms_fcm","Mixed Conifer - Eastside Mesic",3
"4_41_61_91307",2,46,240,1998,1092,1706010404,"17060103","OBM","RaMCONms_fcm_17060104","RaMCONms","RaMCONms_fcm",22,"fcm","RaMCONms","RaMCONms_fcm","Mixed Conifer - Eastside Mesic",3
"4_41_61_65460",2,46,240,1998,1218,1706010404,"17060103","OBM","RaMCONms_fcm_17060104","RaMCONms","RaMCONms_fcm",22,"fcm","RaMCONms","RaMCONms_fcm","Mixed Conifer - Eastside Mesic",3
"4_41_61_94859",2,46,239,480,383,1706010403,"17060103","OBM","RaMCONdy_fdd_1706010403","RaMCONdy","RaMCONdy_fdd",42,"fdd","RaMCONdy","RaMCONdy_fdd","Mixed Conifer - Eastside Dry",1
"9_53_65_98441",12,10,29,60,1498,1702000113,"17010308","WNE","RaMCONdy_fdd_1702000113","RaMCONdy","RaMCONdy_fdd",42,"fdd","RaMCONdy","RaMCONdy_fdd","Mixed Conifer - Eastside Dry",1
"4_41_61_57886",2,46,239,1998,3345,1706010403,"17060103","OBM","RaMCONms_fcm_17060104","RaMCONms","RaMCONms_fcm",22,"fcm","RaMCONms","RaMCONms_fcm","Mixed Conifer - Eastside Mesic",3
"4_41_61_62276",2,46,239,1998,2928,1706010403,"17060103","OBM","RaMCONms_fcm_17060104","RaMCONms","RaMCONms_fcm",22,"fcm","RaMCONms","RaMCONms_fcm","Mixed Conifer - Eastside Mesic",3
"4_41_61_62195",2,46,239,1998,1950,1706010403,"17060103","OBM","RaMCONms_fcm_17060104","RaMCONms","RaMCONms_fcm",22,"fcm","RaMCONms","RaMCONms_fcm","Mixed Conifer - Eastside Mesic",3
"4_41_61_81750",2,46,239,1998,2265,1706010403,"17060103","OBM","RaMCONms_fcm_17060104","RaMCONms","RaMCONms_fcm",22,"fcm","RaMCONms","RaMCONms_fcm","Mixed Conifer - Eastside Mesic",3
"4_41_61_78810",2,46,239,1998,1747,1706010403,"17060103","OBM","RaMCONms_fcm_17060104","RaMCONms","RaMCONms_fcm",22,"fcm","RaMCONms","RaMCONms_fcm","Mixed Conifer - Eastside Mesic",3
"4_41_61_92869",2,46,239,1998,1410,1706010403,"17060103","OBM","RaMCONms_fcm_17060104","RaMCONms","RaMCONms_fcm",22,"fcm","RaMCONms","RaMCONms_fcm","Mixed Conifer - Eastside Mesic",3
"4_41_61_77750",2,46,239,1998,2720,1706010403,"17060103","OBM","RaMCONms_fcm_17060104","RaMCONms","RaMCONms_fcm",22,"fcm","RaMCONms","RaMCONms_fcm","Mixed Conifer - Eastside Mesic",3
"4_41_61_99371",2,42,220,2056,1914,1705020306,"17050202","OBM","RaMCONms_fcm_17050203","RaMCONms","RaMCONms_fcm",22,"fcm","RaMCONms","RaMCONms_fcm","Mixed Conifer - Eastside Mesic",3
"4_41_61_86362",2,42,219,2056,3276,1705020305,"17050202","OBM","RaMCONms_fcm_17050203","RaMCONms","RaMCONms_fcm",22,"fcm","RaMCONms","RaMCONms_fcm","Mixed Conifer - Eastside Mesic",3
"4_41_1_52431",2,42,219,2056,1842,1705020305,"17050202","OBM","RaMCONms_fcm_17050203","RaMCONms","RaMCONms_fcm",22,"fcm","RaMCONms","RaMCONms_fcm","Mixed Conifer - Eastside Mesic",3
"4_41_1_97743",2,42,219,2318,3403,1705020305,"17050202","OBM","RaSPFI_fcd_OBM","RaSPFI","RaSPFI_fcd",9,"fcd","RaSPFI","RaSPFI_fcd","Spruce - Fir",4
"4_41_1_63374",2,42,219,2318,3030,1705020305,"17050202","OBM","RaSPFI_fcd_OBM","RaSPFI","RaSPFI_fcd",9,"fcd","RaSPFI","RaSPFI_fcd","Spruce - Fir",4
"4_41_1_77168",2,42,219,2318,1827,1705020305,"17050202","OBM","RaSPFI_fcd_OBM","RaSPFI","RaSPFI_fcd",9,"fcd","RaSPFI","RaSPFI_fcd","Spruce - Fir",4
"4_41_1_70279",2,42,219,2057,850,1705020305,"17050202","OBM","RaSAWD_fsw_17050203","RaSAWD","RaSAWD_fsw",3,"fsw","RaSAWD","RaSAWD_fsw","Subalpine Woodland",3
"4_41_1_72873",2,42,219,2318,1539,1705020305,"17050202","OBM","RaSPFI_fcd_OBM","RaSPFI","RaSPFI_fcd",9,"fcd","RaSPFI","RaSPFI_fcd","Spruce - Fir",4
"4_41_1_91741",2,42,218,2057,562,1705020304,"17050202","OBM","RaSAWD_fsw_17050203","RaSAWD","RaSAWD_fsw",3,"fsw","RaSAWD","RaSAWD_fsw","Subalpine Woodland",3
"4_41_1_95376",2,42,215,2057,695,1705020301,"17050202","OBM","RaSAWD_fsw_17050203","RaSAWD","RaSAWD_fsw",3,"fsw","RaSAWD","RaSAWD_fsw","Subalpine Woodland",3
"4_41_1_66658",2,42,215,676,1576,1705020301,"17050202","OBM","RaMCONdy_fdg_1705020301","RaMCONdy","RaMCONdy_fdg",23,"fdg","RaMCONdy","RaMCONdy_fdg","Mixed Conifer - Eastside Dry",1
"4_41_1_77709",2,42,215,676,2137,1705020301,"17050202","OBM","RaMCONdy_fdg_1705020301","RaMCONdy","RaMCONdy_fdg",23,"fdg","RaMCONdy","RaMCONdy_fdg","Mixed Conifer - Eastside Dry",1
"4_41_1_52363",2,42,215,676,1333,1705020301,"17050202","OBM","RaMCONdy_fdg_1705020301","RaMCONdy","RaMCONdy_fdg",23,"fdg","RaMCONdy","RaMCONdy_fdg","Mixed Conifer - Eastside Dry",1
"4_41_1_66091",2,42,215,676,1687,1705020301,"17050202","OBM","RaMCONdy_fdg_1705020301","RaMCONdy","RaMCONdy_fdg",23,"fdg","RaMCONdy","RaMCONdy_fdg","Mixed Conifer - Eastside Dry",1
"4_41_1_70030",2,42,215,676,901,1705020301,"17050202","OBM","RaMCONdy_fdg_1705020301","RaMCONdy","RaMCONdy_fdg",23,"fdg","RaMCONdy","RaMCONdy_fdg","Mixed Conifer - Eastside Dry",1
"4_41_1_74126",2,42,215,683,1361,1705020301,"17050202","OBM","RaPIPOm_fdp_1705020301","RaPIPOm","RaPIPOm_fdp",52,"fdp","RaPIPOm","RaPIPOm_fdp","Dry Ponderosa Pine - Mesic",1
"4_41_1_61297",2,42,215,683,1466,1705020301,"17050202","OBM","RaPIPOm_fdp_1705020301","RaPIPOm","RaPIPOm_fdp",52,"fdp","RaPIPOm","RaPIPOm_fdp","Dry Ponderosa Pine - Mesic",1
"4_41_1_71164",2,42,215,683,1590,1705020301,"17050202","OBM","RaPIPOm_fdp_1705020301","RaPIPOm","RaPIPOm_fdp",52,"fdp","RaPIPOm","RaPIPOm_fdp","Dry Ponderosa Pine - Mesic",1
"9_53_65_74764",12,12,45,66,431,1702000304,"17020002","WNE","RaMCONdy_fdd_1702000304","RaMCONdy","RaMCONdy_fdd",42,"fdd","RaMCONdy","RaMCONdy_fdd","Mixed Conifer - Eastside Dry",1
"4_41_1_62069",2,41,207,724,1061,1705020201,"17050201","OBM","RaPIPOm_fdp_1705020201","RaPIPOm","RaPIPOm_fdp",52,"fdp","RaPIPOm","RaPIPOm_fdp","Dry Ponderosa Pine - Mesic",1
"4_41_1_73616",2,42,215,676,1461,1705020301,"17050202","OBM","RaMCONdy_fdg_1705020301","RaMCONdy","RaMCONdy_fdg",23,"fdg","RaMCONdy","RaMCONdy_fdg","Mixed Conifer - Eastside Dry",1
"4_41_1_71268",2,41,207,711,1259,1705020201,"17050201","OBM","RaMCONdy_fdd_1705020201","RaMCONdy","RaMCONdy_fdd",42,"fdd","RaMCONdy","RaMCONdy_fdd","Mixed Conifer - Eastside Dry",1
"4_41_1_70130",2,41,207,712,2780,1705020201,"17050201","OBM","RaMCONdy_fdg_1705020201","RaMCONdy","RaMCONdy_fdg",23,"fdg","RaMCONdy","RaMCONdy_fdg","Mixed Conifer - Eastside Dry",1
"4_41_1_98945",2,41,207,712,869,1705020201,"17050201","OBM","RaMCONdy_fdg_1705020201","RaMCONdy","RaMCONdy_fdg",23,"fdg","RaMCONdy","RaMCONdy_fdg","Mixed Conifer - Eastside Dry",1
"4_41_1_91098",2,41,207,724,480,1705020201,"17050201","OBM","RaPIPOm_fdp_1705020201","RaPIPOm","RaPIPOm_fdp",52,"fdp","RaPIPOm","RaPIPOm_fdp","Dry Ponderosa Pine - Mesic",1
"4_41_1_68517",2,41,209,845,459,1705020203,"17050201","OBM","RaMCONdy_fdd_1705020203","RaMCONdy","RaMCONdy_fdd",42,"fdd","RaMCONdy","RaMCONdy_fdd","Mixed Conifer - Eastside Dry",1
"4_41_1_93892",2,41,209,846,1435,1705020203,"17050201","OBM","RaMCONdy_fdg_1705020203","RaMCONdy","RaMCONdy_fdg",23,"fdg","RaMCONdy","RaMCONdy_fdg","Mixed Conifer - Eastside Dry",1
"4_41_1_83357",2,36,184,894,820,1705011612,"17050115","OBM","RaPIPOm_fdp_1705011612","RaPIPOm","RaPIPOm_fdp",52,"fdp","RaPIPOm","RaPIPOm_fdp","Dry Ponderosa Pine - Mesic",1
"4_41_45_97421",2,36,184,894,85,1705011612,"17050115","OBM","RaPIPOm_fdp_1705011612","RaPIPOm","RaPIPOm_fdp",52,"fdp","RaPIPOm","RaPIPOm_fdp","Dry Ponderosa Pine - Mesic",1
"4_41_45_50017",2,36,186,2137,47,1705011614,"17050115","OBM","RaPIPOxe_fxp_17050116","RaPIPOxe","RaPIPOxe_fxp",56,"fxp","RaPIPOxe","RaPIPOxe_fxp","Ponderosa Pine - Xeric",3
"9_53_65_54871",12,11,41,24,2109,1702000220,"17020001","WNE","RaMCONdy_fdd_1702000220","RaMCONdy","RaMCONdy_fdd",42,"fdd","RaMCONdy","RaMCONdy_fdd","Mixed Conifer - Eastside Dry",1
"9_53_65_73588",12,10,31,90,2791,1702000115,"17010308","WNE","RaMCONdy_fdd_1702000115","RaMCONdy","RaMCONdy_fdd",42,"fdd","RaMCONdy","RaMCONdy_fdd","Mixed Conifer - Eastside Dry",1
"9_53_65_97982",12,11,41,24,1770,1702000220,"17020001","WNE","RaMCONdy_fdd_1702000220","RaMCONdy","RaMCONdy_fdd",42,"fdd","RaMCONdy","RaMCONdy_fdd","Mixed Conifer - Eastside Dry",1
"9_53_65_61257",12,10,33,107,1089,1702000117,"17010308","WNE","RaMCONdy_fdd_1702000117","RaMCONdy","RaMCONdy_fdd",42,"fdd","RaMCONdy","RaMCONdy_fdd","Mixed Conifer - Eastside Dry",1
"9_53_65_52035",12,8,22,120,700,1701030704,"17010306","WNE","RaMCONdy_fdd_1701030704","RaMCONdy","RaMCONdy_fdd",42,"fdd","RaMCONdy","RaMCONdy_fdd","Mixed Conifer - Eastside Dry",1
"9_53_65_77651",12,8,22,120,2138,1701030704,"17010306","WNE","RaMCONdy_fdd_1701030704","RaMCONdy","RaMCONdy_fdd",42,"fdd","RaMCONdy","RaMCONdy_fdd","Mixed Conifer - Eastside Dry",1
"9_53_65_85102",12,8,22,120,1451,1701030704,"17010306","WNE","RaMCONdy_fdd_1701030704","RaMCONdy","RaMCONdy_fdd",42,"fdd","RaMCONdy","RaMCONdy_fdd","Mixed Conifer - Eastside Dry",1
"9_53_65_94580",12,10,28,5,1108,1702000112,"17010308","WNE","RaMCONdy_fdd_1702000112","RaMCONdy","RaMCONdy_fdd",42,"fdd","RaMCONdy","RaMCONdy_fdd","Mixed Conifer - Eastside Dry",1
"9_53_65_53319",12,8,22,120,968,1701030704,"17010306","WNE","RaMCONdy_fdd_1701030704","RaMCONdy","RaMCONdy_fdd",42,"fdd","RaMCONdy","RaMCONdy_fdd","Mixed Conifer - Eastside Dry",1
"9_53_65_65955",12,10,28,5,1222,1702000112,"17010308","WNE","RaMCONdy_fdd_1702000112","RaMCONdy","RaMCONdy_fdd",42,"fdd","RaMCONdy","RaMCONdy_fdd","Mixed Conifer - Eastside Dry",1
"9_53_65_91733",12,10,28,5,1923,1702000112,"17010308","WNE","RaMCONdy_fdd_1702000112","RaMCONdy","RaMCONdy_fdd",42,"fdd","RaMCONdy","RaMCONdy_fdd","Mixed Conifer - Eastside Dry",1
"9_53_65_73941",12,10,27,7,1193,1702000111,"17010308","WNE","RaMCONdy_fdd_1702000111","RaMCONdy","RaMCONdy_fdd",42,"fdd","RaMCONdy","RaMCONdy_fdd","Mixed Conifer - Eastside Dry",1
"4_41_59_79145",2,56,300,1968,1655,1707010202,"17070101B","OBM","RaMCONms_fcm_17070102","RaMCONms","RaMCONms_fcm",22,"fcm","RaMCONms","RaMCONms_fcm","Mixed Conifer - Eastside Mesic",3
"4_41_59_95331",2,56,300,1968,2474,1707010202,"17070101B","OBM","RaMCONms_fcm_17070102","RaMCONms","RaMCONms_fcm",22,"fcm","RaMCONms","RaMCONms_fcm","Mixed Conifer - Eastside Mesic",3
"4_41_59_61963",2,56,299,1968,2656,1707010201,"17070101B","OBM","RaMCONms_fcm_17070102","RaMCONms","RaMCONms_fcm",22,"fcm","RaMCONms","RaMCONms_fcm","Mixed Conifer - Eastside Mesic",3
"4_41_59_79618",2,56,299,1968,1639,1707010201,"17070101B","OBM","RaMCONms_fcm_17070102","RaMCONms","RaMCONms_fcm",22,"fcm","RaMCONms","RaMCONms_fcm","Mixed Conifer - Eastside Mesic",3
"4_41_59_67783",2,56,299,1968,2804,1707010201,"17070101B","OBM","RaMCONms_fcm_17070102","RaMCONms","RaMCONms_fcm",22,"fcm","RaMCONms","RaMCONms_fcm","Mixed Conifer - Eastside Mesic",3
"4_41_59_58263",2,56,299,1968,1084,1707010201,"17070101B","OBM","RaMCONms_fcm_17070102","RaMCONms","RaMCONms_fcm",22,"fcm","RaMCONms","RaMCONms_fcm","Mixed Conifer - Eastside Mesic",3
"4_41_59_67821",2,56,299,1968,1853,1707010201,"17070101B","OBM","RaMCONms_fcm_17070102","RaMCONms","RaMCONms_fcm",22,"fcm","RaMCONms","RaMCONms_fcm","Mixed Conifer - Eastside Mesic",3
"4_41_59_79434",2,57,310,2007,2199,1707010301,"17070102","OBM","RaMCONms_fcm_17070103","RaMCONms","RaMCONms_fcm",22,"fcm","RaMCONms","RaMCONms_fcm","Mixed Conifer - Eastside Mesic",3
"9_53_65_83380",12,10,28,5,2243,1702000112,"17010308","WNE","RaMCONdy_fdd_1702000112","RaMCONdy","RaMCONdy_fdd",42,"fdd","RaMCONdy","RaMCONdy_fdd","Mixed Conifer - Eastside Dry",1
"4_41_59_53898",2,57,310,2007,3241,1707010301,"17070102","OBM","RaMCONms_fcm_17070103","RaMCONms","RaMCONms_fcm",22,"fcm","RaMCONms","RaMCONms_fcm","Mixed Conifer - Eastside Mesic",3
"4_41_61_76448",2,57,310,2007,2077,1707010301,"17070102","OBM","RaMCONms_fcm_17070103","RaMCONms","RaMCONms_fcm",22,"fcm","RaMCONms","RaMCONms_fcm","Mixed Conifer - Eastside Mesic",3
"4_41_59_71748",2,46,244,1998,2641,1706010408,"17060103","OBM","RaMCONms_fcm_17060104","RaMCONms","RaMCONms_fcm",22,"fcm","RaMCONms","RaMCONms_fcm","Mixed Conifer - Eastside Mesic",3
"4_41_59_83498",2,46,244,1998,1915,1706010408,"17060103","OBM","RaMCONms_fcm_17060104","RaMCONms","RaMCONms_fcm",22,"fcm","RaMCONms","RaMCONms_fcm","Mixed Conifer - Eastside Mesic",3
"4_41_59_59346",2,46,244,1998,1835,1706010408,"17060103","OBM","RaMCONms_fcm_17060104","RaMCONms","RaMCONms_fcm",22,"fcm","RaMCONms","RaMCONms_fcm","Mixed Conifer - Eastside Mesic",3
"4_41_61_51713",2,46,244,1998,1780,1706010408,"17060103","OBM","RaMCONms_fcm_17060104","RaMCONms","RaMCONms_fcm",22,"fcm","RaMCONms","RaMCONms_fcm","Mixed Conifer - Eastside Mesic",3
"4_41_59_74342",2,57,311,2007,1481,1707010302,"17070102","OBM","RaMCONms_fcm_17070103","RaMCONms","RaMCONms_fcm",22,"fcm","RaMCONms","RaMCONms_fcm","Mixed Conifer - Eastside Mesic",3
"4_41_59_88214",2,57,311,2007,1849,1707010302,"17070102","OBM","RaMCONms_fcm_17070103","RaMCONms","RaMCONms_fcm",22,"fcm","RaMCONms","RaMCONms_fcm","Mixed Conifer - Eastside Mesic",3
"4_41_61_77157",2,46,244,1998,1384,1706010408,"17060103","OBM","RaMCONms_fcm_17060104","RaMCONms","RaMCONms_fcm",22,"fcm","RaMCONms","RaMCONms_fcm","Mixed Conifer - Eastside Mesic",3
"4_41_59_59257",2,57,311,2007,1322,1707010302,"17070102","OBM","RaMCONms_fcm_17070103","RaMCONms","RaMCONms_fcm",22,"fcm","RaMCONms","RaMCONms_fcm","Mixed Conifer - Eastside Mesic",3
"4_41_61_57520",2,46,244,1998,1215,1706010408,"17060103","OBM","RaMCONms_fcm_17060104","RaMCONms","RaMCONms_fcm",22,"fcm","RaMCONms","RaMCONms_fcm","Mixed Conifer - Eastside Mesic",3
"4_41_61_88739",2,46,240,1998,1543,1706010404,"17060103","OBM","RaMCONms_fcm_17060104","RaMCONms","RaMCONms_fcm",22,"fcm","RaMCONms","RaMCONms_fcm","Mixed Conifer - Eastside Mesic",3
"4_41_61_89318",2,46,240,1998,1269,1706010404,"17060103","OBM","RaMCONms_fcm_17060104","RaMCONms","RaMCONms_fcm",22,"fcm","RaMCONms","RaMCONms_fcm","Mixed Conifer - Eastside Mesic",3
"4_41_61_65891",2,46,240,471,462,1706010404,"17060103","OBM","RaMCONdy_fdd_1706010404","RaMCONdy","RaMCONdy_fdd",42,"fdd","RaMCONdy","RaMCONdy_fdd","Mixed Conifer - Eastside Dry",1
"4_41_61_86637",2,46,239,1998,3418,1706010403,"17060103","OBM","RaMCONms_fcm_17060104","RaMCONms","RaMCONms_fcm",22,"fcm","RaMCONms","RaMCONms_fcm","Mixed Conifer - Eastside Mesic",3
"4_41_61_95744",2,46,239,1998,2036,1706010403,"17060103","OBM","RaMCONms_fcm_17060104","RaMCONms","RaMCONms_fcm",22,"fcm","RaMCONms","RaMCONms_fcm","Mixed Conifer - Eastside Mesic",3
"4_41_61_83843",2,42,220,2056,3059,1705020306,"17050202","OBM","RaMCONms_fcm_17050203","RaMCONms","RaMCONms_fcm",22,"fcm","RaMCONms","RaMCONms_fcm","Mixed Conifer - Eastside Mesic",3
"4_41_61_70570",2,42,220,2056,2103,1705020306,"17050202","OBM","RaMCONms_fcm_17050203","RaMCONms","RaMCONms_fcm",22,"fcm","RaMCONms","RaMCONms_fcm","Mixed Conifer - Eastside Mesic",3
"4_41_61_69228",2,42,219,2056,2289,1705020305,"17050202","OBM","RaMCONms_fcm_17050203","RaMCONms","RaMCONms_fcm",22,"fcm","RaMCONms","RaMCONms_fcm","Mixed Conifer - Eastside Mesic",3
"4_41_1_97092",2,42,219,2056,1701,1705020305,"17050202","OBM","RaMCONms_fcm_17050203","RaMCONms","RaMCONms_fcm",22,"fcm","RaMCONms","RaMCONms_fcm","Mixed Conifer - Eastside Mesic",3
"4_41_1_66656",2,42,219,2056,567,1705020305,"17050202","OBM","RaMCONms_fcm_17050203","RaMCONms","RaMCONms_fcm",22,"fcm","RaMCONms","RaMCONms_fcm","Mixed Conifer - Eastside Mesic",3
"4_41_1_76134",2,42,219,2056,2820,1705020305,"17050202","OBM","RaMCONms_fcm_17050203","RaMCONms","RaMCONms_fcm",22,"fcm","RaMCONms","RaMCONms_fcm","Mixed Conifer - Eastside Mesic",3
"4_41_1_81444",2,42,219,2056,1731,1705020305,"17050202","OBM","RaMCONms_fcm_17050203","RaMCONms","RaMCONms_fcm",22,"fcm","RaMCONms","RaMCONms_fcm","Mixed Conifer - Eastside Mesic",3
"4_41_1_66620",2,42,219,596,1335,1705020305,"17050202","OBM","RaMCONdy_fdg_1705020305","RaMCONdy","RaMCONdy_fdg",23,"fdg","RaMCONdy","RaMCONdy_fdg","Mixed Conifer - Eastside Dry",1
"4_41_1_85272",2,42,219,2056,1985,1705020305,"17050202","OBM","RaMCONms_fcm_17050203","RaMCONms","RaMCONms_fcm",22,"fcm","RaMCONms","RaMCONms_fcm","Mixed Conifer - Eastside Mesic",3
"4_41_1_82954",2,42,219,2057,2004,1705020305,"17050202","OBM","RaSAWD_fsw_17050203","RaSAWD","RaSAWD_fsw",3,"fsw","RaSAWD","RaSAWD_fsw","Subalpine Woodland",3
"4_41_1_58784",2,42,219,2057,1123,1705020305,"17050202","OBM","RaSAWD_fsw_17050203","RaSAWD","RaSAWD_fsw",3,"fsw","RaSAWD","RaSAWD_fsw","Subalpine Woodland",3
"4_41_1_54953",2,42,218,2057,671,1705020304,"17050202","OBM","RaSAWD_fsw_17050203","RaSAWD","RaSAWD_fsw",3,"fsw","RaSAWD","RaSAWD_fsw","Subalpine Woodland",3
"4_41_1_82541",2,42,218,2318,655,1705020304,"17050202","OBM","RaSPFI_fcd_OBM","RaSPFI","RaSPFI_fcd",9,"fcd","RaSPFI","RaSPFI_fcd","Spruce - Fir",4
"4_41_1_92092",2,42,218,2057,788,1705020304,"17050202","OBM","RaSAWD_fsw_17050203","RaSAWD","RaSAWD_fsw",3,"fsw","RaSAWD","RaSAWD_fsw","Subalpine Woodland",3
"4_41_1_82531",2,42,218,2057,568,1705020304,"17050202","OBM","RaSAWD_fsw_17050203","RaSAWD","RaSAWD_fsw",3,"fsw","RaSAWD","RaSAWD_fsw","Subalpine Woodland",3
"4_41_1_58739",2,42,215,2057,430,1705020301,"17050202","OBM","RaSAWD_fsw_17050203","RaSAWD","RaSAWD_fsw",3,"fsw","RaSAWD","RaSAWD_fsw","Subalpine Woodland",3
"4_41_1_86368",2,42,215,676,993,1705020301,"17050202","OBM","RaMCONdy_fdg_1705020301","RaMCONdy","RaMCONdy_fdg",23,"fdg","RaMCONdy","RaMCONdy_fdg","Mixed Conifer - Eastside Dry",1
"4_41_1_79399",2,42,215,2057,638,1705020301,"17050202","OBM","RaSAWD_fsw_17050203","RaSAWD","RaSAWD_fsw",3,"fsw","RaSAWD","RaSAWD_fsw","Subalpine Woodland",3
"4_41_1_72114",2,42,215,683,1315,1705020301,"17050202","OBM","RaPIPOm_fdp_1705020301","RaPIPOm","RaPIPOm_fdp",52,"fdp","RaPIPOm","RaPIPOm_fdp","Dry Ponderosa Pine - Mesic",1
"4_41_1_90037",2,41,207,712,1057,1705020201,"17050201","OBM","RaMCONdy_fdg_1705020201","RaMCONdy","RaMCONdy_fdg",23,"fdg","RaMCONdy","RaMCONdy_fdg","Mixed Conifer - Eastside Dry",1
"4_41_1_87250",2,41,207,712,1858,1705020201,"17050201","OBM","RaMCONdy_fdg_1705020201","RaMCONdy","RaMCONdy_fdg",23,"fdg","RaMCONdy","RaMCONdy_fdg","Mixed Conifer - Eastside Dry",1
"4_41_1_86155",2,41,210,761,147,1705020204,"17050201","OBM","RaMCONdy_fdd_1705020204","RaMCONdy","RaMCONdy_fdd",42,"fdd","RaMCONdy","RaMCONdy_fdd","Mixed Conifer - Eastside Dry",1
"4_41_1_60653",2,41,210,762,1497,1705020204,"17050201","OBM","RaPIPOm_fdp_1705020204","RaPIPOm","RaPIPOm_fdp",52,"fdp","RaPIPOm","RaPIPOm_fdp","Dry Ponderosa Pine - Mesic",1
"4_41_1_80241",2,41,209,847,708,1705020203,"17050201","OBM","RaPIPOm_fdp_1705020203","RaPIPOm","RaPIPOm_fdp",52,"fdp","RaPIPOm","RaPIPOm_fdp","Dry Ponderosa Pine - Mesic",1
"4_41_1_99958",2,41,209,847,448,1705020203,"17050201","OBM","RaPIPOm_fdp_1705020203","RaPIPOm","RaPIPOm_fdp",52,"fdp","RaPIPOm","RaPIPOm_fdp","Dry Ponderosa Pine - Mesic",1
"4_41_1_52866",2,41,209,846,669,1705020203,"17050201","OBM","RaMCONdy_fdg_1705020203","RaMCONdy","RaMCONdy_fdg",23,"fdg","RaMCONdy","RaMCONdy_fdg","Mixed Conifer - Eastside Dry",1
"4_41_1_93130",2,41,209,846,1406,1705020203,"17050201","OBM","RaMCONdy_fdg_1705020203","RaMCONdy","RaMCONdy_fdg",23,"fdg","RaMCONdy","RaMCONdy_fdg","Mixed Conifer - Eastside Dry",1
"4_41_45_66636",2,39,196,854,603,1705011901,"17050118","OBM","RaMCONdy_fdg_1705011901","RaMCONdy","RaMCONdy_fdg",23,"fdg","RaMCONdy","RaMCONdy_fdg","Mixed Conifer - Eastside Dry",1
"4_41_1_80207",2,41,209,846,421,1705020203,"17050201","OBM","RaMCONdy_fdg_1705020203","RaMCONdy","RaMCONdy_fdg",23,"fdg","RaMCONdy","RaMCONdy_fdg","Mixed Conifer - Eastside Dry",1
"9_53_65_62412",12,12,45,66,1838,1702000304,"17020002","WNE","RaMCONdy_fdd_1702000304","RaMCONdy","RaMCONdy_fdd",42,"fdd","RaMCONdy","RaMCONdy_fdd","Mixed Conifer - Eastside Dry",1
"4_41_45_66065",2,38,193,939,402,1705011801,"17050117","OBM","RaPIPOm_fdp_1705011801","RaPIPOm","RaPIPOm_fdp",52,"fdp","RaPIPOm","RaPIPOm_fdp","Dry Ponderosa Pine - Mesic",1
"4_41_45_97155",2,36,185,955,1278,1705011613,"17050115","OBM","RaPIPOm_fdp_1705011613","RaPIPOm","RaPIPOm_fdp",52,"fdp","RaPIPOm","RaPIPOm_fdp","Dry Ponderosa Pine - Mesic",1
"9_53_65_90797",12,12,45,66,1664,1702000304,"17020002","WNE","RaMCONdy_fdd_1702000304","RaMCONdy","RaMCONdy_fdd",42,"fdd","RaMCONdy","RaMCONdy_fdd","Mixed Conifer - Eastside Dry",1
"4_41_45_60781",2,36,185,2137,1,1705011613,"17050115","OBM","RaPIPOxe_fxp_17050116","RaPIPOxe","RaPIPOxe_fxp",56,"fxp","RaPIPOxe","RaPIPOxe_fxp","Ponderosa Pine - Xeric",3
"9_53_65_86377",12,10,28,5,1257,1702000112,"17010308","WNE","RaMCONdy_fdd_1702000112","RaMCONdy","RaMCONdy_fdd",42,"fdd","RaMCONdy","RaMCONdy_fdd","Mixed Conifer - Eastside Dry",1
"9_53_65_73019",12,12,45,66,2454,1702000304,"17020002","WNE","RaMCONdy_fdd_1702000304","RaMCONdy","RaMCONdy_fdd",42,"fdd","RaMCONdy","RaMCONdy_fdd","Mixed Conifer - Eastside Dry",1
"9_53_65_58773",12,12,45,66,1813,1702000304,"17020002","WNE","RaMCONdy_fdd_1702000304","RaMCONdy","RaMCONdy_fdd",42,"fdd","RaMCONdy","RaMCONdy_fdd","Mixed Conifer - Eastside Dry",1
"9_53_65_69098",12,12,45,66,1230,1702000304,"17020002","WNE","RaMCONdy_fdd_1702000304","RaMCONdy","RaMCONdy_fdd",42,"fdd","RaMCONdy","RaMCONdy_fdd","Mixed Conifer - Eastside Dry",1
"9_53_65_74404",12,12,45,66,1345,1702000304,"17020002","WNE","RaMCONdy_fdd_1702000304","RaMCONdy","RaMCONdy_fdd",42,"fdd","RaMCONdy","RaMCONdy_fdd","Mixed Conifer - Eastside Dry",1
"9_53_65_70117",12,10,31,90,1980,1702000115,"17010308","WNE","RaMCONdy_fdd_1702000115","RaMCONdy","RaMCONdy_fdd",42,"fdd","RaMCONdy","RaMCONdy_fdd","Mixed Conifer - Eastside Dry",1
"9_53_65_54318",12,10,28,5,2431,1702000112,"17010308","WNE","RaMCONdy_fdd_1702000112","RaMCONdy","RaMCONdy_fdd",42,"fdd","RaMCONdy","RaMCONdy_fdd","Mixed Conifer - Eastside Dry",1
"9_53_65_51011",12,10,33,107,1523,1702000117,"17010308","WNE","RaMCONdy_fdd_1702000117","RaMCONdy","RaMCONdy_fdd",42,"fdd","RaMCONdy","RaMCONdy_fdd","Mixed Conifer - Eastside Dry",1
"9_53_65_70487",12,10,33,107,1251,1702000117,"17010308","WNE","RaMCONdy_fdd_1702000117","RaMCONdy","RaMCONdy_fdd",42,"fdd","RaMCONdy","RaMCONdy_fdd","Mixed Conifer - Eastside Dry",1
"9_53_65_65660",12,8,20,114,1825,1701030702,"17010306","WNE","RaMCONdy_fdd_1701030702","RaMCONdy","RaMCONdy_fdd",42,"fdd","RaMCONdy","RaMCONdy_fdd","Mixed Conifer - Eastside Dry",1
"9_53_65_76142",12,8,21,126,1668,1701030703,"17010306","WNE","RaMCONdy_fdd_1701030703","RaMCONdy","RaMCONdy_fdd",42,"fdd","RaMCONdy","RaMCONdy_fdd","Mixed Conifer - Eastside Dry",1
"9_53_65_56790",12,10,28,5,2224,1702000112,"17010308","WNE","RaMCONdy_fdd_1702000112","RaMCONdy","RaMCONdy_fdd",42,"fdd","RaMCONdy","RaMCONdy_fdd","Mixed Conifer - Eastside Dry",1
"9_53_65_61189",12,8,22,120,588,1701030704,"17010306","WNE","RaMCONdy_fdd_1701030704","RaMCONdy","RaMCONdy_fdd",42,"fdd","RaMCONdy","RaMCONdy_fdd","Mixed Conifer - Eastside Dry",1
"9_53_65_58986",12,8,22,120,154,1701030704,"17010306","WNE","RaMCONdy_fdd_1701030704","RaMCONdy","RaMCONdy_fdd",42,"fdd","RaMCONdy","RaMCONdy_fdd","Mixed Conifer - Eastside Dry",1
"9_53_43_51409",12,8,21,127,126,1701030703,"17010306","WNE","RaPIPOm_fpd_1701030703","RaPIPOm","RaPIPOm_fpd",51,"fpd","RaPIPOm","RaPIPOm_fpd","Dry Ponderosa Pine - Mesic",1
"9_53_65_77622",12,10,28,5,950,1702000112,"17010308","WNE","RaMCONdy_fdd_1702000112","RaMCONdy","RaMCONdy_fdd",42,"fdd","RaMCONdy","RaMCONdy_fdd","Mixed Conifer - Eastside Dry",1
"9_53_65_69921",12,10,27,7,625,1702000111,"17010308","WNE","RaMCONdy_fdd_1702000111","RaMCONdy","RaMCONdy_fdd",42,"fdd","RaMCONdy","RaMCONdy_fdd","Mixed Conifer - Eastside Dry",1
"9_53_65_87542",12,10,27,7,1234,1702000111,"17010308","WNE","RaMCONdy_fdd_1702000111","RaMCONdy","RaMCONdy_fdd",42,"fdd","RaMCONdy","RaMCONdy_fdd","Mixed Conifer - Eastside Dry",1
"9_53_71_52174",2,56,306,1968,1592,1707010208,"17070101B","OBM","RaMCONms_fcm_17070102","RaMCONms","RaMCONms_fcm",22,"fcm","RaMCONms","RaMCONms_fcm","Mixed Conifer - Eastside Mesic",3
"9_53_71_93609",2,56,300,1968,1956,1707010202,"17070101B","OBM","RaMCONms_fcm_17070102","RaMCONms","RaMCONms_fcm",22,"fcm","RaMCONms","RaMCONms_fcm","Mixed Conifer - Eastside Mesic",3
"4_41_59_64146",2,56,300,1968,2130,1707010202,"17070101B","OBM","RaMCONms_fcm_17070102","RaMCONms","RaMCONms_fcm",22,"fcm","RaMCONms","RaMCONms_fcm","Mixed Conifer - Eastside Mesic",3
"4_41_59_74516",2,56,300,1968,1709,1707010202,"17070101B","OBM","RaMCONms_fcm_17070102","RaMCONms","RaMCONms_fcm",22,"fcm","RaMCONms","RaMCONms_fcm","Mixed Conifer - Eastside Mesic",3
"4_41_59_54569",2,56,300,1968,1513,1707010202,"17070101B","OBM","RaMCONms_fcm_17070102","RaMCONms","RaMCONms_fcm",22,"fcm","RaMCONms","RaMCONms_fcm","Mixed Conifer - Eastside Mesic",3
"4_41_59_88554",2,56,299,1968,1980,1707010201,"17070101B","OBM","RaMCONms_fcm_17070102","RaMCONms","RaMCONms_fcm",22,"fcm","RaMCONms","RaMCONms_fcm","Mixed Conifer - Eastside Mesic",3
"4_41_59_75425",2,56,299,1968,1781,1707010201,"17070101B","OBM","RaMCONms_fcm_17070102","RaMCONms","RaMCONms_fcm",22,"fcm","RaMCONms","RaMCONms_fcm","Mixed Conifer - Eastside Mesic",3
"4_41_59_85547",2,56,299,1968,3144,1707010201,"17070101B","OBM","RaMCONms_fcm_17070102","RaMCONms","RaMCONms_fcm",22,"fcm","RaMCONms","RaMCONms_fcm","Mixed Conifer - Eastside Mesic",3
"4_41_59_97500",2,56,299,1968,1489,1707010201,"17070101B","OBM","RaMCONms_fcm_17070102","RaMCONms","RaMCONms_fcm",22,"fcm","RaMCONms","RaMCONms_fcm","Mixed Conifer - Eastside Mesic",3
"4_41_59_82083",2,56,299,1968,3469,1707010201,"17070101B","OBM","RaMCONms_fcm_17070102","RaMCONms","RaMCONms_fcm",22,"fcm","RaMCONms","RaMCONms_fcm","Mixed Conifer - Eastside Mesic",3
"4_41_59_55149",2,46,246,1998,3164,1706010410,"17060103","OBM","RaMCONms_fcm_17060104","RaMCONms","RaMCONms_fcm",22,"fcm","RaMCONms","RaMCONms_fcm","Mixed Conifer - Eastside Mesic",3
"9_53_65_50994",12,12,44,49,1275,1702000303,"17020002","WNE","RaMCONdy_fdd_1702000303","RaMCONdy","RaMCONdy_fdd",42,"fdd","RaMCONdy","RaMCONdy_fdd","Mixed Conifer - Eastside Dry",1
"4_41_59_66473",2,57,310,2007,2708,1707010301,"17070102","OBM","RaMCONms_fcm_17070103","RaMCONms","RaMCONms_fcm",22,"fcm","RaMCONms","RaMCONms_fcm","Mixed Conifer - Eastside Mesic",3
"4_41_61_68780",2,46,247,1998,1420,1706010411,"17060103","OBM","RaMCONms_fcm_17060104","RaMCONms","RaMCONms_fcm",22,"fcm","RaMCONms","RaMCONms_fcm","Mixed Conifer - Eastside Mesic",3
"4_41_61_97861",2,46,247,1998,1309,1706010411,"17060103","OBM","RaMCONms_fcm_17060104","RaMCONms","RaMCONms_fcm",22,"fcm","RaMCONms","RaMCONms_fcm","Mixed Conifer - Eastside Mesic",3
"4_41_61_84122",2,46,244,1998,1727,1706010408,"17060103","OBM","RaMCONms_fcm_17060104","RaMCONms","RaMCONms_fcm",22,"fcm","RaMCONms","RaMCONms_fcm","Mixed Conifer - Eastside Mesic",3
"4_41_61_75497",2,46,247,1998,2325,1706010411,"17060103","OBM","RaMCONms_fcm_17060104","RaMCONms","RaMCONms_fcm",22,"fcm","RaMCONms","RaMCONms_fcm","Mixed Conifer - Eastside Mesic",3
"4_41_61_58507",2,46,244,1998,1055,1706010408,"17060103","OBM","RaMCONms_fcm_17060104","RaMCONms","RaMCONms_fcm",22,"fcm","RaMCONms","RaMCONms_fcm","Mixed Conifer - Eastside Mesic",3
"4_41_61_81229",2,46,244,429,2196,1706010408,"17060103","OBM","RaMCONdy_fdd_1706010408","RaMCONdy","RaMCONdy_fdd",42,"fdd","RaMCONdy","RaMCONdy_fdd","Mixed Conifer - Eastside Dry",1
"4_41_61_51319",2,46,244,1998,1709,1706010408,"17060103","OBM","RaMCONms_fcm_17060104","RaMCONms","RaMCONms_fcm",22,"fcm","RaMCONms","RaMCONms_fcm","Mixed Conifer - Eastside Mesic",3
"4_41_61_91510",2,46,240,471,1501,1706010404,"17060103","OBM","RaMCONdy_fdd_1706010404","RaMCONdy","RaMCONdy_fdd",42,"fdd","RaMCONdy","RaMCONdy_fdd","Mixed Conifer - Eastside Dry",1
"4_41_61_96133",2,46,239,1998,1810,1706010403,"17060103","OBM","RaMCONms_fcm_17060104","RaMCONms","RaMCONms_fcm",22,"fcm","RaMCONms","RaMCONms_fcm","Mixed Conifer - Eastside Mesic",3
"9_53_65_81681",12,12,44,49,2157,1702000303,"17020002","WNE","RaMCONdy_fdd_1702000303","RaMCONdy","RaMCONdy_fdd",42,"fdd","RaMCONdy","RaMCONdy_fdd","Mixed Conifer - Eastside Dry",1
"4_41_61_50222",2,46,239,1998,3200,1706010403,"17060103","OBM","RaMCONms_fcm_17060104","RaMCONms","RaMCONms_fcm",22,"fcm","RaMCONms","RaMCONms_fcm","Mixed Conifer - Eastside Mesic",3
"4_41_61_52417",2,46,242,1998,2597,1706010406,"17060103","OBM","RaMCONms_fcm_17060104","RaMCONms","RaMCONms_fcm",22,"fcm","RaMCONms","RaMCONms_fcm","Mixed Conifer - Eastside Mesic",3
"4_41_61_57184",2,42,220,2056,3107,1705020306,"17050202","OBM","RaMCONms_fcm_17050203","RaMCONms","RaMCONms_fcm",22,"fcm","RaMCONms","RaMCONms_fcm","Mixed Conifer - Eastside Mesic",3
"4_41_61_88552",2,42,220,2056,1704,1705020306,"17050202","OBM","RaMCONms_fcm_17050203","RaMCONms","RaMCONms_fcm",22,"fcm","RaMCONms","RaMCONms_fcm","Mixed Conifer - Eastside Mesic",3
"4_41_61_79290",2,42,220,2056,1602,1705020306,"17050202","OBM","RaMCONms_fcm_17050203","RaMCONms","RaMCONms_fcm",22,"fcm","RaMCONms","RaMCONms_fcm","Mixed Conifer - Eastside Mesic",3
"4_41_1_90525",2,42,219,597,582,1705020305,"17050202","OBM","RaMCONdy_fdd_1705020305","RaMCONdy","RaMCONdy_fdd",42,"fdd","RaMCONdy","RaMCONdy_fdd","Mixed Conifer - Eastside Dry",1
"4_41_1_58580",2,42,218,2057,1006,1705020304,"17050202","OBM","RaSAWD_fsw_17050203","RaSAWD","RaSAWD_fsw",3,"fsw","RaSAWD","RaSAWD_fsw","Subalpine Woodland",3
"4_41_1_60853",2,42,218,2057,662,1705020304,"17050202","OBM","RaSAWD_fsw_17050203","RaSAWD","RaSAWD_fsw",3,"fsw","RaSAWD","RaSAWD_fsw","Subalpine Woodland",3
"4_41_1_62938",2,42,215,2057,967,1705020301,"17050202","OBM","RaSAWD_fsw_17050203","RaSAWD","RaSAWD_fsw",3,"fsw","RaSAWD","RaSAWD_fsw","Subalpine Woodland",3
"4_41_1_62327",2,42,215,676,1091,1705020301,"17050202","OBM","RaMCONdy_fdg_1705020301","RaMCONdy","RaMCONdy_fdg",23,"fdg","RaMCONdy","RaMCONdy_fdg","Mixed Conifer - Eastside Dry",1
"4_41_1_69362",2,42,215,676,2306,1705020301,"17050202","OBM","RaMCONdy_fdg_1705020301","RaMCONdy","RaMCONdy_fdg",23,"fdg","RaMCONdy","RaMCONdy_fdg","Mixed Conifer - Eastside Dry",1
"4_41_1_61387",2,42,215,676,1378,1705020301,"17050202","OBM","RaMCONdy_fdg_1705020301","RaMCONdy","RaMCONdy_fdg",23,"fdg","RaMCONdy","RaMCONdy_fdg","Mixed Conifer - Eastside Dry",1
"4_41_1_67474",2,42,215,683,1920,1705020301,"17050202","OBM","RaPIPOm_fdp_1705020301","RaPIPOm","RaPIPOm_fdp",52,"fdp","RaPIPOm","RaPIPOm_fdp","Dry Ponderosa Pine - Mesic",1
"4_41_1_61800",2,42,215,683,2389,1705020301,"17050202","OBM","RaPIPOm_fdp_1705020301","RaPIPOm","RaPIPOm_fdp",52,"fdp","RaPIPOm","RaPIPOm_fdp","Dry Ponderosa Pine - Mesic",1
"4_41_1_58323",2,42,215,676,1165,1705020301,"17050202","OBM","RaMCONdy_fdg_1705020301","RaMCONdy","RaMCONdy_fdg",23,"fdg","RaMCONdy","RaMCONdy_fdg","Mixed Conifer - Eastside Dry",1
"4_41_1_86790",2,41,207,712,834,1705020201,"17050201","OBM","RaMCONdy_fdg_1705020201","RaMCONdy","RaMCONdy_fdg",23,"fdg","RaMCONdy","RaMCONdy_fdg","Mixed Conifer - Eastside Dry",1
"9_53_65_86005",12,12,45,66,692,1702000304,"17020002","WNE","RaMCONdy_fdd_1702000304","RaMCONdy","RaMCONdy_fdd",42,"fdd","RaMCONdy","RaMCONdy_fdd","Mixed Conifer - Eastside Dry",1
"4_41_1_88184",2,41,209,2086,108,1705020203,"17050201","OBM","RaPIPOxe_fxp_17050202","RaPIPOxe","RaPIPOxe_fxp",56,"fxp","RaPIPOxe","RaPIPOxe_fxp","Ponderosa Pine - Xeric",3
"4_41_45_54515",2,39,196,855,982,1705011901,"17050118","OBM","RaMCONdy_fdd_1705011901","RaMCONdy","RaMCONdy_fdd",42,"fdd","RaMCONdy","RaMCONdy_fdd","Mixed Conifer - Eastside Dry",1
"4_41_45_87225",2,39,196,855,421,1705011901,"17050118","OBM","RaMCONdy_fdd_1705011901","RaMCONdy","RaMCONdy_fdd",42,"fdd","RaMCONdy","RaMCONdy_fdd","Mixed Conifer - Eastside Dry",1
"4_41_45_87963",2,39,196,855,639,1705011901,"17050118","OBM","RaMCONdy_fdd_1705011901","RaMCONdy","RaMCONdy_fdd",42,"fdd","RaMCONdy","RaMCONdy_fdd","Mixed Conifer - Eastside Dry",1
"4_41_45_88864",2,36,185,2137,30,1705011613,"17050115","OBM","RaPIPOxe_fxp_17050116","RaPIPOxe","RaPIPOxe_fxp",56,"fxp","RaPIPOxe","RaPIPOxe_fxp","Ponderosa Pine - Xeric",3
"9_53_65_74721",12,12,45,66,1312,1702000304,"17020002","WNE","RaMCONdy_fdd_1702000304","RaMCONdy","RaMCONdy_fdd",42,"fdd","RaMCONdy","RaMCONdy_fdd","Mixed Conifer - Eastside Dry",1
"9_53_65_64607",12,10,28,5,871,1702000112,"17010308","WNE","RaMCONdy_fdd_1702000112","RaMCONdy","RaMCONdy_fdd",42,"fdd","RaMCONdy","RaMCONdy_fdd","Mixed Conifer - Eastside Dry",1
"9_53_65_72893",12,10,28,5,2065,1702000112,"17010308","WNE","RaMCONdy_fdd_1702000112","RaMCONdy","RaMCONdy_fdd",42,"fdd","RaMCONdy","RaMCONdy_fdd","Mixed Conifer - Eastside Dry",1
"9_53_65_91177",12,8,20,114,2591,1701030702,"17010306","WNE","RaMCONdy_fdd_1701030702","RaMCONdy","RaMCONdy_fdd",42,"fdd","RaMCONdy","RaMCONdy_fdd","Mixed Conifer - Eastside Dry",1
"9_53_65_56841",12,8,20,114,1849,1701030702,"17010306","WNE","RaMCONdy_fdd_1701030702","RaMCONdy","RaMCONdy_fdd",42,"fdd","RaMCONdy","RaMCONdy_fdd","Mixed Conifer - Eastside Dry",1
"9_53_65_75805",12,8,21,127,1504,1701030703,"17010306","WNE","RaPIPOm_fpd_1701030703","RaPIPOm","RaPIPOm_fpd",51,"fpd","RaPIPOm","RaPIPOm_fpd","Dry Ponderosa Pine - Mesic",1
"9_53_65_87367",12,8,21,127,77,1701030703,"17010306","WNE","RaPIPOm_fpd_1701030703","RaPIPOm","RaPIPOm_fpd",51,"fpd","RaPIPOm","RaPIPOm_fpd","Dry Ponderosa Pine - Mesic",1
"9_53_65_81497",12,10,27,1769,940,1702000111,"17010308","WNE","Na1010471_frn_17020001","Na1010471","Na1010471_frn",39,"frn","Na1010471","Na1010471_frn","Northern Rocky Mountain Mesic Montane Mixed Conifer Forest",3
"9_53_71_82459",2,56,302,1968,1111,1707010204,"17070101B","OBM","RaMCONms_fcm_17070102","RaMCONms","RaMCONms_fcm",22,"fcm","RaMCONms","RaMCONms_fcm","Mixed Conifer - Eastside Mesic",3
"4_41_59_99336",2,56,300,1968,2573,1707010202,"17070101B","OBM","RaMCONms_fcm_17070102","RaMCONms","RaMCONms_fcm",22,"fcm","RaMCONms","RaMCONms_fcm","Mixed Conifer - Eastside Mesic",3
"4_41_59_55617",2,56,300,1968,2971,1707010202,"17070101B","OBM","RaMCONms_fcm_17070102","RaMCONms","RaMCONms_fcm",22,"fcm","RaMCONms","RaMCONms_fcm","Mixed Conifer - Eastside Mesic",3
"4_41_59_88763",2,56,299,1968,2370,1707010201,"17070101B","OBM","RaMCONms_fcm_17070102","RaMCONms","RaMCONms_fcm",22,"fcm","RaMCONms","RaMCONms_fcm","Mixed Conifer - Eastside Mesic",3
"4_41_59_95031",2,56,299,1968,2909,1707010201,"17070101B","OBM","RaMCONms_fcm_17070102","RaMCONms","RaMCONms_fcm",22,"fcm","RaMCONms","RaMCONms_fcm","Mixed Conifer - Eastside Mesic",3
"4_41_59_51623",2,56,299,1968,1951,1707010201,"17070101B","OBM","RaMCONms_fcm_17070102","RaMCONms","RaMCONms_fcm",22,"fcm","RaMCONms","RaMCONms_fcm","Mixed Conifer - Eastside Mesic",3
"4_41_59_85922",2,56,299,1968,2168,1707010201,"17070101B","OBM","RaMCONms_fcm_17070102","RaMCONms","RaMCONms_fcm",22,"fcm","RaMCONms","RaMCONms_fcm","Mixed Conifer - Eastside Mesic",3
"4_41_59_89620",2,56,299,1968,2546,1707010201,"17070101B","OBM","RaMCONms_fcm_17070102","RaMCONms","RaMCONms_fcm",22,"fcm","RaMCONms","RaMCONms_fcm","Mixed Conifer - Eastside Mesic",3
"4_41_59_59200",2,46,246,1998,2013,1706010410,"17060103","OBM","RaMCONms_fcm_17060104","RaMCONms","RaMCONms_fcm",22,"fcm","RaMCONms","RaMCONms_fcm","Mixed Conifer - Eastside Mesic",3
"4_41_61_78367",2,46,246,1998,1788,1706010410,"17060103","OBM","RaMCONms_fcm_17060104","RaMCONms","RaMCONms_fcm",22,"fcm","RaMCONms","RaMCONms_fcm","Mixed Conifer - Eastside Mesic",3
"4_41_61_72921",2,46,246,1998,2236,1706010410,"17060103","OBM","RaMCONms_fcm_17060104","RaMCONms","RaMCONms_fcm",22,"fcm","RaMCONms","RaMCONms_fcm","Mixed Conifer - Eastside Mesic",3
"4_41_61_67400",2,46,246,1998,2382,1706010410,"17060103","OBM","RaMCONms_fcm_17060104","RaMCONms","RaMCONms_fcm",22,"fcm","RaMCONms","RaMCONms_fcm","Mixed Conifer - Eastside Mesic",3
"4_41_61_59232",2,46,246,1998,921,1706010410,"17060103","OBM","RaMCONms_fcm_17060104","RaMCONms","RaMCONms_fcm",22,"fcm","RaMCONms","RaMCONms_fcm","Mixed Conifer - Eastside Mesic",3
"4_41_61_55974",2,57,310,2007,3348,1707010301,"17070102","OBM","RaMCONms_fcm_17070103","RaMCONms","RaMCONms_fcm",22,"fcm","RaMCONms","RaMCONms_fcm","Mixed Conifer - Eastside Mesic",3
"4_41_61_67147",2,46,247,1998,1976,1706010411,"17060103","OBM","RaMCONms_fcm_17060104","RaMCONms","RaMCONms_fcm",22,"fcm","RaMCONms","RaMCONms_fcm","Mixed Conifer - Eastside Mesic",3
"4_41_61_51560",2,46,247,1998,1630,1706010411,"17060103","OBM","RaMCONms_fcm_17060104","RaMCONms","RaMCONms_fcm",22,"fcm","RaMCONms","RaMCONms_fcm","Mixed Conifer - Eastside Mesic",3
"4_41_61_71688",2,46,247,1998,2277,1706010411,"17060103","OBM","RaMCONms_fcm_17060104","RaMCONms","RaMCONms_fcm",22,"fcm","RaMCONms","RaMCONms_fcm","Mixed Conifer - Eastside Mesic",3
"4_41_61_61152",2,46,247,1998,1393,1706010411,"17060103","OBM","RaMCONms_fcm_17060104","RaMCONms","RaMCONms_fcm",22,"fcm","RaMCONms","RaMCONms_fcm","Mixed Conifer - Eastside Mesic",3
"4_41_61_72002",2,46,247,1998,850,1706010411,"17060103","OBM","RaMCONms_fcm_17060104","RaMCONms","RaMCONms_fcm",22,"fcm","RaMCONms","RaMCONms_fcm","Mixed Conifer - Eastside Mesic",3
"4_41_61_72780",2,46,247,402,918,1706010411,"17060103","OBM","RaMCONdy_fdd_1706010411","RaMCONdy","RaMCONdy_fdd",42,"fdd","RaMCONdy","RaMCONdy_fdd","Mixed Conifer - Eastside Dry",1
"4_41_61_68675",2,42,220,2056,1247,1705020306,"17050202","OBM","RaMCONms_fcm_17050203","RaMCONms","RaMCONms_fcm",22,"fcm","RaMCONms","RaMCONms_fcm","Mixed Conifer - Eastside Mesic",3
"4_41_1_81501",2,42,218,2056,919,1705020304,"17050202","OBM","RaMCONms_fcm_17050203","RaMCONms","RaMCONms_fcm",22,"fcm","RaMCONms","RaMCONms_fcm","Mixed Conifer - Eastside Mesic",3
"4_41_1_65765",2,42,218,2056,1556,1705020304,"17050202","OBM","RaMCONms_fcm_17050203","RaMCONms","RaMCONms_fcm",22,"fcm","RaMCONms","RaMCONms_fcm","Mixed Conifer - Eastside Mesic",3
"4_41_1_69739",2,42,218,2057,1210,1705020304,"17050202","OBM","RaSAWD_fsw_17050203","RaSAWD","RaSAWD_fsw",3,"fsw","RaSAWD","RaSAWD_fsw","Subalpine Woodland",3
"4_41_1_83996",2,42,215,2057,700,1705020301,"17050202","OBM","RaSAWD_fsw_17050203","RaSAWD","RaSAWD_fsw",3,"fsw","RaSAWD","RaSAWD_fsw","Subalpine Woodland",3
"4_41_1_83702",2,42,215,676,1390,1705020301,"17050202","OBM","RaMCONdy_fdg_1705020301","RaMCONdy","RaMCONdy_fdg",23,"fdg","RaMCONdy","RaMCONdy_fdg","Mixed Conifer - Eastside Dry",1
"4_41_1_63532",2,42,215,683,1779,1705020301,"17050202","OBM","RaPIPOm_fdp_1705020301","RaPIPOm","RaPIPOm_fdp",52,"fdp","RaPIPOm","RaPIPOm_fdp","Dry Ponderosa Pine - Mesic",1
"4_41_1_77391",2,42,215,683,1606,1705020301,"17050202","OBM","RaPIPOm_fdp_1705020301","RaPIPOm","RaPIPOm_fdp",52,"fdp","RaPIPOm","RaPIPOm_fdp","Dry Ponderosa Pine - Mesic",1
"4_41_1_74870",2,42,215,676,1616,1705020301,"17050202","OBM","RaMCONdy_fdg_1705020301","RaMCONdy","RaMCONdy_fdg",23,"fdg","RaMCONdy","RaMCONdy_fdg","Mixed Conifer - Eastside Dry",1
"4_41_45_54926",2,39,196,2114,80,1705011901,"17050118","OBM","RaPIPOxe_fxp_17050119","RaPIPOxe","RaPIPOxe_fxp",56,"fxp","RaPIPOxe","RaPIPOxe_fxp","Ponderosa Pine - Xeric",3
"4_41_45_59513",2,38,194,919,222,1705011802,"17050117","OBM","RaPIPOm_fdp_1705011802","RaPIPOm","RaPIPOm_fdp",52,"fdp","RaPIPOm","RaPIPOm_fdp","Dry Ponderosa Pine - Mesic",1
"9_53_65_67995",12,12,45,66,1050,1702000304,"17020002","WNE","RaMCONdy_fdd_1702000304","RaMCONdy","RaMCONdy_fdd",42,"fdd","RaMCONdy","RaMCONdy_fdd","Mixed Conifer - Eastside Dry",1
"9_53_65_52780",12,10,27,1769,789,1702000111,"17010308","WNE","Na1010471_frn_17020001","Na1010471","Na1010471_frn",39,"frn","Na1010471","Na1010471_frn","Northern Rocky Mountain Mesic Montane Mixed Conifer Forest",3
"9_53_65_81610",12,12,45,66,2414,1702000304,"17020002","WNE","RaMCONdy_fdd_1702000304","RaMCONdy","RaMCONdy_fdd",42,"fdd","RaMCONdy","RaMCONdy_fdd","Mixed Conifer - Eastside Dry",1
"4_41_45_57800",5,34,166,2152,2,1705011003,"17050109","OSE","RaPIPOxe_fxp_17050110","RaPIPOxe","RaPIPOxe_fxp",56,"fxp","RaPIPOxe","RaPIPOxe_fxp","Ponderosa Pine - Xeric",3
"4_41_45_71670",5,34,166,2152,490,1705011003,"17050109","OSE","RaPIPOxe_fxp_17050110","RaPIPOxe","RaPIPOxe_fxp",56,"fxp","RaPIPOxe","RaPIPOxe_fxp","Ponderosa Pine - Xeric",3
"9_53_65_94896",12,12,45,66,1373,1702000304,"17020002","WNE","RaMCONdy_fdd_1702000304","RaMCONdy","RaMCONdy_fdd",42,"fdd","RaMCONdy","RaMCONdy_fdd","Mixed Conifer - Eastside Dry",1
"9_53_65_89095",12,12,45,66,1811,1702000304,"17020002","WNE","RaMCONdy_fdd_1702000304","RaMCONdy","RaMCONdy_fdd",42,"fdd","RaMCONdy","RaMCONdy_fdd","Mixed Conifer - Eastside Dry",1
"9_53_65_71787",12,12,45,66,1285,1702000304,"17020002","WNE","RaMCONdy_fdd_1702000304","RaMCONdy","RaMCONdy_fdd",42,"fdd","RaMCONdy","RaMCONdy_fdd","Mixed Conifer - Eastside Dry",1
"9_53_65_87010",12,12,42,81,725,1702000301,"17020002","WNE","RaMCONdy_fdd_1702000301","RaMCONdy","RaMCONdy_fdd",42,"fdd","RaMCONdy","RaMCONdy_fdd","Mixed Conifer - Eastside Dry",1
"9_53_65_83890",12,12,42,81,1060,1702000301,"17020002","WNE","RaMCONdy_fdd_1702000301","RaMCONdy","RaMCONdy_fdd",42,"fdd","RaMCONdy","RaMCONdy_fdd","Mixed Conifer - Eastside Dry",1
"9_53_65_55098",12,12,42,81,2168,1702000301,"17020002","WNE","RaMCONdy_fdd_1702000301","RaMCONdy","RaMCONdy_fdd",42,"fdd","RaMCONdy","RaMCONdy_fdd","Mixed Conifer - Eastside Dry",1
"9_53_65_70726",12,8,20,114,1253,1701030702,"17010306","WNE","RaMCONdy_fdd_1701030702","RaMCONdy","RaMCONdy_fdd",42,"fdd","RaMCONdy","RaMCONdy_fdd","Mixed Conifer - Eastside Dry",1
"9_53_65_70120",12,8,20,114,795,1701030702,"17010306","WNE","RaMCONdy_fdd_1701030702","RaMCONdy","RaMCONdy_fdd",42,"fdd","RaMCONdy","RaMCONdy_fdd","Mixed Conifer - Eastside Dry",1
"9_53_65_79985",12,8,20,116,1271,1701030702,"17010306","WNE","RaPIPOm_fpd_1701030702","RaPIPOm","RaPIPOm_fpd",51,"fpd","RaPIPOm","RaPIPOm_fpd","Dry Ponderosa Pine - Mesic",1
"9_53_65_70021",12,8,21,127,1788,1701030703,"17010306","WNE","RaPIPOm_fpd_1701030703","RaPIPOm","RaPIPOm_fpd",51,"fpd","RaPIPOm","RaPIPOm_fpd","Dry Ponderosa Pine - Mesic",1
"9_53_65_53303",12,8,21,126,674,1701030703,"17010306","WNE","RaMCONdy_fdd_1701030703","RaMCONdy","RaMCONdy_fdd",42,"fdd","RaMCONdy","RaMCONdy_fdd","Mixed Conifer - Eastside Dry",1
"9_53_43_90769",12,8,21,126,434,1701030703,"17010306","WNE","RaMCONdy_fdd_1701030703","RaMCONdy","RaMCONdy_fdd",42,"fdd","RaMCONdy","RaMCONdy_fdd","Mixed Conifer - Eastside Dry",1
"9_53_65_96847",12,10,28,5,2647,1702000112,"17010308","WNE","RaMCONdy_fdd_1702000112","RaMCONdy","RaMCONdy_fdd",42,"fdd","RaMCONdy","RaMCONdy_fdd","Mixed Conifer - Eastside Dry",1
"9_53_65_81397",12,10,28,5,1933,1702000112,"17010308","WNE","RaMCONdy_fdd_1702000112","RaMCONdy","RaMCONdy_fdd",42,"fdd","RaMCONdy","RaMCONdy_fdd","Mixed Conifer - Eastside Dry",1
"9_53_65_92094",12,10,27,7,2002,1702000111,"17010308","WNE","RaMCONdy_fdd_1702000111","RaMCONdy","RaMCONdy_fdd",42,"fdd","RaMCONdy","RaMCONdy_fdd","Mixed Conifer - Eastside Dry",1
"9_53_13_86813",2,56,301,1968,2100,1707010203,"17070101B","OBM","RaMCONms_fcm_17070102","RaMCONms","RaMCONms_fcm",22,"fcm","RaMCONms","RaMCONms_fcm","Mixed Conifer - Eastside Mesic",3
"9_53_13_61208",2,56,301,1968,2423,1707010203,"17070101B","OBM","RaMCONms_fcm_17070102","RaMCONms","RaMCONms_fcm",22,"fcm","RaMCONms","RaMCONms_fcm","Mixed Conifer - Eastside Mesic",3
"9_53_13_84331",2,56,300,1968,2215,1707010202,"17070101B","OBM","RaMCONms_fcm_17070102","RaMCONms","RaMCONms_fcm",22,"fcm","RaMCONms","RaMCONms_fcm","Mixed Conifer - Eastside Mesic",3
"9_53_13_61535",2,56,300,1968,2825,1707010202,"17070101B","OBM","RaMCONms_fcm_17070102","RaMCONms","RaMCONms_fcm",22,"fcm","RaMCONms","RaMCONms_fcm","Mixed Conifer - Eastside Mesic",3
"4_41_59_71233",2,56,300,1968,2606,1707010202,"17070101B","OBM","RaMCONms_fcm_17070102","RaMCONms","RaMCONms_fcm",22,"fcm","RaMCONms","RaMCONms_fcm","Mixed Conifer - Eastside Mesic",3
"4_41_59_83851",2,56,300,1968,2610,1707010202,"17070101B","OBM","RaMCONms_fcm_17070102","RaMCONms","RaMCONms_fcm",22,"fcm","RaMCONms","RaMCONms_fcm","Mixed Conifer - Eastside Mesic",3
"4_41_59_77829",2,56,299,1968,3040,1707010201,"17070101B","OBM","RaMCONms_fcm_17070102","RaMCONms","RaMCONms_fcm",22,"fcm","RaMCONms","RaMCONms_fcm","Mixed Conifer - Eastside Mesic",3
"4_41_59_75293",2,56,299,1968,2754,1707010201,"17070101B","OBM","RaMCONms_fcm_17070102","RaMCONms","RaMCONms_fcm",22,"fcm","RaMCONms","RaMCONms_fcm","Mixed Conifer - Eastside Mesic",3
"4_41_59_82949",2,56,299,1968,1057,1707010201,"17070101B","OBM","RaMCONms_fcm_17070102","RaMCONms","RaMCONms_fcm",22,"fcm","RaMCONms","RaMCONms_fcm","Mixed Conifer - Eastside Mesic",3
"4_41_59_66649",2,56,299,1968,2564,1707010201,"17070101B","OBM","RaMCONms_fcm_17070102","RaMCONms","RaMCONms_fcm",22,"fcm","RaMCONms","RaMCONms_fcm","Mixed Conifer - Eastside Mesic",3
"4_41_59_73624",2,46,246,1998,3418,1706010410,"17060103","OBM","RaMCONms_fcm_17060104","RaMCONms","RaMCONms_fcm",22,"fcm","RaMCONms","RaMCONms_fcm","Mixed Conifer - Eastside Mesic",3
"4_41_61_51437",2,46,246,1998,2031,1706010410,"17060103","OBM","RaMCONms_fcm_17060104","RaMCONms","RaMCONms_fcm",22,"fcm","RaMCONms","RaMCONms_fcm","Mixed Conifer - Eastside Mesic",3
"4_41_61_90027",2,46,246,1998,2808,1706010410,"17060103","OBM","RaMCONms_fcm_17060104","RaMCONms","RaMCONms_fcm",22,"fcm","RaMCONms","RaMCONms_fcm","Mixed Conifer - Eastside Mesic",3
"4_41_61_65677",2,46,246,1998,2409,1706010410,"17060103","OBM","RaMCONms_fcm_17060104","RaMCONms","RaMCONms_fcm",22,"fcm","RaMCONms","RaMCONms_fcm","Mixed Conifer - Eastside Mesic",3
"9_53_65_79238",12,12,44,49,2089,1702000303,"17020002","WNE","RaMCONdy_fdd_1702000303","RaMCONdy","RaMCONdy_fdd",42,"fdd","RaMCONdy","RaMCONdy_fdd","Mixed Conifer - Eastside Dry",1
"4_41_61_70226",2,46,246,1998,2627,1706010410,"17060103","OBM","RaMCONms_fcm_17060104","RaMCONms","RaMCONms_fcm",22,"fcm","RaMCONms","RaMCONms_fcm","Mixed Conifer - Eastside Mesic",3
"4_41_61_80229",2,46,246,1998,1980,1706010410,"17060103","OBM","RaMCONms_fcm_17060104","RaMCONms","RaMCONms_fcm",22,"fcm","RaMCONms","RaMCONms_fcm","Mixed Conifer - Eastside Mesic",3
"4_41_61_51589",2,46,247,1998,2144,1706010411,"17060103","OBM","RaMCONms_fcm_17060104","RaMCONms","RaMCONms_fcm",22,"fcm","RaMCONms","RaMCONms_fcm","Mixed Conifer - Eastside Mesic",3
"4_41_61_53663",2,46,247,1998,1416,1706010411,"17060103","OBM","RaMCONms_fcm_17060104","RaMCONms","RaMCONms_fcm",22,"fcm","RaMCONms","RaMCONms_fcm","Mixed Conifer - Eastside Mesic",3
"4_41_61_66686",2,46,247,1998,2567,1706010411,"17060103","OBM","RaMCONms_fcm_17060104","RaMCONms","RaMCONms_fcm",22,"fcm","RaMCONms","RaMCONms_fcm","Mixed Conifer - Eastside Mesic",3
"4_41_61_68965",2,46,242,1998,1402,1706010406,"17060103","OBM","RaMCONms_fcm_17060104","RaMCONms","RaMCONms_fcm",22,"fcm","RaMCONms","RaMCONms_fcm","Mixed Conifer - Eastside Mesic",3
"4_41_61_78854",2,42,220,555,727,1705020306,"17050202","OBM","RaMCONdy_fdd_1705020306","RaMCONdy","RaMCONdy_fdd",42,"fdd","RaMCONdy","RaMCONdy_fdd","Mixed Conifer - Eastside Dry",1
"4_41_61_98349",2,42,220,2056,1453,1705020306,"17050202","OBM","RaMCONms_fcm_17050203","RaMCONms","RaMCONms_fcm",22,"fcm","RaMCONms","RaMCONms_fcm","Mixed Conifer - Eastside Mesic",3
"4_41_61_96735",2,42,220,555,381,1705020306,"17050202","OBM","RaMCONdy_fdd_1705020306","RaMCONdy","RaMCONdy_fdd",42,"fdd","RaMCONdy","RaMCONdy_fdd","Mixed Conifer - Eastside Dry",1
"4_41_1_95061",2,42,218,625,819,1705020304,"17050202","OBM","RaMCONdy_fdg_1705020304","RaMCONdy","RaMCONdy_fdg",23,"fdg","RaMCONdy","RaMCONdy_fdg","Mixed Conifer - Eastside Dry",1
"4_41_1_57133",2,42,218,625,1294,1705020304,"17050202","OBM","RaMCONdy_fdg_1705020304","RaMCONdy","RaMCONdy_fdg",23,"fdg","RaMCONdy","RaMCONdy_fdg","Mixed Conifer - Eastside Dry",1
"4_41_1_52345",2,42,218,2318,496,1705020304,"17050202","OBM","RaSPFI_fcd_OBM","RaSPFI","RaSPFI_fcd",9,"fcd","RaSPFI","RaSPFI_fcd","Spruce - Fir",4
"4_41_1_56555",2,42,215,676,1395,1705020301,"17050202","OBM","RaMCONdy_fdg_1705020301","RaMCONdy","RaMCONdy_fdg",23,"fdg","RaMCONdy","RaMCONdy_fdg","Mixed Conifer - Eastside Dry",1
"4_41_1_63590",2,42,215,683,2520,1705020301,"17050202","OBM","RaPIPOm_fdp_1705020301","RaPIPOm","RaPIPOm_fdp",52,"fdp","RaPIPOm","RaPIPOm_fdp","Dry Ponderosa Pine - Mesic",1
"4_41_1_91923",2,42,215,2066,842,1705020301,"17050202","OBM","RaPIPOxe_fxp_17050203","RaPIPOxe","RaPIPOxe_fxp",56,"fxp","RaPIPOxe","RaPIPOxe_fxp","Ponderosa Pine - Xeric",3
"9_53_65_62703",12,12,44,49,558,1702000303,"17020002","WNE","RaMCONdy_fdd_1702000303","RaMCONdy","RaMCONdy_fdd",42,"fdd","RaMCONdy","RaMCONdy_fdd","Mixed Conifer - Eastside Dry",1
"4_41_1_57388",2,42,215,680,1631,1705020301,"17050202","OBM","RaMCONdy_fdd_1705020301","RaMCONdy","RaMCONdy_fdd",42,"fdd","RaMCONdy","RaMCONdy_fdd","Mixed Conifer - Eastside Dry",1
"4_41_1_62950",2,42,215,676,2606,1705020301,"17050202","OBM","RaMCONdy_fdg_1705020301","RaMCONdy","RaMCONdy_fdg",23,"fdg","RaMCONdy","RaMCONdy_fdg","Mixed Conifer - Eastside Dry",1
"4_41_1_65220",2,41,210,762,1185,1705020204,"17050201","OBM","RaPIPOm_fdp_1705020204","RaPIPOm","RaPIPOm_fdp",52,"fdp","RaPIPOm","RaPIPOm_fdp","Dry Ponderosa Pine - Mesic",1
"4_41_1_56792",2,41,210,761,115,1705020204,"17050201","OBM","RaMCONdy_fdd_1705020204","RaMCONdy","RaMCONdy_fdd",42,"fdd","RaMCONdy","RaMCONdy_fdd","Mixed Conifer - Eastside Dry",1
"4_41_1_94341",2,41,210,762,3,1705020204,"17050201","OBM","RaPIPOm_fdp_1705020204","RaPIPOm","RaPIPOm_fdp",52,"fdp","RaPIPOm","RaPIPOm_fdp","Dry Ponderosa Pine - Mesic",1
"4_41_45_64453",2,38,194,2134,413,1705011802,"17050117","OBM","RaPIPOxe_fxp_17050118","RaPIPOxe","RaPIPOxe_fxp",56,"fxp","RaPIPOxe","RaPIPOxe_fxp","Ponderosa Pine - Xeric",3
"9_53_65_83795",12,12,45,66,529,1702000304,"17020002","WNE","RaMCONdy_fdd_1702000304","RaMCONdy","RaMCONdy_fdd",42,"fdd","RaMCONdy","RaMCONdy_fdd","Mixed Conifer - Eastside Dry",1
"4_41_45_67056",5,37,187,2144,118,1705011701,"17050116","OSE","RaPIPOxe_fxp_17050117","RaPIPOxe","RaPIPOxe_fxp",56,"fxp","RaPIPOxe","RaPIPOxe_fxp","Ponderosa Pine - Xeric",3
"9_53_65_77005",12,12,45,66,1107,1702000304,"17020002","WNE","RaMCONdy_fdd_1702000304","RaMCONdy","RaMCONdy_fdd",42,"fdd","RaMCONdy","RaMCONdy_fdd","Mixed Conifer - Eastside Dry",1
"9_53_65_54715",12,12,45,66,202,1702000304,"17020002","WNE","RaMCONdy_fdd_1702000304","RaMCONdy","RaMCONdy_fdd",42,"fdd","RaMCONdy","RaMCONdy_fdd","Mixed Conifer - Eastside Dry",1
"9_53_65_54003",12,10,27,1769,497,1702000111,"17010308","WNE","Na1010471_frn_17020001","Na1010471","Na1010471_frn",39,"frn","Na1010471","Na1010471_frn","Northern Rocky Mountain Mesic Montane Mixed Conifer Forest",3
"9_53_65_68073",12,10,28,5,1063,1702000112,"17010308","WNE","RaMCONdy_fdd_1702000112","RaMCONdy","RaMCONdy_fdd",42,"fdd","RaMCONdy","RaMCONdy_fdd","Mixed Conifer - Eastside Dry",1
"9_53_65_82320",12,12,42,81,2113,1702000301,"17020002","WNE","RaMCONdy_fdd_1702000301","RaMCONdy","RaMCONdy_fdd",42,"fdd","RaMCONdy","RaMCONdy_fdd","Mixed Conifer - Eastside Dry",1
"9_53_65_56215",12,8,20,114,628,1701030702,"17010306","WNE","RaMCONdy_fdd_1701030702","RaMCONdy","RaMCONdy_fdd",42,"fdd","RaMCONdy","RaMCONdy_fdd","Mixed Conifer - Eastside Dry",1
"9_53_65_63178",12,8,21,127,697,1701030703,"17010306","WNE","RaPIPOm_fpd_1701030703","RaPIPOm","RaPIPOm_fpd",51,"fpd","RaPIPOm","RaPIPOm_fpd","Dry Ponderosa Pine - Mesic",1
"9_53_65_54868",12,10,28,5,441,1702000112,"17010308","WNE","RaMCONdy_fdd_1702000112","RaMCONdy","RaMCONdy_fdd",42,"fdd","RaMCONdy","RaMCONdy_fdd","Mixed Conifer - Eastside Dry",1
"9_53_65_64891",12,10,28,5,2782,1702000112,"17010308","WNE","RaMCONdy_fdd_1702000112","RaMCONdy","RaMCONdy_fdd",42,"fdd","RaMCONdy","RaMCONdy_fdd","Mixed Conifer - Eastside Dry",1
"9_53_65_60288",12,10,28,5,1621,1702000112,"17010308","WNE","RaMCONdy_fdd_1702000112","RaMCONdy","RaMCONdy_fdd",42,"fdd","RaMCONdy","RaMCONdy_fdd","Mixed Conifer - Eastside Dry",1
"9_53_65_52903",12,10,28,5,1672,1702000112,"17010308","WNE","RaMCONdy_fdd_1702000112","RaMCONdy","RaMCONdy_fdd",42,"fdd","RaMCONdy","RaMCONdy_fdd","Mixed Conifer - Eastside Dry",1
"9_53_65_79168",12,10,28,5,725,1702000112,"17010308","WNE","RaMCONdy_fdd_1702000112","RaMCONdy","RaMCONdy_fdd",42,"fdd","RaMCONdy","RaMCONdy_fdd","Mixed Conifer - Eastside Dry",1
"9_53_65_59740",12,10,27,7,1758,1702000111,"17010308","WNE","RaMCONdy_fdd_1702000111","RaMCONdy","RaMCONdy_fdd",42,"fdd","RaMCONdy","RaMCONdy_fdd","Mixed Conifer - Eastside Dry",1
"9_53_13_99817",2,56,301,1968,1767,1707010203,"17070101B","OBM","RaMCONms_fcm_17070102","RaMCONms","RaMCONms_fcm",22,"fcm","RaMCONms","RaMCONms_fcm","Mixed Conifer - Eastside Mesic",3
"9_53_13_80682",2,56,300,1968,1747,1707010202,"17070101B","OBM","RaMCONms_fcm_17070102","RaMCONms","RaMCONms_fcm",22,"fcm","RaMCONms","RaMCONms_fcm","Mixed Conifer - Eastside Mesic",3
"9_53_13_62161",2,56,300,1968,2408,1707010202,"17070101B","OBM","RaMCONms_fcm_17070102","RaMCONms","RaMCONms_fcm",22,"fcm","RaMCONms","RaMCONms_fcm","Mixed Conifer - Eastside Mesic",3
"9_53_13_88407",2,56,300,1968,3230,1707010202,"17070101B","OBM","RaMCONms_fcm_17070102","RaMCONms","RaMCONms_fcm",22,"fcm","RaMCONms","RaMCONms_fcm","Mixed Conifer - Eastside Mesic",3
"4_41_63_98186",2,56,300,1968,2755,1707010202,"17070101B","OBM","RaMCONms_fcm_17070102","RaMCONms","RaMCONms_fcm",22,"fcm","RaMCONms","RaMCONms_fcm","Mixed Conifer - Eastside Mesic",3
"4_41_63_90820",2,56,299,1968,1738,1707010201,"17070101B","OBM","RaMCONms_fcm_17070102","RaMCONms","RaMCONms_fcm",22,"fcm","RaMCONms","RaMCONms_fcm","Mixed Conifer - Eastside Mesic",3
"4_41_63_89490",2,56,299,1968,3135,1707010201,"17070101B","OBM","RaMCONms_fcm_17070102","RaMCONms","RaMCONms_fcm",22,"fcm","RaMCONms","RaMCONms_fcm","Mixed Conifer - Eastside Mesic",3
"4_41_63_50798",2,56,299,1968,2971,1707010201,"17070101B","OBM","RaMCONms_fcm_17070102","RaMCONms","RaMCONms_fcm",22,"fcm","RaMCONms","RaMCONms_fcm","Mixed Conifer - Eastside Mesic",3
"4_41_63_94389",2,46,246,1998,2429,1706010410,"17060103","OBM","RaMCONms_fcm_17060104","RaMCONms","RaMCONms_fcm",22,"fcm","RaMCONms","RaMCONms_fcm","Mixed Conifer - Eastside Mesic",3
"4_41_61_74415",2,46,246,1998,1197,1706010410,"17060103","OBM","RaMCONms_fcm_17060104","RaMCONms","RaMCONms_fcm",22,"fcm","RaMCONms","RaMCONms_fcm","Mixed Conifer - Eastside Mesic",3
"4_41_61_88921",2,46,246,1998,1355,1706010410,"17060103","OBM","RaMCONms_fcm_17060104","RaMCONms","RaMCONms_fcm",22,"fcm","RaMCONms","RaMCONms_fcm","Mixed Conifer - Eastside Mesic",3
"4_41_61_80580",2,46,246,1998,1499,1706010410,"17060103","OBM","RaMCONms_fcm_17060104","RaMCONms","RaMCONms_fcm",22,"fcm","RaMCONms","RaMCONms_fcm","Mixed Conifer - Eastside Mesic",3
"4_41_61_88195",2,46,246,1998,1963,1706010410,"17060103","OBM","RaMCONms_fcm_17060104","RaMCONms","RaMCONms_fcm",22,"fcm","RaMCONms","RaMCONms_fcm","Mixed Conifer - Eastside Mesic",3
"4_41_61_96872",2,46,246,1998,2033,1706010410,"17060103","OBM","RaMCONms_fcm_17060104","RaMCONms","RaMCONms_fcm",22,"fcm","RaMCONms","RaMCONms_fcm","Mixed Conifer - Eastside Mesic",3
"4_41_61_82881",2,46,246,1998,1815,1706010410,"17060103","OBM","RaMCONms_fcm_17060104","RaMCONms","RaMCONms_fcm",22,"fcm","RaMCONms","RaMCONms_fcm","Mixed Conifer - Eastside Mesic",3
"4_41_61_68465",2,46,246,1998,2103,1706010410,"17060103","OBM","RaMCONms_fcm_17060104","RaMCONms","RaMCONms_fcm",22,"fcm","RaMCONms","RaMCONms_fcm","Mixed Conifer - Eastside Mesic",3
"4_41_61_72447",2,46,247,1998,2134,1706010411,"17060103","OBM","RaMCONms_fcm_17060104","RaMCONms","RaMCONms_fcm",22,"fcm","RaMCONms","RaMCONms_fcm","Mixed Conifer - Eastside Mesic",3
"4_41_61_73832",2,46,247,1998,1454,1706010411,"17060103","OBM","RaMCONms_fcm_17060104","RaMCONms","RaMCONms_fcm",22,"fcm","RaMCONms","RaMCONms_fcm","Mixed Conifer - Eastside Mesic",3
"4_41_61_89081",2,46,247,1998,2502,1706010411,"17060103","OBM","RaMCONms_fcm_17060104","RaMCONms","RaMCONms_fcm",22,"fcm","RaMCONms","RaMCONms_fcm","Mixed Conifer - Eastside Mesic",3
"4_41_61_82222",2,46,247,402,422,1706010411,"17060103","OBM","RaMCONdy_fdd_1706010411","RaMCONdy","RaMCONdy_fdd",42,"fdd","RaMCONdy","RaMCONdy_fdd","Mixed Conifer - Eastside Dry",1
"4_41_61_72296",2,46,245,1998,827,1706010409,"17060103","OBM","RaMCONms_fcm_17060104","RaMCONms","RaMCONms_fcm",22,"fcm","RaMCONms","RaMCONms_fcm","Mixed Conifer - Eastside Mesic",3
"4_41_61_88575",2,46,242,1998,566,1706010406,"17060103","OBM","RaMCONms_fcm_17060104","RaMCONms","RaMCONms_fcm",22,"fcm","RaMCONms","RaMCONms_fcm","Mixed Conifer - Eastside Mesic",3
"4_41_1_66991",2,42,218,625,1768,1705020304,"17050202","OBM","RaMCONdy_fdg_1705020304","RaMCONdy","RaMCONdy_fdg",23,"fdg","RaMCONdy","RaMCONdy_fdg","Mixed Conifer - Eastside Dry",1
"4_41_1_87643",2,42,216,700,1060,1705020302,"17050202","OBM","RaMCONdy_fdg_1705020302","RaMCONdy","RaMCONdy_fdg",23,"fdg","RaMCONdy","RaMCONdy_fdg","Mixed Conifer - Eastside Dry",1
"4_41_1_54944",2,42,216,700,834,1705020302,"17050202","OBM","RaMCONdy_fdg_1705020302","RaMCONdy","RaMCONdy_fdg",23,"fdg","RaMCONdy","RaMCONdy_fdg","Mixed Conifer - Eastside Dry",1
"4_41_1_61648",2,42,216,701,2027,1705020302,"17050202","OBM","RaPIPOm_fdp_1705020302","RaPIPOm","RaPIPOm_fdp",52,"fdp","RaPIPOm","RaPIPOm_fdp","Dry Ponderosa Pine - Mesic",1
"4_41_1_61156",2,42,215,683,755,1705020301,"17050202","OBM","RaPIPOm_fdp_1705020301","RaPIPOm","RaPIPOm_fdp",52,"fdp","RaPIPOm","RaPIPOm_fdp","Dry Ponderosa Pine - Mesic",1
"4_41_1_67217",2,42,216,701,679,1705020302,"17050202","OBM","RaPIPOm_fdp_1705020302","RaPIPOm","RaPIPOm_fdp",52,"fdp","RaPIPOm","RaPIPOm_fdp","Dry Ponderosa Pine - Mesic",1
"4_41_1_74573",2,42,216,700,1731,1705020302,"17050202","OBM","RaMCONdy_fdg_1705020302","RaMCONdy","RaMCONdy_fdg",23,"fdg","RaMCONdy","RaMCONdy_fdg","Mixed Conifer - Eastside Dry",1
"4_41_1_75047",2,41,210,762,1633,1705020204,"17050201","OBM","RaPIPOm_fdp_1705020204","RaPIPOm","RaPIPOm_fdp",52,"fdp","RaPIPOm","RaPIPOm_fdp","Dry Ponderosa Pine - Mesic",1
"4_41_1_79166",2,41,210,761,684,1705020204,"17050201","OBM","RaMCONdy_fdd_1705020204","RaMCONdy","RaMCONdy_fdd",42,"fdd","RaMCONdy","RaMCONdy_fdd","Mixed Conifer - Eastside Dry",1
"4_41_1_50328",2,41,210,760,466,1705020204,"17050201","OBM","RaMCONdy_fdg_1705020204","RaMCONdy","RaMCONdy_fdg",23,"fdg","RaMCONdy","RaMCONdy_fdg","Mixed Conifer - Eastside Dry",1
"4_41_45_86985",2,39,197,825,1120,1705011902,"17050118","OBM","RaMCONdy_fdd_1705011902","RaMCONdy","RaMCONdy_fdd",42,"fdd","RaMCONdy","RaMCONdy_fdd","Mixed Conifer - Eastside Dry",1
"4_41_45_98772",5,34,166,2152,28,1705011003,"17050109","OSE","RaPIPOxe_fxp_17050110","RaPIPOxe","RaPIPOxe_fxp",56,"fxp","RaPIPOxe","RaPIPOxe_fxp","Ponderosa Pine - Xeric",3
"9_53_65_86642",12,12,45,66,1113,1702000304,"17020002","WNE","RaMCONdy_fdd_1702000304","RaMCONdy","RaMCONdy_fdd",42,"fdd","RaMCONdy","RaMCONdy_fdd","Mixed Conifer - Eastside Dry",1
"9_53_65_93133",12,12,42,81,2572,1702000301,"17020002","WNE","RaMCONdy_fdd_1702000301","RaMCONdy","RaMCONdy_fdd",42,"fdd","RaMCONdy","RaMCONdy_fdd","Mixed Conifer - Eastside Dry",1
"9_53_65_86485",12,12,42,81,2442,1702000301,"17020002","WNE","RaMCONdy_fdd_1702000301","RaMCONdy","RaMCONdy_fdd",42,"fdd","RaMCONdy","RaMCONdy_fdd","Mixed Conifer - Eastside Dry",1
"9_53_65_88699",12,12,42,81,1371,1702000301,"17020002","WNE","RaMCONdy_fdd_1702000301","RaMCONdy","RaMCONdy_fdd",42,"fdd","RaMCONdy","RaMCONdy_fdd","Mixed Conifer - Eastside Dry",1
"9_53_65_74318",12,8,20,114,1239,1701030702,"17010306","WNE","RaMCONdy_fdd_1701030702","RaMCONdy","RaMCONdy_fdd",42,"fdd","RaMCONdy","RaMCONdy_fdd","Mixed Conifer - Eastside Dry",1
"9_53_65_83142",12,8,20,116,660,1701030702,"17010306","WNE","RaPIPOm_fpd_1701030702","RaPIPOm","RaPIPOm_fpd",51,"fpd","RaPIPOm","RaPIPOm_fpd","Dry Ponderosa Pine - Mesic",1
"9_53_65_69051",12,8,20,114,1250,1701030702,"17010306","WNE","RaMCONdy_fdd_1701030702","RaMCONdy","RaMCONdy_fdd",42,"fdd","RaMCONdy","RaMCONdy_fdd","Mixed Conifer - Eastside Dry",1
"9_53_65_86835",12,8,21,127,2060,1701030703,"17010306","WNE","RaPIPOm_fpd_1701030703","RaPIPOm","RaPIPOm_fpd",51,"fpd","RaPIPOm","RaPIPOm_fpd","Dry Ponderosa Pine - Mesic",1
"9_53_65_73244",12,8,20,116,148,1701030702,"17010306","WNE","RaPIPOm_fpd_1701030702","RaPIPOm","RaPIPOm_fpd",51,"fpd","RaPIPOm","RaPIPOm_fpd","Dry Ponderosa Pine - Mesic",1
"9_53_65_75847",12,8,19,136,265,1701030701,"17010306","WNE","RaPIPOm_fpd_1701030701","RaPIPOm","RaPIPOm_fpd",51,"fpd","RaPIPOm","RaPIPOm_fpd","Dry Ponderosa Pine - Mesic",1
"9_53_43_74009",12,8,21,126,58,1701030703,"17010306","WNE","RaMCONdy_fdd_1701030703","RaMCONdy","RaMCONdy_fdd",42,"fdd","RaMCONdy","RaMCONdy_fdd","Mixed Conifer - Eastside Dry",1
"9_53_43_68566",8,50,273,161,245,1706010806,"17060107","WCB","RaPIPOm_fpd_1706010806","RaPIPOm","RaPIPOm_fpd",51,"fpd","RaPIPOm","RaPIPOm_fpd","Dry Ponderosa Pine - Mesic",1
"9_53_13_93383",2,56,301,1968,458,1707010203,"17070101B","OBM","RaMCONms_fcm_17070102","RaMCONms","RaMCONms_fcm",22,"fcm","RaMCONms","RaMCONms_fcm","Mixed Conifer - Eastside Mesic",3
"9_53_13_61597",2,56,301,1968,936,1707010203,"17070101B","OBM","RaMCONms_fcm_17070102","RaMCONms","RaMCONms_fcm",22,"fcm","RaMCONms","RaMCONms_fcm","Mixed Conifer - Eastside Mesic",3
"9_53_13_50773",2,56,301,1968,1988,1707010203,"17070101B","OBM","RaMCONms_fcm_17070102","RaMCONms","RaMCONms_fcm",22,"fcm","RaMCONms","RaMCONms_fcm","Mixed Conifer - Eastside Mesic",3
"9_53_13_74312",2,56,301,1968,2780,1707010203,"17070101B","OBM","RaMCONms_fcm_17070102","RaMCONms","RaMCONms_fcm",22,"fcm","RaMCONms","RaMCONms_fcm","Mixed Conifer - Eastside Mesic",3
"9_53_13_89177",2,56,301,1968,2132,1707010203,"17070101B","OBM","RaMCONms_fcm_17070102","RaMCONms","RaMCONms_fcm",22,"fcm","RaMCONms","RaMCONms_fcm","Mixed Conifer - Eastside Mesic",3
"9_53_13_97083",2,48,256,1984,2378,1706010603,"17060105","OBM","RaMCONms_fcm_17060106","RaMCONms","RaMCONms_fcm",22,"fcm","RaMCONms","RaMCONms_fcm","Mixed Conifer - Eastside Mesic",3
"4_41_63_86720",2,46,246,1998,1255,1706010410,"17060103","OBM","RaMCONms_fcm_17060104","RaMCONms","RaMCONms_fcm",22,"fcm","RaMCONms","RaMCONms_fcm","Mixed Conifer - Eastside Mesic",3
"4_41_63_97067",2,46,246,1998,1277,1706010410,"17060103","OBM","RaMCONms_fcm_17060104","RaMCONms","RaMCONms_fcm",22,"fcm","RaMCONms","RaMCONms_fcm","Mixed Conifer - Eastside Mesic",3
"4_41_61_78935",2,46,246,1998,1744,1706010410,"17060103","OBM","RaMCONms_fcm_17060104","RaMCONms","RaMCONms_fcm",22,"fcm","RaMCONms","RaMCONms_fcm","Mixed Conifer - Eastside Mesic",3
"4_41_61_86794",2,46,246,1998,1373,1706010410,"17060103","OBM","RaMCONms_fcm_17060104","RaMCONms","RaMCONms_fcm",22,"fcm","RaMCONms","RaMCONms_fcm","Mixed Conifer - Eastside Mesic",3
"4_41_61_74288",2,46,246,1998,2098,1706010410,"17060103","OBM","RaMCONms_fcm_17060104","RaMCONms","RaMCONms_fcm",22,"fcm","RaMCONms","RaMCONms_fcm","Mixed Conifer - Eastside Mesic",3
"4_41_61_81621",2,46,246,1998,1920,1706010410,"17060103","OBM","RaMCONms_fcm_17060104","RaMCONms","RaMCONms_fcm",22,"fcm","RaMCONms","RaMCONms_fcm","Mixed Conifer - Eastside Mesic",3
"9_53_65_53999",12,12,44,49,1154,1702000303,"17020002","WNE","RaMCONdy_fdd_1702000303","RaMCONdy","RaMCONdy_fdd",42,"fdd","RaMCONdy","RaMCONdy_fdd","Mixed Conifer - Eastside Dry",1
"9_53_65_94513",12,12,44,49,1267,1702000303,"17020002","WNE","RaMCONdy_fdd_1702000303","RaMCONdy","RaMCONdy_fdd",42,"fdd","RaMCONdy","RaMCONdy_fdd","Mixed Conifer - Eastside Dry",1
"4_41_61_67754",2,46,247,402,1442,1706010411,"17060103","OBM","RaMCONdy_fdd_1706010411","RaMCONdy","RaMCONdy_fdd",42,"fdd","RaMCONdy","RaMCONdy_fdd","Mixed Conifer - Eastside Dry",1
"9_53_65_70293",12,12,44,49,1430,1702000303,"17020002","WNE","RaMCONdy_fdd_1702000303","RaMCONdy","RaMCONdy_fdd",42,"fdd","RaMCONdy","RaMCONdy_fdd","Mixed Conifer - Eastside Dry",1
"4_41_1_85212",2,42,217,684,1084,1705020303,"17050202","OBM","RaMCONdy_fdd_1705020303","RaMCONdy","RaMCONdy_fdd",42,"fdd","RaMCONdy","RaMCONdy_fdd","Mixed Conifer - Eastside Dry",1
"4_41_1_64865",2,42,216,701,1433,1705020302,"17050202","OBM","RaPIPOm_fdp_1705020302","RaPIPOm","RaPIPOm_fdp",52,"fdp","RaPIPOm","RaPIPOm_fdp","Dry Ponderosa Pine - Mesic",1
"9_53_65_64530",12,12,43,62,1256,1702000302,"17020002","WNE","RaMCONdy_fdd_1702000302","RaMCONdy","RaMCONdy_fdd",42,"fdd","RaMCONdy","RaMCONdy_fdd","Mixed Conifer - Eastside Dry",1
"4_41_1_51447",2,42,216,697,936,1705020302,"17050202","OBM","RaMCONdy_fdd_1705020302","RaMCONdy","RaMCONdy_fdd",42,"fdd","RaMCONdy","RaMCONdy_fdd","Mixed Conifer - Eastside Dry",1
"4_41_1_63937",2,42,216,697,1139,1705020302,"17050202","OBM","RaMCONdy_fdd_1705020302","RaMCONdy","RaMCONdy_fdd",42,"fdd","RaMCONdy","RaMCONdy_fdd","Mixed Conifer - Eastside Dry",1
"4_41_1_81427",2,41,210,762,1047,1705020204,"17050201","OBM","RaPIPOm_fdp_1705020204","RaPIPOm","RaPIPOm_fdp",52,"fdp","RaPIPOm","RaPIPOm_fdp","Dry Ponderosa Pine - Mesic",1
"9_53_65_81426",12,12,43,62,602,1702000302,"17020002","WNE","RaMCONdy_fdd_1702000302","RaMCONdy","RaMCONdy_fdd",42,"fdd","RaMCONdy","RaMCONdy_fdd","Mixed Conifer - Eastside Dry",1
"9_53_65_87103",12,12,45,66,1355,1702000304,"17020002","WNE","RaMCONdy_fdd_1702000304","RaMCONdy","RaMCONdy_fdd",42,"fdd","RaMCONdy","RaMCONdy_fdd","Mixed Conifer - Eastside Dry",1
"9_53_65_80425",12,12,42,81,768,1702000301,"17020002","WNE","RaMCONdy_fdd_1702000301","RaMCONdy","RaMCONdy_fdd",42,"fdd","RaMCONdy","RaMCONdy_fdd","Mixed Conifer - Eastside Dry",1
"4_41_45_96029",5,155,886,2221,355,1712000904,"17120008","OSE","RaPIPOxe_fxp_17120009","RaPIPOxe","RaPIPOxe_fxp",56,"fxp","RaPIPOxe","RaPIPOxe_fxp","Ponderosa Pine - Xeric",3
"4_41_45_60078",5,155,886,2221,330,1712000904,"17120008","OSE","RaPIPOxe_fxp_17120009","RaPIPOxe","RaPIPOxe_fxp",56,"fxp","RaPIPOxe","RaPIPOxe_fxp","Ponderosa Pine - Xeric",3
"4_41_45_93373",5,155,886,2221,65,1712000904,"17120008","OSE","RaPIPOxe_fxp_17120009","RaPIPOxe","RaPIPOxe_fxp",56,"fxp","RaPIPOxe","RaPIPOxe_fxp","Ponderosa Pine - Xeric",3
"9_53_65_68576",12,12,42,81,739,1702000301,"17020002","WNE","RaMCONdy_fdd_1702000301","RaMCONdy","RaMCONdy_fdd",42,"fdd","RaMCONdy","RaMCONdy_fdd","Mixed Conifer - Eastside Dry",1
"9_53_65_63138",12,12,42,81,1634,1702000301,"17020002","WNE","RaMCONdy_fdd_1702000301","RaMCONdy","RaMCONdy_fdd",42,"fdd","RaMCONdy","RaMCONdy_fdd","Mixed Conifer - Eastside Dry",1
"9_53_65_61441",12,10,28,5,1320,1702000112,"17010308","WNE","RaMCONdy_fdd_1702000112","RaMCONdy","RaMCONdy_fdd",42,"fdd","RaMCONdy","RaMCONdy_fdd","Mixed Conifer - Eastside Dry",1
"9_53_65_50540",12,12,42,81,983,1702000301,"17020002","WNE","RaMCONdy_fdd_1702000301","RaMCONdy","RaMCONdy_fdd",42,"fdd","RaMCONdy","RaMCONdy_fdd","Mixed Conifer - Eastside Dry",1
"9_53_43_97034",8,50,273,161,152,1706010806,"17060107","WCB","RaPIPOm_fpd_1706010806","RaPIPOm","RaPIPOm_fpd",51,"fpd","RaPIPOm","RaPIPOm_fpd","Dry Ponderosa Pine - Mesic",1
"9_53_65_81870",12,10,28,5,1739,1702000112,"17010308","WNE","RaMCONdy_fdd_1702000112","RaMCONdy","RaMCONdy_fdd",42,"fdd","RaMCONdy","RaMCONdy_fdd","Mixed Conifer - Eastside Dry",1
"9_53_13_94833",2,56,301,1968,538,1707010203,"17070101B","OBM","RaMCONms_fcm_17070102","RaMCONms","RaMCONms_fcm",22,"fcm","RaMCONms","RaMCONms_fcm","Mixed Conifer - Eastside Mesic",3
"9_53_13_89617",2,56,301,1968,1478,1707010203,"17070101B","OBM","RaMCONms_fcm_17070102","RaMCONms","RaMCONms_fcm",22,"fcm","RaMCONms","RaMCONms_fcm","Mixed Conifer - Eastside Mesic",3
"9_53_13_60398",2,56,301,1968,1833,1707010203,"17070101B","OBM","RaMCONms_fcm_17070102","RaMCONms","RaMCONms_fcm",22,"fcm","RaMCONms","RaMCONms_fcm","Mixed Conifer - Eastside Mesic",3
"9_53_13_96769",2,56,301,1968,1546,1707010203,"17070101B","OBM","RaMCONms_fcm_17070102","RaMCONms","RaMCONms_fcm",22,"fcm","RaMCONms","RaMCONms_fcm","Mixed Conifer - Eastside Mesic",3
"9_53_13_70879",2,56,301,1968,1872,1707010203,"17070101B","OBM","RaMCONms_fcm_17070102","RaMCONms","RaMCONms_fcm",22,"fcm","RaMCONms","RaMCONms_fcm","Mixed Conifer - Eastside Mesic",3
"9_53_13_96775",2,48,256,1984,1406,1706010603,"17060105","OBM","RaMCONms_fcm_17060106","RaMCONms","RaMCONms_fcm",22,"fcm","RaMCONms","RaMCONms_fcm","Mixed Conifer - Eastside Mesic",3
"9_53_65_89282",12,10,26,1769,1092,1702000110,"17010308","WNE","Na1010471_frn_17020001","Na1010471","Na1010471_frn",39,"frn","Na1010471","Na1010471_frn","Northern Rocky Mountain Mesic Montane Mixed Conifer Forest",3
"4_41_63_78831",2,48,256,1984,2109,1706010603,"17060105","OBM","RaMCONms_fcm_17060106","RaMCONms","RaMCONms_fcm",22,"fcm","RaMCONms","RaMCONms_fcm","Mixed Conifer - Eastside Mesic",3
"4_41_63_71000",2,48,256,1984,1839,1706010603,"17060105","OBM","RaMCONms_fcm_17060106","RaMCONms","RaMCONms_fcm",22,"fcm","RaMCONms","RaMCONms_fcm","Mixed Conifer - Eastside Mesic",3
"4_41_63_76943",2,48,256,1984,3329,1706010603,"17060105","OBM","RaMCONms_fcm_17060106","RaMCONms","RaMCONms_fcm",22,"fcm","RaMCONms","RaMCONms_fcm","Mixed Conifer - Eastside Mesic",3
"4_41_63_92829",2,48,256,1984,2364,1706010603,"17060105","OBM","RaMCONms_fcm_17060106","RaMCONms","RaMCONms_fcm",22,"fcm","RaMCONms","RaMCONms_fcm","Mixed Conifer - Eastside Mesic",3
"4_41_61_59494",2,46,246,1998,1407,1706010410,"17060103","OBM","RaMCONms_fcm_17060104","RaMCONms","RaMCONms_fcm",22,"fcm","RaMCONms","RaMCONms_fcm","Mixed Conifer - Eastside Mesic",3
"4_41_61_74495",2,46,246,1998,1390,1706010410,"17060103","OBM","RaMCONms_fcm_17060104","RaMCONms","RaMCONms_fcm",22,"fcm","RaMCONms","RaMCONms_fcm","Mixed Conifer - Eastside Mesic",3
"4_41_61_85222",2,46,246,1998,1473,1706010410,"17060103","OBM","RaMCONms_fcm_17060104","RaMCONms","RaMCONms_fcm",22,"fcm","RaMCONms","RaMCONms_fcm","Mixed Conifer - Eastside Mesic",3
"9_53_65_98174",12,12,44,49,1534,1702000303,"17020002","WNE","RaMCONdy_fdd_1702000303","RaMCONdy","RaMCONdy_fdd",42,"fdd","RaMCONdy","RaMCONdy_fdd","Mixed Conifer - Eastside Dry",1
"4_41_61_68239",2,46,246,377,1916,1706010410,"17060103","OBM","RaMCONdy_fdd_1706010410","RaMCONdy","RaMCONdy_fdd",42,"fdd","RaMCONdy","RaMCONdy_fdd","Mixed Conifer - Eastside Dry",1
"4_41_61_70360",2,46,247,1998,997,1706010411,"17060103","OBM","RaMCONms_fcm_17060104","RaMCONms","RaMCONms_fcm",22,"fcm","RaMCONms","RaMCONms_fcm","Mixed Conifer - Eastside Mesic",3
"4_41_61_50088",2,46,247,402,294,1706010411,"17060103","OBM","RaMCONdy_fdd_1706010411","RaMCONdy","RaMCONdy_fdd",42,"fdd","RaMCONdy","RaMCONdy_fdd","Mixed Conifer - Eastside Dry",1
"4_41_61_89808",2,46,245,1998,1854,1706010409,"17060103","OBM","RaMCONms_fcm_17060104","RaMCONms","RaMCONms_fcm",22,"fcm","RaMCONms","RaMCONms_fcm","Mixed Conifer - Eastside Mesic",3
"9_53_65_62417",12,12,44,49,1129,1702000303,"17020002","WNE","RaMCONdy_fdd_1702000303","RaMCONdy","RaMCONdy_fdd",42,"fdd","RaMCONdy","RaMCONdy_fdd","Mixed Conifer - Eastside Dry",1
"9_53_65_90047",12,12,44,49,1087,1702000303,"17020002","WNE","RaMCONdy_fdd_1702000303","RaMCONdy","RaMCONdy_fdd",42,"fdd","RaMCONdy","RaMCONdy_fdd","Mixed Conifer - Eastside Dry",1
"4_41_1_91410",2,42,216,697,1824,1705020302,"17050202","OBM","RaMCONdy_fdd_1705020302","RaMCONdy","RaMCONdy_fdd",42,"fdd","RaMCONdy","RaMCONdy_fdd","Mixed Conifer - Eastside Dry",1
"4_41_1_83747",2,42,216,697,607,1705020302,"17050202","OBM","RaMCONdy_fdd_1705020302","RaMCONdy","RaMCONdy_fdd",42,"fdd","RaMCONdy","RaMCONdy_fdd","Mixed Conifer - Eastside Dry",1
"4_41_1_80615",2,42,216,700,931,1705020302,"17050202","OBM","RaMCONdy_fdg_1705020302","RaMCONdy","RaMCONdy_fdg",23,"fdg","RaMCONdy","RaMCONdy_fdg","Mixed Conifer - Eastside Dry",1
"4_41_45_84591",2,39,197,2114,342,1705011902,"17050118","OBM","RaPIPOxe_fxp_17050119","RaPIPOxe","RaPIPOxe_fxp",56,"fxp","RaPIPOxe","RaPIPOxe_fxp","Ponderosa Pine - Xeric",3
"9_53_65_99012",12,12,43,62,1472,1702000302,"17020002","WNE","RaMCONdy_fdd_1702000302","RaMCONdy","RaMCONdy_fdd",42,"fdd","RaMCONdy","RaMCONdy_fdd","Mixed Conifer - Eastside Dry",1
"9_53_65_86082",12,12,42,81,967,1702000301,"17020002","WNE","RaMCONdy_fdd_1702000301","RaMCONdy","RaMCONdy_fdd",42,"fdd","RaMCONdy","RaMCONdy_fdd","Mixed Conifer - Eastside Dry",1
"9_53_65_72926",12,12,45,1799,1248,1702000304,"17020002","WNE","Na1010471_frn_17020003","Na1010471","Na1010471_frn",39,"frn","Na1010471","Na1010471_frn","Northern Rocky Mountain Mesic Montane Mixed Conifer Forest",3
"9_53_65_84589",12,12,42,81,1086,1702000301,"17020002","WNE","RaMCONdy_fdd_1702000301","RaMCONdy","RaMCONdy_fdd",42,"fdd","RaMCONdy","RaMCONdy_fdd","Mixed Conifer - Eastside Dry",1
"9_53_65_58711",12,12,42,81,581,1702000301,"17020002","WNE","RaMCONdy_fdd_1702000301","RaMCONdy","RaMCONdy_fdd",42,"fdd","RaMCONdy","RaMCONdy_fdd","Mixed Conifer - Eastside Dry",1
"9_53_65_95968",12,12,42,89,986,1702000301,"17020002","WNE","RaPIPOm_fpd_1702000301","RaPIPOm","RaPIPOm_fpd",51,"fpd","RaPIPOm","RaPIPOm_fpd","Dry Ponderosa Pine - Mesic",1
"9_53_65_97682",12,8,20,114,908,1701030702,"17010306","WNE","RaMCONdy_fdd_1701030702","RaMCONdy","RaMCONdy_fdd",42,"fdd","RaMCONdy","RaMCONdy_fdd","Mixed Conifer - Eastside Dry",1
"9_53_65_72947",12,8,20,116,1441,1701030702,"17010306","WNE","RaPIPOm_fpd_1701030702","RaPIPOm","RaPIPOm_fpd",51,"fpd","RaPIPOm","RaPIPOm_fpd","Dry Ponderosa Pine - Mesic",1
"9_53_65_88819",12,8,20,116,235,1701030702,"17010306","WNE","RaPIPOm_fpd_1701030702","RaPIPOm","RaPIPOm_fpd",51,"fpd","RaPIPOm","RaPIPOm_fpd","Dry Ponderosa Pine - Mesic",1
"9_53_65_88105",12,8,20,116,182,1701030702,"17010306","WNE","RaPIPOm_fpd_1701030702","RaPIPOm","RaPIPOm_fpd",51,"fpd","RaPIPOm","RaPIPOm_fpd","Dry Ponderosa Pine - Mesic",1
"9_53_65_71707",12,8,20,114,241,1701030702,"17010306","WNE","RaMCONdy_fdd_1701030702","RaMCONdy","RaMCONdy_fdd",42,"fdd","RaMCONdy","RaMCONdy_fdd","Mixed Conifer - Eastside Dry",1
"9_53_63_84772",12,8,19,136,1819,1701030701,"17010306","WNE","RaPIPOm_fpd_1701030701","RaPIPOm","RaPIPOm_fpd",51,"fpd","RaPIPOm","RaPIPOm_fpd","Dry Ponderosa Pine - Mesic",1
"9_53_63_80747",8,22,96,171,1018,1702001302,"17020012","WCB","RaPIPOm_fpd_1702001302","RaPIPOm","RaPIPOm_fpd",51,"fpd","RaPIPOm","RaPIPOm_fpd","Dry Ponderosa Pine - Mesic",1
"9_53_65_90202",12,10,26,1769,973,1702000110,"17010308","WNE","Na1010471_frn_17020001","Na1010471","Na1010471_frn",39,"frn","Na1010471","Na1010471_frn","Northern Rocky Mountain Mesic Montane Mixed Conifer Forest",3
"9_53_65_93357",12,10,28,5,1519,1702000112,"17010308","WNE","RaMCONdy_fdd_1702000112","RaMCONdy","RaMCONdy_fdd",42,"fdd","RaMCONdy","RaMCONdy_fdd","Mixed Conifer - Eastside Dry",1
"9_53_13_60855",2,56,301,1968,673,1707010203,"17070101B","OBM","RaMCONms_fcm_17070102","RaMCONms","RaMCONms_fcm",22,"fcm","RaMCONms","RaMCONms_fcm","Mixed Conifer - Eastside Mesic",3
"9_53_65_91607",12,10,26,1769,1838,1702000110,"17010308","WNE","Na1010471_frn_17020001","Na1010471","Na1010471_frn",39,"frn","Na1010471","Na1010471_frn","Northern Rocky Mountain Mesic Montane Mixed Conifer Forest",3
"9_53_65_88509",12,10,28,5,782,1702000112,"17010308","WNE","RaMCONdy_fdd_1702000112","RaMCONdy","RaMCONdy_fdd",42,"fdd","RaMCONdy","RaMCONdy_fdd","Mixed Conifer - Eastside Dry",1
"9_53_13_58366",2,56,301,1968,2637,1707010203,"17070101B","OBM","RaMCONms_fcm_17070102","RaMCONms","RaMCONms_fcm",22,"fcm","RaMCONms","RaMCONms_fcm","Mixed Conifer - Eastside Mesic",3
"9_53_13_64876",2,56,301,1968,2197,1707010203,"17070101B","OBM","RaMCONms_fcm_17070102","RaMCONms","RaMCONms_fcm",22,"fcm","RaMCONms","RaMCONms_fcm","Mixed Conifer - Eastside Mesic",3
"9_53_13_53234",2,56,301,1968,1593,1707010203,"17070101B","OBM","RaMCONms_fcm_17070102","RaMCONms","RaMCONms_fcm",22,"fcm","RaMCONms","RaMCONms_fcm","Mixed Conifer - Eastside Mesic",3
"9_53_13_64025",2,56,301,1968,1631,1707010203,"17070101B","OBM","RaMCONms_fcm_17070102","RaMCONms","RaMCONms_fcm",22,"fcm","RaMCONms","RaMCONms_fcm","Mixed Conifer - Eastside Mesic",3
"9_53_13_70455",2,48,256,1984,1642,1706010603,"17060105","OBM","RaMCONms_fcm_17060106","RaMCONms","RaMCONms_fcm",22,"fcm","RaMCONms","RaMCONms_fcm","Mixed Conifer - Eastside Mesic",3
"9_53_65_93296",12,10,26,26,1652,1702000110,"17010308","WNE","RaMCONdy_fdd_1702000110","RaMCONdy","RaMCONdy_fdd",42,"fdd","RaMCONdy","RaMCONdy_fdd","Mixed Conifer - Eastside Dry",1
"4_41_63_54166",2,48,256,1984,779,1706010603,"17060105","OBM","RaMCONms_fcm_17060106","RaMCONms","RaMCONms_fcm",22,"fcm","RaMCONms","RaMCONms_fcm","Mixed Conifer - Eastside Mesic",3
"4_41_63_97518",2,48,256,1984,1031,1706010603,"17060105","OBM","RaMCONms_fcm_17060106","RaMCONms","RaMCONms_fcm",22,"fcm","RaMCONms","RaMCONms_fcm","Mixed Conifer - Eastside Mesic",3
"4_41_63_87357",2,48,256,1984,2806,1706010603,"17060105","OBM","RaMCONms_fcm_17060106","RaMCONms","RaMCONms_fcm",22,"fcm","RaMCONms","RaMCONms_fcm","Mixed Conifer - Eastside Mesic",3
"4_41_63_83887",2,46,246,1998,1195,1706010410,"17060103","OBM","RaMCONms_fcm_17060104","RaMCONms","RaMCONms_fcm",22,"fcm","RaMCONms","RaMCONms_fcm","Mixed Conifer - Eastside Mesic",3
"4_41_61_89525",2,46,246,1998,1322,1706010410,"17060103","OBM","RaMCONms_fcm_17060104","RaMCONms","RaMCONms_fcm",22,"fcm","RaMCONms","RaMCONms_fcm","Mixed Conifer - Eastside Mesic",3
"4_41_61_69207",2,48,254,1984,1836,1706010601,"17060105","OBM","RaMCONms_fcm_17060106","RaMCONms","RaMCONms_fcm",22,"fcm","RaMCONms","RaMCONms_fcm","Mixed Conifer - Eastside Mesic",3
"4_41_61_83012",2,48,254,1984,2991,1706010601,"17060105","OBM","RaMCONms_fcm_17060106","RaMCONms","RaMCONms_fcm",22,"fcm","RaMCONms","RaMCONms_fcm","Mixed Conifer - Eastside Mesic",3
"9_53_65_71190",12,12,44,1799,2448,1702000303,"17020002","WNE","Na1010471_frn_17020003","Na1010471","Na1010471_frn",39,"frn","Na1010471","Na1010471_frn","Northern Rocky Mountain Mesic Montane Mixed Conifer Forest",3
"9_53_65_97085",12,12,44,1799,1066,1702000303,"17020002","WNE","Na1010471_frn_17020003","Na1010471","Na1010471_frn",39,"frn","Na1010471","Na1010471_frn","Northern Rocky Mountain Mesic Montane Mixed Conifer Forest",3
"9_53_65_66034",12,12,44,49,1777,1702000303,"17020002","WNE","RaMCONdy_fdd_1702000303","RaMCONdy","RaMCONdy_fdd",42,"fdd","RaMCONdy","RaMCONdy_fdd","Mixed Conifer - Eastside Dry",1
"4_41_61_54791",2,46,245,1998,2880,1706010409,"17060103","OBM","RaMCONms_fcm_17060104","RaMCONms","RaMCONms_fcm",22,"fcm","RaMCONms","RaMCONms_fcm","Mixed Conifer - Eastside Mesic",3
"9_53_65_79829",12,12,44,1799,1712,1702000303,"17020002","WNE","Na1010471_frn_17020003","Na1010471","Na1010471_frn",39,"frn","Na1010471","Na1010471_frn","Northern Rocky Mountain Mesic Montane Mixed Conifer Forest",3
"4_41_1_71648",2,41,211,779,1206,1705020205,"17050201","OBM","RaPIPOm_fdp_1705020205","RaPIPOm","RaPIPOm_fdp",52,"fdp","RaPIPOm","RaPIPOm_fdp","Dry Ponderosa Pine - Mesic",1
"4_41_1_67214",2,41,211,775,1450,1705020205,"17050201","OBM","RaMCONdy_fdd_1705020205","RaMCONdy","RaMCONdy_fdd",42,"fdd","RaMCONdy","RaMCONdy_fdd","Mixed Conifer - Eastside Dry",1
"4_41_1_73533",2,39,197,827,1886,1705011902,"17050118","OBM","RaMCONdy_fdg_1705011902","RaMCONdy","RaMCONdy_fdg",23,"fdg","RaMCONdy","RaMCONdy_fdg","Mixed Conifer - Eastside Dry",1
"9_53_65_61198",12,12,43,62,1997,1702000302,"17020002","WNE","RaMCONdy_fdd_1702000302","RaMCONdy","RaMCONdy_fdd",42,"fdd","RaMCONdy","RaMCONdy_fdd","Mixed Conifer - Eastside Dry",1
"9_53_65_80334",12,12,43,62,1262,1702000302,"17020002","WNE","RaMCONdy_fdd_1702000302","RaMCONdy","RaMCONdy_fdd",42,"fdd","RaMCONdy","RaMCONdy_fdd","Mixed Conifer - Eastside Dry",1
"9_53_65_62166",12,12,43,1799,2149,1702000302,"17020002","WNE","Na1010471_frn_17020003","Na1010471","Na1010471_frn",39,"frn","Na1010471","Na1010471_frn","Northern Rocky Mountain Mesic Montane Mixed Conifer Forest",3
"9_53_65_62529",12,12,42,81,1827,1702000301,"17020002","WNE","RaMCONdy_fdd_1702000301","RaMCONdy","RaMCONdy_fdd",42,"fdd","RaMCONdy","RaMCONdy_fdd","Mixed Conifer - Eastside Dry",1
"9_53_65_56322",12,12,42,81,1203,1702000301,"17020002","WNE","RaMCONdy_fdd_1702000301","RaMCONdy","RaMCONdy_fdd",42,"fdd","RaMCONdy","RaMCONdy_fdd","Mixed Conifer - Eastside Dry",1
"9_53_65_52005",12,12,42,81,1435,1702000301,"17020002","WNE","RaMCONdy_fdd_1702000301","RaMCONdy","RaMCONdy_fdd",42,"fdd","RaMCONdy","RaMCONdy_fdd","Mixed Conifer - Eastside Dry",1
"9_53_65_73999",12,12,42,81,889,1702000301,"17020002","WNE","RaMCONdy_fdd_1702000301","RaMCONdy","RaMCONdy_fdd",42,"fdd","RaMCONdy","RaMCONdy_fdd","Mixed Conifer - Eastside Dry",1
"9_53_65_75653",12,12,42,81,1173,1702000301,"17020002","WNE","RaMCONdy_fdd_1702000301","RaMCONdy","RaMCONdy_fdd",42,"fdd","RaMCONdy","RaMCONdy_fdd","Mixed Conifer - Eastside Dry",1
"9_53_65_72915",12,12,42,89,1030,1702000301,"17020002","WNE","RaPIPOm_fpd_1702000301","RaPIPOm","RaPIPOm_fpd",51,"fpd","RaPIPOm","RaPIPOm_fpd","Dry Ponderosa Pine - Mesic",1
"9_53_65_92600",12,12,42,89,1116,1702000301,"17020002","WNE","RaPIPOm_fpd_1702000301","RaPIPOm","RaPIPOm_fpd",51,"fpd","RaPIPOm","RaPIPOm_fpd","Dry Ponderosa Pine - Mesic",1
"9_53_65_82386",12,8,20,114,526,1701030702,"17010306","WNE","RaMCONdy_fdd_1701030702","RaMCONdy","RaMCONdy_fdd",42,"fdd","RaMCONdy","RaMCONdy_fdd","Mixed Conifer - Eastside Dry",1
"9_53_65_89339",12,8,20,114,878,1701030702,"17010306","WNE","RaMCONdy_fdd_1701030702","RaMCONdy","RaMCONdy_fdd",42,"fdd","RaMCONdy","RaMCONdy_fdd","Mixed Conifer - Eastside Dry",1
"9_53_65_62169",12,10,26,26,830,1702000110,"17010308","WNE","RaMCONdy_fdd_1702000110","RaMCONdy","RaMCONdy_fdd",42,"fdd","RaMCONdy","RaMCONdy_fdd","Mixed Conifer - Eastside Dry",1
"9_53_63_75009",12,8,19,136,917,1701030701,"17010306","WNE","RaPIPOm_fpd_1701030701","RaPIPOm","RaPIPOm_fpd",51,"fpd","RaPIPOm","RaPIPOm_fpd","Dry Ponderosa Pine - Mesic",1
"9_53_63_92493",8,50,273,161,267,1706010806,"17060107","WCB","RaPIPOm_fpd_1706010806","RaPIPOm","RaPIPOm_fpd",51,"fpd","RaPIPOm","RaPIPOm_fpd","Dry Ponderosa Pine - Mesic",1
"9_53_65_91320",12,10,26,26,1015,1702000110,"17010308","WNE","RaMCONdy_fdd_1702000110","RaMCONdy","RaMCONdy_fdd",42,"fdd","RaMCONdy","RaMCONdy_fdd","Mixed Conifer - Eastside Dry",1
"9_53_65_76343",12,10,26,26,942,1702000110,"17010308","WNE","RaMCONdy_fdd_1702000110","RaMCONdy","RaMCONdy_fdd",42,"fdd","RaMCONdy","RaMCONdy_fdd","Mixed Conifer - Eastside Dry",1
"1_41_41_86591",3,109,617,2314,3068,1710020409,"17100203","OCR","RaSSHE_fss_OCR","RaSSHE","RaSSHE_fss",60,"fss","RaSSHE","RaSSHE_fss","Sitka Spruce - Western Hemlock",5
"1_41_41_53353",3,109,617,2314,1573,1710020409,"17100203","OCR","RaSSHE_fss_OCR","RaSSHE","RaSSHE_fss",60,"fss","RaSSHE","RaSSHE_fss","Sitka Spruce - Western Hemlock",5
"1_41_41_66496",3,109,617,2314,1702,1710020409,"17100203","OCR","RaSSHE_fss_OCR","RaSSHE","RaSSHE_fss",60,"fss","RaSSHE","RaSSHE_fss","Sitka Spruce - Western Hemlock",5
"1_41_41_58294",3,110,622,2314,1255,1710020505,"17100204","OCR","RaSSHE_fss_OCR","RaSSHE","RaSSHE_fss",60,"fss","RaSSHE","RaSSHE_fss","Sitka Spruce - Western Hemlock",5
"1_41_41_97374",3,110,622,2314,3146,1710020505,"17100204","OCR","RaSSHE_fss_OCR","RaSSHE","RaSSHE_fss",60,"fss","RaSSHE","RaSSHE_fss","Sitka Spruce - Western Hemlock",5
"1_41_41_68841",3,110,622,2314,3115,1710020505,"17100204","OCR","RaSSHE_fss_OCR","RaSSHE","RaSSHE_fss",60,"fss","RaSSHE","RaSSHE_fss","Sitka Spruce - Western Hemlock",5
"1_41_41_77447",3,110,620,2314,2533,1710020503,"17100204","OCR","RaSSHE_fss_OCR","RaSSHE","RaSSHE_fss",60,"fss","RaSSHE","RaSSHE_fss","Sitka Spruce - Western Hemlock",5
"1_41_41_83863",3,110,621,2314,2914,1710020504,"17100204","OCR","RaSSHE_fss_OCR","RaSSHE","RaSSHE_fss",60,"fss","RaSSHE","RaSSHE_fss","Sitka Spruce - Western Hemlock",5
"1_41_41_73725",3,110,623,2315,1597,1710020506,"17100204","OCR","RaDFHEwt_fwn_OCR","RaDFHEwt","RaDFHEwt_fwn",32,"fwn","RaDFHEwt","RaDFHEwt_fwn","Douglas-fir Hemlock-Wet Mesic",5
"1_41_41_63974",3,110,623,2314,1415,1710020506,"17100204","OCR","RaSSHE_fss_OCR","RaSSHE","RaSSHE_fss",60,"fss","RaSSHE","RaSSHE_fss","Sitka Spruce - Western Hemlock",5
"1_41_39_64251",3,110,623,2316,1920,1710020506,"17100204","OCR","RaDFHEwt_fww_OCR","RaDFHEwt","RaDFHEwt_fww",34,"fww","RaDFHEwt","RaDFHEwt_fww","Douglas-fir Hemlock-Wet Mesic",5
"1_41_39_84820",3,110,624,2315,785,1710020507,"17100204","OCR","RaDFHEwt_fwn_OCR","RaDFHEwt","RaDFHEwt_fwn",32,"fwn","RaDFHEwt","RaDFHEwt_fwn","Douglas-fir Hemlock-Wet Mesic",5
"1_41_39_68587",3,110,624,2315,866,1710020507,"17100204","OCR","RaDFHEwt_fwn_OCR","RaDFHEwt","RaDFHEwt_fwn",32,"fwn","RaDFHEwt","RaDFHEwt_fwn","Douglas-fir Hemlock-Wet Mesic",5
"1_41_39_96030",3,110,624,2315,1934,1710020507,"17100204","OCR","RaDFHEwt_fwn_OCR","RaDFHEwt","RaDFHEwt_fwn",32,"fwn","RaDFHEwt","RaDFHEwt_fwn","Douglas-fir Hemlock-Wet Mesic",5
"1_41_39_83284",3,110,624,2315,1108,1710020507,"17100204","OCR","RaDFHEwt_fwn_OCR","RaDFHEwt","RaDFHEwt_fwn",32,"fwn","RaDFHEwt","RaDFHEwt_fwn","Douglas-fir Hemlock-Wet Mesic",5
"1_41_39_52902",3,111,631,2316,939,1710020607,"17100205","OCR","RaDFHEwt_fww_OCR","RaDFHEwt","RaDFHEwt_fww",34,"fww","RaDFHEwt","RaDFHEwt_fww","Douglas-fir Hemlock-Wet Mesic",5
"1_41_39_95448",3,111,631,2316,893,1710020607,"17100205","OCR","RaDFHEwt_fww_OCR","RaDFHEwt","RaDFHEwt_fww",34,"fww","RaDFHEwt","RaDFHEwt_fww","Douglas-fir Hemlock-Wet Mesic",5
"1_41_39_64783",3,111,632,2315,1101,1710020608,"17100205","OCR","RaDFHEwt_fwn_OCR","RaDFHEwt","RaDFHEwt_fwn",32,"fwn","RaDFHEwt","RaDFHEwt_fwn","Douglas-fir Hemlock-Wet Mesic",5
"1_41_39_68842",3,111,631,2316,1259,1710020607,"17100205","OCR","RaDFHEwt_fww_OCR","RaDFHEwt","RaDFHEwt_fww",34,"fww","RaDFHEwt","RaDFHEwt_fww","Douglas-fir Hemlock-Wet Mesic",5
"1_41_39_92904",3,111,632,2316,1794,1710020608,"17100205","OCR","RaDFHEwt_fww_OCR","RaDFHEwt","RaDFHEwt_fww",34,"fww","RaDFHEwt","RaDFHEwt_fww","Douglas-fir Hemlock-Wet Mesic",5
"1_41_39_87263",3,111,632,2316,887,1710020608,"17100205","OCR","RaDFHEwt_fww_OCR","RaDFHEwt","RaDFHEwt_fww",34,"fww","RaDFHEwt","RaDFHEwt_fww","Douglas-fir Hemlock-Wet Mesic",5
"1_41_39_96288",3,111,632,2315,1014,1710020608,"17100205","OCR","RaDFHEwt_fwn_OCR","RaDFHEwt","RaDFHEwt_fwn",32,"fwn","RaDFHEwt","RaDFHEwt_fwn","Douglas-fir Hemlock-Wet Mesic",5
"1_41_39_98625",3,112,633,2316,1607,1710020701,"17100206","OCR","RaDFHEwt_fww_OCR","RaDFHEwt","RaDFHEwt_fww",34,"fww","RaDFHEwt","RaDFHEwt_fww","Douglas-fir Hemlock-Wet Mesic",5
"1_41_39_59420",3,112,633,2316,1045,1710020701,"17100206","OCR","RaDFHEwt_fww_OCR","RaDFHEwt","RaDFHEwt_fww",34,"fww","RaDFHEwt","RaDFHEwt_fww","Douglas-fir Hemlock-Wet Mesic",5
"1_41_39_56847",3,112,633,2316,1107,1710020701,"17100206","OCR","RaDFHEwt_fww_OCR","RaDFHEwt","RaDFHEwt_fww",34,"fww","RaDFHEwt","RaDFHEwt_fww","Douglas-fir Hemlock-Wet Mesic",5
"1_41_39_83748",3,112,633,2316,1843,1710020701,"17100206","OCR","RaDFHEwt_fww_OCR","RaDFHEwt","RaDFHEwt_fww",34,"fww","RaDFHEwt","RaDFHEwt_fww","Douglas-fir Hemlock-Wet Mesic",5
"2_41_19_71343",3,116,664,2316,1092,1710030307,"17100303B","OCR","RaDFHEwt_fww_OCR","RaDFHEwt","RaDFHEwt_fww",34,"fww","RaDFHEwt","RaDFHEwt_fww","Douglas-fir Hemlock-Wet Mesic",5
"2_41_19_65027",3,116,664,2316,1717,1710030307,"17100303B","OCR","RaDFHEwt_fww_OCR","RaDFHEwt","RaDFHEwt_fww",34,"fww","RaDFHEwt","RaDFHEwt_fww","Douglas-fir Hemlock-Wet Mesic",5
"2_41_19_97228",3,116,664,2315,1893,1710030307,"17100303B","OCR","RaDFHEwt_fwn_OCR","RaDFHEwt","RaDFHEwt_fwn",32,"fwn","RaDFHEwt","RaDFHEwt_fwn","Douglas-fir Hemlock-Wet Mesic",5
"2_41_19_81133",3,116,664,2316,2188,1710030307,"17100303B","OCR","RaDFHEwt_fww_OCR","RaDFHEwt","RaDFHEwt_fww",34,"fww","RaDFHEwt","RaDFHEwt_fww","Douglas-fir Hemlock-Wet Mesic",5
"2_41_19_56534",3,116,665,2315,800,1710030308,"17100303B","OCR","RaDFHEwt_fwn_OCR","RaDFHEwt","RaDFHEwt_fwn",32,"fwn","RaDFHEwt","RaDFHEwt_fwn","Douglas-fir Hemlock-Wet Mesic",5
"2_41_19_95381",3,116,665,2316,1133,1710030308,"17100303B","OCR","RaDFHEwt_fww_OCR","RaDFHEwt","RaDFHEwt_fww",34,"fww","RaDFHEwt","RaDFHEwt_fww","Douglas-fir Hemlock-Wet Mesic",5
"2_41_11_50499",3,117,667,2315,1115,1710030402,"17100303A","OCR","RaDFHEwt_fwn_OCR","RaDFHEwt","RaDFHEwt_fwn",32,"fwn","RaDFHEwt","RaDFHEwt_fwn","Douglas-fir Hemlock-Wet Mesic",5
"2_41_11_61979",3,117,667,2315,1777,1710030402,"17100303A","OCR","RaDFHEwt_fwn_OCR","RaDFHEwt","RaDFHEwt_fwn",32,"fwn","RaDFHEwt","RaDFHEwt_fwn","Douglas-fir Hemlock-Wet Mesic",5
"2_41_11_52336",3,117,666,2315,2099,1710030401,"17100303A","OCR","RaDFHEwt_fwn_OCR","RaDFHEwt","RaDFHEwt_fwn",32,"fwn","RaDFHEwt","RaDFHEwt_fwn","Douglas-fir Hemlock-Wet Mesic",5
"2_41_11_69537",6,118,673,2350,517,1710030504,"17100304","OSW","RaDFHEwt_fwn_OSW","RaDFHEwt","RaDFHEwt_fwn",32,"fwn","RaDFHEwt","RaDFHEwt_fwn","Douglas-fir Hemlock-Wet Mesic",5
"2_41_11_81919",6,118,673,2350,1748,1710030504,"17100304","OSW","RaDFHEwt_fwn_OSW","RaDFHEwt","RaDFHEwt_fwn",32,"fwn","RaDFHEwt","RaDFHEwt_fwn","Douglas-fir Hemlock-Wet Mesic",5
"2_41_11_79125",6,118,673,2198,1150,1710030504,"17100304","OSW","RaDFHEdy_fwi_17100305","RaDFHEdy","RaDFHEdy_fwi",31,"fwi","RaDFHEdy","RaDFHEdy_fwi","Douglas-fir Hemlock-Dry Mesic",3
"2_41_11_85293",6,118,672,2198,1654,1710030503,"17100304","OSW","RaDFHEdy_fwi_17100305","RaDFHEdy","RaDFHEdy_fwi",31,"fwi","RaDFHEdy","RaDFHEdy_fwi","Douglas-fir Hemlock-Dry Mesic",3
"2_41_11_85430",6,118,672,2350,1513,1710030503,"17100304","OSW","RaDFHEwt_fwn_OSW","RaDFHEwt","RaDFHEwt_fwn",32,"fwn","RaDFHEwt","RaDFHEwt_fwn","Douglas-fir Hemlock-Wet Mesic",5
"2_41_11_63643",6,118,670,2347,2505,1710030501,"17100304","OSW","RaDFHEwt_fwm_OSW","RaDFHEwt","RaDFHEwt_fwm",33,"fwm","RaDFHEwt","RaDFHEwt_fwm","Douglas-fir Hemlock-Wet Mesic",5
"2_41_11_88069",6,118,670,2347,2417,1710030501,"17100304","OSW","RaDFHEwt_fwm_OSW","RaDFHEwt","RaDFHEwt_fwm",33,"fwm","RaDFHEwt","RaDFHEwt_fwm","Douglas-fir Hemlock-Wet Mesic",5
"2_41_11_60402",6,118,670,2347,2542,1710030501,"17100304","OSW","RaDFHEwt_fwm_OSW","RaDFHEwt","RaDFHEwt_fwm",33,"fwm","RaDFHEwt","RaDFHEwt_fwm","Douglas-fir Hemlock-Wet Mesic",5
"2_41_11_92901",6,118,670,2198,1521,1710030501,"17100304","OSW","RaDFHEdy_fwi_17100305","RaDFHEdy","RaDFHEdy_fwi",31,"fwi","RaDFHEdy","RaDFHEdy_fwi","Douglas-fir Hemlock-Dry Mesic",3
"2_41_11_97947",6,118,670,2198,755,1710030501,"17100304","OSW","RaDFHEdy_fwi_17100305","RaDFHEdy","RaDFHEdy_fwi",31,"fwi","RaDFHEdy","RaDFHEdy_fwi","Douglas-fir Hemlock-Dry Mesic",3
"2_41_11_66514",6,118,671,2198,1154,1710030502,"17100304","OSW","RaDFHEdy_fwi_17100305","RaDFHEdy","RaDFHEdy_fwi",31,"fwi","RaDFHEdy","RaDFHEdy_fwi","Douglas-fir Hemlock-Dry Mesic",3
"2_41_11_95544",6,118,671,2198,879,1710030502,"17100304","OSW","RaDFHEdy_fwi_17100305","RaDFHEdy","RaDFHEdy_fwi",31,"fwi","RaDFHEdy","RaDFHEdy_fwi","Douglas-fir Hemlock-Dry Mesic",3
"2_41_15_68733",6,118,671,1230,833,1710030502,"17100304","OSW","RaMCONsw_fdm_1710030502","RaMCONsw","RaMCONsw_fdm",41,"fdm","RaMCONsw","RaMCONsw_fdm","Mixed Conifer - Southwest Oregon",1
"2_41_15_83273",6,123,700,1343,1138,1710031004,"17100309","OSW","RaMEVG_ftd_1710031004","RaMEVG","RaMEVG_ftd",48,"ftd","RaMEVG","RaMEVG_ftd","California Mixed Evergreen North",1
"2_41_15_51578",6,123,701,1369,1574,1710031005,"17100309","OSW","RaMEVG_ftd_1710031005","RaMEVG","RaMEVG_ftd",48,"ftd","RaMEVG","RaMEVG_ftd","California Mixed Evergreen North",1
"2_41_15_80090",6,123,701,1375,580,1710031005,"17100309","OSW","RaTAOAco_ftm_1710031005","RaTAOAco","RaTAOAco_ftm",47,"ftm","RaTAOAco","RaTAOAco_ftm","Oregon Coastal Tanoak",1
"2_41_15_91926",6,123,702,1444,1427,1710031006,"17100309","OSW","RaMCONsw_fiw_1710031006","RaMCONsw","RaMCONsw_fiw",20,"fiw","RaMCONsw","RaMCONsw_fiw","Mixed Conifer - Southwest Oregon",1
"2_41_15_92711",6,124,714,1450,1181,1710031110,"17100310","OSW","RaMCONsw_fiw_1710031110","RaMCONsw","RaMCONsw_fiw",20,"fiw","RaMCONsw","RaMCONsw_fiw","Mixed Conifer - Southwest Oregon",1
"2_41_15_67222",6,124,714,1459,1103,1710031110,"17100310","OSW","RaMEVG_ftd_1710031110","RaMEVG","RaMEVG_ftd",48,"ftd","RaMEVG","RaMEVG_ftd","California Mixed Evergreen North",1
"2_41_33_84711",6,124,714,1459,2343,1710031110,"17100310","OSW","RaMEVG_ftd_1710031110","RaMEVG","RaMEVG_ftd",48,"ftd","RaMEVG","RaMEVG_ftd","California Mixed Evergreen North",1
"2_41_15_76566",6,124,714,1459,2504,1710031110,"17100310","OSW","RaMEVG_ftd_1710031110","RaMEVG","RaMEVG_ftd",48,"ftd","RaMEVG","RaMEVG_ftd","California Mixed Evergreen North",1
"2_41_33_91089",6,124,714,1459,2999,1710031110,"17100310","OSW","RaMEVG_ftd_1710031110","RaMEVG","RaMEVG_ftd",48,"ftd","RaMEVG","RaMEVG_ftd","California Mixed Evergreen North",1
"2_41_33_60567",6,124,713,1497,2041,1710031109,"17100310","OSW","RaMEVG_ftd_1710031109","RaMEVG","RaMEVG_ftd",48,"ftd","RaMEVG","RaMEVG_ftd","California Mixed Evergreen North",1
"2_41_33_57312",6,124,713,1497,2808,1710031109,"17100310","OSW","RaMEVG_ftd_1710031109","RaMEVG","RaMEVG_ftd",48,"ftd","RaMEVG","RaMEVG_ftd","California Mixed Evergreen North",1
"2_41_33_59918",6,124,713,1497,3358,1710031109,"17100310","OSW","RaMEVG_ftd_1710031109","RaMEVG","RaMEVG_ftd",48,"ftd","RaMEVG","RaMEVG_ftd","California Mixed Evergreen North",1
"2_41_33_84343",6,124,712,1540,2340,1710031108,"17100310","OSW","RaMEVG_ftd_1710031108","RaMEVG","RaMEVG_ftd",48,"ftd","RaMEVG","RaMEVG_ftd","California Mixed Evergreen North",1
"2_41_33_82124",6,124,708,1687,1508,1710031104,"17100310","OSW","RaMEVG_fuc_1710031104","RaMEVG","RaMEVG_fuc",59,"fuc","RaMEVG","RaMEVG_fuc","California Mixed Evergreen North",1
"2_41_33_59927",6,156,891,2275,811,1801010101,"17120009","OSW","RaDFHEdy_fwi_18010101","RaDFHEdy","RaDFHEdy_fwi",31,"fwi","RaDFHEdy","RaDFHEdy_fwi","Douglas-fir Hemlock-Dry Mesic",3
"2_41_15_70503",6,156,891,2347,703,1801010101,"17120009","OSW","RaDFHEwt_fwm_OSW","RaDFHEwt","RaDFHEwt_fwm",33,"fwm","RaDFHEwt","RaDFHEwt_fwm","Douglas-fir Hemlock-Wet Mesic",5
"2_41_33_81225",6,124,708,1687,1148,1710031104,"17100310","OSW","RaMEVG_fuc_1710031104","RaMEVG","RaMEVG_fuc",59,"fuc","RaMEVG","RaMEVG_fuc","California Mixed Evergreen North",1
"2_41_33_58921",6,124,708,1687,1681,1710031104,"17100310","OSW","RaMEVG_fuc_1710031104","RaMEVG","RaMEVG_fuc",59,"fuc","RaMEVG","RaMEVG_fuc","California Mixed Evergreen North",1
"6_53_9_69788",9,146,810,2295,1939,1711002107,"17110020","WCR","RaSSHE_fss_WCR","RaSSHE","RaSSHE_fss",60,"fss","RaSSHE","RaSSHE_fss","Sitka Spruce - Western Hemlock",5
"6_53_9_73543",9,146,810,2297,1263,1711002107,"17110020","WCR","RaABAMup_fst_WCR","RaABAMup","RaABAMup_fst",13,"fst","RaABAMup","RaABAMup_fst","Pacific Silver Fir - High Elevation",5
"6_53_9_73506",9,100,567,2296,765,1710010106,"17090012A","WCR","RaDFHEwt_fwn_WCR","RaDFHEwt","RaDFHEwt_fwn",32,"fwn","RaDFHEwt","RaDFHEwt_fwn","Douglas-fir Hemlock-Wet Mesic",5
"6_53_9_78465",9,100,567,2295,1349,1710010106,"17090012A","WCR","RaSSHE_fss_WCR","RaSSHE","RaSSHE_fss",60,"fss","RaSSHE","RaSSHE_fss","Sitka Spruce - Western Hemlock",5
"6_53_9_59052",9,100,567,1818,1374,1710010106,"17090012A","WCR","RaDFHEdy_fwi_17100101","RaDFHEdy","RaDFHEdy_fwi",31,"fwi","RaDFHEdy","RaDFHEdy_fwi","Douglas-fir Hemlock-Dry Mesic",3
"6_53_9_70305",9,100,565,2295,446,1710010104,"17090012A","WCR","RaSSHE_fss_WCR","RaSSHE","RaSSHE_fss",60,"fss","RaSSHE","RaSSHE_fss","Sitka Spruce - Western Hemlock",5
"6_53_9_92261",9,100,565,2297,1342,1710010104,"17090012A","WCR","RaABAMup_fst_WCR","RaABAMup","RaABAMup_fst",13,"fst","RaABAMup","RaABAMup_fst","Pacific Silver Fir - High Elevation",5
"6_53_9_71404",9,100,565,2297,878,1710010104,"17090012A","WCR","RaABAMup_fst_WCR","RaABAMup","RaABAMup_fst",13,"fst","RaABAMup","RaABAMup_fst","Pacific Silver Fir - High Elevation",5
"6_53_31_50230",9,100,566,2295,1653,1710010105,"17090012A","WCR","RaSSHE_fss_WCR","RaSSHE","RaSSHE_fss",60,"fss","RaSSHE","RaSSHE_fss","Sitka Spruce - Western Hemlock",5
"6_53_31_88942",9,100,568,2295,1145,1710010107,"17090012A","WCR","RaSSHE_fss_WCR","RaSSHE","RaSSHE_fss",60,"fss","RaSSHE","RaSSHE_fss","Sitka Spruce - Western Hemlock",5
"6_53_31_68793",9,100,568,2295,2405,1710010107,"17090012A","WCR","RaSSHE_fss_WCR","RaSSHE","RaSSHE_fss",60,"fss","RaSSHE","RaSSHE_fss","Sitka Spruce - Western Hemlock",5
"6_53_31_68595",9,101,570,2296,656,1710010201,"17100101","WCR","RaDFHEwt_fwn_WCR","RaDFHEwt","RaDFHEwt_fwn",32,"fwn","RaDFHEwt","RaDFHEwt_fwn","Douglas-fir Hemlock-Wet Mesic",5
"6_53_31_77703",9,101,570,2295,1152,1710010201,"17100101","WCR","RaSSHE_fss_WCR","RaSSHE","RaSSHE_fss",60,"fss","RaSSHE","RaSSHE_fss","Sitka Spruce - Western Hemlock",5
"6_53_31_68075",9,101,570,2295,1305,1710010201,"17100101","WCR","RaSSHE_fss_WCR","RaSSHE","RaSSHE_fss",60,"fss","RaSSHE","RaSSHE_fss","Sitka Spruce - Western Hemlock",5
"6_53_31_87804",9,101,571,2295,2242,1710010202,"17100101","WCR","RaSSHE_fss_WCR","RaSSHE","RaSSHE_fss",60,"fss","RaSSHE","RaSSHE_fss","Sitka Spruce - Western Hemlock",5
"6_53_27_63583",9,101,572,2295,2689,1710010203,"17100101","WCR","RaSSHE_fss_WCR","RaSSHE","RaSSHE_fss",60,"fss","RaSSHE","RaSSHE_fss","Sitka Spruce - Western Hemlock",5
"9_53_65_88397",12,10,26,26,1309,1702000110,"17010308","WNE","RaMCONdy_fdd_1702000110","RaMCONdy","RaMCONdy_fdd",42,"fdd","RaMCONdy","RaMCONdy_fdd","Mixed Conifer - Eastside Dry",1
"9_53_13_99841",2,56,301,1968,1350,1707010203,"17070101B","OBM","RaMCONms_fcm_17070102","RaMCONms","RaMCONms_fcm",22,"fcm","RaMCONms","RaMCONms_fcm","Mixed Conifer - Eastside Mesic",3
"9_53_13_63436",2,56,301,1968,2007,1707010203,"17070101B","OBM","RaMCONms_fcm_17070102","RaMCONms","RaMCONms_fcm",22,"fcm","RaMCONms","RaMCONms_fcm","Mixed Conifer - Eastside Mesic",3
"9_53_13_61598",2,56,301,1968,2309,1707010203,"17070101B","OBM","RaMCONms_fcm_17070102","RaMCONms","RaMCONms_fcm",22,"fcm","RaMCONms","RaMCONms_fcm","Mixed Conifer - Eastside Mesic",3
"9_53_13_84580",2,56,301,1968,1526,1707010203,"17070101B","OBM","RaMCONms_fcm_17070102","RaMCONms","RaMCONms_fcm",22,"fcm","RaMCONms","RaMCONms_fcm","Mixed Conifer - Eastside Mesic",3
"9_53_13_83189",2,56,301,1968,2216,1707010203,"17070101B","OBM","RaMCONms_fcm_17070102","RaMCONms","RaMCONms_fcm",22,"fcm","RaMCONms","RaMCONms_fcm","Mixed Conifer - Eastside Mesic",3
"9_53_13_75649",2,56,301,1968,1226,1707010203,"17070101B","OBM","RaMCONms_fcm_17070102","RaMCONms","RaMCONms_fcm",22,"fcm","RaMCONms","RaMCONms_fcm","Mixed Conifer - Eastside Mesic",3
"9_53_13_69772",2,56,301,1968,1604,1707010203,"17070101B","OBM","RaMCONms_fcm_17070102","RaMCONms","RaMCONms_fcm",22,"fcm","RaMCONms","RaMCONms_fcm","Mixed Conifer - Eastside Mesic",3
"9_53_13_58375",2,48,256,1984,1312,1706010603,"17060105","OBM","RaMCONms_fcm_17060106","RaMCONms","RaMCONms_fcm",22,"fcm","RaMCONms","RaMCONms_fcm","Mixed Conifer - Eastside Mesic",3
"4_41_63_89426",2,48,256,1984,1337,1706010603,"17060105","OBM","RaMCONms_fcm_17060106","RaMCONms","RaMCONms_fcm",22,"fcm","RaMCONms","RaMCONms_fcm","Mixed Conifer - Eastside Mesic",3
"4_41_63_80841",2,48,256,1984,1517,1706010603,"17060105","OBM","RaMCONms_fcm_17060106","RaMCONms","RaMCONms_fcm",22,"fcm","RaMCONms","RaMCONms_fcm","Mixed Conifer - Eastside Mesic",3
"4_41_63_54762",2,48,254,1984,3104,1706010601,"17060105","OBM","RaMCONms_fcm_17060106","RaMCONms","RaMCONms_fcm",22,"fcm","RaMCONms","RaMCONms_fcm","Mixed Conifer - Eastside Mesic",3
"4_41_61_60940",2,48,254,1984,1789,1706010601,"17060105","OBM","RaMCONms_fcm_17060106","RaMCONms","RaMCONms_fcm",22,"fcm","RaMCONms","RaMCONms_fcm","Mixed Conifer - Eastside Mesic",3
"4_41_61_58202",2,48,254,1984,2328,1706010601,"17060105","OBM","RaMCONms_fcm_17060106","RaMCONms","RaMCONms_fcm",22,"fcm","RaMCONms","RaMCONms_fcm","Mixed Conifer - Eastside Mesic",3
"4_41_61_52282",2,48,254,1984,1849,1706010601,"17060105","OBM","RaMCONms_fcm_17060106","RaMCONms","RaMCONms_fcm",22,"fcm","RaMCONms","RaMCONms_fcm","Mixed Conifer - Eastside Mesic",3
"9_53_65_80698",12,12,44,1799,2812,1702000303,"17020002","WNE","Na1010471_frn_17020003","Na1010471","Na1010471_frn",39,"frn","Na1010471","Na1010471_frn","Northern Rocky Mountain Mesic Montane Mixed Conifer Forest",3
"4_41_61_96910",2,48,254,349,681,1706010601,"17060105","OBM","RaMCONdy_fdd_1706010601","RaMCONdy","RaMCONdy_fdd",42,"fdd","RaMCONdy","RaMCONdy_fdd","Mixed Conifer - Eastside Dry",1
"4_41_61_75801",2,47,253,399,1618,1706010506,"17060104","OBM","RaMCONdy_fdd_1706010506","RaMCONdy","RaMCONdy_fdd",42,"fdd","RaMCONdy","RaMCONdy_fdd","Mixed Conifer - Eastside Dry",1
"4_41_61_56463",2,46,247,1998,690,1706010411,"17060103","OBM","RaMCONms_fcm_17060104","RaMCONms","RaMCONms_fcm",22,"fcm","RaMCONms","RaMCONms_fcm","Mixed Conifer - Eastside Mesic",3
"4_41_61_58485",2,46,245,1998,628,1706010409,"17060103","OBM","RaMCONms_fcm_17060104","RaMCONms","RaMCONms_fcm",22,"fcm","RaMCONms","RaMCONms_fcm","Mixed Conifer - Eastside Mesic",3
"9_53_65_71241",12,12,44,49,1581,1702000303,"17020002","WNE","RaMCONdy_fdd_1702000303","RaMCONdy","RaMCONdy_fdd",42,"fdd","RaMCONdy","RaMCONdy_fdd","Mixed Conifer - Eastside Dry",1
"4_41_61_88373",2,46,245,1998,1860,1706010409,"17060103","OBM","RaMCONms_fcm_17060104","RaMCONms","RaMCONms_fcm",22,"fcm","RaMCONms","RaMCONms_fcm","Mixed Conifer - Eastside Mesic",3
"4_41_61_65537",2,46,243,1998,857,1706010407,"17060103","OBM","RaMCONms_fcm_17060104","RaMCONms","RaMCONms_fcm",22,"fcm","RaMCONms","RaMCONms_fcm","Mixed Conifer - Eastside Mesic",3
"9_53_65_62490",12,12,44,49,1592,1702000303,"17020002","WNE","RaMCONdy_fdd_1702000303","RaMCONdy","RaMCONdy_fdd",42,"fdd","RaMCONdy","RaMCONdy_fdd","Mixed Conifer - Eastside Dry",1
"9_53_65_55030",12,12,44,1799,1016,1702000303,"17020002","WNE","Na1010471_frn_17020003","Na1010471","Na1010471_frn",39,"frn","Na1010471","Na1010471_frn","Northern Rocky Mountain Mesic Montane Mixed Conifer Forest",3
"4_41_61_84971",2,46,241,1998,236,1706010405,"17060103","OBM","RaMCONms_fcm_17060104","RaMCONms","RaMCONms_fcm",22,"fcm","RaMCONms","RaMCONms_fcm","Mixed Conifer - Eastside Mesic",3
"9_53_65_72620",12,12,44,1799,1354,1702000303,"17020002","WNE","Na1010471_frn_17020003","Na1010471","Na1010471_frn",39,"frn","Na1010471","Na1010471_frn","Northern Rocky Mountain Mesic Montane Mixed Conifer Forest",3
"4_41_1_61614",2,42,216,700,940,1705020302,"17050202","OBM","RaMCONdy_fdg_1705020302","RaMCONdy","RaMCONdy_fdg",23,"fdg","RaMCONdy","RaMCONdy_fdg","Mixed Conifer - Eastside Dry",1
"4_41_1_91764",2,42,216,701,712,1705020302,"17050202","OBM","RaPIPOm_fdp_1705020302","RaPIPOm","RaPIPOm_fdp",52,"fdp","RaPIPOm","RaPIPOm_fdp","Dry Ponderosa Pine - Mesic",1
"4_41_1_87668",2,41,211,775,1502,1705020205,"17050201","OBM","RaMCONdy_fdd_1705020205","RaMCONdy","RaMCONdy_fdd",42,"fdd","RaMCONdy","RaMCONdy_fdd","Mixed Conifer - Eastside Dry",1
"4_41_1_72510",2,41,211,775,725,1705020205,"17050201","OBM","RaMCONdy_fdd_1705020205","RaMCONdy","RaMCONdy_fdd",42,"fdd","RaMCONdy","RaMCONdy_fdd","Mixed Conifer - Eastside Dry",1
"4_41_1_60354",2,39,197,825,1189,1705011902,"17050118","OBM","RaMCONdy_fdd_1705011902","RaMCONdy","RaMCONdy_fdd",42,"fdd","RaMCONdy","RaMCONdy_fdd","Mixed Conifer - Eastside Dry",1
"4_41_45_72686",2,38,193,2134,29,1705011801,"17050117","OBM","RaPIPOxe_fxp_17050118","RaPIPOxe","RaPIPOxe_fxp",56,"fxp","RaPIPOxe","RaPIPOxe_fxp","Ponderosa Pine - Xeric",3
"9_53_65_99117",12,12,42,81,2004,1702000301,"17020002","WNE","RaMCONdy_fdd_1702000301","RaMCONdy","RaMCONdy_fdd",42,"fdd","RaMCONdy","RaMCONdy_fdd","Mixed Conifer - Eastside Dry",1
"9_53_65_53611",12,12,42,81,1423,1702000301,"17020002","WNE","RaMCONdy_fdd_1702000301","RaMCONdy","RaMCONdy_fdd",42,"fdd","RaMCONdy","RaMCONdy_fdd","Mixed Conifer - Eastside Dry",1
"9_53_65_77885",12,12,42,81,1528,1702000301,"17020002","WNE","RaMCONdy_fdd_1702000301","RaMCONdy","RaMCONdy_fdd",42,"fdd","RaMCONdy","RaMCONdy_fdd","Mixed Conifer - Eastside Dry",1
"9_53_65_92248",12,12,42,81,964,1702000301,"17020002","WNE","RaMCONdy_fdd_1702000301","RaMCONdy","RaMCONdy_fdd",42,"fdd","RaMCONdy","RaMCONdy_fdd","Mixed Conifer - Eastside Dry",1
"9_53_65_60486",12,8,20,114,591,1701030702,"17010306","WNE","RaMCONdy_fdd_1701030702","RaMCONdy","RaMCONdy_fdd",42,"fdd","RaMCONdy","RaMCONdy_fdd","Mixed Conifer - Eastside Dry",1
"9_53_65_93506",12,10,26,1769,1160,1702000110,"17010308","WNE","Na1010471_frn_17020001","Na1010471","Na1010471_frn",39,"frn","Na1010471","Na1010471_frn","Northern Rocky Mountain Mesic Montane Mixed Conifer Forest",3
"9_53_65_94046",12,8,19,136,728,1701030701,"17010306","WNE","RaPIPOm_fpd_1701030701","RaPIPOm","RaPIPOm_fpd",51,"fpd","RaPIPOm","RaPIPOm_fpd","Dry Ponderosa Pine - Mesic",1
"9_53_63_97191",12,8,19,136,1704,1701030701,"17010306","WNE","RaPIPOm_fpd_1701030701","RaPIPOm","RaPIPOm_fpd",51,"fpd","RaPIPOm","RaPIPOm_fpd","Dry Ponderosa Pine - Mesic",1
"9_53_65_51028",12,10,26,26,1475,1702000110,"17010308","WNE","RaMCONdy_fdd_1702000110","RaMCONdy","RaMCONdy_fdd",42,"fdd","RaMCONdy","RaMCONdy_fdd","Mixed Conifer - Eastside Dry",1
"9_53_65_98889",12,10,26,26,1075,1702000110,"17010308","WNE","RaMCONdy_fdd_1702000110","RaMCONdy","RaMCONdy_fdd",42,"fdd","RaMCONdy","RaMCONdy_fdd","Mixed Conifer - Eastside Dry",1
"9_53_65_97921",12,10,26,26,746,1702000110,"17010308","WNE","RaMCONdy_fdd_1702000110","RaMCONdy","RaMCONdy_fdd",42,"fdd","RaMCONdy","RaMCONdy_fdd","Mixed Conifer - Eastside Dry",1
"9_53_13_54493",2,49,266,1946,1414,1706010706,"17060106","OBM","RaMCONms_fcm_17060107","RaMCONms","RaMCONms_fcm",22,"fcm","RaMCONms","RaMCONms_fcm","Mixed Conifer - Eastside Mesic",3
"9_53_13_78358",2,49,266,1946,1504,1706010706,"17060106","OBM","RaMCONms_fcm_17060107","RaMCONms","RaMCONms_fcm",22,"fcm","RaMCONms","RaMCONms_fcm","Mixed Conifer - Eastside Mesic",3
"9_53_13_54173",2,49,266,1946,2833,1706010706,"17060106","OBM","RaMCONms_fcm_17060107","RaMCONms","RaMCONms_fcm",22,"fcm","RaMCONms","RaMCONms_fcm","Mixed Conifer - Eastside Mesic",3
"9_53_13_89150",2,49,266,1946,2375,1706010706,"17060106","OBM","RaMCONms_fcm_17060107","RaMCONms","RaMCONms_fcm",22,"fcm","RaMCONms","RaMCONms_fcm","Mixed Conifer - Eastside Mesic",3
"9_53_13_53960",2,49,266,1946,1670,1706010706,"17060106","OBM","RaMCONms_fcm_17060107","RaMCONms","RaMCONms_fcm",22,"fcm","RaMCONms","RaMCONms_fcm","Mixed Conifer - Eastside Mesic",3
"9_53_13_75735",2,49,266,1946,1920,1706010706,"17060106","OBM","RaMCONms_fcm_17060107","RaMCONms","RaMCONms_fcm",22,"fcm","RaMCONms","RaMCONms_fcm","Mixed Conifer - Eastside Mesic",3
"9_53_13_78423",2,48,256,1984,1375,1706010603,"17060105","OBM","RaMCONms_fcm_17060106","RaMCONms","RaMCONms_fcm",22,"fcm","RaMCONms","RaMCONms_fcm","Mixed Conifer - Eastside Mesic",3
"4_41_63_52355",2,48,256,1984,1133,1706010603,"17060105","OBM","RaMCONms_fcm_17060106","RaMCONms","RaMCONms_fcm",22,"fcm","RaMCONms","RaMCONms_fcm","Mixed Conifer - Eastside Mesic",3
"4_41_63_57949",2,48,256,1984,3274,1706010603,"17060105","OBM","RaMCONms_fcm_17060106","RaMCONms","RaMCONms_fcm",22,"fcm","RaMCONms","RaMCONms_fcm","Mixed Conifer - Eastside Mesic",3
"4_41_63_59477",2,48,254,1984,2227,1706010601,"17060105","OBM","RaMCONms_fcm_17060106","RaMCONms","RaMCONms_fcm",22,"fcm","RaMCONms","RaMCONms_fcm","Mixed Conifer - Eastside Mesic",3
"4_41_63_99412",2,48,254,1984,2748,1706010601,"17060105","OBM","RaMCONms_fcm_17060106","RaMCONms","RaMCONms_fcm",22,"fcm","RaMCONms","RaMCONms_fcm","Mixed Conifer - Eastside Mesic",3
"4_41_63_82637",2,48,254,349,2324,1706010601,"17060105","OBM","RaMCONdy_fdd_1706010601","RaMCONdy","RaMCONdy_fdd",42,"fdd","RaMCONdy","RaMCONdy_fdd","Mixed Conifer - Eastside Dry",1
"9_53_65_88157",12,10,26,1769,2496,1702000110,"17010308","WNE","Na1010471_frn_17020001","Na1010471","Na1010471_frn",39,"frn","Na1010471","Na1010471_frn","Northern Rocky Mountain Mesic Montane Mixed Conifer Forest",3
"4_41_61_98000",2,47,253,399,752,1706010506,"17060104","OBM","RaMCONdy_fdd_1706010506","RaMCONdy","RaMCONdy_fdd",42,"fdd","RaMCONdy","RaMCONdy_fdd","Mixed Conifer - Eastside Dry",1
"9_53_65_64752",12,12,44,1799,1123,1702000303,"17020002","WNE","Na1010471_frn_17020003","Na1010471","Na1010471_frn",39,"frn","Na1010471","Na1010471_frn","Northern Rocky Mountain Mesic Montane Mixed Conifer Forest",3
"4_41_61_77050",2,46,245,1998,1928,1706010409,"17060103","OBM","RaMCONms_fcm_17060104","RaMCONms","RaMCONms_fcm",22,"fcm","RaMCONms","RaMCONms_fcm","Mixed Conifer - Eastside Mesic",3
"4_41_61_93048",2,46,245,1998,2332,1706010409,"17060103","OBM","RaMCONms_fcm_17060104","RaMCONms","RaMCONms_fcm",22,"fcm","RaMCONms","RaMCONms_fcm","Mixed Conifer - Eastside Mesic",3
"4_41_61_56755",2,46,245,1998,2790,1706010409,"17060103","OBM","RaMCONms_fcm_17060104","RaMCONms","RaMCONms_fcm",22,"fcm","RaMCONms","RaMCONms_fcm","Mixed Conifer - Eastside Mesic",3
"4_41_61_64283",2,46,245,1998,2214,1706010409,"17060103","OBM","RaMCONms_fcm_17060104","RaMCONms","RaMCONms_fcm",22,"fcm","RaMCONms","RaMCONms_fcm","Mixed Conifer - Eastside Mesic",3
"4_41_61_94185",2,46,245,1998,1776,1706010409,"17060103","OBM","RaMCONms_fcm_17060104","RaMCONms","RaMCONms_fcm",22,"fcm","RaMCONms","RaMCONms_fcm","Mixed Conifer - Eastside Mesic",3
"4_41_61_88496",2,46,245,1998,2516,1706010409,"17060103","OBM","RaMCONms_fcm_17060104","RaMCONms","RaMCONms_fcm",22,"fcm","RaMCONms","RaMCONms_fcm","Mixed Conifer - Eastside Mesic",3
"4_41_61_74723",2,46,243,1998,1344,1706010407,"17060103","OBM","RaMCONms_fcm_17060104","RaMCONms","RaMCONms_fcm",22,"fcm","RaMCONms","RaMCONms_fcm","Mixed Conifer - Eastside Mesic",3
"4_41_61_92502",2,46,243,1998,1673,1706010407,"17060103","OBM","RaMCONms_fcm_17060104","RaMCONms","RaMCONms_fcm",22,"fcm","RaMCONms","RaMCONms_fcm","Mixed Conifer - Eastside Mesic",3
"9_53_65_65798",12,12,44,49,1387,1702000303,"17020002","WNE","RaMCONdy_fdd_1702000303","RaMCONdy","RaMCONdy_fdd",42,"fdd","RaMCONdy","RaMCONdy_fdd","Mixed Conifer - Eastside Dry",1
"9_53_65_96018",12,12,44,49,683,1702000303,"17020002","WNE","RaMCONdy_fdd_1702000303","RaMCONdy","RaMCONdy_fdd",42,"fdd","RaMCONdy","RaMCONdy_fdd","Mixed Conifer - Eastside Dry",1
"4_41_61_99969",2,46,241,1998,1557,1706010405,"17060103","OBM","RaMCONms_fcm_17060104","RaMCONms","RaMCONms_fcm",22,"fcm","RaMCONms","RaMCONms_fcm","Mixed Conifer - Eastside Mesic",3
"9_53_65_92295",12,12,44,1799,958,1702000303,"17020002","WNE","Na1010471_frn_17020003","Na1010471","Na1010471_frn",39,"frn","Na1010471","Na1010471_frn","Northern Rocky Mountain Mesic Montane Mixed Conifer Forest",3
"4_41_1_89789",2,41,211,779,156,1705020205,"17050201","OBM","RaPIPOm_fdp_1705020205","RaPIPOm","RaPIPOm_fdp",52,"fdp","RaPIPOm","RaPIPOm_fdp","Dry Ponderosa Pine - Mesic",1
"4_41_1_67369",2,41,211,775,1178,1705020205,"17050201","OBM","RaMCONdy_fdd_1705020205","RaMCONdy","RaMCONdy_fdd",42,"fdd","RaMCONdy","RaMCONdy_fdd","Mixed Conifer - Eastside Dry",1
"9_53_65_82851",12,12,43,62,1455,1702000302,"17020002","WNE","RaMCONdy_fdd_1702000302","RaMCONdy","RaMCONdy_fdd",42,"fdd","RaMCONdy","RaMCONdy_fdd","Mixed Conifer - Eastside Dry",1
"9_53_65_63884",12,12,43,62,2320,1702000302,"17020002","WNE","RaMCONdy_fdd_1702000302","RaMCONdy","RaMCONdy_fdd",42,"fdd","RaMCONdy","RaMCONdy_fdd","Mixed Conifer - Eastside Dry",1
"9_53_65_77707",12,12,43,62,2891,1702000302,"17020002","WNE","RaMCONdy_fdd_1702000302","RaMCONdy","RaMCONdy_fdd",42,"fdd","RaMCONdy","RaMCONdy_fdd","Mixed Conifer - Eastside Dry",1
"9_53_65_55957",12,12,42,81,1718,1702000301,"17020002","WNE","RaMCONdy_fdd_1702000301","RaMCONdy","RaMCONdy_fdd",42,"fdd","RaMCONdy","RaMCONdy_fdd","Mixed Conifer - Eastside Dry",1
"9_53_65_50080",12,12,42,81,2617,1702000301,"17020002","WNE","RaMCONdy_fdd_1702000301","RaMCONdy","RaMCONdy_fdd",42,"fdd","RaMCONdy","RaMCONdy_fdd","Mixed Conifer - Eastside Dry",1
"9_53_65_55851",12,12,42,81,1928,1702000301,"17020002","WNE","RaMCONdy_fdd_1702000301","RaMCONdy","RaMCONdy_fdd",42,"fdd","RaMCONdy","RaMCONdy_fdd","Mixed Conifer - Eastside Dry",1
"9_53_65_87992",12,12,42,81,1175,1702000301,"17020002","WNE","RaMCONdy_fdd_1702000301","RaMCONdy","RaMCONdy_fdd",42,"fdd","RaMCONdy","RaMCONdy_fdd","Mixed Conifer - Eastside Dry",1
"9_53_65_59454",12,12,42,81,1730,1702000301,"17020002","WNE","RaMCONdy_fdd_1702000301","RaMCONdy","RaMCONdy_fdd",42,"fdd","RaMCONdy","RaMCONdy_fdd","Mixed Conifer - Eastside Dry",1
"9_53_65_60598",12,12,42,81,1532,1702000301,"17020002","WNE","RaMCONdy_fdd_1702000301","RaMCONdy","RaMCONdy_fdd",42,"fdd","RaMCONdy","RaMCONdy_fdd","Mixed Conifer - Eastside Dry",1
"9_53_65_85598",12,12,42,81,2471,1702000301,"17020002","WNE","RaMCONdy_fdd_1702000301","RaMCONdy","RaMCONdy_fdd",42,"fdd","RaMCONdy","RaMCONdy_fdd","Mixed Conifer - Eastside Dry",1
"9_53_65_56216",12,12,42,81,2773,1702000301,"17020002","WNE","RaMCONdy_fdd_1702000301","RaMCONdy","RaMCONdy_fdd",42,"fdd","RaMCONdy","RaMCONdy_fdd","Mixed Conifer - Eastside Dry",1
"9_53_65_75664",12,10,26,1769,487,1702000110,"17010308","WNE","Na1010471_frn_17020001","Na1010471","Na1010471_frn",39,"frn","Na1010471","Na1010471_frn","Northern Rocky Mountain Mesic Montane Mixed Conifer Forest",3
"9_53_65_91810",12,12,42,81,1648,1702000301,"17020002","WNE","RaMCONdy_fdd_1702000301","RaMCONdy","RaMCONdy_fdd",42,"fdd","RaMCONdy","RaMCONdy_fdd","Mixed Conifer - Eastside Dry",1
"9_53_65_84597",12,9,24,113,1132,1701030802,"17010307","WNE","RaMCONdy_fdd_1701030802","RaMCONdy","RaMCONdy_fdd",42,"fdd","RaMCONdy","RaMCONdy_fdd","Mixed Conifer - Eastside Dry",1
"9_53_65_56471",12,8,19,136,446,1701030701,"17010306","WNE","RaPIPOm_fpd_1701030701","RaPIPOm","RaPIPOm_fpd",51,"fpd","RaPIPOm","RaPIPOm_fpd","Dry Ponderosa Pine - Mesic",1
"9_53_65_54344",12,10,26,1769,1999,1702000110,"17010308","WNE","Na1010471_frn_17020001","Na1010471","Na1010471_frn",39,"frn","Na1010471","Na1010471_frn","Northern Rocky Mountain Mesic Montane Mixed Conifer Forest",3
"9_53_65_72516",12,10,26,26,1824,1702000110,"17010308","WNE","RaMCONdy_fdd_1702000110","RaMCONdy","RaMCONdy_fdd",42,"fdd","RaMCONdy","RaMCONdy_fdd","Mixed Conifer - Eastside Dry",1
"9_53_51_60674",12,10,26,1769,1391,1702000110,"17010308","WNE","Na1010471_frn_17020001","Na1010471","Na1010471_frn",39,"frn","Na1010471","Na1010471_frn","Northern Rocky Mountain Mesic Montane Mixed Conifer Forest",3
"9_53_65_59097",12,5,14,2,1348,1701021610,"17010215","WNE","RaMCONdy_fdd_1701021610","RaMCONdy","RaMCONdy_fdd",42,"fdd","RaMCONdy","RaMCONdy_fdd","Mixed Conifer - Eastside Dry",1
"9_53_13_71224",2,56,301,1968,2021,1707010203,"17070101B","OBM","RaMCONms_fcm_17070102","RaMCONms","RaMCONms_fcm",22,"fcm","RaMCONms","RaMCONms_fcm","Mixed Conifer - Eastside Mesic",3
"9_53_13_52396",2,49,266,1946,1320,1706010706,"17060106","OBM","RaMCONms_fcm_17060107","RaMCONms","RaMCONms_fcm",22,"fcm","RaMCONms","RaMCONms_fcm","Mixed Conifer - Eastside Mesic",3
"9_53_13_80131",2,49,266,1946,1494,1706010706,"17060106","OBM","RaMCONms_fcm_17060107","RaMCONms","RaMCONms_fcm",22,"fcm","RaMCONms","RaMCONms_fcm","Mixed Conifer - Eastside Mesic",3
"9_53_13_90982",2,49,266,1946,1527,1706010706,"17060106","OBM","RaMCONms_fcm_17060107","RaMCONms","RaMCONms_fcm",22,"fcm","RaMCONms","RaMCONms_fcm","Mixed Conifer - Eastside Mesic",3
"9_53_51_70628",12,10,26,26,2406,1702000110,"17010308","WNE","RaMCONdy_fdd_1702000110","RaMCONdy","RaMCONdy_fdd",42,"fdd","RaMCONdy","RaMCONdy_fdd","Mixed Conifer - Eastside Dry",1
"9_53_13_83614",2,48,256,308,1278,1706010603,"17060105","OBM","RaMCONdy_fdd_1706010603","RaMCONdy","RaMCONdy_fdd",42,"fdd","RaMCONdy","RaMCONdy_fdd","Mixed Conifer - Eastside Dry",1
"4_41_63_66335",2,48,254,1984,1274,1706010601,"17060105","OBM","RaMCONms_fcm_17060106","RaMCONms","RaMCONms_fcm",22,"fcm","RaMCONms","RaMCONms_fcm","Mixed Conifer - Eastside Mesic",3
"4_41_63_67044",2,48,254,1984,2670,1706010601,"17060105","OBM","RaMCONms_fcm_17060106","RaMCONms","RaMCONms_fcm",22,"fcm","RaMCONms","RaMCONms_fcm","Mixed Conifer - Eastside Mesic",3
"4_41_63_97873",2,48,254,349,1426,1706010601,"17060105","OBM","RaMCONdy_fdd_1706010601","RaMCONdy","RaMCONdy_fdd",42,"fdd","RaMCONdy","RaMCONdy_fdd","Mixed Conifer - Eastside Dry",1
"4_41_63_74494",2,48,254,349,1860,1706010601,"17060105","OBM","RaMCONdy_fdd_1706010601","RaMCONdy","RaMCONdy_fdd",42,"fdd","RaMCONdy","RaMCONdy_fdd","Mixed Conifer - Eastside Dry",1
"4_41_63_70670",2,48,254,1984,2456,1706010601,"17060105","OBM","RaMCONms_fcm_17060106","RaMCONms","RaMCONms_fcm",22,"fcm","RaMCONms","RaMCONms_fcm","Mixed Conifer - Eastside Mesic",3
"9_53_51_74766",12,10,26,1769,2029,1702000110,"17010308","WNE","Na1010471_frn_17020001","Na1010471","Na1010471_frn",39,"frn","Na1010471","Na1010471_frn","Northern Rocky Mountain Mesic Montane Mixed Conifer Forest",3
"4_41_63_83019",2,47,253,2013,2498,1706010506,"17060104","OBM","RaMCONms_fcm_17060105","RaMCONms","RaMCONms_fcm",22,"fcm","RaMCONms","RaMCONms_fcm","Mixed Conifer - Eastside Mesic",3
"4_41_63_57899",2,47,253,399,1375,1706010506,"17060104","OBM","RaMCONdy_fdd_1706010506","RaMCONdy","RaMCONdy_fdd",42,"fdd","RaMCONdy","RaMCONdy_fdd","Mixed Conifer - Eastside Dry",1
"4_41_61_51432",2,47,252,433,880,1706010505,"17060104","OBM","RaMCONdy_fdd_1706010505","RaMCONdy","RaMCONdy_fdd",42,"fdd","RaMCONdy","RaMCONdy_fdd","Mixed Conifer - Eastside Dry",1
"4_41_61_94003",2,46,245,1998,1644,1706010409,"17060103","OBM","RaMCONms_fcm_17060104","RaMCONms","RaMCONms_fcm",22,"fcm","RaMCONms","RaMCONms_fcm","Mixed Conifer - Eastside Mesic",3
"4_41_61_59143",2,46,245,1998,1076,1706010409,"17060103","OBM","RaMCONms_fcm_17060104","RaMCONms","RaMCONms_fcm",22,"fcm","RaMCONms","RaMCONms_fcm","Mixed Conifer - Eastside Mesic",3
"9_53_51_78607",12,10,26,1769,1395,1702000110,"17010308","WNE","Na1010471_frn_17020001","Na1010471","Na1010471_frn",39,"frn","Na1010471","Na1010471_frn","Northern Rocky Mountain Mesic Montane Mixed Conifer Forest",3
"9_53_65_90667",12,10,26,1769,1039,1702000110,"17010308","WNE","Na1010471_frn_17020001","Na1010471","Na1010471_frn",39,"frn","Na1010471","Na1010471_frn","Northern Rocky Mountain Mesic Montane Mixed Conifer Forest",3
"4_41_61_65469",2,46,245,1998,1167,1706010409,"17060103","OBM","RaMCONms_fcm_17060104","RaMCONms","RaMCONms_fcm",22,"fcm","RaMCONms","RaMCONms_fcm","Mixed Conifer - Eastside Mesic",3
"4_41_61_72786",2,46,245,1998,2805,1706010409,"17060103","OBM","RaMCONms_fcm_17060104","RaMCONms","RaMCONms_fcm",22,"fcm","RaMCONms","RaMCONms_fcm","Mixed Conifer - Eastside Mesic",3
"4_41_61_54222",2,46,245,1998,3449,1706010409,"17060103","OBM","RaMCONms_fcm_17060104","RaMCONms","RaMCONms_fcm",22,"fcm","RaMCONms","RaMCONms_fcm","Mixed Conifer - Eastside Mesic",3
"4_41_61_89640",2,46,245,1998,2699,1706010409,"17060103","OBM","RaMCONms_fcm_17060104","RaMCONms","RaMCONms_fcm",22,"fcm","RaMCONms","RaMCONms_fcm","Mixed Conifer - Eastside Mesic",3
"4_41_61_82276",2,46,245,1998,1948,1706010409,"17060103","OBM","RaMCONms_fcm_17060104","RaMCONms","RaMCONms_fcm",22,"fcm","RaMCONms","RaMCONms_fcm","Mixed Conifer - Eastside Mesic",3
"4_41_61_98861",2,46,243,2318,2480,1706010407,"17060103","OBM","RaSPFI_fcd_OBM","RaSPFI","RaSPFI_fcd",9,"fcd","RaSPFI","RaSPFI_fcd","Spruce - Fir",4
"4_41_61_71495",2,46,243,1998,1618,1706010407,"17060103","OBM","RaMCONms_fcm_17060104","RaMCONms","RaMCONms_fcm",22,"fcm","RaMCONms","RaMCONms_fcm","Mixed Conifer - Eastside Mesic",3
"4_41_61_84150",2,46,241,1998,1710,1706010405,"17060103","OBM","RaMCONms_fcm_17060104","RaMCONms","RaMCONms_fcm",22,"fcm","RaMCONms","RaMCONms_fcm","Mixed Conifer - Eastside Mesic",3
"9_53_65_75924",12,12,44,49,815,1702000303,"17020002","WNE","RaMCONdy_fdd_1702000303","RaMCONdy","RaMCONdy_fdd",42,"fdd","RaMCONdy","RaMCONdy_fdd","Mixed Conifer - Eastside Dry",1
"4_41_61_79413",2,46,241,523,1253,1706010405,"17060103","OBM","RaMCONdy_fdd_1706010405","RaMCONdy","RaMCONdy_fdd",42,"fdd","RaMCONdy","RaMCONdy_fdd","Mixed Conifer - Eastside Dry",1
"4_41_61_55793",2,46,241,1998,1046,1706010405,"17060103","OBM","RaMCONms_fcm_17060104","RaMCONms","RaMCONms_fcm",22,"fcm","RaMCONms","RaMCONms_fcm","Mixed Conifer - Eastside Mesic",3
"4_41_61_69270",2,46,241,1998,1147,1706010405,"17060103","OBM","RaMCONms_fcm_17060104","RaMCONms","RaMCONms_fcm",22,"fcm","RaMCONms","RaMCONms_fcm","Mixed Conifer - Eastside Mesic",3
"4_41_61_69524",2,42,220,555,1134,1705020306,"17050202","OBM","RaMCONdy_fdd_1705020306","RaMCONdy","RaMCONdy_fdd",42,"fdd","RaMCONdy","RaMCONdy_fdd","Mixed Conifer - Eastside Dry",1
"9_53_65_77632",12,12,43,1799,1781,1702000302,"17020002","WNE","Na1010471_frn_17020003","Na1010471","Na1010471_frn",39,"frn","Na1010471","Na1010471_frn","Northern Rocky Mountain Mesic Montane Mixed Conifer Forest",3
"9_53_65_66538",12,12,44,1799,932,1702000303,"17020002","WNE","Na1010471_frn_17020003","Na1010471","Na1010471_frn",39,"frn","Na1010471","Na1010471_frn","Northern Rocky Mountain Mesic Montane Mixed Conifer Forest",3
"4_41_1_79105",2,42,216,700,1099,1705020302,"17050202","OBM","RaMCONdy_fdg_1705020302","RaMCONdy","RaMCONdy_fdg",23,"fdg","RaMCONdy","RaMCONdy_fdg","Mixed Conifer - Eastside Dry",1
"4_41_1_74033",2,42,216,697,162,1705020302,"17050202","OBM","RaMCONdy_fdd_1705020302","RaMCONdy","RaMCONdy_fdd",42,"fdd","RaMCONdy","RaMCONdy_fdd","Mixed Conifer - Eastside Dry",1
"4_41_1_67931",2,41,212,765,537,1705020206,"17050201","OBM","RaPIPOm_fdp_1705020206","RaPIPOm","RaPIPOm_fdp",52,"fdp","RaPIPOm","RaPIPOm_fdp","Dry Ponderosa Pine - Mesic",1
"9_53_65_59587",12,12,43,1799,1101,1702000302,"17020002","WNE","Na1010471_frn_17020003","Na1010471","Na1010471_frn",39,"frn","Na1010471","Na1010471_frn","Northern Rocky Mountain Mesic Montane Mixed Conifer Forest",3
"9_53_65_53727",12,12,42,81,1939,1702000301,"17020002","WNE","RaMCONdy_fdd_1702000301","RaMCONdy","RaMCONdy_fdd",42,"fdd","RaMCONdy","RaMCONdy_fdd","Mixed Conifer - Eastside Dry",1
"9_53_65_94890",12,12,42,1799,2131,1702000301,"17020002","WNE","Na1010471_frn_17020003","Na1010471","Na1010471_frn",39,"frn","Na1010471","Na1010471_frn","Northern Rocky Mountain Mesic Montane Mixed Conifer Forest",3
"9_53_65_98325",12,12,42,81,2074,1702000301,"17020002","WNE","RaMCONdy_fdd_1702000301","RaMCONdy","RaMCONdy_fdd",42,"fdd","RaMCONdy","RaMCONdy_fdd","Mixed Conifer - Eastside Dry",1
"9_53_65_69791",12,12,42,81,1190,1702000301,"17020002","WNE","RaMCONdy_fdd_1702000301","RaMCONdy","RaMCONdy_fdd",42,"fdd","RaMCONdy","RaMCONdy_fdd","Mixed Conifer - Eastside Dry",1
"9_53_65_64106",12,12,42,81,1104,1702000301,"17020002","WNE","RaMCONdy_fdd_1702000301","RaMCONdy","RaMCONdy_fdd",42,"fdd","RaMCONdy","RaMCONdy_fdd","Mixed Conifer - Eastside Dry",1
"9_53_65_75501",12,12,42,81,1503,1702000301,"17020002","WNE","RaMCONdy_fdd_1702000301","RaMCONdy","RaMCONdy_fdd",42,"fdd","RaMCONdy","RaMCONdy_fdd","Mixed Conifer - Eastside Dry",1
"9_53_65_87183",12,12,42,81,2308,1702000301,"17020002","WNE","RaMCONdy_fdd_1702000301","RaMCONdy","RaMCONdy_fdd",42,"fdd","RaMCONdy","RaMCONdy_fdd","Mixed Conifer - Eastside Dry",1
"9_53_65_51225",12,10,26,26,791,1702000110,"17010308","WNE","RaMCONdy_fdd_1702000110","RaMCONdy","RaMCONdy_fdd",42,"fdd","RaMCONdy","RaMCONdy_fdd","Mixed Conifer - Eastside Dry",1
"9_53_65_86845",12,12,42,81,2692,1702000301,"17020002","WNE","RaMCONdy_fdd_1702000301","RaMCONdy","RaMCONdy_fdd",42,"fdd","RaMCONdy","RaMCONdy_fdd","Mixed Conifer - Eastside Dry",1
"9_53_65_51766",12,9,24,113,1584,1701030802,"17010307","WNE","RaMCONdy_fdd_1701030802","RaMCONdy","RaMCONdy_fdd",42,"fdd","RaMCONdy","RaMCONdy_fdd","Mixed Conifer - Eastside Dry",1
"9_53_65_69049",12,8,19,135,629,1701030701,"17010306","WNE","RaMCONdy_fmd_1701030701","RaMCONdy","RaMCONdy_fmd",28,"fmd","RaMCONdy","RaMCONdy_fmd","Mixed Conifer - Eastside Dry",1
"9_53_63_71726",12,8,19,136,794,1701030701,"17010306","WNE","RaPIPOm_fpd_1701030701","RaPIPOm","RaPIPOm_fpd",51,"fpd","RaPIPOm","RaPIPOm_fpd","Dry Ponderosa Pine - Mesic",1
"9_53_63_96681",12,8,19,136,592,1701030701,"17010306","WNE","RaPIPOm_fpd_1701030701","RaPIPOm","RaPIPOm_fpd",51,"fpd","RaPIPOm","RaPIPOm_fpd","Dry Ponderosa Pine - Mesic",1
"9_53_65_60086",12,10,26,26,1667,1702000110,"17010308","WNE","RaMCONdy_fdd_1702000110","RaMCONdy","RaMCONdy_fdd",42,"fdd","RaMCONdy","RaMCONdy_fdd","Mixed Conifer - Eastside Dry",1
"9_53_65_60359",12,10,26,1769,845,1702000110,"17010308","WNE","Na1010471_frn_17020001","Na1010471","Na1010471_frn",39,"frn","Na1010471","Na1010471_frn","Northern Rocky Mountain Mesic Montane Mixed Conifer Forest",3
"9_53_63_82407",8,50,273,161,803,1706010806,"17060107","WCB","RaPIPOm_fpd_1706010806","RaPIPOm","RaPIPOm_fpd",51,"fpd","RaPIPOm","RaPIPOm_fpd","Dry Ponderosa Pine - Mesic",1
"9_53_75_72668",8,51,277,179,3,1706010902,"17060108","WCB","RaPIPOm_fpd_1706010902","RaPIPOm","RaPIPOm_fpd",51,"fpd","RaPIPOm","RaPIPOm_fpd","Dry Ponderosa Pine - Mesic",1
"9_53_65_68237",12,10,26,1769,1311,1702000110,"17010308","WNE","Na1010471_frn_17020001","Na1010471","Na1010471_frn",39,"frn","Na1010471","Na1010471_frn","Northern Rocky Mountain Mesic Montane Mixed Conifer Forest",3
"9_53_65_62982",12,10,26,1769,1098,1702000110,"17010308","WNE","Na1010471_frn_17020001","Na1010471","Na1010471_frn",39,"frn","Na1010471","Na1010471_frn","Northern Rocky Mountain Mesic Montane Mixed Conifer Forest",3
"9_53_13_51217",2,49,266,1946,1224,1706010706,"17060106","OBM","RaMCONms_fcm_17060107","RaMCONms","RaMCONms_fcm",22,"fcm","RaMCONms","RaMCONms_fcm","Mixed Conifer - Eastside Mesic",3
"9_53_13_68537",2,49,266,1946,784,1706010706,"17060106","OBM","RaMCONms_fcm_17060107","RaMCONms","RaMCONms_fcm",22,"fcm","RaMCONms","RaMCONms_fcm","Mixed Conifer - Eastside Mesic",3
"9_53_13_87479",2,49,266,1946,2609,1706010706,"17060106","OBM","RaMCONms_fcm_17060107","RaMCONms","RaMCONms_fcm",22,"fcm","RaMCONms","RaMCONms_fcm","Mixed Conifer - Eastside Mesic",3
"9_53_13_70715",2,49,266,1946,1233,1706010706,"17060106","OBM","RaMCONms_fcm_17060107","RaMCONms","RaMCONms_fcm",22,"fcm","RaMCONms","RaMCONms_fcm","Mixed Conifer - Eastside Mesic",3
"9_53_13_70811",2,49,266,1946,2069,1706010706,"17060106","OBM","RaMCONms_fcm_17060107","RaMCONms","RaMCONms_fcm",22,"fcm","RaMCONms","RaMCONms_fcm","Mixed Conifer - Eastside Mesic",3
"9_53_13_64093",2,48,256,1984,1531,1706010603,"17060105","OBM","RaMCONms_fcm_17060106","RaMCONms","RaMCONms_fcm",22,"fcm","RaMCONms","RaMCONms_fcm","Mixed Conifer - Eastside Mesic",3
"9_53_13_76569",2,48,256,1984,850,1706010603,"17060105","OBM","RaMCONms_fcm_17060106","RaMCONms","RaMCONms_fcm",22,"fcm","RaMCONms","RaMCONms_fcm","Mixed Conifer - Eastside Mesic",3
"9_53_13_63269",2,48,256,1984,1653,1706010603,"17060105","OBM","RaMCONms_fcm_17060106","RaMCONms","RaMCONms_fcm",22,"fcm","RaMCONms","RaMCONms_fcm","Mixed Conifer - Eastside Mesic",3
"9_53_51_50135",12,5,13,1763,1445,1701021609,"17010215","WNE","Na1010471_frn_17010216","Na1010471","Na1010471_frn",39,"frn","Na1010471","Na1010471_frn","Northern Rocky Mountain Mesic Montane Mixed Conifer Forest",3
"4_41_63_75688",2,48,256,308,2051,1706010603,"17060105","OBM","RaMCONdy_fdd_1706010603","RaMCONdy","RaMCONdy_fdd",42,"fdd","RaMCONdy","RaMCONdy_fdd","Mixed Conifer - Eastside Dry",1
"4_41_63_97168",2,48,256,1984,3172,1706010603,"17060105","OBM","RaMCONms_fcm_17060106","RaMCONms","RaMCONms_fcm",22,"fcm","RaMCONms","RaMCONms_fcm","Mixed Conifer - Eastside Mesic",3
"4_41_63_51415",2,48,254,1984,2965,1706010601,"17060105","OBM","RaMCONms_fcm_17060106","RaMCONms","RaMCONms_fcm",22,"fcm","RaMCONms","RaMCONms_fcm","Mixed Conifer - Eastside Mesic",3
"4_41_63_67532",2,48,254,1984,2163,1706010601,"17060105","OBM","RaMCONms_fcm_17060106","RaMCONms","RaMCONms_fcm",22,"fcm","RaMCONms","RaMCONms_fcm","Mixed Conifer - Eastside Mesic",3
"4_41_63_67010",2,48,254,349,2300,1706010601,"17060105","OBM","RaMCONdy_fdd_1706010601","RaMCONdy","RaMCONdy_fdd",42,"fdd","RaMCONdy","RaMCONdy_fdd","Mixed Conifer - Eastside Dry",1
"4_41_63_62993",2,48,254,350,2147,1706010601,"17060105","OBM","RaMCONdy_fdg_1706010601","RaMCONdy","RaMCONdy_fdg",23,"fdg","RaMCONdy","RaMCONdy_fdg","Mixed Conifer - Eastside Dry",1
"4_41_63_87415",2,48,254,350,1465,1706010601,"17060105","OBM","RaMCONdy_fdg_1706010601","RaMCONdy","RaMCONdy_fdg",23,"fdg","RaMCONdy","RaMCONdy_fdg","Mixed Conifer - Eastside Dry",1
"4_41_63_52227",2,48,254,1984,1766,1706010601,"17060105","OBM","RaMCONms_fcm_17060106","RaMCONms","RaMCONms_fcm",22,"fcm","RaMCONms","RaMCONms_fcm","Mixed Conifer - Eastside Mesic",3
"4_41_63_93746",2,47,253,2013,2429,1706010506,"17060104","OBM","RaMCONms_fcm_17060105","RaMCONms","RaMCONms_fcm",22,"fcm","RaMCONms","RaMCONms_fcm","Mixed Conifer - Eastside Mesic",3
"4_41_63_59126",2,47,253,399,970,1706010506,"17060104","OBM","RaMCONdy_fdd_1706010506","RaMCONdy","RaMCONdy_fdd",42,"fdd","RaMCONdy","RaMCONdy_fdd","Mixed Conifer - Eastside Dry",1
"9_53_65_82015",12,12,43,1799,1408,1702000302,"17020002","WNE","Na1010471_frn_17020003","Na1010471","Na1010471_frn",39,"frn","Na1010471","Na1010471_frn","Northern Rocky Mountain Mesic Montane Mixed Conifer Forest",3
"4_41_61_65177",2,47,252,2013,1386,1706010505,"17060104","OBM","RaMCONms_fcm_17060105","RaMCONms","RaMCONms_fcm",22,"fcm","RaMCONms","RaMCONms_fcm","Mixed Conifer - Eastside Mesic",3
"4_41_61_60291",2,46,243,2318,2047,1706010407,"17060103","OBM","RaSPFI_fcd_OBM","RaSPFI","RaSPFI_fcd",9,"fcd","RaSPFI","RaSPFI_fcd","Spruce - Fir",4
"4_41_61_93737",2,46,243,1998,1009,1706010407,"17060103","OBM","RaMCONms_fcm_17060104","RaMCONms","RaMCONms_fcm",22,"fcm","RaMCONms","RaMCONms_fcm","Mixed Conifer - Eastside Mesic",3
"4_41_61_87301",2,46,243,1998,1505,1706010407,"17060103","OBM","RaMCONms_fcm_17060104","RaMCONms","RaMCONms_fcm",22,"fcm","RaMCONms","RaMCONms_fcm","Mixed Conifer - Eastside Mesic",3
"9_53_65_64452",12,12,43,1799,1013,1702000302,"17020002","WNE","Na1010471_frn_17020003","Na1010471","Na1010471_frn",39,"frn","Na1010471","Na1010471_frn","Northern Rocky Mountain Mesic Montane Mixed Conifer Forest",3
"4_41_61_81078",2,46,241,523,1233,1706010405,"17060103","OBM","RaMCONdy_fdd_1706010405","RaMCONdy","RaMCONdy_fdd",42,"fdd","RaMCONdy","RaMCONdy_fdd","Mixed Conifer - Eastside Dry",1
"9_53_65_51595",12,12,43,1799,1230,1702000302,"17020002","WNE","Na1010471_frn_17020003","Na1010471","Na1010471_frn",39,"frn","Na1010471","Na1010471_frn","Northern Rocky Mountain Mesic Montane Mixed Conifer Forest",3
"4_41_1_53969",2,42,216,697,837,1705020302,"17050202","OBM","RaMCONdy_fdd_1705020302","RaMCONdy","RaMCONdy_fdd",42,"fdd","RaMCONdy","RaMCONdy_fdd","Mixed Conifer - Eastside Dry",1
"4_41_1_79322",2,42,216,700,915,1705020302,"17050202","OBM","RaMCONdy_fdg_1705020302","RaMCONdy","RaMCONdy_fdg",23,"fdg","RaMCONdy","RaMCONdy_fdg","Mixed Conifer - Eastside Dry",1
"4_41_1_65419",2,42,216,700,765,1705020302,"17050202","OBM","RaMCONdy_fdg_1705020302","RaMCONdy","RaMCONdy_fdg",23,"fdg","RaMCONdy","RaMCONdy_fdg","Mixed Conifer - Eastside Dry",1
"9_53_65_50373",12,12,43,1799,1448,1702000302,"17020002","WNE","Na1010471_frn_17020003","Na1010471","Na1010471_frn",39,"frn","Na1010471","Na1010471_frn","Northern Rocky Mountain Mesic Montane Mixed Conifer Forest",3
"9_53_65_58792",12,12,43,2283,1587,1702000302,"17020002","WNE","RaSPFI_fcd_WNE","RaSPFI","RaSPFI_fcd",9,"fcd","RaSPFI","RaSPFI_fcd","Spruce - Fir",4
"9_53_65_64435",12,12,43,1799,1184,1702000302,"17020002","WNE","Na1010471_frn_17020003","Na1010471","Na1010471_frn",39,"frn","Na1010471","Na1010471_frn","Northern Rocky Mountain Mesic Montane Mixed Conifer Forest",3
"9_53_65_90673",12,12,42,81,2118,1702000301,"17020002","WNE","RaMCONdy_fdd_1702000301","RaMCONdy","RaMCONdy_fdd",42,"fdd","RaMCONdy","RaMCONdy_fdd","Mixed Conifer - Eastside Dry",1
"9_53_65_70170",12,12,42,1799,2301,1702000301,"17020002","WNE","Na1010471_frn_17020003","Na1010471","Na1010471_frn",39,"frn","Na1010471","Na1010471_frn","Northern Rocky Mountain Mesic Montane Mixed Conifer Forest",3
"9_53_65_76879",12,12,42,81,1934,1702000301,"17020002","WNE","RaMCONdy_fdd_1702000301","RaMCONdy","RaMCONdy_fdd",42,"fdd","RaMCONdy","RaMCONdy_fdd","Mixed Conifer - Eastside Dry",1
"9_53_65_94519",12,12,42,1799,1784,1702000301,"17020002","WNE","Na1010471_frn_17020003","Na1010471","Na1010471_frn",39,"frn","Na1010471","Na1010471_frn","Northern Rocky Mountain Mesic Montane Mixed Conifer Forest",3
"9_53_65_89598",12,5,9,1763,2428,1701021601,"17010215","WNE","Na1010471_frn_17010216","Na1010471","Na1010471_frn",39,"frn","Na1010471","Na1010471_frn","Northern Rocky Mountain Mesic Montane Mixed Conifer Forest",3
"9_53_65_51600",12,12,42,1799,1103,1702000301,"17020002","WNE","Na1010471_frn_17020003","Na1010471","Na1010471_frn",39,"frn","Na1010471","Na1010471_frn","Northern Rocky Mountain Mesic Montane Mixed Conifer Forest",3
"9_53_65_88774",12,12,42,81,2037,1702000301,"17020002","WNE","RaMCONdy_fdd_1702000301","RaMCONdy","RaMCONdy_fdd",42,"fdd","RaMCONdy","RaMCONdy_fdd","Mixed Conifer - Eastside Dry",1
"9_53_65_95641",12,10,26,26,1606,1702000110,"17010308","WNE","RaMCONdy_fdd_1702000110","RaMCONdy","RaMCONdy_fdd",42,"fdd","RaMCONdy","RaMCONdy_fdd","Mixed Conifer - Eastside Dry",1
"9_53_65_97053",12,12,42,81,2551,1702000301,"17020002","WNE","RaMCONdy_fdd_1702000301","RaMCONdy","RaMCONdy_fdd",42,"fdd","RaMCONdy","RaMCONdy_fdd","Mixed Conifer - Eastside Dry",1
"9_53_65_75476",12,9,24,113,1211,1701030802,"17010307","WNE","RaMCONdy_fdd_1701030802","RaMCONdy","RaMCONdy_fdd",42,"fdd","RaMCONdy","RaMCONdy_fdd","Mixed Conifer - Eastside Dry",1
"9_53_65_79890",12,10,26,1769,1784,1702000110,"17010308","WNE","Na1010471_frn_17020001","Na1010471","Na1010471_frn",39,"frn","Na1010471","Na1010471_frn","Northern Rocky Mountain Mesic Montane Mixed Conifer Forest",3
"9_53_65_97684",12,10,26,1769,730,1702000110,"17010308","WNE","Na1010471_frn_17020001","Na1010471","Na1010471_frn",39,"frn","Na1010471","Na1010471_frn","Northern Rocky Mountain Mesic Montane Mixed Conifer Forest",3
"9_53_65_94803",12,9,24,113,574,1701030802,"17010307","WNE","RaMCONdy_fdd_1701030802","RaMCONdy","RaMCONdy_fdd",42,"fdd","RaMCONdy","RaMCONdy_fdd","Mixed Conifer - Eastside Dry",1
"9_53_65_92199",12,8,19,136,629,1701030701,"17010306","WNE","RaPIPOm_fpd_1701030701","RaPIPOm","RaPIPOm_fpd",51,"fpd","RaPIPOm","RaPIPOm_fpd","Dry Ponderosa Pine - Mesic",1
"9_53_63_51712",12,8,19,136,543,1701030701,"17010306","WNE","RaPIPOm_fpd_1701030701","RaPIPOm","RaPIPOm_fpd",51,"fpd","RaPIPOm","RaPIPOm_fpd","Dry Ponderosa Pine - Mesic",1
"9_53_63_73424",12,8,19,136,137,1701030701,"17010306","WNE","RaPIPOm_fpd_1701030701","RaPIPOm","RaPIPOm_fpd",51,"fpd","RaPIPOm","RaPIPOm_fpd","Dry Ponderosa Pine - Mesic",1
"9_53_63_52747",12,8,19,136,205,1701030701,"17010306","WNE","RaPIPOm_fpd_1701030701","RaPIPOm","RaPIPOm_fpd",51,"fpd","RaPIPOm","RaPIPOm_fpd","Dry Ponderosa Pine - Mesic",1
"9_53_65_93119",12,10,26,1769,2009,1702000110,"17010308","WNE","Na1010471_frn_17020001","Na1010471","Na1010471_frn",39,"frn","Na1010471","Na1010471_frn","Northern Rocky Mountain Mesic Montane Mixed Conifer Forest",3
"9_53_65_81627",12,10,26,1769,1630,1702000110,"17010308","WNE","Na1010471_frn_17020001","Na1010471","Na1010471_frn",39,"frn","Na1010471","Na1010471_frn","Northern Rocky Mountain Mesic Montane Mixed Conifer Forest",3
"9_53_51_79916",12,10,26,26,769,1702000110,"17010308","WNE","RaMCONdy_fdd_1702000110","RaMCONdy","RaMCONdy_fdd",42,"fdd","RaMCONdy","RaMCONdy_fdd","Mixed Conifer - Eastside Dry",1
"9_53_51_95873",12,10,26,26,1408,1702000110,"17010308","WNE","RaMCONdy_fdd_1702000110","RaMCONdy","RaMCONdy_fdd",42,"fdd","RaMCONdy","RaMCONdy_fdd","Mixed Conifer - Eastside Dry",1
"9_53_51_70889",12,10,26,1769,1263,1702000110,"17010308","WNE","Na1010471_frn_17020001","Na1010471","Na1010471_frn",39,"frn","Na1010471","Na1010471_frn","Northern Rocky Mountain Mesic Montane Mixed Conifer Forest",3
"9_53_51_91641",12,5,13,1763,980,1701021609,"17010215","WNE","Na1010471_frn_17010216","Na1010471","Na1010471_frn",39,"frn","Na1010471","Na1010471_frn","Northern Rocky Mountain Mesic Montane Mixed Conifer Forest",3
"9_53_51_76288",12,10,26,1769,1703,1702000110,"17010308","WNE","Na1010471_frn_17020001","Na1010471","Na1010471_frn",39,"frn","Na1010471","Na1010471_frn","Northern Rocky Mountain Mesic Montane Mixed Conifer Forest",3
"9_53_65_88591",12,5,14,1763,1083,1701021610,"17010215","WNE","Na1010471_frn_17010216","Na1010471","Na1010471_frn",39,"frn","Na1010471","Na1010471_frn","Northern Rocky Mountain Mesic Montane Mixed Conifer Forest",3
"9_53_51_76739",12,5,13,1,1717,1701021609,"17010215","WNE","RaMCONdy_fdd_1701021609","RaMCONdy","RaMCONdy_fdd",42,"fdd","RaMCONdy","RaMCONdy_fdd","Mixed Conifer - Eastside Dry",1
"9_53_51_98633",12,5,13,1,1229,1701021609,"17010215","WNE","RaMCONdy_fdd_1701021609","RaMCONdy","RaMCONdy_fdd",42,"fdd","RaMCONdy","RaMCONdy_fdd","Mixed Conifer - Eastside Dry",1
"9_53_13_70499",2,49,266,1946,1295,1706010706,"17060106","OBM","RaMCONms_fcm_17060107","RaMCONms","RaMCONms_fcm",22,"fcm","RaMCONms","RaMCONms_fcm","Mixed Conifer - Eastside Mesic",3
"9_53_23_81849",2,49,266,1946,974,1706010706,"17060106","OBM","RaMCONms_fcm_17060107","RaMCONms","RaMCONms_fcm",22,"fcm","RaMCONms","RaMCONms_fcm","Mixed Conifer - Eastside Mesic",3
"9_53_23_75136",2,49,266,1946,2043,1706010706,"17060106","OBM","RaMCONms_fcm_17060107","RaMCONms","RaMCONms_fcm",22,"fcm","RaMCONms","RaMCONms_fcm","Mixed Conifer - Eastside Mesic",3
"9_53_23_57726",2,49,266,1946,1444,1706010706,"17060106","OBM","RaMCONms_fcm_17060107","RaMCONms","RaMCONms_fcm",22,"fcm","RaMCONms","RaMCONms_fcm","Mixed Conifer - Eastside Mesic",3
"9_53_13_78455",2,49,266,263,1054,1706010706,"17060106","OBM","RaMCONdy_fdd_1706010706","RaMCONdy","RaMCONdy_fdd",42,"fdd","RaMCONdy","RaMCONdy_fdd","Mixed Conifer - Eastside Dry",1
"9_53_23_87702",2,49,266,1946,2749,1706010706,"17060106","OBM","RaMCONms_fcm_17060107","RaMCONms","RaMCONms_fcm",22,"fcm","RaMCONms","RaMCONms_fcm","Mixed Conifer - Eastside Mesic",3
"9_53_13_78293",2,48,256,1984,1556,1706010603,"17060105","OBM","RaMCONms_fcm_17060106","RaMCONms","RaMCONms_fcm",22,"fcm","RaMCONms","RaMCONms_fcm","Mixed Conifer - Eastside Mesic",3
"4_41_63_85367",2,48,256,1984,1734,1706010603,"17060105","OBM","RaMCONms_fcm_17060106","RaMCONms","RaMCONms_fcm",22,"fcm","RaMCONms","RaMCONms_fcm","Mixed Conifer - Eastside Mesic",3
"4_41_63_79370",2,48,256,1984,2583,1706010603,"17060105","OBM","RaMCONms_fcm_17060106","RaMCONms","RaMCONms_fcm",22,"fcm","RaMCONms","RaMCONms_fcm","Mixed Conifer - Eastside Mesic",3
"4_41_63_97106",2,48,254,1984,3045,1706010601,"17060105","OBM","RaMCONms_fcm_17060106","RaMCONms","RaMCONms_fcm",22,"fcm","RaMCONms","RaMCONms_fcm","Mixed Conifer - Eastside Mesic",3
"4_41_63_80349",2,48,254,1984,1843,1706010601,"17060105","OBM","RaMCONms_fcm_17060106","RaMCONms","RaMCONms_fcm",22,"fcm","RaMCONms","RaMCONms_fcm","Mixed Conifer - Eastside Mesic",3
"4_41_63_89705",2,48,254,349,1446,1706010601,"17060105","OBM","RaMCONdy_fdd_1706010601","RaMCONdy","RaMCONdy_fdd",42,"fdd","RaMCONdy","RaMCONdy_fdd","Mixed Conifer - Eastside Dry",1
"9_53_51_50774",12,5,11,44,1126,1701021603,"17010215","WNE","RaMCONdy_fdd_1701021603","RaMCONdy","RaMCONdy_fdd",42,"fdd","RaMCONdy","RaMCONdy_fdd","Mixed Conifer - Eastside Dry",1
"9_53_51_57548",12,5,11,44,1712,1701021603,"17010215","WNE","RaMCONdy_fdd_1701021603","RaMCONdy","RaMCONdy_fdd",42,"fdd","RaMCONdy","RaMCONdy_fdd","Mixed Conifer - Eastside Dry",1
"4_41_63_91972",2,47,253,404,690,1706010506,"17060104","OBM","RaPIPOm_fdp_1706010506","RaPIPOm","RaPIPOm_fdp",52,"fdp","RaPIPOm","RaPIPOm_fdp","Dry Ponderosa Pine - Mesic",1
"4_41_63_57205",2,47,253,399,1283,1706010506,"17060104","OBM","RaMCONdy_fdd_1706010506","RaMCONdy","RaMCONdy_fdd",42,"fdd","RaMCONdy","RaMCONdy_fdd","Mixed Conifer - Eastside Dry",1
"4_41_63_93228",2,47,252,2013,1143,1706010505,"17060104","OBM","RaMCONms_fcm_17060105","RaMCONms","RaMCONms_fcm",22,"fcm","RaMCONms","RaMCONms_fcm","Mixed Conifer - Eastside Mesic",3
"4_41_63_83607",2,47,252,2013,751,1706010505,"17060104","OBM","RaMCONms_fcm_17060105","RaMCONms","RaMCONms_fcm",22,"fcm","RaMCONms","RaMCONms_fcm","Mixed Conifer - Eastside Mesic",3
"9_53_51_58393",12,12,43,62,856,1702000302,"17020002","WNE","RaMCONdy_fdd_1702000302","RaMCONdy","RaMCONdy_fdd",42,"fdd","RaMCONdy","RaMCONdy_fdd","Mixed Conifer - Eastside Dry",1
"4_41_63_68543",2,47,252,2013,1260,1706010505,"17060104","OBM","RaMCONms_fcm_17060105","RaMCONms","RaMCONms_fcm",22,"fcm","RaMCONms","RaMCONms_fcm","Mixed Conifer - Eastside Mesic",3
"4_41_63_81511",2,47,252,433,1677,1706010505,"17060104","OBM","RaMCONdy_fdd_1706010505","RaMCONdy","RaMCONdy_fdd",42,"fdd","RaMCONdy","RaMCONdy_fdd","Mixed Conifer - Eastside Dry",1
"4_41_61_84067",2,47,252,2013,2123,1706010505,"17060104","OBM","RaMCONms_fcm_17060105","RaMCONms","RaMCONms_fcm",22,"fcm","RaMCONms","RaMCONms_fcm","Mixed Conifer - Eastside Mesic",3
"4_41_61_85546",2,47,252,2013,2337,1706010505,"17060104","OBM","RaMCONms_fcm_17060105","RaMCONms","RaMCONms_fcm",22,"fcm","RaMCONms","RaMCONms_fcm","Mixed Conifer - Eastside Mesic",3
"4_41_61_62305",2,46,241,2318,1404,1706010405,"17060103","OBM","RaSPFI_fcd_OBM","RaSPFI","RaSPFI_fcd",9,"fcd","RaSPFI","RaSPFI_fcd","Spruce - Fir",4
"4_41_61_96375",2,46,241,2318,1171,1706010405,"17060103","OBM","RaSPFI_fcd_OBM","RaSPFI","RaSPFI_fcd",9,"fcd","RaSPFI","RaSPFI_fcd","Spruce - Fir",4
"4_41_61_84495",2,46,241,1998,1732,1706010405,"17060103","OBM","RaMCONms_fcm_17060104","RaMCONms","RaMCONms_fcm",22,"fcm","RaMCONms","RaMCONms_fcm","Mixed Conifer - Eastside Mesic",3
"4_41_61_70410",2,46,241,1998,1489,1706010405,"17060103","OBM","RaMCONms_fcm_17060104","RaMCONms","RaMCONms_fcm",22,"fcm","RaMCONms","RaMCONms_fcm","Mixed Conifer - Eastside Mesic",3
"4_41_61_77716",2,46,241,1998,1578,1706010405,"17060103","OBM","RaMCONms_fcm_17060104","RaMCONms","RaMCONms_fcm",22,"fcm","RaMCONms","RaMCONms_fcm","Mixed Conifer - Eastside Mesic",3
"4_41_61_77920",2,42,221,583,1473,1705020307,"17050202","OBM","RaMCONdy_fdd_1705020307","RaMCONdy","RaMCONdy_fdd",42,"fdd","RaMCONdy","RaMCONdy_fdd","Mixed Conifer - Eastside Dry",1
"9_53_65_59292",12,12,43,1799,821,1702000302,"17020002","WNE","Na1010471_frn_17020003","Na1010471","Na1010471_frn",39,"frn","Na1010471","Na1010471_frn","Northern Rocky Mountain Mesic Montane Mixed Conifer Forest",3
"9_53_65_95297",12,12,43,1799,1103,1702000302,"17020002","WNE","Na1010471_frn_17020003","Na1010471","Na1010471_frn",39,"frn","Na1010471","Na1010471_frn","Northern Rocky Mountain Mesic Montane Mixed Conifer Forest",3
"9_53_65_58135",12,12,43,1799,2042,1702000302,"17020002","WNE","Na1010471_frn_17020003","Na1010471","Na1010471_frn",39,"frn","Na1010471","Na1010471_frn","Northern Rocky Mountain Mesic Montane Mixed Conifer Forest",3
"9_53_65_97320",12,5,10,1763,1432,1701021602,"17010215","WNE","Na1010471_frn_17010216","Na1010471","Na1010471_frn",39,"frn","Na1010471","Na1010471_frn","Northern Rocky Mountain Mesic Montane Mixed Conifer Forest",3
"9_53_65_98659",12,12,42,2283,2229,1702000301,"17020002","WNE","RaSPFI_fcd_WNE","RaSPFI","RaSPFI_fcd",9,"fcd","RaSPFI","RaSPFI_fcd","Spruce - Fir",4
"9_53_65_75076",12,12,42,1799,1422,1702000301,"17020002","WNE","Na1010471_frn_17020003","Na1010471","Na1010471_frn",39,"frn","Na1010471","Na1010471_frn","Northern Rocky Mountain Mesic Montane Mixed Conifer Forest",3
"9_53_65_54937",12,12,42,1799,2173,1702000301,"17020002","WNE","Na1010471_frn_17020003","Na1010471","Na1010471_frn",39,"frn","Na1010471","Na1010471_frn","Northern Rocky Mountain Mesic Montane Mixed Conifer Forest",3
"9_53_65_55999",12,12,42,1799,1467,1702000301,"17020002","WNE","Na1010471_frn_17020003","Na1010471","Na1010471_frn",39,"frn","Na1010471","Na1010471_frn","Northern Rocky Mountain Mesic Montane Mixed Conifer Forest",3
"9_53_65_76238",12,5,9,85,1526,1701021601,"17010215","WNE","RaMCONdy_fdd_1701021601","RaMCONdy","RaMCONdy_fdd",42,"fdd","RaMCONdy","RaMCONdy_fdd","Mixed Conifer - Eastside Dry",1
"9_53_65_88026",12,5,9,1763,850,1701021601,"17010215","WNE","Na1010471_frn_17010216","Na1010471","Na1010471_frn",39,"frn","Na1010471","Na1010471_frn","Northern Rocky Mountain Mesic Montane Mixed Conifer Forest",3
"9_53_65_93683",12,5,9,1763,1849,1701021601,"17010215","WNE","Na1010471_frn_17010216","Na1010471","Na1010471_frn",39,"frn","Na1010471","Na1010471_frn","Northern Rocky Mountain Mesic Montane Mixed Conifer Forest",3
"9_53_65_87887",12,12,42,81,1500,1702000301,"17020002","WNE","RaMCONdy_fdd_1702000301","RaMCONdy","RaMCONdy_fdd",42,"fdd","RaMCONdy","RaMCONdy_fdd","Mixed Conifer - Eastside Dry",1
"9_53_65_70363",12,5,9,1763,1157,1701021601,"17010215","WNE","Na1010471_frn_17010216","Na1010471","Na1010471_frn",39,"frn","Na1010471","Na1010471_frn","Northern Rocky Mountain Mesic Montane Mixed Conifer Forest",3
"9_53_65_92102",12,12,42,81,798,1702000301,"17020002","WNE","RaMCONdy_fdd_1702000301","RaMCONdy","RaMCONdy_fdd",42,"fdd","RaMCONdy","RaMCONdy_fdd","Mixed Conifer - Eastside Dry",1
"9_53_65_89999",12,10,26,1769,1297,1702000110,"17010308","WNE","Na1010471_frn_17020001","Na1010471","Na1010471_frn",39,"frn","Na1010471","Na1010471_frn","Northern Rocky Mountain Mesic Montane Mixed Conifer Forest",3
"9_53_63_88950",12,9,24,113,394,1701030802,"17010307","WNE","RaMCONdy_fdd_1701030802","RaMCONdy","RaMCONdy_fdd",42,"fdd","RaMCONdy","RaMCONdy_fdd","Mixed Conifer - Eastside Dry",1
"9_53_65_60506",12,10,26,1769,2288,1702000110,"17010308","WNE","Na1010471_frn_17020001","Na1010471","Na1010471_frn",39,"frn","Na1010471","Na1010471_frn","Northern Rocky Mountain Mesic Montane Mixed Conifer Forest",3
"9_53_65_91852",12,8,19,136,522,1701030701,"17010306","WNE","RaPIPOm_fpd_1701030701","RaPIPOm","RaPIPOm_fpd",51,"fpd","RaPIPOm","RaPIPOm_fpd","Dry Ponderosa Pine - Mesic",1
"9_53_65_65986",12,10,26,2283,1361,1702000110,"17010308","WNE","RaSPFI_fcd_WNE","RaSPFI","RaSPFI_fcd",9,"fcd","RaSPFI","RaSPFI_fcd","Spruce - Fir",4
"9_53_63_89706",8,7,18,159,1007,1701030603,"17010305","WCB","RaPIPOm_fpd_1701030603","RaPIPOm","RaPIPOm_fpd",51,"fpd","RaPIPOm","RaPIPOm_fpd","Dry Ponderosa Pine - Mesic",1
"9_53_63_89181",8,51,277,179,1885,1706010902,"17060108","WCB","RaPIPOm_fpd_1706010902","RaPIPOm","RaPIPOm_fpd",51,"fpd","RaPIPOm","RaPIPOm_fpd","Dry Ponderosa Pine - Mesic",1
"9_53_51_89616",12,5,13,1763,580,1701021609,"17010215","WNE","Na1010471_frn_17010216","Na1010471","Na1010471_frn",39,"frn","Na1010471","Na1010471_frn","Northern Rocky Mountain Mesic Montane Mixed Conifer Forest",3
"9_53_65_72370",12,5,13,1763,1170,1701021609,"17010215","WNE","Na1010471_frn_17010216","Na1010471","Na1010471_frn",39,"frn","Na1010471","Na1010471_frn","Northern Rocky Mountain Mesic Montane Mixed Conifer Forest",3
"9_53_63_99794",8,51,277,179,1461,1706010902,"17060108","WCB","RaPIPOm_fpd_1706010902","RaPIPOm","RaPIPOm_fpd",51,"fpd","RaPIPOm","RaPIPOm_fpd","Dry Ponderosa Pine - Mesic",1
"9_53_63_69910",8,51,277,179,44,1706010902,"17060108","WCB","RaPIPOm_fpd_1706010902","RaPIPOm","RaPIPOm_fpd",51,"fpd","RaPIPOm","RaPIPOm_fpd","Dry Ponderosa Pine - Mesic",1
"9_53_75_61977",8,51,277,179,237,1706010902,"17060108","WCB","RaPIPOm_fpd_1706010902","RaPIPOm","RaPIPOm_fpd",51,"fpd","RaPIPOm","RaPIPOm_fpd","Dry Ponderosa Pine - Mesic",1
"9_53_51_87349",12,5,13,1763,1073,1701021609,"17010215","WNE","Na1010471_frn_17010216","Na1010471","Na1010471_frn",39,"frn","Na1010471","Na1010471_frn","Northern Rocky Mountain Mesic Montane Mixed Conifer Forest",3
"9_53_51_59091",12,5,13,1,1180,1701021609,"17010215","WNE","RaMCONdy_fdd_1701021609","RaMCONdy","RaMCONdy_fdd",42,"fdd","RaMCONdy","RaMCONdy_fdd","Mixed Conifer - Eastside Dry",1
"9_53_13_87957",2,49,266,1946,1269,1706010706,"17060106","OBM","RaMCONms_fcm_17060107","RaMCONms","RaMCONms_fcm",22,"fcm","RaMCONms","RaMCONms_fcm","Mixed Conifer - Eastside Mesic",3
"9_53_65_53693",12,5,14,1763,2369,1701021610,"17010215","WNE","Na1010471_frn_17010216","Na1010471","Na1010471_frn",39,"frn","Na1010471","Na1010471_frn","Northern Rocky Mountain Mesic Montane Mixed Conifer Forest",3
"9_53_51_86476",12,5,13,1,990,1701021609,"17010215","WNE","RaMCONdy_fdd_1701021609","RaMCONdy","RaMCONdy_fdd",42,"fdd","RaMCONdy","RaMCONdy_fdd","Mixed Conifer - Eastside Dry",1
"9_53_65_82636",12,5,14,1763,2288,1701021610,"17010215","WNE","Na1010471_frn_17010216","Na1010471","Na1010471_frn",39,"frn","Na1010471","Na1010471_frn","Northern Rocky Mountain Mesic Montane Mixed Conifer Forest",3
"9_53_23_62834",2,49,266,1946,1741,1706010706,"17060106","OBM","RaMCONms_fcm_17060107","RaMCONms","RaMCONms_fcm",22,"fcm","RaMCONms","RaMCONms_fcm","Mixed Conifer - Eastside Mesic",3
"9_53_23_83792",2,49,266,1946,2010,1706010706,"17060106","OBM","RaMCONms_fcm_17060107","RaMCONms","RaMCONms_fcm",22,"fcm","RaMCONms","RaMCONms_fcm","Mixed Conifer - Eastside Mesic",3
"9_53_23_97410",2,49,265,1946,1650,1706010705,"17060106","OBM","RaMCONms_fcm_17060107","RaMCONms","RaMCONms_fcm",22,"fcm","RaMCONms","RaMCONms_fcm","Mixed Conifer - Eastside Mesic",3
"9_53_23_61005",2,49,265,1946,1995,1706010705,"17060106","OBM","RaMCONms_fcm_17060107","RaMCONms","RaMCONms_fcm",22,"fcm","RaMCONms","RaMCONms_fcm","Mixed Conifer - Eastside Mesic",3
"9_53_23_76831",2,49,266,1946,1254,1706010706,"17060106","OBM","RaMCONms_fcm_17060107","RaMCONms","RaMCONms_fcm",22,"fcm","RaMCONms","RaMCONms_fcm","Mixed Conifer - Eastside Mesic",3
"9_53_23_63515",2,49,266,1946,2527,1706010706,"17060106","OBM","RaMCONms_fcm_17060107","RaMCONms","RaMCONms_fcm",22,"fcm","RaMCONms","RaMCONms_fcm","Mixed Conifer - Eastside Mesic",3
"9_53_23_77978",2,49,266,1946,2166,1706010706,"17060106","OBM","RaMCONms_fcm_17060107","RaMCONms","RaMCONms_fcm",22,"fcm","RaMCONms","RaMCONms_fcm","Mixed Conifer - Eastside Mesic",3
"9_53_23_99527",2,48,256,1984,1166,1706010603,"17060105","OBM","RaMCONms_fcm_17060106","RaMCONms","RaMCONms_fcm",22,"fcm","RaMCONms","RaMCONms_fcm","Mixed Conifer - Eastside Mesic",3
"9_53_23_83942",2,48,256,308,1814,1706010603,"17060105","OBM","RaMCONdy_fdd_1706010603","RaMCONdy","RaMCONdy_fdd",42,"fdd","RaMCONdy","RaMCONdy_fdd","Mixed Conifer - Eastside Dry",1
"9_53_51_77564",12,5,13,1,639,1701021609,"17010215","WNE","RaMCONdy_fdd_1701021609","RaMCONdy","RaMCONdy_fdd",42,"fdd","RaMCONdy","RaMCONdy_fdd","Mixed Conifer - Eastside Dry",1
"9_53_51_63742",12,5,11,44,1556,1701021603,"17010215","WNE","RaMCONdy_fdd_1701021603","RaMCONdy","RaMCONdy_fdd",42,"fdd","RaMCONdy","RaMCONdy_fdd","Mixed Conifer - Eastside Dry",1
"9_53_23_94839",2,48,256,1984,912,1706010603,"17060105","OBM","RaMCONms_fcm_17060106","RaMCONms","RaMCONms_fcm",22,"fcm","RaMCONms","RaMCONms_fcm","Mixed Conifer - Eastside Mesic",3
"4_41_63_88056",2,48,256,308,1994,1706010603,"17060105","OBM","RaMCONdy_fdd_1706010603","RaMCONdy","RaMCONdy_fdd",42,"fdd","RaMCONdy","RaMCONdy_fdd","Mixed Conifer - Eastside Dry",1
"4_41_63_57860",2,48,256,1984,2673,1706010603,"17060105","OBM","RaMCONms_fcm_17060106","RaMCONms","RaMCONms_fcm",22,"fcm","RaMCONms","RaMCONms_fcm","Mixed Conifer - Eastside Mesic",3
"4_41_63_80227",2,48,254,1984,2000,1706010601,"17060105","OBM","RaMCONms_fcm_17060106","RaMCONms","RaMCONms_fcm",22,"fcm","RaMCONms","RaMCONms_fcm","Mixed Conifer - Eastside Mesic",3
"4_41_63_63466",2,48,254,1984,2301,1706010601,"17060105","OBM","RaMCONms_fcm_17060106","RaMCONms","RaMCONms_fcm",22,"fcm","RaMCONms","RaMCONms_fcm","Mixed Conifer - Eastside Mesic",3
"4_41_63_89907",2,48,254,349,1175,1706010601,"17060105","OBM","RaMCONdy_fdd_1706010601","RaMCONdy","RaMCONdy_fdd",42,"fdd","RaMCONdy","RaMCONdy_fdd","Mixed Conifer - Eastside Dry",1
"4_41_63_84645",2,48,254,1984,1330,1706010601,"17060105","OBM","RaMCONms_fcm_17060106","RaMCONms","RaMCONms_fcm",22,"fcm","RaMCONms","RaMCONms_fcm","Mixed Conifer - Eastside Mesic",3
"4_41_63_59287",2,48,254,1984,2322,1706010601,"17060105","OBM","RaMCONms_fcm_17060106","RaMCONms","RaMCONms_fcm",22,"fcm","RaMCONms","RaMCONms_fcm","Mixed Conifer - Eastside Mesic",3
"9_53_51_87273",12,5,11,44,1804,1701021603,"17010215","WNE","RaMCONdy_fdd_1701021603","RaMCONdy","RaMCONdy_fdd",42,"fdd","RaMCONdy","RaMCONdy_fdd","Mixed Conifer - Eastside Dry",1
"4_41_63_79847",2,47,253,2013,1025,1706010506,"17060104","OBM","RaMCONms_fcm_17060105","RaMCONms","RaMCONms_fcm",22,"fcm","RaMCONms","RaMCONms_fcm","Mixed Conifer - Eastside Mesic",3
"4_41_63_56668",2,47,253,2013,1207,1706010506,"17060104","OBM","RaMCONms_fcm_17060105","RaMCONms","RaMCONms_fcm",22,"fcm","RaMCONms","RaMCONms_fcm","Mixed Conifer - Eastside Mesic",3
"4_41_63_94938",2,47,253,2013,2247,1706010506,"17060104","OBM","RaMCONms_fcm_17060105","RaMCONms","RaMCONms_fcm",22,"fcm","RaMCONms","RaMCONms_fcm","Mixed Conifer - Eastside Mesic",3
"4_41_63_69550",2,47,253,2013,1807,1706010506,"17060104","OBM","RaMCONms_fcm_17060105","RaMCONms","RaMCONms_fcm",22,"fcm","RaMCONms","RaMCONms_fcm","Mixed Conifer - Eastside Mesic",3
"9_53_51_82134",12,5,11,44,1583,1701021603,"17010215","WNE","RaMCONdy_fdd_1701021603","RaMCONdy","RaMCONdy_fdd",42,"fdd","RaMCONdy","RaMCONdy_fdd","Mixed Conifer - Eastside Dry",1
"4_41_63_90528",2,47,253,2013,1867,1706010506,"17060104","OBM","RaMCONms_fcm_17060105","RaMCONms","RaMCONms_fcm",22,"fcm","RaMCONms","RaMCONms_fcm","Mixed Conifer - Eastside Mesic",3
"9_53_51_96373",12,5,11,1763,1534,1701021603,"17010215","WNE","Na1010471_frn_17010216","Na1010471","Na1010471_frn",39,"frn","Na1010471","Na1010471_frn","Northern Rocky Mountain Mesic Montane Mixed Conifer Forest",3
"4_41_61_57742",2,46,241,2318,1138,1706010405,"17060103","OBM","RaSPFI_fcd_OBM","RaSPFI","RaSPFI_fcd",9,"fcd","RaSPFI","RaSPFI_fcd","Spruce - Fir",4
"4_41_61_65199",2,46,241,1998,1277,1706010405,"17060103","OBM","RaMCONms_fcm_17060104","RaMCONms","RaMCONms_fcm",22,"fcm","RaMCONms","RaMCONms_fcm","Mixed Conifer - Eastside Mesic",3
"4_41_61_87687",2,46,241,1998,1916,1706010405,"17060103","OBM","RaMCONms_fcm_17060104","RaMCONms","RaMCONms_fcm",22,"fcm","RaMCONms","RaMCONms_fcm","Mixed Conifer - Eastside Mesic",3
"4_41_61_54637",2,46,241,1998,1408,1706010405,"17060103","OBM","RaMCONms_fcm_17060104","RaMCONms","RaMCONms_fcm",22,"fcm","RaMCONms","RaMCONms_fcm","Mixed Conifer - Eastside Mesic",3
"4_41_61_84356",2,46,241,1998,1395,1706010405,"17060103","OBM","RaMCONms_fcm_17060104","RaMCONms","RaMCONms_fcm",22,"fcm","RaMCONms","RaMCONms_fcm","Mixed Conifer - Eastside Mesic",3
"4_41_61_84701",2,46,241,1998,1998,1706010405,"17060103","OBM","RaMCONms_fcm_17060104","RaMCONms","RaMCONms_fcm",22,"fcm","RaMCONms","RaMCONms_fcm","Mixed Conifer - Eastside Mesic",3
"9_53_51_53716",12,5,11,44,1838,1701021603,"17010215","WNE","RaMCONdy_fdd_1701021603","RaMCONdy","RaMCONdy_fdd",42,"fdd","RaMCONdy","RaMCONdy_fdd","Mixed Conifer - Eastside Dry",1
"9_53_51_63671",12,5,11,1763,1130,1701021603,"17010215","WNE","Na1010471_frn_17010216","Na1010471","Na1010471_frn",39,"frn","Na1010471","Na1010471_frn","Northern Rocky Mountain Mesic Montane Mixed Conifer Forest",3
"9_53_51_54620",12,5,11,44,1426,1701021603,"17010215","WNE","RaMCONdy_fdd_1701021603","RaMCONdy","RaMCONdy_fdd",42,"fdd","RaMCONdy","RaMCONdy_fdd","Mixed Conifer - Eastside Dry",1
"4_41_1_53743",2,41,212,764,1702,1705020206,"17050201","OBM","RaMCONdy_fdg_1705020206","RaMCONdy","RaMCONdy_fdg",23,"fdg","RaMCONdy","RaMCONdy_fdg","Mixed Conifer - Eastside Dry",1
"4_41_1_78357",2,41,212,767,504,1705020206,"17050201","OBM","RaMCONdy_fdd_1705020206","RaMCONdy","RaMCONdy_fdd",42,"fdd","RaMCONdy","RaMCONdy_fdd","Mixed Conifer - Eastside Dry",1
"4_41_1_62549",2,41,211,775,671,1705020205,"17050201","OBM","RaMCONdy_fdd_1705020205","RaMCONdy","RaMCONdy_fdd",42,"fdd","RaMCONdy","RaMCONdy_fdd","Mixed Conifer - Eastside Dry",1
"9_53_51_66189",12,5,11,1763,1918,1701021603,"17010215","WNE","Na1010471_frn_17010216","Na1010471","Na1010471_frn",39,"frn","Na1010471","Na1010471_frn","Northern Rocky Mountain Mesic Montane Mixed Conifer Forest",3
"9_53_51_60801",12,5,10,1763,1276,1701021602,"17010215","WNE","Na1010471_frn_17010216","Na1010471","Na1010471_frn",39,"frn","Na1010471","Na1010471_frn","Northern Rocky Mountain Mesic Montane Mixed Conifer Forest",3
"9_53_51_73560",12,5,10,1763,965,1701021602,"17010215","WNE","Na1010471_frn_17010216","Na1010471","Na1010471_frn",39,"frn","Na1010471","Na1010471_frn","Northern Rocky Mountain Mesic Montane Mixed Conifer Forest",3
"9_53_51_51789",12,5,10,1763,1457,1701021602,"17010215","WNE","Na1010471_frn_17010216","Na1010471","Na1010471_frn",39,"frn","Na1010471","Na1010471_frn","Northern Rocky Mountain Mesic Montane Mixed Conifer Forest",3
"9_53_65_61820",12,5,14,1763,1948,1701021610,"17010215","WNE","Na1010471_frn_17010216","Na1010471","Na1010471_frn",39,"frn","Na1010471","Na1010471_frn","Northern Rocky Mountain Mesic Montane Mixed Conifer Forest",3
"9_53_51_70357",12,12,42,2283,1224,1702000301,"17020002","WNE","RaSPFI_fcd_WNE","RaSPFI","RaSPFI_fcd",9,"fcd","RaSPFI","RaSPFI_fcd","Spruce - Fir",4
"9_53_51_52230",12,5,9,2283,1081,1701021601,"17010215","WNE","RaSPFI_fcd_WNE","RaSPFI","RaSPFI_fcd",9,"fcd","RaSPFI","RaSPFI_fcd","Spruce - Fir",4
"9_53_51_82039",12,5,9,85,941,1701021601,"17010215","WNE","RaMCONdy_fdd_1701021601","RaMCONdy","RaMCONdy_fdd",42,"fdd","RaMCONdy","RaMCONdy_fdd","Mixed Conifer - Eastside Dry",1
"9_53_51_62362",12,5,9,1763,938,1701021601,"17010215","WNE","Na1010471_frn_17010216","Na1010471","Na1010471_frn",39,"frn","Na1010471","Na1010471_frn","Northern Rocky Mountain Mesic Montane Mixed Conifer Forest",3
"9_53_65_98619",12,5,9,1763,940,1701021601,"17010215","WNE","Na1010471_frn_17010216","Na1010471","Na1010471_frn",39,"frn","Na1010471","Na1010471_frn","Northern Rocky Mountain Mesic Montane Mixed Conifer Forest",3
"9_53_65_61355",12,5,9,1763,941,1701021601,"17010215","WNE","Na1010471_frn_17010216","Na1010471","Na1010471_frn",39,"frn","Na1010471","Na1010471_frn","Northern Rocky Mountain Mesic Montane Mixed Conifer Forest",3
"9_53_51_97643",12,9,23,109,1563,1701030801,"17010307","WNE","RaMCONdy_fdd_1701030801","RaMCONdy","RaMCONdy_fdd",42,"fdd","RaMCONdy","RaMCONdy_fdd","Mixed Conifer - Eastside Dry",1
"9_53_65_63144",12,10,26,1788,816,1702000110,"17010308","WNE","RaSAWD_fal_17020001","RaSAWD","RaSAWD_fal",2,"fal","RaSAWD","RaSAWD_fal","Subalpine Woodland",3
"9_53_51_65582",12,9,23,109,1508,1701030801,"17010307","WNE","RaMCONdy_fdd_1701030801","RaMCONdy","RaMCONdy_fdd",42,"fdd","RaMCONdy","RaMCONdy_fdd","Mixed Conifer - Eastside Dry",1
"9_53_65_60383",12,9,24,113,1320,1701030802,"17010307","WNE","RaMCONdy_fdd_1701030802","RaMCONdy","RaMCONdy_fdd",42,"fdd","RaMCONdy","RaMCONdy_fdd","Mixed Conifer - Eastside Dry",1
"9_53_63_60179",12,9,24,113,811,1701030802,"17010307","WNE","RaMCONdy_fdd_1701030802","RaMCONdy","RaMCONdy_fdd",42,"fdd","RaMCONdy","RaMCONdy_fdd","Mixed Conifer - Eastside Dry",1
"9_53_51_77430",12,5,13,1763,1145,1701021609,"17010215","WNE","Na1010471_frn_17010216","Na1010471","Na1010471_frn",39,"frn","Na1010471","Na1010471_frn","Northern Rocky Mountain Mesic Montane Mixed Conifer Forest",3
"9_53_51_88087",12,10,26,2283,894,1702000110,"17010308","WNE","RaSPFI_fcd_WNE","RaSPFI","RaSPFI_fcd",9,"fcd","RaSPFI","RaSPFI_fcd","Spruce - Fir",4
"9_53_63_68377",12,8,19,136,355,1701030701,"17010306","WNE","RaPIPOm_fpd_1701030701","RaPIPOm","RaPIPOm_fpd",51,"fpd","RaPIPOm","RaPIPOm_fpd","Dry Ponderosa Pine - Mesic",1
"9_53_63_57389",12,8,19,136,452,1701030701,"17010306","WNE","RaPIPOm_fpd_1701030701","RaPIPOm","RaPIPOm_fpd",51,"fpd","RaPIPOm","RaPIPOm_fpd","Dry Ponderosa Pine - Mesic",1
"9_53_63_80752",8,7,18,159,576,1701030603,"17010305","WCB","RaPIPOm_fpd_1701030603","RaPIPOm","RaPIPOm_fpd",51,"fpd","RaPIPOm","RaPIPOm_fpd","Dry Ponderosa Pine - Mesic",1
"9_53_51_79936",12,5,13,1763,2200,1701021609,"17010215","WNE","Na1010471_frn_17010216","Na1010471","Na1010471_frn",39,"frn","Na1010471","Na1010471_frn","Northern Rocky Mountain Mesic Montane Mixed Conifer Forest",3
"9_53_63_57258",8,7,18,159,461,1701030603,"17010305","WCB","RaPIPOm_fpd_1701030603","RaPIPOm","RaPIPOm_fpd",51,"fpd","RaPIPOm","RaPIPOm_fpd","Dry Ponderosa Pine - Mesic",1
"9_53_63_96716",8,7,18,159,1284,1701030603,"17010305","WCB","RaPIPOm_fpd_1701030603","RaPIPOm","RaPIPOm_fpd",51,"fpd","RaPIPOm","RaPIPOm_fpd","Dry Ponderosa Pine - Mesic",1
"9_53_51_83969",12,5,13,1763,830,1701021609,"17010215","WNE","Na1010471_frn_17010216","Na1010471","Na1010471_frn",39,"frn","Na1010471","Na1010471_frn","Northern Rocky Mountain Mesic Montane Mixed Conifer Forest",3
"9_53_51_54588",12,5,13,1763,2786,1701021609,"17010215","WNE","Na1010471_frn_17010216","Na1010471","Na1010471_frn",39,"frn","Na1010471","Na1010471_frn","Northern Rocky Mountain Mesic Montane Mixed Conifer Forest",3
"9_53_51_64490",12,5,13,1763,1239,1701021609,"17010215","WNE","Na1010471_frn_17010216","Na1010471","Na1010471_frn",39,"frn","Na1010471","Na1010471_frn","Northern Rocky Mountain Mesic Montane Mixed Conifer Forest",3
"9_53_51_86135",12,5,13,1763,1100,1701021609,"17010215","WNE","Na1010471_frn_17010216","Na1010471","Na1010471_frn",39,"frn","Na1010471","Na1010471_frn","Northern Rocky Mountain Mesic Montane Mixed Conifer Forest",3
"9_53_51_73547",12,5,13,1,978,1701021609,"17010215","WNE","RaMCONdy_fdd_1701021609","RaMCONdy","RaMCONdy_fdd",42,"fdd","RaMCONdy","RaMCONdy_fdd","Mixed Conifer - Eastside Dry",1
"9_53_23_59334",2,49,265,1946,1331,1706010705,"17060106","OBM","RaMCONms_fcm_17060107","RaMCONms","RaMCONms_fcm",22,"fcm","RaMCONms","RaMCONms_fcm","Mixed Conifer - Eastside Mesic",3
"9_53_51_87024",12,5,13,1763,1032,1701021609,"17010215","WNE","Na1010471_frn_17010216","Na1010471","Na1010471_frn",39,"frn","Na1010471","Na1010471_frn","Northern Rocky Mountain Mesic Montane Mixed Conifer Forest",3
"9_53_23_95278",2,49,265,1946,1357,1706010705,"17060106","OBM","RaMCONms_fcm_17060107","RaMCONms","RaMCONms_fcm",22,"fcm","RaMCONms","RaMCONms_fcm","Mixed Conifer - Eastside Mesic",3
"9_53_51_87594",12,5,13,1763,3054,1701021609,"17010215","WNE","Na1010471_frn_17010216","Na1010471","Na1010471_frn",39,"frn","Na1010471","Na1010471_frn","Northern Rocky Mountain Mesic Montane Mixed Conifer Forest",3
"9_53_23_52960",2,49,265,1946,1696,1706010705,"17060106","OBM","RaMCONms_fcm_17060107","RaMCONms","RaMCONms_fcm",22,"fcm","RaMCONms","RaMCONms_fcm","Mixed Conifer - Eastside Mesic",3
"9_53_23_99610",2,49,265,1946,1323,1706010705,"17060106","OBM","RaMCONms_fcm_17060107","RaMCONms","RaMCONms_fcm",22,"fcm","RaMCONms","RaMCONms_fcm","Mixed Conifer - Eastside Mesic",3
"9_53_23_51914",2,45,235,1967,2047,1706010302,"17060102","OBM","RaMCONms_fcm_17060103","RaMCONms","RaMCONms_fcm",22,"fcm","RaMCONms","RaMCONms_fcm","Mixed Conifer - Eastside Mesic",3
"9_53_23_54408",2,45,235,1967,3105,1706010302,"17060102","OBM","RaMCONms_fcm_17060103","RaMCONms","RaMCONms_fcm",22,"fcm","RaMCONms","RaMCONms_fcm","Mixed Conifer - Eastside Mesic",3
"9_53_23_78095",2,49,266,1946,2603,1706010706,"17060106","OBM","RaMCONms_fcm_17060107","RaMCONms","RaMCONms_fcm",22,"fcm","RaMCONms","RaMCONms_fcm","Mixed Conifer - Eastside Mesic",3
"9_53_23_70106",2,49,266,1946,3305,1706010706,"17060106","OBM","RaMCONms_fcm_17060107","RaMCONms","RaMCONms_fcm",22,"fcm","RaMCONms","RaMCONms_fcm","Mixed Conifer - Eastside Mesic",3
"4_41_63_71940",2,48,256,1984,1188,1706010603,"17060105","OBM","RaMCONms_fcm_17060106","RaMCONms","RaMCONms_fcm",22,"fcm","RaMCONms","RaMCONms_fcm","Mixed Conifer - Eastside Mesic",3
"4_41_63_60244",2,48,254,349,963,1706010601,"17060105","OBM","RaMCONdy_fdd_1706010601","RaMCONdy","RaMCONdy_fdd",42,"fdd","RaMCONdy","RaMCONdy_fdd","Mixed Conifer - Eastside Dry",1
"4_41_63_55242",2,47,253,399,867,1706010506,"17060104","OBM","RaMCONdy_fdd_1706010506","RaMCONdy","RaMCONdy_fdd",42,"fdd","RaMCONdy","RaMCONdy_fdd","Mixed Conifer - Eastside Dry",1
"4_41_63_95774",2,47,253,399,651,1706010506,"17060104","OBM","RaMCONdy_fdd_1706010506","RaMCONdy","RaMCONdy_fdd",42,"fdd","RaMCONdy","RaMCONdy_fdd","Mixed Conifer - Eastside Dry",1
"4_41_63_51376",2,47,251,2013,1234,1706010504,"17060104","OBM","RaMCONms_fcm_17060105","RaMCONms","RaMCONms_fcm",22,"fcm","RaMCONms","RaMCONms_fcm","Mixed Conifer - Eastside Mesic",3
"9_53_51_93955",12,5,11,44,1942,1701021603,"17010215","WNE","RaMCONdy_fdd_1701021603","RaMCONdy","RaMCONdy_fdd",42,"fdd","RaMCONdy","RaMCONdy_fdd","Mixed Conifer - Eastside Dry",1
"4_41_63_72561",2,47,251,2013,1357,1706010504,"17060104","OBM","RaMCONms_fcm_17060105","RaMCONms","RaMCONms_fcm",22,"fcm","RaMCONms","RaMCONms_fcm","Mixed Conifer - Eastside Mesic",3
"4_41_63_52675",2,47,251,2013,847,1706010504,"17060104","OBM","RaMCONms_fcm_17060105","RaMCONms","RaMCONms_fcm",22,"fcm","RaMCONms","RaMCONms_fcm","Mixed Conifer - Eastside Mesic",3
"4_41_63_85978",2,47,251,2013,1476,1706010504,"17060104","OBM","RaMCONms_fcm_17060105","RaMCONms","RaMCONms_fcm",22,"fcm","RaMCONms","RaMCONms_fcm","Mixed Conifer - Eastside Mesic",3
"4_41_63_93161",2,47,252,2013,1315,1706010505,"17060104","OBM","RaMCONms_fcm_17060105","RaMCONms","RaMCONms_fcm",22,"fcm","RaMCONms","RaMCONms_fcm","Mixed Conifer - Eastside Mesic",3
"4_41_61_71137",2,47,252,2013,2549,1706010505,"17060104","OBM","RaMCONms_fcm_17060105","RaMCONms","RaMCONms_fcm",22,"fcm","RaMCONms","RaMCONms_fcm","Mixed Conifer - Eastside Mesic",3
"4_41_61_64207",2,47,252,2318,1416,1706010505,"17060104","OBM","RaSPFI_fcd_OBM","RaSPFI","RaSPFI_fcd",9,"fcd","RaSPFI","RaSPFI_fcd","Spruce - Fir",4
"4_41_61_56699",2,47,252,2318,973,1706010505,"17060104","OBM","RaSPFI_fcd_OBM","RaSPFI","RaSPFI_fcd",9,"fcd","RaSPFI","RaSPFI_fcd","Spruce - Fir",4
"4_41_61_98968",2,46,241,1998,1525,1706010405,"17060103","OBM","RaMCONms_fcm_17060104","RaMCONms","RaMCONms_fcm",22,"fcm","RaMCONms","RaMCONms_fcm","Mixed Conifer - Eastside Mesic",3
"9_53_51_62340",12,5,11,1763,2400,1701021603,"17010215","WNE","Na1010471_frn_17010216","Na1010471","Na1010471_frn",39,"frn","Na1010471","Na1010471_frn","Northern Rocky Mountain Mesic Montane Mixed Conifer Forest",3
"4_41_61_99588",2,46,241,1998,1394,1706010405,"17060103","OBM","RaMCONms_fcm_17060104","RaMCONms","RaMCONms_fcm",22,"fcm","RaMCONms","RaMCONms_fcm","Mixed Conifer - Eastside Mesic",3
"4_41_61_57104",2,46,241,1998,1386,1706010405,"17060103","OBM","RaMCONms_fcm_17060104","RaMCONms","RaMCONms_fcm",22,"fcm","RaMCONms","RaMCONms_fcm","Mixed Conifer - Eastside Mesic",3
"4_41_61_93607",2,46,241,1998,2860,1706010405,"17060103","OBM","RaMCONms_fcm_17060104","RaMCONms","RaMCONms_fcm",22,"fcm","RaMCONms","RaMCONms_fcm","Mixed Conifer - Eastside Mesic",3
"4_41_61_54809",2,46,241,1998,2070,1706010405,"17060103","OBM","RaMCONms_fcm_17060104","RaMCONms","RaMCONms_fcm",22,"fcm","RaMCONms","RaMCONms_fcm","Mixed Conifer - Eastside Mesic",3
"4_41_61_65933",2,42,221,2056,1065,1705020307,"17050202","OBM","RaMCONms_fcm_17050203","RaMCONms","RaMCONms_fcm",22,"fcm","RaMCONms","RaMCONms_fcm","Mixed Conifer - Eastside Mesic",3
"4_41_61_84935",2,42,221,583,604,1705020307,"17050202","OBM","RaMCONdy_fdd_1705020307","RaMCONdy","RaMCONdy_fdd",42,"fdd","RaMCONdy","RaMCONdy_fdd","Mixed Conifer - Eastside Dry",1
"9_53_51_86840",12,5,11,1763,1353,1701021603,"17010215","WNE","Na1010471_frn_17010216","Na1010471","Na1010471_frn",39,"frn","Na1010471","Na1010471_frn","Northern Rocky Mountain Mesic Montane Mixed Conifer Forest",3
"9_53_51_90995",12,5,11,1763,1160,1701021603,"17010215","WNE","Na1010471_frn_17010216","Na1010471","Na1010471_frn",39,"frn","Na1010471","Na1010471_frn","Northern Rocky Mountain Mesic Montane Mixed Conifer Forest",3
"4_41_1_94007",2,41,212,2086,64,1705020206,"17050201","OBM","RaPIPOxe_fxp_17050202","RaPIPOxe","RaPIPOxe_fxp",56,"fxp","RaPIPOxe","RaPIPOxe_fxp","Ponderosa Pine - Xeric",3
"9_53_51_88456",12,5,11,1763,1852,1701021603,"17010215","WNE","Na1010471_frn_17010216","Na1010471","Na1010471_frn",39,"frn","Na1010471","Na1010471_frn","Northern Rocky Mountain Mesic Montane Mixed Conifer Forest",3
"9_53_51_69661",12,5,11,1763,1322,1701021603,"17010215","WNE","Na1010471_frn_17010216","Na1010471","Na1010471_frn",39,"frn","Na1010471","Na1010471_frn","Northern Rocky Mountain Mesic Montane Mixed Conifer Forest",3
"9_53_51_58658",12,5,10,73,1520,1701021602,"17010215","WNE","RaMCONdy_fdd_1701021602","RaMCONdy","RaMCONdy_fdd",42,"fdd","RaMCONdy","RaMCONdy_fdd","Mixed Conifer - Eastside Dry",1
"9_53_51_68890",12,5,10,73,1246,1701021602,"17010215","WNE","RaMCONdy_fdd_1701021602","RaMCONdy","RaMCONdy_fdd",42,"fdd","RaMCONdy","RaMCONdy_fdd","Mixed Conifer - Eastside Dry",1
"9_53_51_67193",12,5,10,1763,1447,1701021602,"17010215","WNE","Na1010471_frn_17010216","Na1010471","Na1010471_frn",39,"frn","Na1010471","Na1010471_frn","Northern Rocky Mountain Mesic Montane Mixed Conifer Forest",3
"9_53_51_66962",12,5,9,1763,1350,1701021601,"17010215","WNE","Na1010471_frn_17010216","Na1010471","Na1010471_frn",39,"frn","Na1010471","Na1010471_frn","Northern Rocky Mountain Mesic Montane Mixed Conifer Forest",3
"9_53_51_62337",12,5,9,1763,1780,1701021601,"17010215","WNE","Na1010471_frn_17010216","Na1010471","Na1010471_frn",39,"frn","Na1010471","Na1010471_frn","Northern Rocky Mountain Mesic Montane Mixed Conifer Forest",3
"9_53_51_54158",12,5,9,1763,974,1701021601,"17010215","WNE","Na1010471_frn_17010216","Na1010471","Na1010471_frn",39,"frn","Na1010471","Na1010471_frn","Northern Rocky Mountain Mesic Montane Mixed Conifer Forest",3
"9_53_51_94992",12,5,9,85,1035,1701021601,"17010215","WNE","RaMCONdy_fdd_1701021601","RaMCONdy","RaMCONdy_fdd",42,"fdd","RaMCONdy","RaMCONdy_fdd","Mixed Conifer - Eastside Dry",1
"9_53_51_80666",12,5,9,1763,1155,1701021601,"17010215","WNE","Na1010471_frn_17010216","Na1010471","Na1010471_frn",39,"frn","Na1010471","Na1010471_frn","Northern Rocky Mountain Mesic Montane Mixed Conifer Forest",3
"9_53_51_68564",12,5,13,1763,2567,1701021609,"17010215","WNE","Na1010471_frn_17010216","Na1010471","Na1010471_frn",39,"frn","Na1010471","Na1010471_frn","Northern Rocky Mountain Mesic Montane Mixed Conifer Forest",3
"9_53_51_85849",12,5,13,1763,1577,1701021609,"17010215","WNE","Na1010471_frn_17010216","Na1010471","Na1010471_frn",39,"frn","Na1010471","Na1010471_frn","Northern Rocky Mountain Mesic Montane Mixed Conifer Forest",3
"9_53_63_59424",12,9,25,121,411,1701030803,"17010307","WNE","RaMCONdy_fdd_1701030803","RaMCONdy","RaMCONdy_fdd",42,"fdd","RaMCONdy","RaMCONdy_fdd","Mixed Conifer - Eastside Dry",1
"9_53_63_56659",12,8,19,136,161,1701030701,"17010306","WNE","RaPIPOm_fpd_1701030701","RaPIPOm","RaPIPOm_fpd",51,"fpd","RaPIPOm","RaPIPOm_fpd","Dry Ponderosa Pine - Mesic",1
"9_53_51_68531",12,5,13,2283,823,1701021609,"17010215","WNE","RaSPFI_fcd_WNE","RaSPFI","RaSPFI_fcd",9,"fcd","RaSPFI","RaSPFI_fcd","Spruce - Fir",4
"9_53_63_86680",8,7,18,159,841,1701030603,"17010305","WCB","RaPIPOm_fpd_1701030603","RaPIPOm","RaPIPOm_fpd",51,"fpd","RaPIPOm","RaPIPOm_fpd","Dry Ponderosa Pine - Mesic",1
"9_53_63_70327",8,51,277,179,1278,1706010902,"17060108","WCB","RaPIPOm_fpd_1706010902","RaPIPOm","RaPIPOm_fpd",51,"fpd","RaPIPOm","RaPIPOm_fpd","Dry Ponderosa Pine - Mesic",1
"9_53_51_51170",12,5,13,1763,2011,1701021609,"17010215","WNE","Na1010471_frn_17010216","Na1010471","Na1010471_frn",39,"frn","Na1010471","Na1010471_frn","Northern Rocky Mountain Mesic Montane Mixed Conifer Forest",3
"9_53_51_95737",12,5,13,1763,1031,1701021609,"17010215","WNE","Na1010471_frn_17010216","Na1010471","Na1010471_frn",39,"frn","Na1010471","Na1010471_frn","Northern Rocky Mountain Mesic Montane Mixed Conifer Forest",3
"9_53_51_58759",12,5,13,1,477,1701021609,"17010215","WNE","RaMCONdy_fdd_1701021609","RaMCONdy","RaMCONdy_fdd",42,"fdd","RaMCONdy","RaMCONdy_fdd","Mixed Conifer - Eastside Dry",1
"9_53_51_97216",12,5,13,1763,1239,1701021609,"17010215","WNE","Na1010471_frn_17010216","Na1010471","Na1010471_frn",39,"frn","Na1010471","Na1010471_frn","Northern Rocky Mountain Mesic Montane Mixed Conifer Forest",3
"9_53_51_54284",12,5,13,1763,1123,1701021609,"17010215","WNE","Na1010471_frn_17010216","Na1010471","Na1010471_frn",39,"frn","Na1010471","Na1010471_frn","Northern Rocky Mountain Mesic Montane Mixed Conifer Forest",3
"9_53_51_54634",12,5,13,1763,1439,1701021609,"17010215","WNE","Na1010471_frn_17010216","Na1010471","Na1010471_frn",39,"frn","Na1010471","Na1010471_frn","Northern Rocky Mountain Mesic Montane Mixed Conifer Forest",3
"9_53_23_89758",2,45,235,1967,885,1706010302,"17060102","OBM","RaMCONms_fcm_17060103","RaMCONms","RaMCONms_fcm",22,"fcm","RaMCONms","RaMCONms_fcm","Mixed Conifer - Eastside Mesic",3
"9_53_23_67181",2,45,235,1967,2039,1706010302,"17060102","OBM","RaMCONms_fcm_17060103","RaMCONms","RaMCONms_fcm",22,"fcm","RaMCONms","RaMCONms_fcm","Mixed Conifer - Eastside Mesic",3
"9_53_23_52155",2,45,235,1967,2055,1706010302,"17060102","OBM","RaMCONms_fcm_17060103","RaMCONms","RaMCONms_fcm",22,"fcm","RaMCONms","RaMCONms_fcm","Mixed Conifer - Eastside Mesic",3
"9_53_23_81626",2,45,235,1967,3215,1706010302,"17060102","OBM","RaMCONms_fcm_17060103","RaMCONms","RaMCONms_fcm",22,"fcm","RaMCONms","RaMCONms_fcm","Mixed Conifer - Eastside Mesic",3
"9_53_23_90645",2,45,235,1967,2885,1706010302,"17060102","OBM","RaMCONms_fcm_17060103","RaMCONms","RaMCONms_fcm",22,"fcm","RaMCONms","RaMCONms_fcm","Mixed Conifer - Eastside Mesic",3
"9_53_23_80639",2,49,266,1946,1918,1706010706,"17060106","OBM","RaMCONms_fcm_17060107","RaMCONms","RaMCONms_fcm",22,"fcm","RaMCONms","RaMCONms_fcm","Mixed Conifer - Eastside Mesic",3
"9_53_23_51769",2,48,256,1984,2471,1706010603,"17060105","OBM","RaMCONms_fcm_17060106","RaMCONms","RaMCONms_fcm",22,"fcm","RaMCONms","RaMCONms_fcm","Mixed Conifer - Eastside Mesic",3
"9_53_23_60196",2,48,256,308,1414,1706010603,"17060105","OBM","RaMCONdy_fdd_1706010603","RaMCONdy","RaMCONdy_fdd",42,"fdd","RaMCONdy","RaMCONdy_fdd","Mixed Conifer - Eastside Dry",1
"4_41_63_90676",2,48,256,1984,1210,1706010603,"17060105","OBM","RaMCONms_fcm_17060106","RaMCONms","RaMCONms_fcm",22,"fcm","RaMCONms","RaMCONms_fcm","Mixed Conifer - Eastside Mesic",3
"4_41_63_70521",2,48,256,308,1738,1706010603,"17060105","OBM","RaMCONdy_fdd_1706010603","RaMCONdy","RaMCONdy_fdd",42,"fdd","RaMCONdy","RaMCONdy_fdd","Mixed Conifer - Eastside Dry",1
"4_41_63_87282",2,48,255,351,602,1706010602,"17060105","OBM","RaMCONdy_fdd_1706010602","RaMCONdy","RaMCONdy_fdd",42,"fdd","RaMCONdy","RaMCONdy_fdd","Mixed Conifer - Eastside Dry",1
"4_41_63_91691",2,48,255,351,1201,1706010602,"17060105","OBM","RaMCONdy_fdd_1706010602","RaMCONdy","RaMCONdy_fdd",42,"fdd","RaMCONdy","RaMCONdy_fdd","Mixed Conifer - Eastside Dry",1
"4_41_63_76901",2,48,255,1984,2317,1706010602,"17060105","OBM","RaMCONms_fcm_17060106","RaMCONms","RaMCONms_fcm",22,"fcm","RaMCONms","RaMCONms_fcm","Mixed Conifer - Eastside Mesic",3
"9_53_51_95105",12,5,11,1763,895,1701021603,"17010215","WNE","Na1010471_frn_17010216","Na1010471","Na1010471_frn",39,"frn","Na1010471","Na1010471_frn","Northern Rocky Mountain Mesic Montane Mixed Conifer Forest",3
"4_41_63_56144",2,47,253,399,741,1706010506,"17060104","OBM","RaMCONdy_fdd_1706010506","RaMCONdy","RaMCONdy_fdd",42,"fdd","RaMCONdy","RaMCONdy_fdd","Mixed Conifer - Eastside Dry",1
"4_41_63_78563",2,47,251,2013,903,1706010504,"17060104","OBM","RaMCONms_fcm_17060105","RaMCONms","RaMCONms_fcm",22,"fcm","RaMCONms","RaMCONms_fcm","Mixed Conifer - Eastside Mesic",3
"4_41_63_75603",2,47,251,2013,1245,1706010504,"17060104","OBM","RaMCONms_fcm_17060105","RaMCONms","RaMCONms_fcm",22,"fcm","RaMCONms","RaMCONms_fcm","Mixed Conifer - Eastside Mesic",3
"4_41_61_93920",2,47,252,2013,2122,1706010505,"17060104","OBM","RaMCONms_fcm_17060105","RaMCONms","RaMCONms_fcm",22,"fcm","RaMCONms","RaMCONms_fcm","Mixed Conifer - Eastside Mesic",3
"4_41_61_91609",2,46,241,1998,1453,1706010405,"17060103","OBM","RaMCONms_fcm_17060104","RaMCONms","RaMCONms_fcm",22,"fcm","RaMCONms","RaMCONms_fcm","Mixed Conifer - Eastside Mesic",3
"4_41_61_79739",2,46,241,1998,1349,1706010405,"17060103","OBM","RaMCONms_fcm_17060104","RaMCONms","RaMCONms_fcm",22,"fcm","RaMCONms","RaMCONms_fcm","Mixed Conifer - Eastside Mesic",3
"4_41_61_68681",2,46,241,1998,1625,1706010405,"17060103","OBM","RaMCONms_fcm_17060104","RaMCONms","RaMCONms_fcm",22,"fcm","RaMCONms","RaMCONms_fcm","Mixed Conifer - Eastside Mesic",3
"4_41_61_87363",2,46,241,1998,1757,1706010405,"17060103","OBM","RaMCONms_fcm_17060104","RaMCONms","RaMCONms_fcm",22,"fcm","RaMCONms","RaMCONms_fcm","Mixed Conifer - Eastside Mesic",3
"4_41_61_64005",2,46,241,1998,1217,1706010405,"17060103","OBM","RaMCONms_fcm_17060104","RaMCONms","RaMCONms_fcm",22,"fcm","RaMCONms","RaMCONms_fcm","Mixed Conifer - Eastside Mesic",3
"4_41_1_73372",2,42,221,2056,2508,1705020307,"17050202","OBM","RaMCONms_fcm_17050203","RaMCONms","RaMCONms_fcm",22,"fcm","RaMCONms","RaMCONms_fcm","Mixed Conifer - Eastside Mesic",3
"4_41_61_56114",2,42,221,2056,1284,1705020307,"17050202","OBM","RaMCONms_fcm_17050203","RaMCONms","RaMCONms_fcm",22,"fcm","RaMCONms","RaMCONms_fcm","Mixed Conifer - Eastside Mesic",3
"4_41_1_65621",2,42,221,2056,1362,1705020307,"17050202","OBM","RaMCONms_fcm_17050203","RaMCONms","RaMCONms_fcm",22,"fcm","RaMCONms","RaMCONms_fcm","Mixed Conifer - Eastside Mesic",3
"4_41_1_97239",2,42,221,583,1863,1705020307,"17050202","OBM","RaMCONdy_fdd_1705020307","RaMCONdy","RaMCONdy_fdd",42,"fdd","RaMCONdy","RaMCONdy_fdd","Mixed Conifer - Eastside Dry",1
"4_41_1_52209",2,42,221,586,2195,1705020307,"17050202","OBM","RaMCONdy_fdg_1705020307","RaMCONdy","RaMCONdy_fdg",23,"fdg","RaMCONdy","RaMCONdy_fdg","Mixed Conifer - Eastside Dry",1
"4_41_1_96954",2,42,222,612,1530,1705020308,"17050202","OBM","RaMCONdy_fdd_1705020308","RaMCONdy","RaMCONdy_fdd",42,"fdd","RaMCONdy","RaMCONdy_fdd","Mixed Conifer - Eastside Dry",1
"9_53_51_61422",12,5,11,1763,2208,1701021603,"17010215","WNE","Na1010471_frn_17010216","Na1010471","Na1010471_frn",39,"frn","Na1010471","Na1010471_frn","Northern Rocky Mountain Mesic Montane Mixed Conifer Forest",3
"9_53_51_76924",12,5,11,44,1885,1701021603,"17010215","WNE","RaMCONdy_fdd_1701021603","RaMCONdy","RaMCONdy_fdd",42,"fdd","RaMCONdy","RaMCONdy_fdd","Mixed Conifer - Eastside Dry",1
"4_41_1_53634",2,41,213,717,351,1705020207,"17050201","OBM","RaPIPOm_fdp_1705020207","RaPIPOm","RaPIPOm_fdp",52,"fdp","RaPIPOm","RaPIPOm_fdp","Dry Ponderosa Pine - Mesic",1
"9_53_51_82356",12,5,11,44,1578,1701021603,"17010215","WNE","RaMCONdy_fdd_1701021603","RaMCONdy","RaMCONdy_fdd",42,"fdd","RaMCONdy","RaMCONdy_fdd","Mixed Conifer - Eastside Dry",1
"9_53_51_75098",12,5,11,1763,1559,1701021603,"17010215","WNE","Na1010471_frn_17010216","Na1010471","Na1010471_frn",39,"frn","Na1010471","Na1010471_frn","Northern Rocky Mountain Mesic Montane Mixed Conifer Forest",3
"9_53_51_58874",12,5,10,73,1388,1701021602,"17010215","WNE","RaMCONdy_fdd_1701021602","RaMCONdy","RaMCONdy_fdd",42,"fdd","RaMCONdy","RaMCONdy_fdd","Mixed Conifer - Eastside Dry",1
"9_53_51_53198",12,5,10,73,1695,1701021602,"17010215","WNE","RaMCONdy_fdd_1701021602","RaMCONdy","RaMCONdy_fdd",42,"fdd","RaMCONdy","RaMCONdy_fdd","Mixed Conifer - Eastside Dry",1
"9_53_51_87719",12,5,10,1763,1250,1701021602,"17010215","WNE","Na1010471_frn_17010216","Na1010471","Na1010471_frn",39,"frn","Na1010471","Na1010471_frn","Northern Rocky Mountain Mesic Montane Mixed Conifer Forest",3
"9_53_51_99580",12,5,10,73,890,1701021602,"17010215","WNE","RaMCONdy_fdd_1701021602","RaMCONdy","RaMCONdy_fdd",42,"fdd","RaMCONdy","RaMCONdy_fdd","Mixed Conifer - Eastside Dry",1
"9_53_51_69063",12,5,13,1763,2035,1701021609,"17010215","WNE","Na1010471_frn_17010216","Na1010471","Na1010471_frn",39,"frn","Na1010471","Na1010471_frn","Northern Rocky Mountain Mesic Montane Mixed Conifer Forest",3
"9_53_51_69526",12,5,10,73,1401,1701021602,"17010215","WNE","RaMCONdy_fdd_1701021602","RaMCONdy","RaMCONdy_fdd",42,"fdd","RaMCONdy","RaMCONdy_fdd","Mixed Conifer - Eastside Dry",1
"9_53_51_57786",12,5,10,1763,1544,1701021602,"17010215","WNE","Na1010471_frn_17010216","Na1010471","Na1010471_frn",39,"frn","Na1010471","Na1010471_frn","Northern Rocky Mountain Mesic Montane Mixed Conifer Forest",3
"9_53_51_68658",12,5,9,85,1728,1701021601,"17010215","WNE","RaMCONdy_fdd_1701021601","RaMCONdy","RaMCONdy_fdd",42,"fdd","RaMCONdy","RaMCONdy_fdd","Mixed Conifer - Eastside Dry",1
"9_53_51_68967",12,5,9,85,757,1701021601,"17010215","WNE","RaMCONdy_fdd_1701021601","RaMCONdy","RaMCONdy_fdd",42,"fdd","RaMCONdy","RaMCONdy_fdd","Mixed Conifer - Eastside Dry",1
"9_53_51_93930",12,5,9,85,1237,1701021601,"17010215","WNE","RaMCONdy_fdd_1701021601","RaMCONdy","RaMCONdy_fdd",42,"fdd","RaMCONdy","RaMCONdy_fdd","Mixed Conifer - Eastside Dry",1
"9_53_51_98245",12,5,9,85,1206,1701021601,"17010215","WNE","RaMCONdy_fdd_1701021601","RaMCONdy","RaMCONdy_fdd",42,"fdd","RaMCONdy","RaMCONdy_fdd","Mixed Conifer - Eastside Dry",1
"9_53_51_59660",12,5,9,85,956,1701021601,"17010215","WNE","RaMCONdy_fdd_1701021601","RaMCONdy","RaMCONdy_fdd",42,"fdd","RaMCONdy","RaMCONdy_fdd","Mixed Conifer - Eastside Dry",1
"9_53_51_69898",12,5,9,85,774,1701021601,"17010215","WNE","RaMCONdy_fdd_1701021601","RaMCONdy","RaMCONdy_fdd",42,"fdd","RaMCONdy","RaMCONdy_fdd","Mixed Conifer - Eastside Dry",1
"9_53_51_51157",12,5,9,85,1006,1701021601,"17010215","WNE","RaMCONdy_fdd_1701021601","RaMCONdy","RaMCONdy_fdd",42,"fdd","RaMCONdy","RaMCONdy_fdd","Mixed Conifer - Eastside Dry",1
"9_53_51_68143",12,5,9,1763,492,1701021601,"17010215","WNE","Na1010471_frn_17010216","Na1010471","Na1010471_frn",39,"frn","Na1010471","Na1010471_frn","Northern Rocky Mountain Mesic Montane Mixed Conifer Forest",3
"9_53_51_74775",12,5,9,85,956,1701021601,"17010215","WNE","RaMCONdy_fdd_1701021601","RaMCONdy","RaMCONdy_fdd",42,"fdd","RaMCONdy","RaMCONdy_fdd","Mixed Conifer - Eastside Dry",1
"9_53_51_66737",12,5,9,85,857,1701021601,"17010215","WNE","RaMCONdy_fdd_1701021601","RaMCONdy","RaMCONdy_fdd",42,"fdd","RaMCONdy","RaMCONdy_fdd","Mixed Conifer - Eastside Dry",1
"9_53_51_70812",12,5,9,1763,686,1701021601,"17010215","WNE","Na1010471_frn_17010216","Na1010471","Na1010471_frn",39,"frn","Na1010471","Na1010471_frn","Northern Rocky Mountain Mesic Montane Mixed Conifer Forest",3
"9_53_51_51345",12,5,9,1763,582,1701021601,"17010215","WNE","Na1010471_frn_17010216","Na1010471","Na1010471_frn",39,"frn","Na1010471","Na1010471_frn","Northern Rocky Mountain Mesic Montane Mixed Conifer Forest",3
"9_53_51_88400",12,5,13,1763,2003,1701021609,"17010215","WNE","Na1010471_frn_17010216","Na1010471","Na1010471_frn",39,"frn","Na1010471","Na1010471_frn","Northern Rocky Mountain Mesic Montane Mixed Conifer Forest",3
"9_53_51_63749",12,9,23,109,2764,1701030801,"17010307","WNE","RaMCONdy_fdd_1701030801","RaMCONdy","RaMCONdy_fdd",42,"fdd","RaMCONdy","RaMCONdy_fdd","Mixed Conifer - Eastside Dry",1
"9_53_51_54689",12,9,23,109,1471,1701030801,"17010307","WNE","RaMCONdy_fdd_1701030801","RaMCONdy","RaMCONdy_fdd",42,"fdd","RaMCONdy","RaMCONdy_fdd","Mixed Conifer - Eastside Dry",1
"9_53_63_78093",12,9,24,113,1490,1701030802,"17010307","WNE","RaMCONdy_fdd_1701030802","RaMCONdy","RaMCONdy_fdd",42,"fdd","RaMCONdy","RaMCONdy_fdd","Mixed Conifer - Eastside Dry",1
"9_53_63_91916",12,9,25,121,589,1701030803,"17010307","WNE","RaMCONdy_fdd_1701030803","RaMCONdy","RaMCONdy_fdd",42,"fdd","RaMCONdy","RaMCONdy_fdd","Mixed Conifer - Eastside Dry",1
"9_53_51_68294",12,5,13,1763,1916,1701021609,"17010215","WNE","Na1010471_frn_17010216","Na1010471","Na1010471_frn",39,"frn","Na1010471","Na1010471_frn","Northern Rocky Mountain Mesic Montane Mixed Conifer Forest",3
"9_53_63_92658",12,9,24,113,1251,1701030802,"17010307","WNE","RaMCONdy_fdd_1701030802","RaMCONdy","RaMCONdy_fdd",42,"fdd","RaMCONdy","RaMCONdy_fdd","Mixed Conifer - Eastside Dry",1
"9_53_63_81195",12,9,25,121,813,1701030803,"17010307","WNE","RaMCONdy_fdd_1701030803","RaMCONdy","RaMCONdy_fdd",42,"fdd","RaMCONdy","RaMCONdy_fdd","Mixed Conifer - Eastside Dry",1
"9_53_63_59862",12,9,25,121,101,1701030803,"17010307","WNE","RaMCONdy_fdd_1701030803","RaMCONdy","RaMCONdy_fdd",42,"fdd","RaMCONdy","RaMCONdy_fdd","Mixed Conifer - Eastside Dry",1
"9_53_63_78289",8,7,18,159,738,1701030603,"17010305","WCB","RaPIPOm_fpd_1701030603","RaPIPOm","RaPIPOm_fpd",51,"fpd","RaPIPOm","RaPIPOm_fpd","Dry Ponderosa Pine - Mesic",1
"9_53_63_87906",8,7,18,159,1289,1701030603,"17010305","WCB","RaPIPOm_fpd_1701030603","RaPIPOm","RaPIPOm_fpd",51,"fpd","RaPIPOm","RaPIPOm_fpd","Dry Ponderosa Pine - Mesic",1
"9_53_51_72432",12,5,13,1763,1169,1701021609,"17010215","WNE","Na1010471_frn_17010216","Na1010471","Na1010471_frn",39,"frn","Na1010471","Na1010471_frn","Northern Rocky Mountain Mesic Montane Mixed Conifer Forest",3
"9_53_51_51567",12,5,13,1763,1078,1701021609,"17010215","WNE","Na1010471_frn_17010216","Na1010471","Na1010471_frn",39,"frn","Na1010471","Na1010471_frn","Northern Rocky Mountain Mesic Montane Mixed Conifer Forest",3
"9_53_51_51745",12,5,13,1763,2123,1701021609,"17010215","WNE","Na1010471_frn_17010216","Na1010471","Na1010471_frn",39,"frn","Na1010471","Na1010471_frn","Northern Rocky Mountain Mesic Montane Mixed Conifer Forest",3
"9_53_51_93772",12,5,11,1763,1338,1701021603,"17010215","WNE","Na1010471_frn_17010216","Na1010471","Na1010471_frn",39,"frn","Na1010471","Na1010471_frn","Northern Rocky Mountain Mesic Montane Mixed Conifer Forest",3
"9_53_51_64924",12,5,13,1763,1255,1701021609,"17010215","WNE","Na1010471_frn_17010216","Na1010471","Na1010471_frn",39,"frn","Na1010471","Na1010471_frn","Northern Rocky Mountain Mesic Montane Mixed Conifer Forest",3
"9_53_23_62872",2,45,235,280,1161,1706010302,"17060102","OBM","RaMCONdy_fdd_1706010302","RaMCONdy","RaMCONdy_fdd",42,"fdd","RaMCONdy","RaMCONdy_fdd","Mixed Conifer - Eastside Dry",1
"9_53_23_81403",2,45,235,1967,1086,1706010302,"17060102","OBM","RaMCONms_fcm_17060103","RaMCONms","RaMCONms_fcm",22,"fcm","RaMCONms","RaMCONms_fcm","Mixed Conifer - Eastside Mesic",3
"9_53_23_61393",2,45,235,280,1403,1706010302,"17060102","OBM","RaMCONdy_fdd_1706010302","RaMCONdy","RaMCONdy_fdd",42,"fdd","RaMCONdy","RaMCONdy_fdd","Mixed Conifer - Eastside Dry",1
"9_53_23_79869",2,45,235,1967,2069,1706010302,"17060102","OBM","RaMCONms_fcm_17060103","RaMCONms","RaMCONms_fcm",22,"fcm","RaMCONms","RaMCONms_fcm","Mixed Conifer - Eastside Mesic",3
"9_53_23_78315",2,45,235,1967,2533,1706010302,"17060102","OBM","RaMCONms_fcm_17060103","RaMCONms","RaMCONms_fcm",22,"fcm","RaMCONms","RaMCONms_fcm","Mixed Conifer - Eastside Mesic",3
"9_53_23_93759",2,45,235,1967,3068,1706010302,"17060102","OBM","RaMCONms_fcm_17060103","RaMCONms","RaMCONms_fcm",22,"fcm","RaMCONms","RaMCONms_fcm","Mixed Conifer - Eastside Mesic",3
"9_53_3_60348",2,48,256,1984,2380,1706010603,"17060105","OBM","RaMCONms_fcm_17060106","RaMCONms","RaMCONms_fcm",22,"fcm","RaMCONms","RaMCONms_fcm","Mixed Conifer - Eastside Mesic",3
"9_53_23_96883",2,48,260,1984,1431,1706010607,"17060105","OBM","RaMCONms_fcm_17060106","RaMCONms","RaMCONms_fcm",22,"fcm","RaMCONms","RaMCONms_fcm","Mixed Conifer - Eastside Mesic",3
"9_53_51_90342",12,5,11,44,1362,1701021603,"17010215","WNE","RaMCONdy_fdd_1701021603","RaMCONdy","RaMCONdy_fdd",42,"fdd","RaMCONdy","RaMCONdy_fdd","Mixed Conifer - Eastside Dry",1
"9_53_23_70602",2,48,260,1984,1690,1706010607,"17060105","OBM","RaMCONms_fcm_17060106","RaMCONms","RaMCONms_fcm",22,"fcm","RaMCONms","RaMCONms_fcm","Mixed Conifer - Eastside Mesic",3
"4_41_63_58415",2,48,255,351,996,1706010602,"17060105","OBM","RaMCONdy_fdd_1706010602","RaMCONdy","RaMCONdy_fdd",42,"fdd","RaMCONdy","RaMCONdy_fdd","Mixed Conifer - Eastside Dry",1
"4_41_63_50202",2,48,255,351,1967,1706010602,"17060105","OBM","RaMCONdy_fdd_1706010602","RaMCONdy","RaMCONdy_fdd",42,"fdd","RaMCONdy","RaMCONdy_fdd","Mixed Conifer - Eastside Dry",1
"9_53_51_69698",12,5,11,44,1774,1701021603,"17010215","WNE","RaMCONdy_fdd_1701021603","RaMCONdy","RaMCONdy_fdd",42,"fdd","RaMCONdy","RaMCONdy_fdd","Mixed Conifer - Eastside Dry",1
"4_41_63_83096",2,48,255,1984,2422,1706010602,"17060105","OBM","RaMCONms_fcm_17060106","RaMCONms","RaMCONms_fcm",22,"fcm","RaMCONms","RaMCONms_fcm","Mixed Conifer - Eastside Mesic",3
"4_41_63_80669",2,48,255,1984,952,1706010602,"17060105","OBM","RaMCONms_fcm_17060106","RaMCONms","RaMCONms_fcm",22,"fcm","RaMCONms","RaMCONms_fcm","Mixed Conifer - Eastside Mesic",3
"4_41_63_62072",2,47,251,2318,1674,1706010504,"17060104","OBM","RaSPFI_fcd_OBM","RaSPFI","RaSPFI_fcd",9,"fcd","RaSPFI","RaSPFI_fcd","Spruce - Fir",4
"4_41_63_79384",2,47,251,2013,2367,1706010504,"17060104","OBM","RaMCONms_fcm_17060105","RaMCONms","RaMCONms_fcm",22,"fcm","RaMCONms","RaMCONms_fcm","Mixed Conifer - Eastside Mesic",3
"4_41_63_68853",2,47,251,2318,1579,1706010504,"17060104","OBM","RaSPFI_fcd_OBM","RaSPFI","RaSPFI_fcd",9,"fcd","RaSPFI","RaSPFI_fcd","Spruce - Fir",4
"4_41_63_73672",2,47,251,2318,1361,1706010504,"17060104","OBM","RaSPFI_fcd_OBM","RaSPFI","RaSPFI_fcd",9,"fcd","RaSPFI","RaSPFI_fcd","Spruce - Fir",4
"4_41_63_86088",2,47,252,2013,1801,1706010505,"17060104","OBM","RaMCONms_fcm_17060105","RaMCONms","RaMCONms_fcm",22,"fcm","RaMCONms","RaMCONms_fcm","Mixed Conifer - Eastside Mesic",3
"9_53_51_75103",12,5,11,44,1780,1701021603,"17010215","WNE","RaMCONdy_fdd_1701021603","RaMCONdy","RaMCONdy_fdd",42,"fdd","RaMCONdy","RaMCONdy_fdd","Mixed Conifer - Eastside Dry",1
"4_41_61_65843",2,47,252,2318,1010,1706010505,"17060104","OBM","RaSPFI_fcd_OBM","RaSPFI","RaSPFI_fcd",9,"fcd","RaSPFI","RaSPFI_fcd","Spruce - Fir",4
"4_41_61_92646",2,46,241,2318,1185,1706010405,"17060103","OBM","RaSPFI_fcd_OBM","RaSPFI","RaSPFI_fcd",9,"fcd","RaSPFI","RaSPFI_fcd","Spruce - Fir",4
"4_41_61_79307",2,42,224,2318,1488,1705020310,"17050202","OBM","RaSPFI_fcd_OBM","RaSPFI","RaSPFI_fcd",9,"fcd","RaSPFI","RaSPFI_fcd","Spruce - Fir",4
"4_41_1_88481",2,42,221,586,1408,1705020307,"17050202","OBM","RaMCONdy_fdg_1705020307","RaMCONdy","RaMCONdy_fdg",23,"fdg","RaMCONdy","RaMCONdy_fdg","Mixed Conifer - Eastside Dry",1
"4_41_1_81606",2,42,221,2056,2124,1705020307,"17050202","OBM","RaMCONms_fcm_17050203","RaMCONms","RaMCONms_fcm",22,"fcm","RaMCONms","RaMCONms_fcm","Mixed Conifer - Eastside Mesic",3
"4_41_1_88768",2,42,221,2056,2954,1705020307,"17050202","OBM","RaMCONms_fcm_17050203","RaMCONms","RaMCONms_fcm",22,"fcm","RaMCONms","RaMCONms_fcm","Mixed Conifer - Eastside Mesic",3
"4_41_1_86506",2,42,222,611,1739,1705020308,"17050202","OBM","RaMCONdy_fdg_1705020308","RaMCONdy","RaMCONdy_fdg",23,"fdg","RaMCONdy","RaMCONdy_fdg","Mixed Conifer - Eastside Dry",1
"4_41_1_61957",2,42,222,612,1572,1705020308,"17050202","OBM","RaMCONdy_fdd_1705020308","RaMCONdy","RaMCONdy_fdd",42,"fdd","RaMCONdy","RaMCONdy_fdd","Mixed Conifer - Eastside Dry",1
"4_41_1_88623",2,41,212,2086,106,1705020206,"17050201","OBM","RaPIPOxe_fxp_17050202","RaPIPOxe","RaPIPOxe_fxp",56,"fxp","RaPIPOxe","RaPIPOxe_fxp","Ponderosa Pine - Xeric",3
"9_53_51_87457",12,5,11,1763,696,1701021603,"17010215","WNE","Na1010471_frn_17010216","Na1010471","Na1010471_frn",39,"frn","Na1010471","Na1010471_frn","Northern Rocky Mountain Mesic Montane Mixed Conifer Forest",3
"9_53_51_72075",12,5,11,44,1338,1701021603,"17010215","WNE","RaMCONdy_fdd_1701021603","RaMCONdy","RaMCONdy_fdd",42,"fdd","RaMCONdy","RaMCONdy_fdd","Mixed Conifer - Eastside Dry",1
"9_53_51_83100",12,5,11,1763,1616,1701021603,"17010215","WNE","Na1010471_frn_17010216","Na1010471","Na1010471_frn",39,"frn","Na1010471","Na1010471_frn","Northern Rocky Mountain Mesic Montane Mixed Conifer Forest",3
"9_53_51_90038",12,5,10,1763,1065,1701021602,"17010215","WNE","Na1010471_frn_17010216","Na1010471","Na1010471_frn",39,"frn","Na1010471","Na1010471_frn","Northern Rocky Mountain Mesic Montane Mixed Conifer Forest",3
"9_53_51_82932",12,5,10,73,1968,1701021602,"17010215","WNE","RaMCONdy_fdd_1701021602","RaMCONdy","RaMCONdy_fdd",42,"fdd","RaMCONdy","RaMCONdy_fdd","Mixed Conifer - Eastside Dry",1
"9_53_51_61177",12,5,13,1763,1584,1701021609,"17010215","WNE","Na1010471_frn_17010216","Na1010471","Na1010471_frn",39,"frn","Na1010471","Na1010471_frn","Northern Rocky Mountain Mesic Montane Mixed Conifer Forest",3
"9_53_51_91742",12,5,10,73,1758,1701021602,"17010215","WNE","RaMCONdy_fdd_1701021602","RaMCONdy","RaMCONdy_fdd",42,"fdd","RaMCONdy","RaMCONdy_fdd","Mixed Conifer - Eastside Dry",1
"9_53_51_62527",12,5,10,73,2200,1701021602,"17010215","WNE","RaMCONdy_fdd_1701021602","RaMCONdy","RaMCONdy_fdd",42,"fdd","RaMCONdy","RaMCONdy_fdd","Mixed Conifer - Eastside Dry",1
"9_53_51_57282",12,5,10,73,2740,1701021602,"17010215","WNE","RaMCONdy_fdd_1701021602","RaMCONdy","RaMCONdy_fdd",42,"fdd","RaMCONdy","RaMCONdy_fdd","Mixed Conifer - Eastside Dry",1
"9_53_51_90935",12,5,9,85,1487,1701021601,"17010215","WNE","RaMCONdy_fdd_1701021601","RaMCONdy","RaMCONdy_fdd",42,"fdd","RaMCONdy","RaMCONdy_fdd","Mixed Conifer - Eastside Dry",1
"9_53_51_57311",12,5,9,85,2118,1701021601,"17010215","WNE","RaMCONdy_fdd_1701021601","RaMCONdy","RaMCONdy_fdd",42,"fdd","RaMCONdy","RaMCONdy_fdd","Mixed Conifer - Eastside Dry",1
"9_53_51_50282",12,5,13,1,1190,1701021609,"17010215","WNE","RaMCONdy_fdd_1701021609","RaMCONdy","RaMCONdy_fdd",42,"fdd","RaMCONdy","RaMCONdy_fdd","Mixed Conifer - Eastside Dry",1
"9_53_51_58624",12,9,23,109,1430,1701030801,"17010307","WNE","RaMCONdy_fdd_1701030801","RaMCONdy","RaMCONdy_fdd",42,"fdd","RaMCONdy","RaMCONdy_fdd","Mixed Conifer - Eastside Dry",1
"9_53_51_74977",12,5,12,25,1469,1701021604,"17010215","WNE","RaMCONdy_fdd_1701021604","RaMCONdy","RaMCONdy_fdd",42,"fdd","RaMCONdy","RaMCONdy_fdd","Mixed Conifer - Eastside Dry",1
"9_53_63_90940",8,7,18,159,232,1701030603,"17010305","WCB","RaPIPOm_fpd_1701030603","RaPIPOm","RaPIPOm_fpd",51,"fpd","RaPIPOm","RaPIPOm_fpd","Dry Ponderosa Pine - Mesic",1
"9_53_51_95032",12,5,13,1763,2416,1701021609,"17010215","WNE","Na1010471_frn_17010216","Na1010471","Na1010471_frn",39,"frn","Na1010471","Na1010471_frn","Northern Rocky Mountain Mesic Montane Mixed Conifer Forest",3
"9_53_75_94177",8,51,276,187,312,1706010901,"17060108","WCB","RaPIPOm_fpd_1706010901","RaPIPOm","RaPIPOm_fpd",51,"fpd","RaPIPOm","RaPIPOm_fpd","Dry Ponderosa Pine - Mesic",1
"9_53_51_64272",12,5,13,1763,1472,1701021609,"17010215","WNE","Na1010471_frn_17010216","Na1010471","Na1010471_frn",39,"frn","Na1010471","Na1010471_frn","Northern Rocky Mountain Mesic Montane Mixed Conifer Forest",3
"9_53_75_93825",8,50,270,211,234,1706010803,"17060107","WCB","RaPIPOm_fpd_1706010803","RaPIPOm","RaPIPOm_fpd",51,"fpd","RaPIPOm","RaPIPOm_fpd","Dry Ponderosa Pine - Mesic",1
"9_53_51_60934",12,5,13,1763,2263,1701021609,"17010215","WNE","Na1010471_frn_17010216","Na1010471","Na1010471_frn",39,"frn","Na1010471","Na1010471_frn","Northern Rocky Mountain Mesic Montane Mixed Conifer Forest",3
"9_53_51_92000",12,5,11,44,1173,1701021603,"17010215","WNE","RaMCONdy_fdd_1701021603","RaMCONdy","RaMCONdy_fdd",42,"fdd","RaMCONdy","RaMCONdy_fdd","Mixed Conifer - Eastside Dry",1
"9_53_51_65875",12,5,11,1763,977,1701021603,"17010215","WNE","Na1010471_frn_17010216","Na1010471","Na1010471_frn",39,"frn","Na1010471","Na1010471_frn","Northern Rocky Mountain Mesic Montane Mixed Conifer Forest",3
"9_53_23_90908",2,49,261,258,225,1706010701,"17060106","OBM","RaMCONdy_fdd_1706010701","RaMCONdy","RaMCONdy_fdd",42,"fdd","RaMCONdy","RaMCONdy_fdd","Mixed Conifer - Eastside Dry",1
"9_53_51_52247",12,5,13,1763,2037,1701021609,"17010215","WNE","Na1010471_frn_17010216","Na1010471","Na1010471_frn",39,"frn","Na1010471","Na1010471_frn","Northern Rocky Mountain Mesic Montane Mixed Conifer Forest",3
"9_53_51_50078",12,5,11,1763,1689,1701021603,"17010215","WNE","Na1010471_frn_17010216","Na1010471","Na1010471_frn",39,"frn","Na1010471","Na1010471_frn","Northern Rocky Mountain Mesic Montane Mixed Conifer Forest",3
"9_53_51_65178",12,5,13,1763,1283,1701021609,"17010215","WNE","Na1010471_frn_17010216","Na1010471","Na1010471_frn",39,"frn","Na1010471","Na1010471_frn","Northern Rocky Mountain Mesic Montane Mixed Conifer Forest",3
"9_53_23_81593",2,45,235,280,931,1706010302,"17060102","OBM","RaMCONdy_fdd_1706010302","RaMCONdy","RaMCONdy_fdd",42,"fdd","RaMCONdy","RaMCONdy_fdd","Mixed Conifer - Eastside Dry",1
"9_53_23_96825",2,45,235,280,2092,1706010302,"17060102","OBM","RaMCONdy_fdd_1706010302","RaMCONdy","RaMCONdy_fdd",42,"fdd","RaMCONdy","RaMCONdy_fdd","Mixed Conifer - Eastside Dry",1
"9_53_23_58145",2,45,235,1967,1665,1706010302,"17060102","OBM","RaMCONms_fcm_17060103","RaMCONms","RaMCONms_fcm",22,"fcm","RaMCONms","RaMCONms_fcm","Mixed Conifer - Eastside Mesic",3
"9_53_23_95386",2,45,235,1967,1705,1706010302,"17060102","OBM","RaMCONms_fcm_17060103","RaMCONms","RaMCONms_fcm",22,"fcm","RaMCONms","RaMCONms_fcm","Mixed Conifer - Eastside Mesic",3
"9_53_3_67135",2,48,260,1984,2164,1706010607,"17060105","OBM","RaMCONms_fcm_17060106","RaMCONms","RaMCONms_fcm",22,"fcm","RaMCONms","RaMCONms_fcm","Mixed Conifer - Eastside Mesic",3
"9_53_3_53896",2,48,260,1984,1958,1706010607,"17060105","OBM","RaMCONms_fcm_17060106","RaMCONms","RaMCONms_fcm",22,"fcm","RaMCONms","RaMCONms_fcm","Mixed Conifer - Eastside Mesic",3
"9_53_3_74736",2,48,260,1984,1346,1706010607,"17060105","OBM","RaMCONms_fcm_17060106","RaMCONms","RaMCONms_fcm",22,"fcm","RaMCONms","RaMCONms_fcm","Mixed Conifer - Eastside Mesic",3
"9_53_51_66169",12,5,11,1763,2401,1701021603,"17010215","WNE","Na1010471_frn_17010216","Na1010471","Na1010471_frn",39,"frn","Na1010471","Na1010471_frn","Northern Rocky Mountain Mesic Montane Mixed Conifer Forest",3
"4_41_63_69829",2,48,255,351,548,1706010602,"17060105","OBM","RaMCONdy_fdd_1706010602","RaMCONdy","RaMCONdy_fdd",42,"fdd","RaMCONdy","RaMCONdy_fdd","Mixed Conifer - Eastside Dry",1
"4_41_63_94542",2,48,255,351,488,1706010602,"17060105","OBM","RaMCONdy_fdd_1706010602","RaMCONdy","RaMCONdy_fdd",42,"fdd","RaMCONdy","RaMCONdy_fdd","Mixed Conifer - Eastside Dry",1
"9_53_51_95879",12,5,11,1763,1928,1701021603,"17010215","WNE","Na1010471_frn_17010216","Na1010471","Na1010471_frn",39,"frn","Na1010471","Na1010471_frn","Northern Rocky Mountain Mesic Montane Mixed Conifer Forest",3
"4_41_63_84675",2,48,255,351,1372,1706010602,"17060105","OBM","RaMCONdy_fdd_1706010602","RaMCONdy","RaMCONdy_fdd",42,"fdd","RaMCONdy","RaMCONdy_fdd","Mixed Conifer - Eastside Dry",1
"4_41_63_89840",2,48,255,1984,1084,1706010602,"17060105","OBM","RaMCONms_fcm_17060106","RaMCONms","RaMCONms_fcm",22,"fcm","RaMCONms","RaMCONms_fcm","Mixed Conifer - Eastside Mesic",3
"4_41_63_71998",2,48,255,1984,1610,1706010602,"17060105","OBM","RaMCONms_fcm_17060106","RaMCONms","RaMCONms_fcm",22,"fcm","RaMCONms","RaMCONms_fcm","Mixed Conifer - Eastside Mesic",3
"4_41_63_53628",2,47,253,399,1874,1706010506,"17060104","OBM","RaMCONdy_fdd_1706010506","RaMCONdy","RaMCONdy_fdd",42,"fdd","RaMCONdy","RaMCONdy_fdd","Mixed Conifer - Eastside Dry",1
"9_53_51_57357",12,5,11,1763,1703,1701021603,"17010215","WNE","Na1010471_frn_17010216","Na1010471","Na1010471_frn",39,"frn","Na1010471","Na1010471_frn","Northern Rocky Mountain Mesic Montane Mixed Conifer Forest",3
"4_41_63_81633",2,47,249,2013,1106,1706010502,"17060104","OBM","RaMCONms_fcm_17060105","RaMCONms","RaMCONms_fcm",22,"fcm","RaMCONms","RaMCONms_fcm","Mixed Conifer - Eastside Mesic",3
"4_41_61_62159",2,47,252,2013,2762,1706010505,"17060104","OBM","RaMCONms_fcm_17060105","RaMCONms","RaMCONms_fcm",22,"fcm","RaMCONms","RaMCONms_fcm","Mixed Conifer - Eastside Mesic",3
"4_41_63_58482",2,47,252,2013,2803,1706010505,"17060104","OBM","RaMCONms_fcm_17060105","RaMCONms","RaMCONms_fcm",22,"fcm","RaMCONms","RaMCONms_fcm","Mixed Conifer - Eastside Mesic",3
"4_41_61_92630",2,42,224,2318,166,1705020310,"17050202","OBM","RaSPFI_fcd_OBM","RaSPFI","RaSPFI_fcd",9,"fcd","RaSPFI","RaSPFI_fcd","Spruce - Fir",4
"4_41_1_55438",2,42,224,2056,2037,1705020310,"17050202","OBM","RaMCONms_fcm_17050203","RaMCONms","RaMCONms_fcm",22,"fcm","RaMCONms","RaMCONms_fcm","Mixed Conifer - Eastside Mesic",3
"4_41_1_59829",2,42,224,2056,2624,1705020310,"17050202","OBM","RaMCONms_fcm_17050203","RaMCONms","RaMCONms_fcm",22,"fcm","RaMCONms","RaMCONms_fcm","Mixed Conifer - Eastside Mesic",3
"4_41_1_79712",2,42,224,2056,2854,1705020310,"17050202","OBM","RaMCONms_fcm_17050203","RaMCONms","RaMCONms_fcm",22,"fcm","RaMCONms","RaMCONms_fcm","Mixed Conifer - Eastside Mesic",3
"4_41_1_76828",2,42,224,2056,1344,1705020310,"17050202","OBM","RaMCONms_fcm_17050203","RaMCONms","RaMCONms_fcm",22,"fcm","RaMCONms","RaMCONms_fcm","Mixed Conifer - Eastside Mesic",3
"4_41_1_89430",2,42,222,611,2607,1705020308,"17050202","OBM","RaMCONdy_fdg_1705020308","RaMCONdy","RaMCONdy_fdg",23,"fdg","RaMCONdy","RaMCONdy_fdg","Mixed Conifer - Eastside Dry",1
"9_53_51_60036",12,5,11,44,1723,1701021603,"17010215","WNE","RaMCONdy_fdd_1701021603","RaMCONdy","RaMCONdy_fdd",42,"fdd","RaMCONdy","RaMCONdy_fdd","Mixed Conifer - Eastside Dry",1
"9_53_51_64522",12,5,11,1763,703,1701021603,"17010215","WNE","Na1010471_frn_17010216","Na1010471","Na1010471_frn",39,"frn","Na1010471","Na1010471_frn","Northern Rocky Mountain Mesic Montane Mixed Conifer Forest",3
"9_53_51_58254",12,5,10,73,854,1701021602,"17010215","WNE","RaMCONdy_fdd_1701021602","RaMCONdy","RaMCONdy_fdd",42,"fdd","RaMCONdy","RaMCONdy_fdd","Mixed Conifer - Eastside Dry",1
"9_53_51_80531",12,5,10,73,1264,1701021602,"17010215","WNE","RaMCONdy_fdd_1701021602","RaMCONdy","RaMCONdy_fdd",42,"fdd","RaMCONdy","RaMCONdy_fdd","Mixed Conifer - Eastside Dry",1
"9_53_51_59445",12,5,13,1763,2018,1701021609,"17010215","WNE","Na1010471_frn_17010216","Na1010471","Na1010471_frn",39,"frn","Na1010471","Na1010471_frn","Northern Rocky Mountain Mesic Montane Mixed Conifer Forest",3
"9_53_51_96562",12,5,9,85,805,1701021601,"17010215","WNE","RaMCONdy_fdd_1701021601","RaMCONdy","RaMCONdy_fdd",42,"fdd","RaMCONdy","RaMCONdy_fdd","Mixed Conifer - Eastside Dry",1
"9_53_51_77582",12,5,10,73,1297,1701021602,"17010215","WNE","RaMCONdy_fdd_1701021602","RaMCONdy","RaMCONdy_fdd",42,"fdd","RaMCONdy","RaMCONdy_fdd","Mixed Conifer - Eastside Dry",1
"9_53_51_83533",12,9,23,109,1940,1701030801,"17010307","WNE","RaMCONdy_fdd_1701030801","RaMCONdy","RaMCONdy_fdd",42,"fdd","RaMCONdy","RaMCONdy_fdd","Mixed Conifer - Eastside Dry",1
"9_53_63_83622",12,9,23,109,860,1701030801,"17010307","WNE","RaMCONdy_fdd_1701030801","RaMCONdy","RaMCONdy_fdd",42,"fdd","RaMCONdy","RaMCONdy_fdd","Mixed Conifer - Eastside Dry",1
"9_53_63_84865",12,9,23,109,1591,1701030801,"17010307","WNE","RaMCONdy_fdd_1701030801","RaMCONdy","RaMCONdy_fdd",42,"fdd","RaMCONdy","RaMCONdy_fdd","Mixed Conifer - Eastside Dry",1
"9_53_51_82801",12,5,12,25,1921,1701021604,"17010215","WNE","RaMCONdy_fdd_1701021604","RaMCONdy","RaMCONdy_fdd",42,"fdd","RaMCONdy","RaMCONdy_fdd","Mixed Conifer - Eastside Dry",1
"9_53_63_89942",12,9,25,121,757,1701030803,"17010307","WNE","RaMCONdy_fdd_1701030803","RaMCONdy","RaMCONdy_fdd",42,"fdd","RaMCONdy","RaMCONdy_fdd","Mixed Conifer - Eastside Dry",1
"9_53_51_86682",12,5,12,25,2130,1701021604,"17010215","WNE","RaMCONdy_fdd_1701021604","RaMCONdy","RaMCONdy_fdd",42,"fdd","RaMCONdy","RaMCONdy_fdd","Mixed Conifer - Eastside Dry",1
"9_53_63_63815",12,6,16,154,30,1701030504,"17010216","WNE","RaPIPOm_fpd_1701030504","RaPIPOm","RaPIPOm_fpd",51,"fpd","RaPIPOm","RaPIPOm_fpd","Dry Ponderosa Pine - Mesic",1
"9_53_63_71668",8,7,18,159,424,1701030603,"17010305","WCB","RaPIPOm_fpd_1701030603","RaPIPOm","RaPIPOm_fpd",51,"fpd","RaPIPOm","RaPIPOm_fpd","Dry Ponderosa Pine - Mesic",1
"9_53_63_90887",8,7,18,159,473,1701030603,"17010305","WCB","RaPIPOm_fpd_1701030603","RaPIPOm","RaPIPOm_fpd",51,"fpd","RaPIPOm","RaPIPOm_fpd","Dry Ponderosa Pine - Mesic",1
"9_53_51_56835",12,5,12,1763,1394,1701021604,"17010215","WNE","Na1010471_frn_17010216","Na1010471","Na1010471_frn",39,"frn","Na1010471","Na1010471_frn","Northern Rocky Mountain Mesic Montane Mixed Conifer Forest",3
"9_53_63_68037",8,51,276,187,131,1706010901,"17060108","WCB","RaPIPOm_fpd_1706010901","RaPIPOm","RaPIPOm_fpd",51,"fpd","RaPIPOm","RaPIPOm_fpd","Dry Ponderosa Pine - Mesic",1
"9_53_51_71768",12,5,12,1763,1988,1701021604,"17010215","WNE","Na1010471_frn_17010216","Na1010471","Na1010471_frn",39,"frn","Na1010471","Na1010471_frn","Northern Rocky Mountain Mesic Montane Mixed Conifer Forest",3
"9_53_75_70158",8,50,271,224,450,1706010804,"17060107","WCB","RaPIPOm_fpd_1706010804","RaPIPOm","RaPIPOm_fpd",51,"fpd","RaPIPOm","RaPIPOm_fpd","Dry Ponderosa Pine - Mesic",1
"9_53_51_67572",12,5,12,1763,1130,1701021604,"17010215","WNE","Na1010471_frn_17010216","Na1010471","Na1010471_frn",39,"frn","Na1010471","Na1010471_frn","Northern Rocky Mountain Mesic Montane Mixed Conifer Forest",3
"9_53_51_81117",12,5,12,1763,1951,1701021604,"17010215","WNE","Na1010471_frn_17010216","Na1010471","Na1010471_frn",39,"frn","Na1010471","Na1010471_frn","Northern Rocky Mountain Mesic Montane Mixed Conifer Forest",3
"0_41_57_79654",3,108,608,2314,1217,1710020309,"17100202","OCR","RaSSHE_fss_OCR","RaSSHE","RaSSHE_fss",60,"fss","RaSSHE","RaSSHE_fss","Sitka Spruce - Western Hemlock",5
"1_41_41_83403",3,109,617,2314,1201,1710020409,"17100203","OCR","RaSSHE_fss_OCR","RaSSHE","RaSSHE_fss",60,"fss","RaSSHE","RaSSHE_fss","Sitka Spruce - Western Hemlock",5
"1_41_41_66612",3,109,617,2314,2122,1710020409,"17100203","OCR","RaSSHE_fss_OCR","RaSSHE","RaSSHE_fss",60,"fss","RaSSHE","RaSSHE_fss","Sitka Spruce - Western Hemlock",5
"1_41_41_55860",3,109,615,2314,2177,1710020407,"17100203","OCR","RaSSHE_fss_OCR","RaSSHE","RaSSHE_fss",60,"fss","RaSSHE","RaSSHE_fss","Sitka Spruce - Western Hemlock",5
"1_41_41_84190",3,109,615,2314,2600,1710020407,"17100203","OCR","RaSSHE_fss_OCR","RaSSHE","RaSSHE_fss",60,"fss","RaSSHE","RaSSHE_fss","Sitka Spruce - Western Hemlock",5
"1_41_41_59357",3,109,615,2314,2630,1710020407,"17100203","OCR","RaSSHE_fss_OCR","RaSSHE","RaSSHE_fss",60,"fss","RaSSHE","RaSSHE_fss","Sitka Spruce - Western Hemlock",5
"1_41_41_72985",3,109,615,2314,1088,1710020407,"17100203","OCR","RaSSHE_fss_OCR","RaSSHE","RaSSHE_fss",60,"fss","RaSSHE","RaSSHE_fss","Sitka Spruce - Western Hemlock",5
"1_41_41_53283",3,109,611,2314,2394,1710020403,"17100203","OCR","RaSSHE_fss_OCR","RaSSHE","RaSSHE_fss",60,"fss","RaSSHE","RaSSHE_fss","Sitka Spruce - Western Hemlock",5
"1_41_41_72872",3,109,611,2314,1922,1710020403,"17100203","OCR","RaSSHE_fss_OCR","RaSSHE","RaSSHE_fss",60,"fss","RaSSHE","RaSSHE_fss","Sitka Spruce - Western Hemlock",5
"1_41_41_53504",3,109,611,2314,1872,1710020403,"17100203","OCR","RaSSHE_fss_OCR","RaSSHE","RaSSHE_fss",60,"fss","RaSSHE","RaSSHE_fss","Sitka Spruce - Western Hemlock",5
"1_41_41_80329",3,110,622,2314,1589,1710020505,"17100204","OCR","RaSSHE_fss_OCR","RaSSHE","RaSSHE_fss",60,"fss","RaSSHE","RaSSHE_fss","Sitka Spruce - Western Hemlock",5
"1_41_41_58684",3,110,622,2314,1486,1710020505,"17100204","OCR","RaSSHE_fss_OCR","RaSSHE","RaSSHE_fss",60,"fss","RaSSHE","RaSSHE_fss","Sitka Spruce - Western Hemlock",5
"1_41_41_57329",3,110,620,2314,1494,1710020503,"17100204","OCR","RaSSHE_fss_OCR","RaSSHE","RaSSHE_fss",60,"fss","RaSSHE","RaSSHE_fss","Sitka Spruce - Western Hemlock",5
"1_41_41_76706",3,110,620,2314,886,1710020503,"17100204","OCR","RaSSHE_fss_OCR","RaSSHE","RaSSHE_fss",60,"fss","RaSSHE","RaSSHE_fss","Sitka Spruce - Western Hemlock",5
"1_41_41_97502",3,110,621,2316,1797,1710020504,"17100204","OCR","RaDFHEwt_fww_OCR","RaDFHEwt","RaDFHEwt_fww",34,"fww","RaDFHEwt","RaDFHEwt_fww","Douglas-fir Hemlock-Wet Mesic",5
"1_41_41_86604",3,110,623,2315,1058,1710020506,"17100204","OCR","RaDFHEwt_fwn_OCR","RaDFHEwt","RaDFHEwt_fwn",32,"fwn","RaDFHEwt","RaDFHEwt_fwn","Douglas-fir Hemlock-Wet Mesic",5
"1_41_39_58184",3,110,623,2316,946,1710020506,"17100204","OCR","RaDFHEwt_fww_OCR","RaDFHEwt","RaDFHEwt_fww",34,"fww","RaDFHEwt","RaDFHEwt_fww","Douglas-fir Hemlock-Wet Mesic",5
"1_41_41_85242",3,110,623,2316,1315,1710020506,"17100204","OCR","RaDFHEwt_fww_OCR","RaDFHEwt","RaDFHEwt_fww",34,"fww","RaDFHEwt","RaDFHEwt_fww","Douglas-fir Hemlock-Wet Mesic",5
"1_41_39_82817",3,110,623,2315,949,1710020506,"17100204","OCR","RaDFHEwt_fwn_OCR","RaDFHEwt","RaDFHEwt_fwn",32,"fwn","RaDFHEwt","RaDFHEwt_fwn","Douglas-fir Hemlock-Wet Mesic",5
"1_41_39_50395",3,110,624,2334,535,1710020507,"17100204","OCR","RaDFHEwt_fhc_OCR","RaDFHEwt","RaDFHEwt_fhc",30,"fhc","RaDFHEwt","RaDFHEwt_fhc","Douglas-fir Hemlock-Wet Mesic",5
"1_41_39_76000",3,110,624,2315,662,1710020507,"17100204","OCR","RaDFHEwt_fwn_OCR","RaDFHEwt","RaDFHEwt_fwn",32,"fwn","RaDFHEwt","RaDFHEwt_fwn","Douglas-fir Hemlock-Wet Mesic",5
"1_41_39_96730",3,111,629,2315,790,1710020605,"17100205","OCR","RaDFHEwt_fwn_OCR","RaDFHEwt","RaDFHEwt_fwn",32,"fwn","RaDFHEwt","RaDFHEwt_fwn","Douglas-fir Hemlock-Wet Mesic",5
"1_41_39_70041",3,110,624,2315,1268,1710020507,"17100204","OCR","RaDFHEwt_fwn_OCR","RaDFHEwt","RaDFHEwt_fwn",32,"fwn","RaDFHEwt","RaDFHEwt_fwn","Douglas-fir Hemlock-Wet Mesic",5
"1_41_39_78635",3,111,629,2315,1379,1710020605,"17100205","OCR","RaDFHEwt_fwn_OCR","RaDFHEwt","RaDFHEwt_fwn",32,"fwn","RaDFHEwt","RaDFHEwt_fwn","Douglas-fir Hemlock-Wet Mesic",5
"1_41_39_64775",3,111,631,2315,995,1710020607,"17100205","OCR","RaDFHEwt_fwn_OCR","RaDFHEwt","RaDFHEwt_fwn",32,"fwn","RaDFHEwt","RaDFHEwt_fwn","Douglas-fir Hemlock-Wet Mesic",5
"1_41_39_74101",3,111,631,2315,1023,1710020607,"17100205","OCR","RaDFHEwt_fwn_OCR","RaDFHEwt","RaDFHEwt_fwn",32,"fwn","RaDFHEwt","RaDFHEwt_fwn","Douglas-fir Hemlock-Wet Mesic",5
"1_41_39_79782",3,111,631,2316,800,1710020607,"17100205","OCR","RaDFHEwt_fww_OCR","RaDFHEwt","RaDFHEwt_fww",34,"fww","RaDFHEwt","RaDFHEwt_fww","Douglas-fir Hemlock-Wet Mesic",5
"1_41_39_83822",3,111,631,2316,1052,1710020607,"17100205","OCR","RaDFHEwt_fww_OCR","RaDFHEwt","RaDFHEwt_fww",34,"fww","RaDFHEwt","RaDFHEwt_fww","Douglas-fir Hemlock-Wet Mesic",5
"1_41_39_63651",3,111,631,2316,1551,1710020607,"17100205","OCR","RaDFHEwt_fww_OCR","RaDFHEwt","RaDFHEwt_fww",34,"fww","RaDFHEwt","RaDFHEwt_fww","Douglas-fir Hemlock-Wet Mesic",5
"1_41_39_72676",3,111,631,2316,1591,1710020607,"17100205","OCR","RaDFHEwt_fww_OCR","RaDFHEwt","RaDFHEwt_fww",34,"fww","RaDFHEwt","RaDFHEwt_fww","Douglas-fir Hemlock-Wet Mesic",5
"1_41_39_89482",3,111,631,2315,1061,1710020607,"17100205","OCR","RaDFHEwt_fwn_OCR","RaDFHEwt","RaDFHEwt_fwn",32,"fwn","RaDFHEwt","RaDFHEwt_fwn","Douglas-fir Hemlock-Wet Mesic",5
"1_41_39_58426",3,111,631,2316,1513,1710020607,"17100205","OCR","RaDFHEwt_fww_OCR","RaDFHEwt","RaDFHEwt_fww",34,"fww","RaDFHEwt","RaDFHEwt_fww","Douglas-fir Hemlock-Wet Mesic",5
"1_41_39_90321",3,111,632,2315,1940,1710020608,"17100205","OCR","RaDFHEwt_fwn_OCR","RaDFHEwt","RaDFHEwt_fwn",32,"fwn","RaDFHEwt","RaDFHEwt_fwn","Douglas-fir Hemlock-Wet Mesic",5
"1_41_39_51147",3,111,632,2315,1278,1710020608,"17100205","OCR","RaDFHEwt_fwn_OCR","RaDFHEwt","RaDFHEwt_fwn",32,"fwn","RaDFHEwt","RaDFHEwt_fwn","Douglas-fir Hemlock-Wet Mesic",5
"1_41_39_69360",3,111,632,2315,1551,1710020608,"17100205","OCR","RaDFHEwt_fwn_OCR","RaDFHEwt","RaDFHEwt_fwn",32,"fwn","RaDFHEwt","RaDFHEwt_fwn","Douglas-fir Hemlock-Wet Mesic",5
"1_41_39_64495",3,112,633,2315,1065,1710020701,"17100206","OCR","RaDFHEwt_fwn_OCR","RaDFHEwt","RaDFHEwt_fwn",32,"fwn","RaDFHEwt","RaDFHEwt_fwn","Douglas-fir Hemlock-Wet Mesic",5
"1_41_39_57280",3,111,632,2315,1601,1710020608,"17100205","OCR","RaDFHEwt_fwn_OCR","RaDFHEwt","RaDFHEwt_fwn",32,"fwn","RaDFHEwt","RaDFHEwt_fwn","Douglas-fir Hemlock-Wet Mesic",5
"1_41_39_95947",3,112,633,2315,1512,1710020701,"17100206","OCR","RaDFHEwt_fwn_OCR","RaDFHEwt","RaDFHEwt_fwn",32,"fwn","RaDFHEwt","RaDFHEwt_fwn","Douglas-fir Hemlock-Wet Mesic",5
"2_41_19_91130",3,116,664,2316,1591,1710030307,"17100303B","OCR","RaDFHEwt_fww_OCR","RaDFHEwt","RaDFHEwt_fww",34,"fww","RaDFHEwt","RaDFHEwt_fww","Douglas-fir Hemlock-Wet Mesic",5
"2_41_19_90369",3,116,664,2316,1580,1710030307,"17100303B","OCR","RaDFHEwt_fww_OCR","RaDFHEwt","RaDFHEwt_fww",34,"fww","RaDFHEwt","RaDFHEwt_fww","Douglas-fir Hemlock-Wet Mesic",5
"2_41_19_86618",3,116,665,2315,1012,1710030308,"17100303B","OCR","RaDFHEwt_fwn_OCR","RaDFHEwt","RaDFHEwt_fwn",32,"fwn","RaDFHEwt","RaDFHEwt_fwn","Douglas-fir Hemlock-Wet Mesic",5
"2_41_19_65769",3,116,665,2315,823,1710030308,"17100303B","OCR","RaDFHEwt_fwn_OCR","RaDFHEwt","RaDFHEwt_fwn",32,"fwn","RaDFHEwt","RaDFHEwt_fwn","Douglas-fir Hemlock-Wet Mesic",5
"2_41_19_51932",3,116,665,2315,649,1710030308,"17100303B","OCR","RaDFHEwt_fwn_OCR","RaDFHEwt","RaDFHEwt_fwn",32,"fwn","RaDFHEwt","RaDFHEwt_fwn","Douglas-fir Hemlock-Wet Mesic",5
"2_41_19_81331",3,116,665,2315,1785,1710030308,"17100303B","OCR","RaDFHEwt_fwn_OCR","RaDFHEwt","RaDFHEwt_fwn",32,"fwn","RaDFHEwt","RaDFHEwt_fwn","Douglas-fir Hemlock-Wet Mesic",5
"2_41_11_72886",3,117,667,2315,1653,1710030402,"17100303A","OCR","RaDFHEwt_fwn_OCR","RaDFHEwt","RaDFHEwt_fwn",32,"fwn","RaDFHEwt","RaDFHEwt_fwn","Douglas-fir Hemlock-Wet Mesic",5
"2_41_11_68118",3,117,667,2315,1274,1710030402,"17100303A","OCR","RaDFHEwt_fwn_OCR","RaDFHEwt","RaDFHEwt_fwn",32,"fwn","RaDFHEwt","RaDFHEwt_fwn","Douglas-fir Hemlock-Wet Mesic",5
"2_41_11_83003",3,117,666,2315,948,1710030401,"17100303A","OCR","RaDFHEwt_fwn_OCR","RaDFHEwt","RaDFHEwt_fwn",32,"fwn","RaDFHEwt","RaDFHEwt_fwn","Douglas-fir Hemlock-Wet Mesic",5
"2_41_11_97284",6,118,673,2198,717,1710030504,"17100304","OSW","RaDFHEdy_fwi_17100305","RaDFHEdy","RaDFHEdy_fwi",31,"fwi","RaDFHEdy","RaDFHEdy_fwi","Douglas-fir Hemlock-Dry Mesic",3
"2_41_11_61749",6,118,673,2350,993,1710030504,"17100304","OSW","RaDFHEwt_fwn_OSW","RaDFHEwt","RaDFHEwt_fwn",32,"fwn","RaDFHEwt","RaDFHEwt_fwn","Douglas-fir Hemlock-Wet Mesic",5
"2_41_11_70140",6,118,672,2198,1445,1710030503,"17100304","OSW","RaDFHEdy_fwi_17100305","RaDFHEdy","RaDFHEdy_fwi",31,"fwi","RaDFHEdy","RaDFHEdy_fwi","Douglas-fir Hemlock-Dry Mesic",3
"2_41_11_58995",6,118,670,2347,2096,1710030501,"17100304","OSW","RaDFHEwt_fwm_OSW","RaDFHEwt","RaDFHEwt_fwm",33,"fwm","RaDFHEwt","RaDFHEwt_fwm","Douglas-fir Hemlock-Wet Mesic",5
"2_41_11_85265",6,118,670,1221,2960,1710030501,"17100304","OSW","RaTAOAco_ftm_1710030501","RaTAOAco","RaTAOAco_ftm",47,"ftm","RaTAOAco","RaTAOAco_ftm","Oregon Coastal Tanoak",1
"2_41_11_74593",6,118,670,2198,1637,1710030501,"17100304","OSW","RaDFHEdy_fwi_17100305","RaDFHEdy","RaDFHEdy_fwi",31,"fwi","RaDFHEdy","RaDFHEdy_fwi","Douglas-fir Hemlock-Dry Mesic",3
"2_41_11_83724",6,118,670,2198,1723,1710030501,"17100304","OSW","RaDFHEdy_fwi_17100305","RaDFHEdy","RaDFHEdy_fwi",31,"fwi","RaDFHEdy","RaDFHEdy_fwi","Douglas-fir Hemlock-Dry Mesic",3
"2_41_11_50858",6,114,652,2202,1881,1710030208,"17100301","OSW","RaDFHEdy_fwi_17100302","RaDFHEdy","RaDFHEdy_fwi",31,"fwi","RaDFHEdy","RaDFHEdy_fwi","Douglas-fir Hemlock-Dry Mesic",3
"2_41_15_86119",6,123,700,1347,1372,1710031004,"17100309","OSW","RaTAOAco_ftm_1710031004","RaTAOAco","RaTAOAco_ftm",47,"ftm","RaTAOAco","RaTAOAco_ftm","Oregon Coastal Tanoak",1
"2_41_15_92277",6,123,700,1343,2020,1710031004,"17100309","OSW","RaMEVG_ftd_1710031004","RaMEVG","RaMEVG_ftd",48,"ftd","RaMEVG","RaMEVG_ftd","California Mixed Evergreen North",1
"2_41_15_88176",6,123,701,1369,1162,1710031005,"17100309","OSW","RaMEVG_ftd_1710031005","RaMEVG","RaMEVG_ftd",48,"ftd","RaMEVG","RaMEVG_ftd","California Mixed Evergreen North",1
"2_41_15_60949",6,124,714,2245,1211,1710031110,"17100310","OSW","RaREFI_fcw_17100311","RaREFI","RaREFI_fcw",19,"fcw","RaREFI","RaREFI_fcw","Red Fir",3
"2_41_15_51702",6,124,714,1459,2423,1710031110,"17100310","OSW","RaMEVG_ftd_1710031110","RaMEVG","RaMEVG_ftd",48,"ftd","RaMEVG","RaMEVG_ftd","California Mixed Evergreen North",1
"2_41_33_52104",6,124,714,1459,2080,1710031110,"17100310","OSW","RaMEVG_ftd_1710031110","RaMEVG","RaMEVG_ftd",48,"ftd","RaMEVG","RaMEVG_ftd","California Mixed Evergreen North",1
"2_41_33_56836",6,124,714,1459,1396,1710031110,"17100310","OSW","RaMEVG_ftd_1710031110","RaMEVG","RaMEVG_ftd",48,"ftd","RaMEVG","RaMEVG_ftd","California Mixed Evergreen North",1
"2_41_33_72844",6,124,714,1459,1448,1710031110,"17100310","OSW","RaMEVG_ftd_1710031110","RaMEVG","RaMEVG_ftd",48,"ftd","RaMEVG","RaMEVG_ftd","California Mixed Evergreen North",1
"2_41_33_52318",6,124,713,1497,2399,1710031109,"17100310","OSW","RaMEVG_ftd_1710031109","RaMEVG","RaMEVG_ftd",48,"ftd","RaMEVG","RaMEVG_ftd","California Mixed Evergreen North",1
"2_41_33_88576",6,124,713,1497,3039,1710031109,"17100310","OSW","RaMEVG_ftd_1710031109","RaMEVG","RaMEVG_ftd",48,"ftd","RaMEVG","RaMEVG_ftd","California Mixed Evergreen North",1
"2_41_33_62402",6,124,713,1497,2058,1710031109,"17100310","OSW","RaMEVG_ftd_1710031109","RaMEVG","RaMEVG_ftd",48,"ftd","RaMEVG","RaMEVG_ftd","California Mixed Evergreen North",1
"2_41_33_69160",6,124,712,1540,2101,1710031108,"17100310","OSW","RaMEVG_ftd_1710031108","RaMEVG","RaMEVG_ftd",48,"ftd","RaMEVG","RaMEVG_ftd","California Mixed Evergreen North",1
"2_41_33_89123",6,124,710,1601,823,1710031106,"17100310","OSW","RaMEVG_fuc_1710031106","RaMEVG","RaMEVG_fuc",59,"fuc","RaMEVG","RaMEVG_fuc","California Mixed Evergreen North",1
"2_41_33_95794",6,124,710,1591,710,1710031106,"17100310","OSW","RaMEVG_ftd_1710031106","RaMEVG","RaMEVG_ftd",48,"ftd","RaMEVG","RaMEVG_ftd","California Mixed Evergreen North",1
"2_41_33_73921",6,124,710,1591,785,1710031106,"17100310","OSW","RaMEVG_ftd_1710031106","RaMEVG","RaMEVG_ftd",48,"ftd","RaMEVG","RaMEVG_ftd","California Mixed Evergreen North",1
"2_41_33_99942",6,124,710,1601,617,1710031106,"17100310","OSW","RaMEVG_fuc_1710031106","RaMEVG","RaMEVG_fuc",59,"fuc","RaMEVG","RaMEVG_fuc","California Mixed Evergreen North",1
"2_41_33_70249",6,124,710,1601,928,1710031106,"17100310","OSW","RaMEVG_fuc_1710031106","RaMEVG","RaMEVG_fuc",59,"fuc","RaMEVG","RaMEVG_fuc","California Mixed Evergreen North",1
"2_41_15_58384",6,125,716,2262,1257,1710031201,"17100311","OSW","RaREFI_fcw_17100312","RaREFI","RaREFI_fcw",19,"fcw","RaREFI","RaREFI_fcw","Red Fir",3
"2_41_15_62106",6,125,716,1597,550,1710031201,"17100311","OSW","RaMEVG_ftd_1710031201","RaMEVG","RaMEVG_ftd",48,"ftd","RaMEVG","RaMEVG_ftd","California Mixed Evergreen North",1
"2_41_33_58601",6,124,710,1591,1274,1710031106,"17100310","OSW","RaMEVG_ftd_1710031106","RaMEVG","RaMEVG_ftd",48,"ftd","RaMEVG","RaMEVG_ftd","California Mixed Evergreen North",1
"2_41_15_55986",6,125,716,2262,1112,1710031201,"17100311","OSW","RaREFI_fcw_17100312","RaREFI","RaREFI_fcw",19,"fcw","RaREFI","RaREFI_fcw","Red Fir",3
"2_41_33_78418",6,124,710,1591,2329,1710031106,"17100310","OSW","RaMEVG_ftd_1710031106","RaMEVG","RaMEVG_ftd",48,"ftd","RaMEVG","RaMEVG_ftd","California Mixed Evergreen North",1
"2_41_33_63291",6,124,708,1687,2177,1710031104,"17100310","OSW","RaMEVG_fuc_1710031104","RaMEVG","RaMEVG_fuc",59,"fuc","RaMEVG","RaMEVG_fuc","California Mixed Evergreen North",1
"2_41_33_53012",6,124,708,1686,831,1710031104,"17100310","OSW","RaPIJEsp_fjp_1710031104","RaPIJEsp","RaPIJEsp_fjp",61,"fjp","RaPIJEsp","RaPIJEsp_fjp","Pine Savannah - Ultramafic",1
"2_41_33_77827",6,124,708,1687,879,1710031104,"17100310","OSW","RaMEVG_fuc_1710031104","RaMEVG","RaMEVG_fuc",59,"fuc","RaMEVG","RaMEVG_fuc","California Mixed Evergreen North",1
"2_41_33_55755",6,124,708,1687,2093,1710031104,"17100310","OSW","RaMEVG_fuc_1710031104","RaMEVG","RaMEVG_fuc",59,"fuc","RaMEVG","RaMEVG_fuc","California Mixed Evergreen North",1
"2_41_33_68886",6,124,708,1695,1370,1710031104,"17100310","OSW","RaMEVG_ftd_1710031104","RaMEVG","RaMEVG_ftd",48,"ftd","RaMEVG","RaMEVG_ftd","California Mixed Evergreen North",1
"2_41_33_89514",6,124,708,1687,2906,1710031104,"17100310","OSW","RaMEVG_fuc_1710031104","RaMEVG","RaMEVG_fuc",59,"fuc","RaMEVG","RaMEVG_fuc","California Mixed Evergreen North",1
"2_41_33_65797",6,124,708,1687,1240,1710031104,"17100310","OSW","RaMEVG_fuc_1710031104","RaMEVG","RaMEVG_fuc",59,"fuc","RaMEVG","RaMEVG_fuc","California Mixed Evergreen North",1
"2_41_33_95570",6,124,708,1687,1766,1710031104,"17100310","OSW","RaMEVG_fuc_1710031104","RaMEVG","RaMEVG_fuc",59,"fuc","RaMEVG","RaMEVG_fuc","California Mixed Evergreen North",1
"2_41_33_90085",6,124,708,1687,2714,1710031104,"17100310","OSW","RaMEVG_fuc_1710031104","RaMEVG","RaMEVG_fuc",59,"fuc","RaMEVG","RaMEVG_fuc","California Mixed Evergreen North",1
"6_53_9_60484",9,100,567,2296,1750,1710010106,"17090012A","WCR","RaDFHEwt_fwn_WCR","RaDFHEwt","RaDFHEwt_fwn",32,"fwn","RaDFHEwt","RaDFHEwt_fwn","Douglas-fir Hemlock-Wet Mesic",5
"6_53_9_94392",9,100,565,2296,1466,1710010104,"17090012A","WCR","RaDFHEwt_fwn_WCR","RaDFHEwt","RaDFHEwt_fwn",32,"fwn","RaDFHEwt","RaDFHEwt_fwn","Douglas-fir Hemlock-Wet Mesic",5
"6_53_9_56356",9,100,565,2296,1087,1710010104,"17090012A","WCR","RaDFHEwt_fwn_WCR","RaDFHEwt","RaDFHEwt_fwn",32,"fwn","RaDFHEwt","RaDFHEwt_fwn","Douglas-fir Hemlock-Wet Mesic",5
"6_53_9_90517",9,100,565,2296,985,1710010104,"17090012A","WCR","RaDFHEwt_fwn_WCR","RaDFHEwt","RaDFHEwt_fwn",32,"fwn","RaDFHEwt","RaDFHEwt_fwn","Douglas-fir Hemlock-Wet Mesic",5
"6_53_9_52419",9,100,566,2296,1810,1710010105,"17090012A","WCR","RaDFHEwt_fwn_WCR","RaDFHEwt","RaDFHEwt_fwn",32,"fwn","RaDFHEwt","RaDFHEwt_fwn","Douglas-fir Hemlock-Wet Mesic",5
"6_53_9_81705",9,100,565,2297,1077,1710010104,"17090012A","WCR","RaABAMup_fst_WCR","RaABAMup","RaABAMup_fst",13,"fst","RaABAMup","RaABAMup_fst","Pacific Silver Fir - High Elevation",5
"6_53_31_69880",9,100,568,2295,1161,1710010107,"17090012A","WCR","RaSSHE_fss_WCR","RaSSHE","RaSSHE_fss",60,"fss","RaSSHE","RaSSHE_fss","Sitka Spruce - Western Hemlock",5
"6_53_31_84988",9,101,570,2296,682,1710010201,"17100101","WCR","RaDFHEwt_fwn_WCR","RaDFHEwt","RaDFHEwt_fwn",32,"fwn","RaDFHEwt","RaDFHEwt_fwn","Douglas-fir Hemlock-Wet Mesic",5
"6_53_31_88060",9,101,570,2295,907,1710010201,"17100101","WCR","RaSSHE_fss_WCR","RaSSHE","RaSSHE_fss",60,"fss","RaSSHE","RaSSHE_fss","Sitka Spruce - Western Hemlock",5
"6_53_31_93681",9,101,570,2295,1400,1710010201,"17100101","WCR","RaSSHE_fss_WCR","RaSSHE","RaSSHE_fss",60,"fss","RaSSHE","RaSSHE_fss","Sitka Spruce - Western Hemlock",5
"6_53_31_95268",9,101,570,2296,1262,1710010201,"17100101","WCR","RaDFHEwt_fwn_WCR","RaDFHEwt","RaDFHEwt_fwn",32,"fwn","RaDFHEwt","RaDFHEwt_fwn","Douglas-fir Hemlock-Wet Mesic",5
"6_53_27_76537",9,101,571,2295,1483,1710010202,"17100101","WCR","RaSSHE_fss_WCR","RaSSHE","RaSSHE_fss",60,"fss","RaSSHE","RaSSHE_fss","Sitka Spruce - Western Hemlock",5
"6_53_27_82677",9,101,572,2296,988,1710010203,"17100101","WCR","RaDFHEwt_fwn_WCR","RaDFHEwt","RaDFHEwt_fwn",32,"fwn","RaDFHEwt","RaDFHEwt_fwn","Douglas-fir Hemlock-Wet Mesic",5
"6_53_27_86133",9,101,572,2295,1532,1710010203,"17100101","WCR","RaSSHE_fss_WCR","RaSSHE","RaSSHE_fss",60,"fss","RaSSHE","RaSSHE_fss","Sitka Spruce - Western Hemlock",5
"6_53_27_53909",9,101,574,2295,1494,1710010205,"17100101","WCR","RaSSHE_fss_WCR","RaSSHE","RaSSHE_fss",60,"fss","RaSSHE","RaSSHE_fss","Sitka Spruce - Western Hemlock",5
"6_53_27_67336",9,101,574,2295,1964,1710010205,"17100101","WCR","RaSSHE_fss_WCR","RaSSHE","RaSSHE_fss",60,"fss","RaSSHE","RaSSHE_fss","Sitka Spruce - Western Hemlock",5
"6_53_27_66590",9,101,575,2295,2525,1710010206,"17100101","WCR","RaSSHE_fss_WCR","RaSSHE","RaSSHE_fss",60,"fss","RaSSHE","RaSSHE_fss","Sitka Spruce - Western Hemlock",5
"6_53_27_80285",9,101,575,2295,1933,1710010206,"17100101","WCR","RaSSHE_fss_WCR","RaSSHE","RaSSHE_fss",60,"fss","RaSSHE","RaSSHE_fss","Sitka Spruce - Western Hemlock",5
"6_53_27_51830",9,101,575,2295,2365,1710010206,"17100101","WCR","RaSSHE_fss_WCR","RaSSHE","RaSSHE_fss",60,"fss","RaSSHE","RaSSHE_fss","Sitka Spruce - Western Hemlock",5
"6_53_27_86314",9,101,575,2295,1440,1710010206,"17100101","WCR","RaSSHE_fss_WCR","RaSSHE","RaSSHE_fss",60,"fss","RaSSHE","RaSSHE_fss","Sitka Spruce - Western Hemlock",5
"6_53_27_56327",9,101,575,2295,1783,1710010206,"17100101","WCR","RaSSHE_fss_WCR","RaSSHE","RaSSHE_fss",60,"fss","RaSSHE","RaSSHE_fss","Sitka Spruce - Western Hemlock",5
"9_53_51_98055",12,5,13,1763,2352,1701021609,"17010215","WNE","Na1010471_frn_17010216","Na1010471","Na1010471_frn",39,"frn","Na1010471","Na1010471_frn","Northern Rocky Mountain Mesic Montane Mixed Conifer Forest",3
"9_53_51_94704",12,5,12,1763,1323,1701021604,"17010215","WNE","Na1010471_frn_17010216","Na1010471","Na1010471_frn",39,"frn","Na1010471","Na1010471_frn","Northern Rocky Mountain Mesic Montane Mixed Conifer Forest",3
"9_53_51_68775",12,5,13,1763,2105,1701021609,"17010215","WNE","Na1010471_frn_17010216","Na1010471","Na1010471_frn",39,"frn","Na1010471","Na1010471_frn","Northern Rocky Mountain Mesic Montane Mixed Conifer Forest",3
"9_53_3_95091",2,45,235,280,517,1706010302,"17060102","OBM","RaMCONdy_fdd_1706010302","RaMCONdy","RaMCONdy_fdd",42,"fdd","RaMCONdy","RaMCONdy_fdd","Mixed Conifer - Eastside Dry",1
"9_53_3_88961",2,45,235,280,917,1706010302,"17060102","OBM","RaMCONdy_fdd_1706010302","RaMCONdy","RaMCONdy_fdd",42,"fdd","RaMCONdy","RaMCONdy_fdd","Mixed Conifer - Eastside Dry",1
"9_53_3_91142",2,45,235,1967,1625,1706010302,"17060102","OBM","RaMCONms_fcm_17060103","RaMCONms","RaMCONms_fcm",22,"fcm","RaMCONms","RaMCONms_fcm","Mixed Conifer - Eastside Mesic",3
"9_53_3_97007",2,45,235,1967,2896,1706010302,"17060102","OBM","RaMCONms_fcm_17060103","RaMCONms","RaMCONms_fcm",22,"fcm","RaMCONms","RaMCONms_fcm","Mixed Conifer - Eastside Mesic",3
"9_53_3_66680",2,45,235,1967,1403,1706010302,"17060102","OBM","RaMCONms_fcm_17060103","RaMCONms","RaMCONms_fcm",22,"fcm","RaMCONms","RaMCONms_fcm","Mixed Conifer - Eastside Mesic",3
"9_53_3_51678",2,45,235,1967,2568,1706010302,"17060102","OBM","RaMCONms_fcm_17060103","RaMCONms","RaMCONms_fcm",22,"fcm","RaMCONms","RaMCONms_fcm","Mixed Conifer - Eastside Mesic",3
"9_53_3_56728",2,48,260,310,1380,1706010607,"17060105","OBM","RaMCONdy_fdd_1706010607","RaMCONdy","RaMCONdy_fdd",42,"fdd","RaMCONdy","RaMCONdy_fdd","Mixed Conifer - Eastside Dry",1
"9_53_3_75416",2,48,260,314,488,1706010607,"17060105","OBM","RaPIPOm_fdp_1706010607","RaPIPOm","RaPIPOm_fdp",52,"fdp","RaPIPOm","RaPIPOm_fdp","Dry Ponderosa Pine - Mesic",1
"9_53_3_88113",2,48,260,310,792,1706010607,"17060105","OBM","RaMCONdy_fdd_1706010607","RaMCONdy","RaMCONdy_fdd",42,"fdd","RaMCONdy","RaMCONdy_fdd","Mixed Conifer - Eastside Dry",1
"9_53_51_50400",12,5,11,1763,1967,1701021603,"17010215","WNE","Na1010471_frn_17010216","Na1010471","Na1010471_frn",39,"frn","Na1010471","Na1010471_frn","Northern Rocky Mountain Mesic Montane Mixed Conifer Forest",3
"4_41_63_76808",2,48,260,310,351,1706010607,"17060105","OBM","RaMCONdy_fdd_1706010607","RaMCONdy","RaMCONdy_fdd",42,"fdd","RaMCONdy","RaMCONdy_fdd","Mixed Conifer - Eastside Dry",1
"4_41_63_72469",2,48,255,351,879,1706010602,"17060105","OBM","RaMCONdy_fdd_1706010602","RaMCONdy","RaMCONdy_fdd",42,"fdd","RaMCONdy","RaMCONdy_fdd","Mixed Conifer - Eastside Dry",1
"4_41_63_56482",2,48,255,351,870,1706010602,"17060105","OBM","RaMCONdy_fdd_1706010602","RaMCONdy","RaMCONdy_fdd",42,"fdd","RaMCONdy","RaMCONdy_fdd","Mixed Conifer - Eastside Dry",1
"9_53_51_95672",12,5,11,1763,2229,1701021603,"17010215","WNE","Na1010471_frn_17010216","Na1010471","Na1010471_frn",39,"frn","Na1010471","Na1010471_frn","Northern Rocky Mountain Mesic Montane Mixed Conifer Forest",3
"4_41_63_95346",2,48,255,1984,1732,1706010602,"17060105","OBM","RaMCONms_fcm_17060106","RaMCONms","RaMCONms_fcm",22,"fcm","RaMCONms","RaMCONms_fcm","Mixed Conifer - Eastside Mesic",3
"4_41_63_81454",2,48,255,1984,1816,1706010602,"17060105","OBM","RaMCONms_fcm_17060106","RaMCONms","RaMCONms_fcm",22,"fcm","RaMCONms","RaMCONms_fcm","Mixed Conifer - Eastside Mesic",3
"4_41_63_73779",2,48,255,1984,1343,1706010602,"17060105","OBM","RaMCONms_fcm_17060106","RaMCONms","RaMCONms_fcm",22,"fcm","RaMCONms","RaMCONms_fcm","Mixed Conifer - Eastside Mesic",3
"9_53_51_56013",12,5,11,1763,1868,1701021603,"17010215","WNE","Na1010471_frn_17010216","Na1010471","Na1010471_frn",39,"frn","Na1010471","Na1010471_frn","Northern Rocky Mountain Mesic Montane Mixed Conifer Forest",3
"4_41_63_91713",2,47,249,453,1027,1706010502,"17060104","OBM","RaMCONdy_fdd_1706010502","RaMCONdy","RaMCONdy_fdd",42,"fdd","RaMCONdy","RaMCONdy_fdd","Mixed Conifer - Eastside Dry",1
"4_41_63_56550",2,47,249,2013,717,1706010502,"17060104","OBM","RaMCONms_fcm_17060105","RaMCONms","RaMCONms_fcm",22,"fcm","RaMCONms","RaMCONms_fcm","Mixed Conifer - Eastside Mesic",3
"4_41_63_59668",2,47,249,2318,937,1706010502,"17060104","OBM","RaSPFI_fcd_OBM","RaSPFI","RaSPFI_fcd",9,"fcd","RaSPFI","RaSPFI_fcd","Spruce - Fir",4
"4_41_63_93674",2,47,252,2318,1482,1706010505,"17060104","OBM","RaSPFI_fcd_OBM","RaSPFI","RaSPFI_fcd",9,"fcd","RaSPFI","RaSPFI_fcd","Spruce - Fir",4
"4_41_1_68728",2,42,224,2056,2676,1705020310,"17050202","OBM","RaMCONms_fcm_17050203","RaMCONms","RaMCONms_fcm",22,"fcm","RaMCONms","RaMCONms_fcm","Mixed Conifer - Eastside Mesic",3
"4_41_1_90596",2,42,224,2056,3260,1705020310,"17050202","OBM","RaMCONms_fcm_17050203","RaMCONms","RaMCONms_fcm",22,"fcm","RaMCONms","RaMCONms_fcm","Mixed Conifer - Eastside Mesic",3
"4_41_1_91800",2,42,224,2056,1562,1705020310,"17050202","OBM","RaMCONms_fcm_17050203","RaMCONms","RaMCONms_fcm",22,"fcm","RaMCONms","RaMCONms_fcm","Mixed Conifer - Eastside Mesic",3
"4_41_1_62663",2,42,222,611,1928,1705020308,"17050202","OBM","RaMCONdy_fdg_1705020308","RaMCONdy","RaMCONdy_fdg",23,"fdg","RaMCONdy","RaMCONdy_fdg","Mixed Conifer - Eastside Dry",1
"4_41_1_64554",2,42,222,611,1903,1705020308,"17050202","OBM","RaMCONdy_fdg_1705020308","RaMCONdy","RaMCONdy_fdg",23,"fdg","RaMCONdy","RaMCONdy_fdg","Mixed Conifer - Eastside Dry",1
"9_53_51_56499",12,5,11,44,1037,1701021603,"17010215","WNE","RaMCONdy_fdd_1701021603","RaMCONdy","RaMCONdy_fdd",42,"fdd","RaMCONdy","RaMCONdy_fdd","Mixed Conifer - Eastside Dry",1
"9_53_51_79510",12,5,10,73,1444,1701021602,"17010215","WNE","RaMCONdy_fdd_1701021602","RaMCONdy","RaMCONdy_fdd",42,"fdd","RaMCONdy","RaMCONdy_fdd","Mixed Conifer - Eastside Dry",1
"9_53_51_77882",12,5,13,1763,2156,1701021609,"17010215","WNE","Na1010471_frn_17010216","Na1010471","Na1010471_frn",39,"frn","Na1010471","Na1010471_frn","Northern Rocky Mountain Mesic Montane Mixed Conifer Forest",3
"9_53_51_83137",12,5,10,73,1633,1701021602,"17010215","WNE","RaMCONdy_fdd_1701021602","RaMCONdy","RaMCONdy_fdd",42,"fdd","RaMCONdy","RaMCONdy_fdd","Mixed Conifer - Eastside Dry",1
"9_53_51_58406",12,5,10,73,1198,1701021602,"17010215","WNE","RaMCONdy_fdd_1701021602","RaMCONdy","RaMCONdy_fdd",42,"fdd","RaMCONdy","RaMCONdy_fdd","Mixed Conifer - Eastside Dry",1
"9_53_51_89484",12,5,10,73,694,1701021602,"17010215","WNE","RaMCONdy_fdd_1701021602","RaMCONdy","RaMCONdy_fdd",42,"fdd","RaMCONdy","RaMCONdy_fdd","Mixed Conifer - Eastside Dry",1
"9_53_51_51688",12,5,9,85,1054,1701021601,"17010215","WNE","RaMCONdy_fdd_1701021601","RaMCONdy","RaMCONdy_fdd",42,"fdd","RaMCONdy","RaMCONdy_fdd","Mixed Conifer - Eastside Dry",1
"9_53_51_83109",12,5,10,73,2453,1701021602,"17010215","WNE","RaMCONdy_fdd_1701021602","RaMCONdy","RaMCONdy_fdd",42,"fdd","RaMCONdy","RaMCONdy_fdd","Mixed Conifer - Eastside Dry",1
"9_53_51_62092",12,5,12,1763,1485,1701021604,"17010215","WNE","Na1010471_frn_17010216","Na1010471","Na1010471_frn",39,"frn","Na1010471","Na1010471_frn","Northern Rocky Mountain Mesic Montane Mixed Conifer Forest",3
"9_53_51_95780",12,5,12,25,851,1701021604,"17010215","WNE","RaMCONdy_fdd_1701021604","RaMCONdy","RaMCONdy_fdd",42,"fdd","RaMCONdy","RaMCONdy_fdd","Mixed Conifer - Eastside Dry",1
"9_53_51_50161",12,9,23,109,1424,1701030801,"17010307","WNE","RaMCONdy_fdd_1701030801","RaMCONdy","RaMCONdy_fdd",42,"fdd","RaMCONdy","RaMCONdy_fdd","Mixed Conifer - Eastside Dry",1
"9_53_63_89894",12,9,23,109,1035,1701030801,"17010307","WNE","RaMCONdy_fdd_1701030801","RaMCONdy","RaMCONdy_fdd",42,"fdd","RaMCONdy","RaMCONdy_fdd","Mixed Conifer - Eastside Dry",1
"9_53_63_76893",12,6,16,152,1254,1701030504,"17010216","WNE","RaMCONdy_fdd_1701030504","RaMCONdy","RaMCONdy_fdd",42,"fdd","RaMCONdy","RaMCONdy_fdd","Mixed Conifer - Eastside Dry",1
"9_53_51_69965",12,5,12,2283,966,1701021604,"17010215","WNE","RaSPFI_fcd_WNE","RaSPFI","RaSPFI_fcd",9,"fcd","RaSPFI","RaSPFI_fcd","Spruce - Fir",4
"9_53_63_80779",8,7,18,159,364,1701030603,"17010305","WCB","RaPIPOm_fpd_1701030603","RaPIPOm","RaPIPOm_fpd",51,"fpd","RaPIPOm","RaPIPOm_fpd","Dry Ponderosa Pine - Mesic",1
"9_53_63_52093",8,7,17,1887,319,1701030602,"17010305","WCB","RaMCONms_fmm_17010306","RaMCONms","RaMCONms_fmm",27,"fmm","RaMCONms","RaMCONms_fmm","Mixed Conifer - Eastside Mesic",3
"9_53_51_87664",12,5,12,1763,1760,1701021604,"17010215","WNE","Na1010471_frn_17010216","Na1010471","Na1010471_frn",39,"frn","Na1010471","Na1010471_frn","Northern Rocky Mountain Mesic Montane Mixed Conifer Forest",3
"9_53_63_58349",8,51,276,189,30,1706010901,"17060108","WCB","RaMCONdy_fmd_1706010901","RaMCONdy","RaMCONdy_fmd",28,"fmd","RaMCONdy","RaMCONdy_fmd","Mixed Conifer - Eastside Dry",1
"9_53_51_67278",12,5,12,2283,1112,1701021604,"17010215","WNE","RaSPFI_fcd_WNE","RaSPFI","RaSPFI_fcd",9,"fcd","RaSPFI","RaSPFI_fcd","Spruce - Fir",4
"9_53_51_63995",12,5,12,1763,2148,1701021604,"17010215","WNE","Na1010471_frn_17010216","Na1010471","Na1010471_frn",39,"frn","Na1010471","Na1010471_frn","Northern Rocky Mountain Mesic Montane Mixed Conifer Forest",3
"9_53_51_93852",12,5,12,1763,1943,1701021604,"17010215","WNE","Na1010471_frn_17010216","Na1010471","Na1010471_frn",39,"frn","Na1010471","Na1010471_frn","Northern Rocky Mountain Mesic Montane Mixed Conifer Forest",3
"9_53_51_85736",12,5,13,1763,1528,1701021609,"17010215","WNE","Na1010471_frn_17010216","Na1010471","Na1010471_frn",39,"frn","Na1010471","Na1010471_frn","Northern Rocky Mountain Mesic Montane Mixed Conifer Forest",3
"9_53_51_97009",12,5,12,1763,1734,1701021604,"17010215","WNE","Na1010471_frn_17010216","Na1010471","Na1010471_frn",39,"frn","Na1010471","Na1010471_frn","Northern Rocky Mountain Mesic Montane Mixed Conifer Forest",3
"9_53_51_86119",12,5,13,1763,2005,1701021609,"17010215","WNE","Na1010471_frn_17010216","Na1010471","Na1010471_frn",39,"frn","Na1010471","Na1010471_frn","Northern Rocky Mountain Mesic Montane Mixed Conifer Forest",3
"9_53_3_54844",2,45,235,1967,2486,1706010302,"17060102","OBM","RaMCONms_fcm_17060103","RaMCONms","RaMCONms_fcm",22,"fcm","RaMCONms","RaMCONms_fcm","Mixed Conifer - Eastside Mesic",3
"9_53_3_92642",2,48,260,310,931,1706010607,"17060105","OBM","RaMCONdy_fdd_1706010607","RaMCONdy","RaMCONdy_fdd",42,"fdd","RaMCONdy","RaMCONdy_fdd","Mixed Conifer - Eastside Dry",1
"9_53_3_61593",2,48,260,1984,1020,1706010607,"17060105","OBM","RaMCONms_fcm_17060106","RaMCONms","RaMCONms_fcm",22,"fcm","RaMCONms","RaMCONms_fcm","Mixed Conifer - Eastside Mesic",3
"9_53_3_87760",2,48,260,310,1398,1706010607,"17060105","OBM","RaMCONdy_fdd_1706010607","RaMCONdy","RaMCONdy_fdd",42,"fdd","RaMCONdy","RaMCONdy_fdd","Mixed Conifer - Eastside Dry",1
"9_53_3_95933",2,48,260,310,217,1706010607,"17060105","OBM","RaMCONdy_fdd_1706010607","RaMCONdy","RaMCONdy_fdd",42,"fdd","RaMCONdy","RaMCONdy_fdd","Mixed Conifer - Eastside Dry",1
"9_53_51_71399",12,5,11,1763,2382,1701021603,"17010215","WNE","Na1010471_frn_17010216","Na1010471","Na1010471_frn",39,"frn","Na1010471","Na1010471_frn","Northern Rocky Mountain Mesic Montane Mixed Conifer Forest",3
"4_41_63_71434",2,48,255,351,1156,1706010602,"17060105","OBM","RaMCONdy_fdd_1706010602","RaMCONdy","RaMCONdy_fdd",42,"fdd","RaMCONdy","RaMCONdy_fdd","Mixed Conifer - Eastside Dry",1
"4_41_63_67383",2,48,255,351,1119,1706010602,"17060105","OBM","RaMCONdy_fdd_1706010602","RaMCONdy","RaMCONdy_fdd",42,"fdd","RaMCONdy","RaMCONdy_fdd","Mixed Conifer - Eastside Dry",1
"9_53_51_56229",12,5,11,1763,1835,1701021603,"17010215","WNE","Na1010471_frn_17010216","Na1010471","Na1010471_frn",39,"frn","Na1010471","Na1010471_frn","Northern Rocky Mountain Mesic Montane Mixed Conifer Forest",3
"4_41_63_93308",2,48,255,351,1314,1706010602,"17060105","OBM","RaMCONdy_fdd_1706010602","RaMCONdy","RaMCONdy_fdd",42,"fdd","RaMCONdy","RaMCONdy_fdd","Mixed Conifer - Eastside Dry",1
"4_41_63_80097",2,48,255,351,1599,1706010602,"17060105","OBM","RaMCONdy_fdd_1706010602","RaMCONdy","RaMCONdy_fdd",42,"fdd","RaMCONdy","RaMCONdy_fdd","Mixed Conifer - Eastside Dry",1
"4_41_63_53597",2,48,255,1984,1780,1706010602,"17060105","OBM","RaMCONms_fcm_17060106","RaMCONms","RaMCONms_fcm",22,"fcm","RaMCONms","RaMCONms_fcm","Mixed Conifer - Eastside Mesic",3
"4_41_63_99690",2,47,250,2013,2052,1706010503,"17060104","OBM","RaMCONms_fcm_17060105","RaMCONms","RaMCONms_fcm",22,"fcm","RaMCONms","RaMCONms_fcm","Mixed Conifer - Eastside Mesic",3
"4_41_63_60387",2,47,249,2318,1117,1706010502,"17060104","OBM","RaSPFI_fcd_OBM","RaSPFI","RaSPFI_fcd",9,"fcd","RaSPFI","RaSPFI_fcd","Spruce - Fir",4
"4_41_63_95263",2,47,249,2318,1837,1706010502,"17060104","OBM","RaSPFI_fcd_OBM","RaSPFI","RaSPFI_fcd",9,"fcd","RaSPFI","RaSPFI_fcd","Spruce - Fir",4
"4_41_63_64578",2,47,249,2013,853,1706010502,"17060104","OBM","RaMCONms_fcm_17060105","RaMCONms","RaMCONms_fcm",22,"fcm","RaMCONms","RaMCONms_fcm","Mixed Conifer - Eastside Mesic",3
"4_41_63_80024",2,47,249,2013,2981,1706010502,"17060104","OBM","RaMCONms_fcm_17060105","RaMCONms","RaMCONms_fcm",22,"fcm","RaMCONms","RaMCONms_fcm","Mixed Conifer - Eastside Mesic",3
"9_53_51_63556",12,5,11,1763,1686,1701021603,"17010215","WNE","Na1010471_frn_17010216","Na1010471","Na1010471_frn",39,"frn","Na1010471","Na1010471_frn","Northern Rocky Mountain Mesic Montane Mixed Conifer Forest",3
"4_41_63_79383",2,47,252,2318,1783,1706010505,"17060104","OBM","RaSPFI_fcd_OBM","RaSPFI","RaSPFI_fcd",9,"fcd","RaSPFI","RaSPFI_fcd","Spruce - Fir",4
"4_41_61_77745",2,47,252,2318,1730,1706010505,"17060104","OBM","RaSPFI_fcd_OBM","RaSPFI","RaSPFI_fcd",9,"fcd","RaSPFI","RaSPFI_fcd","Spruce - Fir",4
"4_41_1_93266",2,42,224,2056,681,1705020310,"17050202","OBM","RaMCONms_fcm_17050203","RaMCONms","RaMCONms_fcm",22,"fcm","RaMCONms","RaMCONms_fcm","Mixed Conifer - Eastside Mesic",3
"4_41_1_98237",2,42,224,2056,2234,1705020310,"17050202","OBM","RaMCONms_fcm_17050203","RaMCONms","RaMCONms_fcm",22,"fcm","RaMCONms","RaMCONms_fcm","Mixed Conifer - Eastside Mesic",3
"4_41_1_73144",2,42,224,2056,2139,1705020310,"17050202","OBM","RaMCONms_fcm_17050203","RaMCONms","RaMCONms_fcm",22,"fcm","RaMCONms","RaMCONms_fcm","Mixed Conifer - Eastside Mesic",3
"4_41_1_67447",2,42,224,2056,1780,1705020310,"17050202","OBM","RaMCONms_fcm_17050203","RaMCONms","RaMCONms_fcm",22,"fcm","RaMCONms","RaMCONms_fcm","Mixed Conifer - Eastside Mesic",3
"4_41_1_90844",2,42,222,611,2187,1705020308,"17050202","OBM","RaMCONdy_fdg_1705020308","RaMCONdy","RaMCONdy_fdg",23,"fdg","RaMCONdy","RaMCONdy_fdg","Mixed Conifer - Eastside Dry",1
"4_41_1_86699",2,42,222,611,1209,1705020308,"17050202","OBM","RaMCONdy_fdg_1705020308","RaMCONdy","RaMCONdy_fdg",23,"fdg","RaMCONdy","RaMCONdy_fdg","Mixed Conifer - Eastside Dry",1
"9_53_51_63765",12,5,11,1763,1672,1701021603,"17010215","WNE","Na1010471_frn_17010216","Na1010471","Na1010471_frn",39,"frn","Na1010471","Na1010471_frn","Northern Rocky Mountain Mesic Montane Mixed Conifer Forest",3
"4_41_1_66884",2,42,222,612,1780,1705020308,"17050202","OBM","RaMCONdy_fdd_1705020308","RaMCONdy","RaMCONdy_fdd",42,"fdd","RaMCONdy","RaMCONdy_fdd","Mixed Conifer - Eastside Dry",1
"4_41_1_87599",2,42,222,613,1010,1705020308,"17050202","OBM","RaPIPOm_fdp_1705020308","RaPIPOm","RaPIPOm_fdp",52,"fdp","RaPIPOm","RaPIPOm_fdp","Dry Ponderosa Pine - Mesic",1
"4_41_1_91363",2,41,214,2086,46,1705020208,"17050201","OBM","RaPIPOxe_fxp_17050202","RaPIPOxe","RaPIPOxe_fxp",56,"fxp","RaPIPOxe","RaPIPOxe_fxp","Ponderosa Pine - Xeric",3
"9_53_51_53819",12,5,11,44,2090,1701021603,"17010215","WNE","RaMCONdy_fdd_1701021603","RaMCONdy","RaMCONdy_fdd",42,"fdd","RaMCONdy","RaMCONdy_fdd","Mixed Conifer - Eastside Dry",1
"9_53_51_85177",12,5,11,1763,906,1701021603,"17010215","WNE","Na1010471_frn_17010216","Na1010471","Na1010471_frn",39,"frn","Na1010471","Na1010471_frn","Northern Rocky Mountain Mesic Montane Mixed Conifer Forest",3
"9_53_51_57275",12,5,10,73,1521,1701021602,"17010215","WNE","RaMCONdy_fdd_1701021602","RaMCONdy","RaMCONdy_fdd",42,"fdd","RaMCONdy","RaMCONdy_fdd","Mixed Conifer - Eastside Dry",1
"9_53_51_81355",12,5,10,73,598,1701021602,"17010215","WNE","RaMCONdy_fdd_1701021602","RaMCONdy","RaMCONdy_fdd",42,"fdd","RaMCONdy","RaMCONdy_fdd","Mixed Conifer - Eastside Dry",1
"9_53_51_59007",12,9,23,109,1121,1701030801,"17010307","WNE","RaMCONdy_fdd_1701030801","RaMCONdy","RaMCONdy_fdd",42,"fdd","RaMCONdy","RaMCONdy_fdd","Mixed Conifer - Eastside Dry",1
"9_53_63_84780",12,9,23,109,852,1701030801,"17010307","WNE","RaMCONdy_fdd_1701030801","RaMCONdy","RaMCONdy_fdd",42,"fdd","RaMCONdy","RaMCONdy_fdd","Mixed Conifer - Eastside Dry",1
"9_53_63_51913",12,9,23,109,746,1701030801,"17010307","WNE","RaMCONdy_fdd_1701030801","RaMCONdy","RaMCONdy_fdd",42,"fdd","RaMCONdy","RaMCONdy_fdd","Mixed Conifer - Eastside Dry",1
"9_53_51_90453",12,5,12,2283,845,1701021604,"17010215","WNE","RaSPFI_fcd_WNE","RaSPFI","RaSPFI_fcd",9,"fcd","RaSPFI","RaSPFI_fcd","Spruce - Fir",4
"9_53_63_50153",12,9,25,121,864,1701030803,"17010307","WNE","RaMCONdy_fdd_1701030803","RaMCONdy","RaMCONdy_fdd",42,"fdd","RaMCONdy","RaMCONdy_fdd","Mixed Conifer - Eastside Dry",1
"9_53_63_67016",12,9,25,121,847,1701030803,"17010307","WNE","RaMCONdy_fdd_1701030803","RaMCONdy","RaMCONdy_fdd",42,"fdd","RaMCONdy","RaMCONdy_fdd","Mixed Conifer - Eastside Dry",1
"9_53_63_81559",12,9,25,121,523,1701030803,"17010307","WNE","RaMCONdy_fdd_1701030803","RaMCONdy","RaMCONdy_fdd",42,"fdd","RaMCONdy","RaMCONdy_fdd","Mixed Conifer - Eastside Dry",1
"9_53_51_52030",12,5,12,1763,1635,1701021604,"17010215","WNE","Na1010471_frn_17010216","Na1010471","Na1010471_frn",39,"frn","Na1010471","Na1010471_frn","Northern Rocky Mountain Mesic Montane Mixed Conifer Forest",3
"9_53_63_72877",12,6,16,152,2004,1701030504,"17010216","WNE","RaMCONdy_fdd_1701030504","RaMCONdy","RaMCONdy_fdd",42,"fdd","RaMCONdy","RaMCONdy_fdd","Mixed Conifer - Eastside Dry",1
"9_53_63_88695",8,7,17,167,511,1701030602,"17010305","WCB","RaPIPOm_fpd_1701030602","RaPIPOm","RaPIPOm_fpd",51,"fpd","RaPIPOm","RaPIPOm_fpd","Dry Ponderosa Pine - Mesic",1
"9_53_63_98875",8,7,17,167,1101,1701030602,"17010305","WCB","RaPIPOm_fpd_1701030602","RaPIPOm","RaPIPOm_fpd",51,"fpd","RaPIPOm","RaPIPOm_fpd","Dry Ponderosa Pine - Mesic",1
"9_53_51_76692",12,5,12,1763,2393,1701021604,"17010215","WNE","Na1010471_frn_17010216","Na1010471","Na1010471_frn",39,"frn","Na1010471","Na1010471_frn","Northern Rocky Mountain Mesic Montane Mixed Conifer Forest",3
"9_53_51_72167",12,5,12,1763,2155,1701021604,"17010215","WNE","Na1010471_frn_17010216","Na1010471","Na1010471_frn",39,"frn","Na1010471","Na1010471_frn","Northern Rocky Mountain Mesic Montane Mixed Conifer Forest",3
"9_53_51_51207",12,5,12,1763,1792,1701021604,"17010215","WNE","Na1010471_frn_17010216","Na1010471","Na1010471_frn",39,"frn","Na1010471","Na1010471_frn","Northern Rocky Mountain Mesic Montane Mixed Conifer Forest",3
"9_53_51_63416",12,5,12,1763,1935,1701021604,"17010215","WNE","Na1010471_frn_17010216","Na1010471","Na1010471_frn",39,"frn","Na1010471","Na1010471_frn","Northern Rocky Mountain Mesic Montane Mixed Conifer Forest",3
"9_53_51_73635",12,5,13,1763,1551,1701021609,"17010215","WNE","Na1010471_frn_17010216","Na1010471","Na1010471_frn",39,"frn","Na1010471","Na1010471_frn","Northern Rocky Mountain Mesic Montane Mixed Conifer Forest",3
"9_53_51_75620",12,5,12,1763,1699,1701021604,"17010215","WNE","Na1010471_frn_17010216","Na1010471","Na1010471_frn",39,"frn","Na1010471","Na1010471_frn","Northern Rocky Mountain Mesic Montane Mixed Conifer Forest",3
"9_53_51_59316",12,5,12,1763,1747,1701021604,"17010215","WNE","Na1010471_frn_17010216","Na1010471","Na1010471_frn",39,"frn","Na1010471","Na1010471_frn","Northern Rocky Mountain Mesic Montane Mixed Conifer Forest",3
"9_53_3_72306",2,45,235,280,578,1706010302,"17060102","OBM","RaMCONdy_fdd_1706010302","RaMCONdy","RaMCONdy_fdd",42,"fdd","RaMCONdy","RaMCONdy_fdd","Mixed Conifer - Eastside Dry",1
"9_53_3_56310",2,45,235,1967,2406,1706010302,"17060102","OBM","RaMCONms_fcm_17060103","RaMCONms","RaMCONms_fcm",22,"fcm","RaMCONms","RaMCONms_fcm","Mixed Conifer - Eastside Mesic",3
"4_41_63_60150",2,48,260,310,893,1706010607,"17060105","OBM","RaMCONdy_fdd_1706010607","RaMCONdy","RaMCONdy_fdd",42,"fdd","RaMCONdy","RaMCONdy_fdd","Mixed Conifer - Eastside Dry",1
"4_41_63_83857",2,48,255,351,936,1706010602,"17060105","OBM","RaMCONdy_fdd_1706010602","RaMCONdy","RaMCONdy_fdd",42,"fdd","RaMCONdy","RaMCONdy_fdd","Mixed Conifer - Eastside Dry",1
"4_41_63_97528",2,48,255,351,1685,1706010602,"17060105","OBM","RaMCONdy_fdd_1706010602","RaMCONdy","RaMCONdy_fdd",42,"fdd","RaMCONdy","RaMCONdy_fdd","Mixed Conifer - Eastside Dry",1
"9_53_51_73817",12,5,11,1763,1131,1701021603,"17010215","WNE","Na1010471_frn_17010216","Na1010471","Na1010471_frn",39,"frn","Na1010471","Na1010471_frn","Northern Rocky Mountain Mesic Montane Mixed Conifer Forest",3
"4_41_63_68829",2,48,255,351,1293,1706010602,"17060105","OBM","RaMCONdy_fdd_1706010602","RaMCONdy","RaMCONdy_fdd",42,"fdd","RaMCONdy","RaMCONdy_fdd","Mixed Conifer - Eastside Dry",1
"4_41_63_95420",2,48,255,1984,1184,1706010602,"17060105","OBM","RaMCONms_fcm_17060106","RaMCONms","RaMCONms_fcm",22,"fcm","RaMCONms","RaMCONms_fcm","Mixed Conifer - Eastside Mesic",3
"9_53_51_65950",12,5,11,1763,2166,1701021603,"17010215","WNE","Na1010471_frn_17010216","Na1010471","Na1010471_frn",39,"frn","Na1010471","Na1010471_frn","Northern Rocky Mountain Mesic Montane Mixed Conifer Forest",3
"4_41_63_75900",2,47,248,2013,1808,1706010501,"17060104","OBM","RaMCONms_fcm_17060105","RaMCONms","RaMCONms_fcm",22,"fcm","RaMCONms","RaMCONms_fcm","Mixed Conifer - Eastside Mesic",3
"4_41_1_66490",2,42,224,2056,1680,1705020310,"17050202","OBM","RaMCONms_fcm_17050203","RaMCONms","RaMCONms_fcm",22,"fcm","RaMCONms","RaMCONms_fcm","Mixed Conifer - Eastside Mesic",3
"4_41_1_53558",2,42,224,2056,1447,1705020310,"17050202","OBM","RaMCONms_fcm_17050203","RaMCONms","RaMCONms_fcm",22,"fcm","RaMCONms","RaMCONms_fcm","Mixed Conifer - Eastside Mesic",3
"4_41_1_77045",2,42,224,571,1497,1705020310,"17050202","OBM","RaMCONdy_fdg_1705020310","RaMCONdy","RaMCONdy_fdg",23,"fdg","RaMCONdy","RaMCONdy_fdg","Mixed Conifer - Eastside Dry",1
"9_53_51_71213",12,5,11,1763,1539,1701021603,"17010215","WNE","Na1010471_frn_17010216","Na1010471","Na1010471_frn",39,"frn","Na1010471","Na1010471_frn","Northern Rocky Mountain Mesic Montane Mixed Conifer Forest",3
"4_41_1_83704",2,42,222,612,2462,1705020308,"17050202","OBM","RaMCONdy_fdd_1705020308","RaMCONdy","RaMCONdy_fdd",42,"fdd","RaMCONdy","RaMCONdy_fdd","Mixed Conifer - Eastside Dry",1
"4_41_1_80083",2,42,222,612,134,1705020308,"17050202","OBM","RaMCONdy_fdd_1705020308","RaMCONdy","RaMCONdy_fdd",42,"fdd","RaMCONdy","RaMCONdy_fdd","Mixed Conifer - Eastside Dry",1
"4_41_1_82679",2,42,223,656,318,1705020309,"17050202","OBM","RaMCONdy_fdd_1705020309","RaMCONdy","RaMCONdy_fdd",42,"fdd","RaMCONdy","RaMCONdy_fdd","Mixed Conifer - Eastside Dry",1
"9_53_51_61619",12,5,11,1763,1555,1701021603,"17010215","WNE","Na1010471_frn_17010216","Na1010471","Na1010471_frn",39,"frn","Na1010471","Na1010471_frn","Northern Rocky Mountain Mesic Montane Mixed Conifer Forest",3
"9_53_51_50469",12,5,11,1763,956,1701021603,"17010215","WNE","Na1010471_frn_17010216","Na1010471","Na1010471_frn",39,"frn","Na1010471","Na1010471_frn","Northern Rocky Mountain Mesic Montane Mixed Conifer Forest",3
"9_53_51_93061",12,5,10,1763,865,1701021602,"17010215","WNE","Na1010471_frn_17010216","Na1010471","Na1010471_frn",39,"frn","Na1010471","Na1010471_frn","Northern Rocky Mountain Mesic Montane Mixed Conifer Forest",3
"9_53_51_67932",12,5,10,73,1572,1701021602,"17010215","WNE","RaMCONdy_fdd_1701021602","RaMCONdy","RaMCONdy_fdd",42,"fdd","RaMCONdy","RaMCONdy_fdd","Mixed Conifer - Eastside Dry",1
"9_53_51_75779",12,5,10,73,2278,1701021602,"17010215","WNE","RaMCONdy_fdd_1701021602","RaMCONdy","RaMCONdy_fdd",42,"fdd","RaMCONdy","RaMCONdy_fdd","Mixed Conifer - Eastside Dry",1
"9_53_51_61897",12,5,10,73,1178,1701021602,"17010215","WNE","RaMCONdy_fdd_1701021602","RaMCONdy","RaMCONdy_fdd",42,"fdd","RaMCONdy","RaMCONdy_fdd","Mixed Conifer - Eastside Dry",1
"9_53_51_64177",12,5,10,73,2300,1701021602,"17010215","WNE","RaMCONdy_fdd_1701021602","RaMCONdy","RaMCONdy_fdd",42,"fdd","RaMCONdy","RaMCONdy_fdd","Mixed Conifer - Eastside Dry",1
"9_53_51_96690",12,5,10,73,1243,1701021602,"17010215","WNE","RaMCONdy_fdd_1701021602","RaMCONdy","RaMCONdy_fdd",42,"fdd","RaMCONdy","RaMCONdy_fdd","Mixed Conifer - Eastside Dry",1
"9_53_51_78502",12,9,23,109,1066,1701030801,"17010307","WNE","RaMCONdy_fdd_1701030801","RaMCONdy","RaMCONdy_fdd",42,"fdd","RaMCONdy","RaMCONdy_fdd","Mixed Conifer - Eastside Dry",1
"9_53_51_75224",12,9,23,109,1449,1701030801,"17010307","WNE","RaMCONdy_fdd_1701030801","RaMCONdy","RaMCONdy_fdd",42,"fdd","RaMCONdy","RaMCONdy_fdd","Mixed Conifer - Eastside Dry",1
"9_53_51_61847",12,9,23,109,1610,1701030801,"17010307","WNE","RaMCONdy_fdd_1701030801","RaMCONdy","RaMCONdy_fdd",42,"fdd","RaMCONdy","RaMCONdy_fdd","Mixed Conifer - Eastside Dry",1
"9_53_51_97492",12,9,23,109,1922,1701030801,"17010307","WNE","RaMCONdy_fdd_1701030801","RaMCONdy","RaMCONdy_fdd",42,"fdd","RaMCONdy","RaMCONdy_fdd","Mixed Conifer - Eastside Dry",1
"9_53_63_82310",12,9,23,109,1388,1701030801,"17010307","WNE","RaMCONdy_fdd_1701030801","RaMCONdy","RaMCONdy_fdd",42,"fdd","RaMCONdy","RaMCONdy_fdd","Mixed Conifer - Eastside Dry",1
"9_53_63_57489",12,9,25,121,1941,1701030803,"17010307","WNE","RaMCONdy_fdd_1701030803","RaMCONdy","RaMCONdy_fdd",42,"fdd","RaMCONdy","RaMCONdy_fdd","Mixed Conifer - Eastside Dry",1
"9_53_51_85148",12,5,12,1763,2735,1701021604,"17010215","WNE","Na1010471_frn_17010216","Na1010471","Na1010471_frn",39,"frn","Na1010471","Na1010471_frn","Northern Rocky Mountain Mesic Montane Mixed Conifer Forest",3
"9_53_63_94875",12,9,25,121,530,1701030803,"17010307","WNE","RaMCONdy_fdd_1701030803","RaMCONdy","RaMCONdy_fdd",42,"fdd","RaMCONdy","RaMCONdy_fdd","Mixed Conifer - Eastside Dry",1
"9_53_51_93769",12,5,12,1763,1890,1701021604,"17010215","WNE","Na1010471_frn_17010216","Na1010471","Na1010471_frn",39,"frn","Na1010471","Na1010471_frn","Northern Rocky Mountain Mesic Montane Mixed Conifer Forest",3
"9_53_63_82606",12,6,16,152,1122,1701030504,"17010216","WNE","RaMCONdy_fdd_1701030504","RaMCONdy","RaMCONdy_fdd",42,"fdd","RaMCONdy","RaMCONdy_fdd","Mixed Conifer - Eastside Dry",1
"9_53_51_85481",12,5,12,1763,2386,1701021604,"17010215","WNE","Na1010471_frn_17010216","Na1010471","Na1010471_frn",39,"frn","Na1010471","Na1010471_frn","Northern Rocky Mountain Mesic Montane Mixed Conifer Forest",3
"9_53_51_81316",12,5,12,1763,2854,1701021604,"17010215","WNE","Na1010471_frn_17010216","Na1010471","Na1010471_frn",39,"frn","Na1010471","Na1010471_frn","Northern Rocky Mountain Mesic Montane Mixed Conifer Forest",3
"9_53_51_60257",12,5,12,1763,1585,1701021604,"17010215","WNE","Na1010471_frn_17010216","Na1010471","Na1010471_frn",39,"frn","Na1010471","Na1010471_frn","Northern Rocky Mountain Mesic Montane Mixed Conifer Forest",3
"9_53_51_68870",12,5,12,1763,1701,1701021604,"17010215","WNE","Na1010471_frn_17010216","Na1010471","Na1010471_frn",39,"frn","Na1010471","Na1010471_frn","Northern Rocky Mountain Mesic Montane Mixed Conifer Forest",3
"9_53_51_59933",12,4,7,1792,2647,1701021502,"17010214","WNE","Na1010471_frn_17010215","Na1010471","Na1010471_frn",39,"frn","Na1010471","Na1010471_frn","Northern Rocky Mountain Mesic Montane Mixed Conifer Forest",3
"9_53_51_83758",12,5,13,1763,848,1701021609,"17010215","WNE","Na1010471_frn_17010216","Na1010471","Na1010471_frn",39,"frn","Na1010471","Na1010471_frn","Northern Rocky Mountain Mesic Montane Mixed Conifer Forest",3
"9_53_3_60058",2,45,235,280,1004,1706010302,"17060102","OBM","RaMCONdy_fdd_1706010302","RaMCONdy","RaMCONdy_fdd",42,"fdd","RaMCONdy","RaMCONdy_fdd","Mixed Conifer - Eastside Dry",1
"9_53_3_58901",2,48,260,310,1290,1706010607,"17060105","OBM","RaMCONdy_fdd_1706010607","RaMCONdy","RaMCONdy_fdd",42,"fdd","RaMCONdy","RaMCONdy_fdd","Mixed Conifer - Eastside Dry",1
"4_41_63_56742",2,48,255,1984,806,1706010602,"17060105","OBM","RaMCONms_fcm_17060106","RaMCONms","RaMCONms_fcm",22,"fcm","RaMCONms","RaMCONms_fcm","Mixed Conifer - Eastside Mesic",3
"4_41_63_55121",2,48,255,1984,1209,1706010602,"17060105","OBM","RaMCONms_fcm_17060106","RaMCONms","RaMCONms_fcm",22,"fcm","RaMCONms","RaMCONms_fcm","Mixed Conifer - Eastside Mesic",3
"4_41_63_81995",2,48,255,1984,1392,1706010602,"17060105","OBM","RaMCONms_fcm_17060106","RaMCONms","RaMCONms_fcm",22,"fcm","RaMCONms","RaMCONms_fcm","Mixed Conifer - Eastside Mesic",3
"9_53_51_85160",12,4,7,1792,3388,1701021502,"17010214","WNE","Na1010471_frn_17010215","Na1010471","Na1010471_frn",39,"frn","Na1010471","Na1010471_frn","Northern Rocky Mountain Mesic Montane Mixed Conifer Forest",3
"4_41_63_69052",2,48,255,1984,1599,1706010602,"17060105","OBM","RaMCONms_fcm_17060106","RaMCONms","RaMCONms_fcm",22,"fcm","RaMCONms","RaMCONms_fcm","Mixed Conifer - Eastside Mesic",3
"4_41_63_78517",2,48,255,363,1105,1706010602,"17060105","OBM","RaMCONdy_fdg_1706010602","RaMCONdy","RaMCONdy_fdg",23,"fdg","RaMCONdy","RaMCONdy_fdg","Mixed Conifer - Eastside Dry",1
"4_41_63_93898",2,48,255,363,955,1706010602,"17060105","OBM","RaMCONdy_fdg_1706010602","RaMCONdy","RaMCONdy_fdg",23,"fdg","RaMCONdy","RaMCONdy_fdg","Mixed Conifer - Eastside Dry",1
"4_41_63_80204",2,48,255,1984,731,1706010602,"17060105","OBM","RaMCONms_fcm_17060106","RaMCONms","RaMCONms_fcm",22,"fcm","RaMCONms","RaMCONms_fcm","Mixed Conifer - Eastside Mesic",3
"4_41_63_53132",2,47,250,2013,669,1706010503,"17060104","OBM","RaMCONms_fcm_17060105","RaMCONms","RaMCONms_fcm",22,"fcm","RaMCONms","RaMCONms_fcm","Mixed Conifer - Eastside Mesic",3
"4_41_63_68634",2,47,248,2013,1004,1706010501,"17060104","OBM","RaMCONms_fcm_17060105","RaMCONms","RaMCONms_fcm",22,"fcm","RaMCONms","RaMCONms_fcm","Mixed Conifer - Eastside Mesic",3
"4_41_63_88662",2,47,248,2013,766,1706010501,"17060104","OBM","RaMCONms_fcm_17060105","RaMCONms","RaMCONms_fcm",22,"fcm","RaMCONms","RaMCONms_fcm","Mixed Conifer - Eastside Mesic",3
"4_41_63_87772",2,47,248,2318,488,1706010501,"17060104","OBM","RaSPFI_fcd_OBM","RaSPFI","RaSPFI_fcd",9,"fcd","RaSPFI","RaSPFI_fcd","Spruce - Fir",4
"4_41_63_95446",2,47,248,2318,663,1706010501,"17060104","OBM","RaSPFI_fcd_OBM","RaSPFI","RaSPFI_fcd",9,"fcd","RaSPFI","RaSPFI_fcd","Spruce - Fir",4
"9_53_51_59975",12,5,11,1763,1839,1701021603,"17010215","WNE","Na1010471_frn_17010216","Na1010471","Na1010471_frn",39,"frn","Na1010471","Na1010471_frn","Northern Rocky Mountain Mesic Montane Mixed Conifer Forest",3
"4_41_63_69579",2,47,249,2033,166,1706010502,"17060104","OBM","RaSAWD_fsw_17060105","RaSAWD","RaSAWD_fsw",3,"fsw","RaSAWD","RaSAWD_fsw","Subalpine Woodland",3
"4_41_1_90439",2,42,224,2056,1667,1705020310,"17050202","OBM","RaMCONms_fcm_17050203","RaMCONms","RaMCONms_fcm",22,"fcm","RaMCONms","RaMCONms_fcm","Mixed Conifer - Eastside Mesic",3
"4_41_1_79116",2,42,224,2056,3140,1705020310,"17050202","OBM","RaMCONms_fcm_17050203","RaMCONms","RaMCONms_fcm",22,"fcm","RaMCONms","RaMCONms_fcm","Mixed Conifer - Eastside Mesic",3
"4_41_1_60062",2,42,224,2056,2709,1705020310,"17050202","OBM","RaMCONms_fcm_17050203","RaMCONms","RaMCONms_fcm",22,"fcm","RaMCONms","RaMCONms_fcm","Mixed Conifer - Eastside Mesic",3
"4_41_1_56676",2,42,224,571,2078,1705020310,"17050202","OBM","RaMCONdy_fdg_1705020310","RaMCONdy","RaMCONdy_fdg",23,"fdg","RaMCONdy","RaMCONdy_fdg","Mixed Conifer - Eastside Dry",1
"4_41_1_97993",2,42,224,578,1263,1705020310,"17050202","OBM","RaMCONdy_fdd_1705020310","RaMCONdy","RaMCONdy_fdd",42,"fdd","RaMCONdy","RaMCONdy_fdd","Mixed Conifer - Eastside Dry",1
"9_53_51_67454",12,4,8,1792,2233,1701021504,"17010214","WNE","Na1010471_frn_17010215","Na1010471","Na1010471_frn",39,"frn","Na1010471","Na1010471_frn","Northern Rocky Mountain Mesic Montane Mixed Conifer Forest",3
"4_41_1_74170",2,42,224,578,1012,1705020310,"17050202","OBM","RaMCONdy_fdd_1705020310","RaMCONdy","RaMCONdy_fdd",42,"fdd","RaMCONdy","RaMCONdy_fdd","Mixed Conifer - Eastside Dry",1
"4_41_1_65448",2,42,224,578,1530,1705020310,"17050202","OBM","RaMCONdy_fdd_1705020310","RaMCONdy","RaMCONdy_fdd",42,"fdd","RaMCONdy","RaMCONdy_fdd","Mixed Conifer - Eastside Dry",1
"4_41_1_84471",2,42,224,571,1328,1705020310,"17050202","OBM","RaMCONdy_fdg_1705020310","RaMCONdy","RaMCONdy_fdg",23,"fdg","RaMCONdy","RaMCONdy_fdg","Mixed Conifer - Eastside Dry",1
"9_53_51_63405",12,5,11,2283,968,1701021603,"17010215","WNE","RaSPFI_fcd_WNE","RaSPFI","RaSPFI_fcd",9,"fcd","RaSPFI","RaSPFI_fcd","Spruce - Fir",4
"9_53_51_65371",12,5,11,1763,975,1701021603,"17010215","WNE","Na1010471_frn_17010216","Na1010471","Na1010471_frn",39,"frn","Na1010471","Na1010471_frn","Northern Rocky Mountain Mesic Montane Mixed Conifer Forest",3
"9_53_51_60548",12,5,11,1763,1702,1701021603,"17010215","WNE","Na1010471_frn_17010216","Na1010471","Na1010471_frn",39,"frn","Na1010471","Na1010471_frn","Northern Rocky Mountain Mesic Montane Mixed Conifer Forest",3
"9_53_51_80601",12,5,10,1763,1181,1701021602,"17010215","WNE","Na1010471_frn_17010216","Na1010471","Na1010471_frn",39,"frn","Na1010471","Na1010471_frn","Northern Rocky Mountain Mesic Montane Mixed Conifer Forest",3
"9_53_51_94872",12,5,10,73,2044,1701021602,"17010215","WNE","RaMCONdy_fdd_1701021602","RaMCONdy","RaMCONdy_fdd",42,"fdd","RaMCONdy","RaMCONdy_fdd","Mixed Conifer - Eastside Dry",1
"9_53_51_86116",12,5,10,73,2188,1701021602,"17010215","WNE","RaMCONdy_fdd_1701021602","RaMCONdy","RaMCONdy_fdd",42,"fdd","RaMCONdy","RaMCONdy_fdd","Mixed Conifer - Eastside Dry",1
"9_53_51_64105",12,5,10,73,877,1701021602,"17010215","WNE","RaMCONdy_fdd_1701021602","RaMCONdy","RaMCONdy_fdd",42,"fdd","RaMCONdy","RaMCONdy_fdd","Mixed Conifer - Eastside Dry",1
"9_53_51_98992",12,5,10,73,2663,1701021602,"17010215","WNE","RaMCONdy_fdd_1701021602","RaMCONdy","RaMCONdy_fdd",42,"fdd","RaMCONdy","RaMCONdy_fdd","Mixed Conifer - Eastside Dry",1
"9_53_51_56947",12,5,10,73,2899,1701021602,"17010215","WNE","RaMCONdy_fdd_1701021602","RaMCONdy","RaMCONdy_fdd",42,"fdd","RaMCONdy","RaMCONdy_fdd","Mixed Conifer - Eastside Dry",1
"9_53_51_65746",12,5,12,1763,2122,1701021604,"17010215","WNE","Na1010471_frn_17010216","Na1010471","Na1010471_frn",39,"frn","Na1010471","Na1010471_frn","Northern Rocky Mountain Mesic Montane Mixed Conifer Forest",3
"9_53_63_61570",12,9,23,109,1711,1701030801,"17010307","WNE","RaMCONdy_fdd_1701030801","RaMCONdy","RaMCONdy_fdd",42,"fdd","RaMCONdy","RaMCONdy_fdd","Mixed Conifer - Eastside Dry",1
"9_53_51_51068",12,9,23,109,843,1701030801,"17010307","WNE","RaMCONdy_fdd_1701030801","RaMCONdy","RaMCONdy_fdd",42,"fdd","RaMCONdy","RaMCONdy_fdd","Mixed Conifer - Eastside Dry",1
"9_53_51_84669",12,5,12,1763,2731,1701021604,"17010215","WNE","Na1010471_frn_17010216","Na1010471","Na1010471_frn",39,"frn","Na1010471","Na1010471_frn","Northern Rocky Mountain Mesic Montane Mixed Conifer Forest",3
"9_53_63_99807",12,9,25,121,1315,1701030803,"17010307","WNE","RaMCONdy_fdd_1701030803","RaMCONdy","RaMCONdy_fdd",42,"fdd","RaMCONdy","RaMCONdy_fdd","Mixed Conifer - Eastside Dry",1
"9_53_63_79627",12,9,25,121,1443,1701030803,"17010307","WNE","RaMCONdy_fdd_1701030803","RaMCONdy","RaMCONdy_fdd",42,"fdd","RaMCONdy","RaMCONdy_fdd","Mixed Conifer - Eastside Dry",1
"9_53_63_86542",12,9,25,121,1312,1701030803,"17010307","WNE","RaMCONdy_fdd_1701030803","RaMCONdy","RaMCONdy_fdd",42,"fdd","RaMCONdy","RaMCONdy_fdd","Mixed Conifer - Eastside Dry",1
"9_53_51_63494",12,5,12,1763,3038,1701021604,"17010215","WNE","Na1010471_frn_17010216","Na1010471","Na1010471_frn",39,"frn","Na1010471","Na1010471_frn","Northern Rocky Mountain Mesic Montane Mixed Conifer Forest",3
"9_53_63_67480",12,6,16,152,1937,1701030504,"17010216","WNE","RaMCONdy_fdd_1701030504","RaMCONdy","RaMCONdy_fdd",42,"fdd","RaMCONdy","RaMCONdy_fdd","Mixed Conifer - Eastside Dry",1
"9_53_51_58392",12,5,12,1763,3140,1701021604,"17010215","WNE","Na1010471_frn_17010216","Na1010471","Na1010471_frn",39,"frn","Na1010471","Na1010471_frn","Northern Rocky Mountain Mesic Montane Mixed Conifer Forest",3
"9_53_51_85696",12,5,12,1763,2149,1701021604,"17010215","WNE","Na1010471_frn_17010216","Na1010471","Na1010471_frn",39,"frn","Na1010471","Na1010471_frn","Northern Rocky Mountain Mesic Montane Mixed Conifer Forest",3
"9_53_51_70927",12,4,7,1792,2930,1701021502,"17010214","WNE","Na1010471_frn_17010215","Na1010471","Na1010471_frn",39,"frn","Na1010471","Na1010471_frn","Northern Rocky Mountain Mesic Montane Mixed Conifer Forest",3
"9_53_3_50741",2,48,260,1984,1097,1706010607,"17060105","OBM","RaMCONms_fcm_17060106","RaMCONms","RaMCONms_fcm",22,"fcm","RaMCONms","RaMCONms_fcm","Mixed Conifer - Eastside Mesic",3
"4_41_63_72600",2,48,259,326,1702,1706010606,"17060105","OBM","RaMCONdy_fdd_1706010606","RaMCONdy","RaMCONdy_fdd",42,"fdd","RaMCONdy","RaMCONdy_fdd","Mixed Conifer - Eastside Dry",1
"4_41_63_74303",2,48,258,374,1176,1706010605,"17060105","OBM","RaMCONdy_fdd_1706010605","RaMCONdy","RaMCONdy_fdd",42,"fdd","RaMCONdy","RaMCONdy_fdd","Mixed Conifer - Eastside Dry",1
"4_41_63_94328",2,48,258,374,903,1706010605,"17060105","OBM","RaMCONdy_fdd_1706010605","RaMCONdy","RaMCONdy_fdd",42,"fdd","RaMCONdy","RaMCONdy_fdd","Mixed Conifer - Eastside Dry",1
"4_41_1_99936",2,42,224,2318,1049,1705020310,"17050202","OBM","RaSPFI_fcd_OBM","RaSPFI","RaSPFI_fcd",9,"fcd","RaSPFI","RaSPFI_fcd","Spruce - Fir",4
"4_41_1_58302",2,42,224,2318,665,1705020310,"17050202","OBM","RaSPFI_fcd_OBM","RaSPFI","RaSPFI_fcd",9,"fcd","RaSPFI","RaSPFI_fcd","Spruce - Fir",4
"4_41_1_54202",2,42,224,571,2451,1705020310,"17050202","OBM","RaMCONdy_fdg_1705020310","RaMCONdy","RaMCONdy_fdg",23,"fdg","RaMCONdy","RaMCONdy_fdg","Mixed Conifer - Eastside Dry",1
"4_41_1_78425",2,42,224,571,1194,1705020310,"17050202","OBM","RaMCONdy_fdg_1705020310","RaMCONdy","RaMCONdy_fdg",23,"fdg","RaMCONdy","RaMCONdy_fdg","Mixed Conifer - Eastside Dry",1
"4_41_1_60651",2,42,224,578,1547,1705020310,"17050202","OBM","RaMCONdy_fdd_1705020310","RaMCONdy","RaMCONdy_fdd",42,"fdd","RaMCONdy","RaMCONdy_fdd","Mixed Conifer - Eastside Dry",1
"9_53_51_98302",12,4,7,1792,2564,1701021502,"17010214","WNE","Na1010471_frn_17010215","Na1010471","Na1010471_frn",39,"frn","Na1010471","Na1010471_frn","Northern Rocky Mountain Mesic Montane Mixed Conifer Forest",3
"4_41_1_70101",2,42,224,578,1311,1705020310,"17050202","OBM","RaMCONdy_fdd_1705020310","RaMCONdy","RaMCONdy_fdd",42,"fdd","RaMCONdy","RaMCONdy_fdd","Mixed Conifer - Eastside Dry",1
"4_41_1_52250",2,42,224,578,962,1705020310,"17050202","OBM","RaMCONdy_fdd_1705020310","RaMCONdy","RaMCONdy_fdd",42,"fdd","RaMCONdy","RaMCONdy_fdd","Mixed Conifer - Eastside Dry",1
"9_53_51_64174",12,4,8,1792,513,1701021504,"17010214","WNE","Na1010471_frn_17010215","Na1010471","Na1010471_frn",39,"frn","Na1010471","Na1010471_frn","Northern Rocky Mountain Mesic Montane Mixed Conifer Forest",3
"9_53_51_68003",12,5,12,1763,2948,1701021604,"17010215","WNE","Na1010471_frn_17010216","Na1010471","Na1010471_frn",39,"frn","Na1010471","Na1010471_frn","Northern Rocky Mountain Mesic Montane Mixed Conifer Forest",3
"9_53_51_73991",12,5,12,1763,1102,1701021604,"17010215","WNE","Na1010471_frn_17010216","Na1010471","Na1010471_frn",39,"frn","Na1010471","Na1010471_frn","Northern Rocky Mountain Mesic Montane Mixed Conifer Forest",3
"9_53_51_92454",12,5,10,1763,2270,1701021602,"17010215","WNE","Na1010471_frn_17010216","Na1010471","Na1010471_frn",39,"frn","Na1010471","Na1010471_frn","Northern Rocky Mountain Mesic Montane Mixed Conifer Forest",3
"9_53_51_92988",12,5,10,73,1526,1701021602,"17010215","WNE","RaMCONdy_fdd_1701021602","RaMCONdy","RaMCONdy_fdd",42,"fdd","RaMCONdy","RaMCONdy_fdd","Mixed Conifer - Eastside Dry",1
"9_53_51_84803",12,5,10,73,2616,1701021602,"17010215","WNE","RaMCONdy_fdd_1701021602","RaMCONdy","RaMCONdy_fdd",42,"fdd","RaMCONdy","RaMCONdy_fdd","Mixed Conifer - Eastside Dry",1
"9_53_51_84031",12,5,10,73,2448,1701021602,"17010215","WNE","RaMCONdy_fdd_1701021602","RaMCONdy","RaMCONdy_fdd",42,"fdd","RaMCONdy","RaMCONdy_fdd","Mixed Conifer - Eastside Dry",1
"9_53_51_62312",12,5,10,73,1760,1701021602,"17010215","WNE","RaMCONdy_fdd_1701021602","RaMCONdy","RaMCONdy_fdd",42,"fdd","RaMCONdy","RaMCONdy_fdd","Mixed Conifer - Eastside Dry",1
"9_53_51_58003",12,9,23,109,2258,1701030801,"17010307","WNE","RaMCONdy_fdd_1701030801","RaMCONdy","RaMCONdy_fdd",42,"fdd","RaMCONdy","RaMCONdy_fdd","Mixed Conifer - Eastside Dry",1
"9_53_51_81831",12,5,12,1763,989,1701021604,"17010215","WNE","Na1010471_frn_17010216","Na1010471","Na1010471_frn",39,"frn","Na1010471","Na1010471_frn","Northern Rocky Mountain Mesic Montane Mixed Conifer Forest",3
"9_53_51_65562",12,9,23,109,2234,1701030801,"17010307","WNE","RaMCONdy_fdd_1701030801","RaMCONdy","RaMCONdy_fdd",42,"fdd","RaMCONdy","RaMCONdy_fdd","Mixed Conifer - Eastside Dry",1
"9_53_51_53632",12,9,23,109,1457,1701030801,"17010307","WNE","RaMCONdy_fdd_1701030801","RaMCONdy","RaMCONdy_fdd",42,"fdd","RaMCONdy","RaMCONdy_fdd","Mixed Conifer - Eastside Dry",1
"9_53_63_81804",12,9,23,109,1536,1701030801,"17010307","WNE","RaMCONdy_fdd_1701030801","RaMCONdy","RaMCONdy_fdd",42,"fdd","RaMCONdy","RaMCONdy_fdd","Mixed Conifer - Eastside Dry",1
"9_53_63_75791",12,9,23,109,1592,1701030801,"17010307","WNE","RaMCONdy_fdd_1701030801","RaMCONdy","RaMCONdy_fdd",42,"fdd","RaMCONdy","RaMCONdy_fdd","Mixed Conifer - Eastside Dry",1
"9_53_63_78005",12,9,25,1834,1454,1701030803,"17010307","WNE","Na1010471_frn_17010308","Na1010471","Na1010471_frn",39,"frn","Na1010471","Na1010471_frn","Northern Rocky Mountain Mesic Montane Mixed Conifer Forest",3
"9_53_51_55615",12,5,12,1763,3443,1701021604,"17010215","WNE","Na1010471_frn_17010216","Na1010471","Na1010471_frn",39,"frn","Na1010471","Na1010471_frn","Northern Rocky Mountain Mesic Montane Mixed Conifer Forest",3
"9_53_63_73345",12,9,25,1834,1263,1701030803,"17010307","WNE","Na1010471_frn_17010308","Na1010471","Na1010471_frn",39,"frn","Na1010471","Na1010471_frn","Northern Rocky Mountain Mesic Montane Mixed Conifer Forest",3
"9_53_63_65745",12,9,25,121,1359,1701030803,"17010307","WNE","RaMCONdy_fdd_1701030803","RaMCONdy","RaMCONdy_fdd",42,"fdd","RaMCONdy","RaMCONdy_fdd","Mixed Conifer - Eastside Dry",1
"9_53_63_92791",12,9,25,121,723,1701030803,"17010307","WNE","RaMCONdy_fdd_1701030803","RaMCONdy","RaMCONdy_fdd",42,"fdd","RaMCONdy","RaMCONdy_fdd","Mixed Conifer - Eastside Dry",1
"9_53_63_65959",12,6,15,137,1034,1701030503,"17010216","WNE","RaMCONdy_fdd_1701030503","RaMCONdy","RaMCONdy_fdd",42,"fdd","RaMCONdy","RaMCONdy_fdd","Mixed Conifer - Eastside Dry",1
"9_53_63_97339",12,6,16,152,1348,1701030504,"17010216","WNE","RaMCONdy_fdd_1701030504","RaMCONdy","RaMCONdy_fdd",42,"fdd","RaMCONdy","RaMCONdy_fdd","Mixed Conifer - Eastside Dry",1
"9_53_63_70841",12,6,16,152,69,1701030504,"17010216","WNE","RaMCONdy_fdd_1701030504","RaMCONdy","RaMCONdy_fdd",42,"fdd","RaMCONdy","RaMCONdy_fdd","Mixed Conifer - Eastside Dry",1
"9_53_63_51125",12,6,16,152,389,1701030504,"17010216","WNE","RaMCONdy_fdd_1701030504","RaMCONdy","RaMCONdy_fdd",42,"fdd","RaMCONdy","RaMCONdy_fdd","Mixed Conifer - Eastside Dry",1
"9_53_75_62722",8,50,270,211,620,1706010803,"17060107","WCB","RaPIPOm_fpd_1706010803","RaPIPOm","RaPIPOm_fpd",51,"fpd","RaPIPOm","RaPIPOm_fpd","Dry Ponderosa Pine - Mesic",1
"9_53_51_63457",12,4,7,1792,2723,1701021502,"17010214","WNE","Na1010471_frn_17010215","Na1010471","Na1010471_frn",39,"frn","Na1010471","Na1010471_frn","Northern Rocky Mountain Mesic Montane Mixed Conifer Forest",3
"9_53_51_64499",12,5,13,1763,1115,1701021609,"17010215","WNE","Na1010471_frn_17010216","Na1010471","Na1010471_frn",39,"frn","Na1010471","Na1010471_frn","Northern Rocky Mountain Mesic Montane Mixed Conifer Forest",3
"9_53_3_67551",2,45,235,280,165,1706010302,"17060102","OBM","RaMCONdy_fdd_1706010302","RaMCONdy","RaMCONdy_fdd",42,"fdd","RaMCONdy","RaMCONdy_fdd","Mixed Conifer - Eastside Dry",1
"9_53_3_85070",2,45,235,1967,2003,1706010302,"17060102","OBM","RaMCONms_fcm_17060103","RaMCONms","RaMCONms_fcm",22,"fcm","RaMCONms","RaMCONms_fcm","Mixed Conifer - Eastside Mesic",3
"4_41_63_81542",2,48,259,326,1316,1706010606,"17060105","OBM","RaMCONdy_fdd_1706010606","RaMCONdy","RaMCONdy_fdd",42,"fdd","RaMCONdy","RaMCONdy_fdd","Mixed Conifer - Eastside Dry",1
"4_41_63_58572",2,48,258,374,1321,1706010605,"17060105","OBM","RaMCONdy_fdd_1706010605","RaMCONdy","RaMCONdy_fdd",42,"fdd","RaMCONdy","RaMCONdy_fdd","Mixed Conifer - Eastside Dry",1
"4_41_63_51385",2,48,258,374,812,1706010605,"17060105","OBM","RaMCONdy_fdd_1706010605","RaMCONdy","RaMCONdy_fdd",42,"fdd","RaMCONdy","RaMCONdy_fdd","Mixed Conifer - Eastside Dry",1
"4_41_63_85759",2,48,258,374,1103,1706010605,"17060105","OBM","RaMCONdy_fdd_1706010605","RaMCONdy","RaMCONdy_fdd",42,"fdd","RaMCONdy","RaMCONdy_fdd","Mixed Conifer - Eastside Dry",1
"4_41_63_66932",2,48,258,374,1188,1706010605,"17060105","OBM","RaMCONdy_fdd_1706010605","RaMCONdy","RaMCONdy_fdd",42,"fdd","RaMCONdy","RaMCONdy_fdd","Mixed Conifer - Eastside Dry",1
"4_41_63_98375",2,48,258,374,1855,1706010605,"17060105","OBM","RaMCONdy_fdd_1706010605","RaMCONdy","RaMCONdy_fdd",42,"fdd","RaMCONdy","RaMCONdy_fdd","Mixed Conifer - Eastside Dry",1
"4_41_63_82962",2,48,258,374,1008,1706010605,"17060105","OBM","RaMCONdy_fdd_1706010605","RaMCONdy","RaMCONdy_fdd",42,"fdd","RaMCONdy","RaMCONdy_fdd","Mixed Conifer - Eastside Dry",1
"4_41_63_67924",2,48,258,374,975,1706010605,"17060105","OBM","RaMCONdy_fdd_1706010605","RaMCONdy","RaMCONdy_fdd",42,"fdd","RaMCONdy","RaMCONdy_fdd","Mixed Conifer - Eastside Dry",1
"4_41_63_97331",2,48,258,374,991,1706010605,"17060105","OBM","RaMCONdy_fdd_1706010605","RaMCONdy","RaMCONdy_fdd",42,"fdd","RaMCONdy","RaMCONdy_fdd","Mixed Conifer - Eastside Dry",1
"4_41_63_72768",2,48,258,374,1227,1706010605,"17060105","OBM","RaMCONdy_fdd_1706010605","RaMCONdy","RaMCONdy_fdd",42,"fdd","RaMCONdy","RaMCONdy_fdd","Mixed Conifer - Eastside Dry",1
"4_41_63_85252",2,47,248,2013,2467,1706010501,"17060104","OBM","RaMCONms_fcm_17060105","RaMCONms","RaMCONms_fcm",22,"fcm","RaMCONms","RaMCONms_fcm","Mixed Conifer - Eastside Mesic",3
"4_41_63_60989",2,47,248,2013,967,1706010501,"17060104","OBM","RaMCONms_fcm_17060105","RaMCONms","RaMCONms_fcm",22,"fcm","RaMCONms","RaMCONms_fcm","Mixed Conifer - Eastside Mesic",3
"4_41_63_85725",2,47,248,2013,832,1706010501,"17060104","OBM","RaMCONms_fcm_17060105","RaMCONms","RaMCONms_fcm",22,"fcm","RaMCONms","RaMCONms_fcm","Mixed Conifer - Eastside Mesic",3
"9_53_51_58416",12,4,7,1792,1873,1701021502,"17010214","WNE","Na1010471_frn_17010215","Na1010471","Na1010471_frn",39,"frn","Na1010471","Na1010471_frn","Northern Rocky Mountain Mesic Montane Mixed Conifer Forest",3
"4_41_63_77197",2,47,248,2318,629,1706010501,"17060104","OBM","RaSPFI_fcd_OBM","RaSPFI","RaSPFI_fcd",9,"fcd","RaSPFI","RaSPFI_fcd","Spruce - Fir",4
"4_41_63_68005",2,44,229,2318,1562,1706010201,"17060101","OBM","RaSPFI_fcd_OBM","RaSPFI","RaSPFI_fcd",9,"fcd","RaSPFI","RaSPFI_fcd","Spruce - Fir",4
"4_41_1_67069",2,44,229,2318,863,1706010201,"17060101","OBM","RaSPFI_fcd_OBM","RaSPFI","RaSPFI_fcd",9,"fcd","RaSPFI","RaSPFI_fcd","Spruce - Fir",4
"4_41_1_57076",2,42,224,2318,2131,1705020310,"17050202","OBM","RaSPFI_fcd_OBM","RaSPFI","RaSPFI_fcd",9,"fcd","RaSPFI","RaSPFI_fcd","Spruce - Fir",4
"4_41_1_96580",2,42,224,571,1805,1705020310,"17050202","OBM","RaMCONdy_fdg_1705020310","RaMCONdy","RaMCONdy_fdg",23,"fdg","RaMCONdy","RaMCONdy_fdg","Mixed Conifer - Eastside Dry",1
"9_53_51_51876",12,4,7,1792,2377,1701021502,"17010214","WNE","Na1010471_frn_17010215","Na1010471","Na1010471_frn",39,"frn","Na1010471","Na1010471_frn","Northern Rocky Mountain Mesic Montane Mixed Conifer Forest",3
"4_41_1_77149",2,42,225,661,654,1705020311,"17050202","OBM","RaMCONdy_fdd_1705020311","RaMCONdy","RaMCONdy_fdd",42,"fdd","RaMCONdy","RaMCONdy_fdd","Mixed Conifer - Eastside Dry",1
"9_53_51_77566",12,4,8,1792,2571,1701021504,"17010214","WNE","Na1010471_frn_17010215","Na1010471","Na1010471_frn",39,"frn","Na1010471","Na1010471_frn","Northern Rocky Mountain Mesic Montane Mixed Conifer Forest",3
"9_53_51_76649",12,4,8,1792,2488,1701021504,"17010214","WNE","Na1010471_frn_17010215","Na1010471","Na1010471_frn",39,"frn","Na1010471","Na1010471_frn","Northern Rocky Mountain Mesic Montane Mixed Conifer Forest",3
"9_53_51_91217",12,4,8,1792,2016,1701021504,"17010214","WNE","Na1010471_frn_17010215","Na1010471","Na1010471_frn",39,"frn","Na1010471","Na1010471_frn","Northern Rocky Mountain Mesic Montane Mixed Conifer Forest",3
"9_53_51_89790",12,5,10,73,1543,1701021602,"17010215","WNE","RaMCONdy_fdd_1701021602","RaMCONdy","RaMCONdy_fdd",42,"fdd","RaMCONdy","RaMCONdy_fdd","Mixed Conifer - Eastside Dry",1
"9_53_51_54723",12,5,10,73,1572,1701021602,"17010215","WNE","RaMCONdy_fdd_1701021602","RaMCONdy","RaMCONdy_fdd",42,"fdd","RaMCONdy","RaMCONdy_fdd","Mixed Conifer - Eastside Dry",1
"9_53_51_83023",12,5,10,73,1340,1701021602,"17010215","WNE","RaMCONdy_fdd_1701021602","RaMCONdy","RaMCONdy_fdd",42,"fdd","RaMCONdy","RaMCONdy_fdd","Mixed Conifer - Eastside Dry",1
"9_53_51_86336",12,5,10,73,1639,1701021602,"17010215","WNE","RaMCONdy_fdd_1701021602","RaMCONdy","RaMCONdy_fdd",42,"fdd","RaMCONdy","RaMCONdy_fdd","Mixed Conifer - Eastside Dry",1
"9_53_51_93210",12,5,10,1763,654,1701021602,"17010215","WNE","Na1010471_frn_17010216","Na1010471","Na1010471_frn",39,"frn","Na1010471","Na1010471_frn","Northern Rocky Mountain Mesic Montane Mixed Conifer Forest",3
"9_53_51_53990",12,5,10,73,1890,1701021602,"17010215","WNE","RaMCONdy_fdd_1701021602","RaMCONdy","RaMCONdy_fdd",42,"fdd","RaMCONdy","RaMCONdy_fdd","Mixed Conifer - Eastside Dry",1
"9_53_51_56052",12,9,23,109,2700,1701030801,"17010307","WNE","RaMCONdy_fdd_1701030801","RaMCONdy","RaMCONdy_fdd",42,"fdd","RaMCONdy","RaMCONdy_fdd","Mixed Conifer - Eastside Dry",1
"9_53_51_60229",12,3,6,117,1794,1701021405,"16040205","WNE","RaMCONdy_fdd_1701021405","RaMCONdy","RaMCONdy_fdd",42,"fdd","RaMCONdy","RaMCONdy_fdd","Mixed Conifer - Eastside Dry",1
"9_53_63_65928",12,3,6,1850,2558,1701021405,"16040205","WNE","Na1010471_frn_17010214","Na1010471","Na1010471_frn",39,"frn","Na1010471","Na1010471_frn","Northern Rocky Mountain Mesic Montane Mixed Conifer Forest",3
"9_53_63_52715",12,6,15,1875,1291,1701030503,"17010216","WNE","Na1010471_frn_17010305","Na1010471","Na1010471_frn",39,"frn","Na1010471","Na1010471_frn","Northern Rocky Mountain Mesic Montane Mixed Conifer Forest",3
"9_53_63_94817",12,6,16,152,1492,1701030504,"17010216","WNE","RaMCONdy_fdd_1701030504","RaMCONdy","RaMCONdy_fdd",42,"fdd","RaMCONdy","RaMCONdy_fdd","Mixed Conifer - Eastside Dry",1
"9_53_63_55671",8,7,17,172,603,1701030602,"17010305","WCB","RaMCONdy_fmd_1701030602","RaMCONdy","RaMCONdy_fmd",28,"fmd","RaMCONdy","RaMCONdy_fmd","Mixed Conifer - Eastside Dry",1
"9_53_63_56091",8,7,17,167,35,1701030602,"17010305","WCB","RaPIPOm_fpd_1701030602","RaPIPOm","RaPIPOm_fpd",51,"fpd","RaPIPOm","RaPIPOm_fpd","Dry Ponderosa Pine - Mesic",1
"9_53_51_54114",12,5,12,1763,2478,1701021604,"17010215","WNE","Na1010471_frn_17010216","Na1010471","Na1010471_frn",39,"frn","Na1010471","Na1010471_frn","Northern Rocky Mountain Mesic Montane Mixed Conifer Forest",3
"9_53_51_85296",12,4,7,1792,1681,1701021502,"17010214","WNE","Na1010471_frn_17010215","Na1010471","Na1010471_frn",39,"frn","Na1010471","Na1010471_frn","Northern Rocky Mountain Mesic Montane Mixed Conifer Forest",3
"9_53_3_84782",2,45,236,1967,1183,1706010303,"17060102","OBM","RaMCONms_fcm_17060103","RaMCONms","RaMCONms_fcm",22,"fcm","RaMCONms","RaMCONms_fcm","Mixed Conifer - Eastside Mesic",3
"9_53_51_56582",12,4,7,1792,828,1701021502,"17010214","WNE","Na1010471_frn_17010215","Na1010471","Na1010471_frn",39,"frn","Na1010471","Na1010471_frn","Northern Rocky Mountain Mesic Montane Mixed Conifer Forest",3
"4_41_63_92846",2,48,259,326,284,1706010606,"17060105","OBM","RaMCONdy_fdd_1706010606","RaMCONdy","RaMCONdy_fdd",42,"fdd","RaMCONdy","RaMCONdy_fdd","Mixed Conifer - Eastside Dry",1
"4_41_63_51275",2,48,259,326,1356,1706010606,"17060105","OBM","RaMCONdy_fdd_1706010606","RaMCONdy","RaMCONdy_fdd",42,"fdd","RaMCONdy","RaMCONdy_fdd","Mixed Conifer - Eastside Dry",1
"4_41_63_59860",2,48,258,374,720,1706010605,"17060105","OBM","RaMCONdy_fdd_1706010605","RaMCONdy","RaMCONdy_fdd",42,"fdd","RaMCONdy","RaMCONdy_fdd","Mixed Conifer - Eastside Dry",1
"4_41_63_95520",2,48,258,374,1369,1706010605,"17060105","OBM","RaMCONdy_fdd_1706010605","RaMCONdy","RaMCONdy_fdd",42,"fdd","RaMCONdy","RaMCONdy_fdd","Mixed Conifer - Eastside Dry",1
"4_41_63_81487",2,48,258,373,1511,1706010605,"17060105","OBM","RaPIPOm_fdp_1706010605","RaPIPOm","RaPIPOm_fdp",52,"fdp","RaPIPOm","RaPIPOm_fdp","Dry Ponderosa Pine - Mesic",1
"4_41_63_90379",2,48,258,374,738,1706010605,"17060105","OBM","RaMCONdy_fdd_1706010605","RaMCONdy","RaMCONdy_fdd",42,"fdd","RaMCONdy","RaMCONdy_fdd","Mixed Conifer - Eastside Dry",1
"4_41_63_86800",2,47,248,435,496,1706010501,"17060104","OBM","RaMCONdy_fdd_1706010501","RaMCONdy","RaMCONdy_fdd",42,"fdd","RaMCONdy","RaMCONdy_fdd","Mixed Conifer - Eastside Dry",1
"4_41_63_87237",2,47,248,2013,2211,1706010501,"17060104","OBM","RaMCONms_fcm_17060105","RaMCONms","RaMCONms_fcm",22,"fcm","RaMCONms","RaMCONms_fcm","Mixed Conifer - Eastside Mesic",3
"4_41_1_75669",2,40,205,2051,1909,1705020106,"17050119","OBM","RaMCONms_fcm_17050201","RaMCONms","RaMCONms_fcm",22,"fcm","RaMCONms","RaMCONms_fcm","Mixed Conifer - Eastside Mesic",3
"4_41_1_78134",2,40,205,2051,1000,1705020106,"17050119","OBM","RaMCONms_fcm_17050201","RaMCONms","RaMCONms_fcm",22,"fcm","RaMCONms","RaMCONms_fcm","Mixed Conifer - Eastside Mesic",3
"4_41_1_84255",2,42,224,571,1352,1705020310,"17050202","OBM","RaMCONdy_fdg_1705020310","RaMCONdy","RaMCONdy_fdg",23,"fdg","RaMCONdy","RaMCONdy_fdg","Mixed Conifer - Eastside Dry",1
"4_41_1_77648",2,40,205,569,1214,1705020106,"17050119","OBM","RaMCONdy_fdg_1705020106","RaMCONdy","RaMCONdy_fdg",23,"fdg","RaMCONdy","RaMCONdy_fdg","Mixed Conifer - Eastside Dry",1
"4_41_1_88467",2,42,224,571,1380,1705020310,"17050202","OBM","RaMCONdy_fdg_1705020310","RaMCONdy","RaMCONdy_fdg",23,"fdg","RaMCONdy","RaMCONdy_fdg","Mixed Conifer - Eastside Dry",1
"4_41_1_72314",2,42,224,571,1241,1705020310,"17050202","OBM","RaMCONdy_fdg_1705020310","RaMCONdy","RaMCONdy_fdg",23,"fdg","RaMCONdy","RaMCONdy_fdg","Mixed Conifer - Eastside Dry",1
"4_41_1_88308",2,42,224,571,1644,1705020310,"17050202","OBM","RaMCONdy_fdg_1705020310","RaMCONdy","RaMCONdy_fdg",23,"fdg","RaMCONdy","RaMCONdy_fdg","Mixed Conifer - Eastside Dry",1
"4_41_1_90274",2,40,204,736,522,1705020103,"17050119","OBM","RaMCONdy_fdd_1705020103","RaMCONdy","RaMCONdy_fdd",42,"fdd","RaMCONdy","RaMCONdy_fdd","Mixed Conifer - Eastside Dry",1
"9_53_51_68873",12,5,10,73,1358,1701021602,"17010215","WNE","RaMCONdy_fdd_1701021602","RaMCONdy","RaMCONdy_fdd",42,"fdd","RaMCONdy","RaMCONdy_fdd","Mixed Conifer - Eastside Dry",1
"9_53_51_59374",12,5,10,73,1200,1701021602,"17010215","WNE","RaMCONdy_fdd_1701021602","RaMCONdy","RaMCONdy_fdd",42,"fdd","RaMCONdy","RaMCONdy_fdd","Mixed Conifer - Eastside Dry",1
"9_53_51_79286",12,9,23,109,1439,1701030801,"17010307","WNE","RaMCONdy_fdd_1701030801","RaMCONdy","RaMCONdy_fdd",42,"fdd","RaMCONdy","RaMCONdy_fdd","Mixed Conifer - Eastside Dry",1
"9_53_63_73037",12,3,6,117,1308,1701021405,"16040205","WNE","RaMCONdy_fdd_1701021405","RaMCONdy","RaMCONdy_fdd",42,"fdd","RaMCONdy","RaMCONdy_fdd","Mixed Conifer - Eastside Dry",1
"9_53_63_53085",12,3,6,1850,2165,1701021405,"16040205","WNE","Na1010471_frn_17010214","Na1010471","Na1010471_frn",39,"frn","Na1010471","Na1010471_frn","Northern Rocky Mountain Mesic Montane Mixed Conifer Forest",3
"9_53_63_61450",12,6,15,137,999,1701030503,"17010216","WNE","RaMCONdy_fdd_1701030503","RaMCONdy","RaMCONdy_fdd",42,"fdd","RaMCONdy","RaMCONdy_fdd","Mixed Conifer - Eastside Dry",1
"9_53_63_71685",12,6,15,137,1632,1701030503,"17010216","WNE","RaMCONdy_fdd_1701030503","RaMCONdy","RaMCONdy_fdd",42,"fdd","RaMCONdy","RaMCONdy_fdd","Mixed Conifer - Eastside Dry",1
"9_53_63_95901",12,6,15,137,1062,1701030503,"17010216","WNE","RaMCONdy_fdd_1701030503","RaMCONdy","RaMCONdy_fdd",42,"fdd","RaMCONdy","RaMCONdy_fdd","Mixed Conifer - Eastside Dry",1
"9_53_63_75359",12,6,16,152,1613,1701030504,"17010216","WNE","RaMCONdy_fdd_1701030504","RaMCONdy","RaMCONdy_fdd",42,"fdd","RaMCONdy","RaMCONdy_fdd","Mixed Conifer - Eastside Dry",1
"4_41_63_62151",2,48,259,1984,569,1706010606,"17060105","OBM","RaMCONms_fcm_17060106","RaMCONms","RaMCONms_fcm",22,"fcm","RaMCONms","RaMCONms_fcm","Mixed Conifer - Eastside Mesic",3
"4_41_63_78106",2,48,259,326,775,1706010606,"17060105","OBM","RaMCONdy_fdd_1706010606","RaMCONdy","RaMCONdy_fdd",42,"fdd","RaMCONdy","RaMCONdy_fdd","Mixed Conifer - Eastside Dry",1
"4_41_63_73994",2,48,259,1984,1796,1706010606,"17060105","OBM","RaMCONms_fcm_17060106","RaMCONms","RaMCONms_fcm",22,"fcm","RaMCONms","RaMCONms_fcm","Mixed Conifer - Eastside Mesic",3
"4_41_63_74795",2,48,258,1984,610,1706010605,"17060105","OBM","RaMCONms_fcm_17060106","RaMCONms","RaMCONms_fcm",22,"fcm","RaMCONms","RaMCONms_fcm","Mixed Conifer - Eastside Mesic",3
"4_41_63_85493",2,48,258,374,598,1706010605,"17060105","OBM","RaMCONdy_fdd_1706010605","RaMCONdy","RaMCONdy_fdd",42,"fdd","RaMCONdy","RaMCONdy_fdd","Mixed Conifer - Eastside Dry",1
"4_41_63_87958",2,48,258,374,968,1706010605,"17060105","OBM","RaMCONdy_fdd_1706010605","RaMCONdy","RaMCONdy_fdd",42,"fdd","RaMCONdy","RaMCONdy_fdd","Mixed Conifer - Eastside Dry",1
"4_41_63_83921",2,48,258,374,692,1706010605,"17060105","OBM","RaMCONdy_fdd_1706010605","RaMCONdy","RaMCONdy_fdd",42,"fdd","RaMCONdy","RaMCONdy_fdd","Mixed Conifer - Eastside Dry",1
"4_41_63_76752",2,47,248,2013,1366,1706010501,"17060104","OBM","RaMCONms_fcm_17060105","RaMCONms","RaMCONms_fcm",22,"fcm","RaMCONms","RaMCONms_fcm","Mixed Conifer - Eastside Mesic",3
"4_41_63_76757",2,47,248,2033,810,1706010501,"17060104","OBM","RaSAWD_fsw_17060105","RaSAWD","RaSAWD_fsw",3,"fsw","RaSAWD","RaSAWD_fsw","Subalpine Woodland",3
"4_41_63_87950",2,44,229,2318,2225,1706010201,"17060101","OBM","RaSPFI_fcd_OBM","RaSPFI","RaSPFI_fcd",9,"fcd","RaSPFI","RaSPFI_fcd","Spruce - Fir",4
"4_41_1_74149",2,40,205,2318,969,1705020106,"17050119","OBM","RaSPFI_fcd_OBM","RaSPFI","RaSPFI_fcd",9,"fcd","RaSPFI","RaSPFI_fcd","Spruce - Fir",4
"4_41_1_52764",2,40,205,2318,686,1705020106,"17050119","OBM","RaSPFI_fcd_OBM","RaSPFI","RaSPFI_fcd",9,"fcd","RaSPFI","RaSPFI_fcd","Spruce - Fir",4
"4_41_1_88059",2,40,205,2318,934,1705020106,"17050119","OBM","RaSPFI_fcd_OBM","RaSPFI","RaSPFI_fcd",9,"fcd","RaSPFI","RaSPFI_fcd","Spruce - Fir",4
"4_41_1_91729",2,40,205,2318,648,1705020106,"17050119","OBM","RaSPFI_fcd_OBM","RaSPFI","RaSPFI_fcd",9,"fcd","RaSPFI","RaSPFI_fcd","Spruce - Fir",4
"4_41_1_85315",2,40,205,2051,1038,1705020106,"17050119","OBM","RaMCONms_fcm_17050201","RaMCONms","RaMCONms_fcm",22,"fcm","RaMCONms","RaMCONms_fcm","Mixed Conifer - Eastside Mesic",3
"4_41_1_74547",2,40,205,569,1344,1705020106,"17050119","OBM","RaMCONdy_fdg_1705020106","RaMCONdy","RaMCONdy_fdg",23,"fdg","RaMCONdy","RaMCONdy_fdg","Mixed Conifer - Eastside Dry",1
"4_41_1_90222",2,40,205,569,2044,1705020106,"17050119","OBM","RaMCONdy_fdg_1705020106","RaMCONdy","RaMCONdy_fdg",23,"fdg","RaMCONdy","RaMCONdy_fdg","Mixed Conifer - Eastside Dry",1
"4_41_1_62308",2,40,205,565,1993,1705020106,"17050119","OBM","RaMCONdy_fdd_1705020106","RaMCONdy","RaMCONdy_fdd",42,"fdd","RaMCONdy","RaMCONdy_fdd","Mixed Conifer - Eastside Dry",1
"4_41_1_74893",2,42,224,571,785,1705020310,"17050202","OBM","RaMCONdy_fdg_1705020310","RaMCONdy","RaMCONdy_fdg",23,"fdg","RaMCONdy","RaMCONdy_fdg","Mixed Conifer - Eastside Dry",1
"9_53_75_61566",8,7,17,1887,239,1701030602,"17010305","WCB","RaMCONms_fmm_17010306","RaMCONms","RaMCONms_fmm",27,"fmm","RaMCONms","RaMCONms_fmm","Mixed Conifer - Eastside Mesic",3
"4_41_63_92324",2,48,259,326,614,1706010606,"17060105","OBM","RaMCONdy_fdd_1706010606","RaMCONdy","RaMCONdy_fdd",42,"fdd","RaMCONdy","RaMCONdy_fdd","Mixed Conifer - Eastside Dry",1
"4_41_63_90347",2,48,259,1984,1537,1706010606,"17060105","OBM","RaMCONms_fcm_17060106","RaMCONms","RaMCONms_fcm",22,"fcm","RaMCONms","RaMCONms_fcm","Mixed Conifer - Eastside Mesic",3
"4_41_63_67944",2,48,257,1984,992,1706010604,"17060105","OBM","RaMCONms_fcm_17060106","RaMCONms","RaMCONms_fcm",22,"fcm","RaMCONms","RaMCONms_fcm","Mixed Conifer - Eastside Mesic",3
"4_41_63_93382",2,48,257,1984,1544,1706010604,"17060105","OBM","RaMCONms_fcm_17060106","RaMCONms","RaMCONms_fcm",22,"fcm","RaMCONms","RaMCONms_fcm","Mixed Conifer - Eastside Mesic",3
"4_41_63_77643",2,48,257,368,1337,1706010604,"17060105","OBM","RaMCONdy_fdd_1706010604","RaMCONdy","RaMCONdy_fdd",42,"fdd","RaMCONdy","RaMCONdy_fdd","Mixed Conifer - Eastside Dry",1
"4_41_63_80047",2,48,257,368,1916,1706010604,"17060105","OBM","RaMCONdy_fdd_1706010604","RaMCONdy","RaMCONdy_fdd",42,"fdd","RaMCONdy","RaMCONdy_fdd","Mixed Conifer - Eastside Dry",1
"4_41_63_79038",2,48,257,368,622,1706010604,"17060105","OBM","RaMCONdy_fdd_1706010604","RaMCONdy","RaMCONdy_fdd",42,"fdd","RaMCONdy","RaMCONdy_fdd","Mixed Conifer - Eastside Dry",1
"4_41_63_84704",2,44,232,2318,980,1706010204,"17060101","OBM","RaSPFI_fcd_OBM","RaSPFI","RaSPFI_fcd",9,"fcd","RaSPFI","RaSPFI_fcd","Spruce - Fir",4
"4_41_63_92828",2,44,232,2318,631,1706010204,"17060101","OBM","RaSPFI_fcd_OBM","RaSPFI","RaSPFI_fcd",9,"fcd","RaSPFI","RaSPFI_fcd","Spruce - Fir",4
"4_41_63_99542",2,44,232,2318,968,1706010204,"17060101","OBM","RaSPFI_fcd_OBM","RaSPFI","RaSPFI_fcd",9,"fcd","RaSPFI","RaSPFI_fcd","Spruce - Fir",4
"4_41_63_68060",2,44,231,2318,1107,1706010203,"17060101","OBM","RaSPFI_fcd_OBM","RaSPFI","RaSPFI_fcd",9,"fcd","RaSPFI","RaSPFI_fcd","Spruce - Fir",4
"4_41_1_50587",2,40,205,2318,1605,1705020106,"17050119","OBM","RaSPFI_fcd_OBM","RaSPFI","RaSPFI_fcd",9,"fcd","RaSPFI","RaSPFI_fcd","Spruce - Fir",4
"4_41_1_75572",2,40,205,2318,1174,1705020106,"17050119","OBM","RaSPFI_fcd_OBM","RaSPFI","RaSPFI_fcd",9,"fcd","RaSPFI","RaSPFI_fcd","Spruce - Fir",4
"4_41_1_57102",2,40,205,2051,1176,1705020106,"17050119","OBM","RaMCONms_fcm_17050201","RaMCONms","RaMCONms_fcm",22,"fcm","RaMCONms","RaMCONms_fcm","Mixed Conifer - Eastside Mesic",3
"4_41_1_96172",2,40,205,2051,1741,1705020106,"17050119","OBM","RaMCONms_fcm_17050201","RaMCONms","RaMCONms_fcm",22,"fcm","RaMCONms","RaMCONms_fcm","Mixed Conifer - Eastside Mesic",3
"4_41_1_69826",2,40,205,569,1116,1705020106,"17050119","OBM","RaMCONdy_fdg_1705020106","RaMCONdy","RaMCONdy_fdg",23,"fdg","RaMCONdy","RaMCONdy_fdg","Mixed Conifer - Eastside Dry",1
"4_41_63_89086",2,48,259,326,417,1706010606,"17060105","OBM","RaMCONdy_fdd_1706010606","RaMCONdy","RaMCONdy_fdd",42,"fdd","RaMCONdy","RaMCONdy_fdd","Mixed Conifer - Eastside Dry",1
"4_41_63_81347",2,48,259,1984,721,1706010606,"17060105","OBM","RaMCONms_fcm_17060106","RaMCONms","RaMCONms_fcm",22,"fcm","RaMCONms","RaMCONms_fcm","Mixed Conifer - Eastside Mesic",3
"4_41_63_50807",2,48,259,1984,1134,1706010606,"17060105","OBM","RaMCONms_fcm_17060106","RaMCONms","RaMCONms_fcm",22,"fcm","RaMCONms","RaMCONms_fcm","Mixed Conifer - Eastside Mesic",3
"4_41_63_63310",2,48,259,326,1372,1706010606,"17060105","OBM","RaMCONdy_fdd_1706010606","RaMCONdy","RaMCONdy_fdd",42,"fdd","RaMCONdy","RaMCONdy_fdd","Mixed Conifer - Eastside Dry",1
"4_41_63_59471",2,48,257,1984,875,1706010604,"17060105","OBM","RaMCONms_fcm_17060106","RaMCONms","RaMCONms_fcm",22,"fcm","RaMCONms","RaMCONms_fcm","Mixed Conifer - Eastside Mesic",3
"4_41_63_86192",2,48,257,1984,1376,1706010604,"17060105","OBM","RaMCONms_fcm_17060106","RaMCONms","RaMCONms_fcm",22,"fcm","RaMCONms","RaMCONms_fcm","Mixed Conifer - Eastside Mesic",3
"4_41_63_98044",2,48,257,368,1553,1706010604,"17060105","OBM","RaMCONdy_fdd_1706010604","RaMCONdy","RaMCONdy_fdd",42,"fdd","RaMCONdy","RaMCONdy_fdd","Mixed Conifer - Eastside Dry",1
"4_41_63_63128",2,48,257,368,1760,1706010604,"17060105","OBM","RaMCONdy_fdd_1706010604","RaMCONdy","RaMCONdy_fdd",42,"fdd","RaMCONdy","RaMCONdy_fdd","Mixed Conifer - Eastside Dry",1
"4_41_63_54898",2,44,232,2003,846,1706010204,"17060101","OBM","RaMCONms_fcm_17060102","RaMCONms","RaMCONms_fcm",22,"fcm","RaMCONms","RaMCONms_fcm","Mixed Conifer - Eastside Mesic",3
"4_41_63_86987",2,44,232,2003,586,1706010204,"17060101","OBM","RaMCONms_fcm_17060102","RaMCONms","RaMCONms_fcm",22,"fcm","RaMCONms","RaMCONms_fcm","Mixed Conifer - Eastside Mesic",3
"4_41_63_93664",2,44,231,2318,586,1706010203,"17060101","OBM","RaSPFI_fcd_OBM","RaSPFI","RaSPFI_fcd",9,"fcd","RaSPFI","RaSPFI_fcd","Spruce - Fir",4
"4_41_63_79736",2,44,231,2318,2472,1706010203,"17060101","OBM","RaSPFI_fcd_OBM","RaSPFI","RaSPFI_fcd",9,"fcd","RaSPFI","RaSPFI_fcd","Spruce - Fir",4
"4_41_63_87125",2,44,229,2318,834,1706010201,"17060101","OBM","RaSPFI_fcd_OBM","RaSPFI","RaSPFI_fcd",9,"fcd","RaSPFI","RaSPFI_fcd","Spruce - Fir",4
"4_41_63_95923",2,44,229,2318,2390,1706010201,"17060101","OBM","RaSPFI_fcd_OBM","RaSPFI","RaSPFI_fcd",9,"fcd","RaSPFI","RaSPFI_fcd","Spruce - Fir",4
"4_41_1_93754",2,40,205,2318,1469,1705020106,"17050119","OBM","RaSPFI_fcd_OBM","RaSPFI","RaSPFI_fcd",9,"fcd","RaSPFI","RaSPFI_fcd","Spruce - Fir",4
"4_41_1_90490",2,40,205,569,1293,1705020106,"17050119","OBM","RaMCONdy_fdg_1705020106","RaMCONdy","RaMCONdy_fdg",23,"fdg","RaMCONdy","RaMCONdy_fdg","Mixed Conifer - Eastside Dry",1
"4_41_1_70990",2,40,205,2318,2495,1705020106,"17050119","OBM","RaSPFI_fcd_OBM","RaSPFI","RaSPFI_fcd",9,"fcd","RaSPFI","RaSPFI_fcd","Spruce - Fir",4
"4_41_1_68026",2,40,205,569,819,1705020106,"17050119","OBM","RaMCONdy_fdg_1705020106","RaMCONdy","RaMCONdy_fdg",23,"fdg","RaMCONdy","RaMCONdy_fdg","Mixed Conifer - Eastside Dry",1
"4_41_1_75679",2,40,205,565,1931,1705020106,"17050119","OBM","RaMCONdy_fdd_1705020106","RaMCONdy","RaMCONdy_fdd",42,"fdd","RaMCONdy","RaMCONdy_fdd","Mixed Conifer - Eastside Dry",1
"4_41_1_71797",2,40,205,569,1319,1705020106,"17050119","OBM","RaMCONdy_fdg_1705020106","RaMCONdy","RaMCONdy_fdg",23,"fdg","RaMCONdy","RaMCONdy_fdg","Mixed Conifer - Eastside Dry",1
"0_41_57_76451",3,108,608,2314,40,1710020309,"17100202","OCR","RaSSHE_fss_OCR","RaSSHE","RaSSHE_fss",60,"fss","RaSSHE","RaSSHE_fss","Sitka Spruce - Western Hemlock",5
"0_41_57_71738",3,108,608,2314,1491,1710020309,"17100202","OCR","RaSSHE_fss_OCR","RaSSHE","RaSSHE_fss",60,"fss","RaSSHE","RaSSHE_fss","Sitka Spruce - Western Hemlock",5
"0_41_57_57022",3,109,616,2314,1329,1710020408,"17100203","OCR","RaSSHE_fss_OCR","RaSSHE","RaSSHE_fss",60,"fss","RaSSHE","RaSSHE_fss","Sitka Spruce - Western Hemlock",5
"1_41_41_64447",3,109,615,2315,1287,1710020407,"17100203","OCR","RaDFHEwt_fwn_OCR","RaDFHEwt","RaDFHEwt_fwn",32,"fwn","RaDFHEwt","RaDFHEwt_fwn","Douglas-fir Hemlock-Wet Mesic",5
"1_41_41_87201",3,109,615,2316,1578,1710020407,"17100203","OCR","RaDFHEwt_fww_OCR","RaDFHEwt","RaDFHEwt_fww",34,"fww","RaDFHEwt","RaDFHEwt_fww","Douglas-fir Hemlock-Wet Mesic",5
"1_41_41_50072",3,109,615,2314,609,1710020407,"17100203","OCR","RaSSHE_fss_OCR","RaSSHE","RaSSHE_fss",60,"fss","RaSSHE","RaSSHE_fss","Sitka Spruce - Western Hemlock",5
"1_41_41_93947",3,109,611,2316,1384,1710020403,"17100203","OCR","RaDFHEwt_fww_OCR","RaDFHEwt","RaDFHEwt_fww",34,"fww","RaDFHEwt","RaDFHEwt_fww","Douglas-fir Hemlock-Wet Mesic",5
"1_41_41_70992",3,109,611,2314,1733,1710020403,"17100203","OCR","RaSSHE_fss_OCR","RaSSHE","RaSSHE_fss",60,"fss","RaSSHE","RaSSHE_fss","Sitka Spruce - Western Hemlock",5
"1_41_41_68024",3,110,622,2314,969,1710020505,"17100204","OCR","RaSSHE_fss_OCR","RaSSHE","RaSSHE_fss",60,"fss","RaSSHE","RaSSHE_fss","Sitka Spruce - Western Hemlock",5
"1_41_41_68456",3,109,611,2314,970,1710020403,"17100203","OCR","RaSSHE_fss_OCR","RaSSHE","RaSSHE_fss",60,"fss","RaSSHE","RaSSHE_fss","Sitka Spruce - Western Hemlock",5
"1_41_41_52365",3,110,620,2315,1276,1710020503,"17100204","OCR","RaDFHEwt_fwn_OCR","RaDFHEwt","RaDFHEwt_fwn",32,"fwn","RaDFHEwt","RaDFHEwt_fwn","Douglas-fir Hemlock-Wet Mesic",5
"1_41_41_95702",3,110,621,2315,1192,1710020504,"17100204","OCR","RaDFHEwt_fwn_OCR","RaDFHEwt","RaDFHEwt_fwn",32,"fwn","RaDFHEwt","RaDFHEwt_fwn","Douglas-fir Hemlock-Wet Mesic",5
"1_41_41_93593",3,110,621,2316,1777,1710020504,"17100204","OCR","RaDFHEwt_fww_OCR","RaDFHEwt","RaDFHEwt_fww",34,"fww","RaDFHEwt","RaDFHEwt_fww","Douglas-fir Hemlock-Wet Mesic",5
"1_41_41_61971",3,110,621,2315,1502,1710020504,"17100204","OCR","RaDFHEwt_fwn_OCR","RaDFHEwt","RaDFHEwt_fwn",32,"fwn","RaDFHEwt","RaDFHEwt_fwn","Douglas-fir Hemlock-Wet Mesic",5
"1_41_41_65832",3,110,619,2315,1668,1710020502,"17100204","OCR","RaDFHEwt_fwn_OCR","RaDFHEwt","RaDFHEwt_fwn",32,"fwn","RaDFHEwt","RaDFHEwt_fwn","Douglas-fir Hemlock-Wet Mesic",5
"1_41_39_97227",3,110,623,2315,838,1710020506,"17100204","OCR","RaDFHEwt_fwn_OCR","RaDFHEwt","RaDFHEwt_fwn",32,"fwn","RaDFHEwt","RaDFHEwt_fwn","Douglas-fir Hemlock-Wet Mesic",5
"1_41_41_67460",3,110,623,2315,1050,1710020506,"17100204","OCR","RaDFHEwt_fwn_OCR","RaDFHEwt","RaDFHEwt_fwn",32,"fwn","RaDFHEwt","RaDFHEwt_fwn","Douglas-fir Hemlock-Wet Mesic",5
"1_41_39_51630",3,110,619,2316,969,1710020502,"17100204","OCR","RaDFHEwt_fww_OCR","RaDFHEwt","RaDFHEwt_fww",34,"fww","RaDFHEwt","RaDFHEwt_fww","Douglas-fir Hemlock-Wet Mesic",5
"1_41_39_72820",3,110,619,2315,722,1710020502,"17100204","OCR","RaDFHEwt_fwn_OCR","RaDFHEwt","RaDFHEwt_fwn",32,"fwn","RaDFHEwt","RaDFHEwt_fwn","Douglas-fir Hemlock-Wet Mesic",5
"1_41_39_67285",3,111,629,2315,1166,1710020605,"17100205","OCR","RaDFHEwt_fwn_OCR","RaDFHEwt","RaDFHEwt_fwn",32,"fwn","RaDFHEwt","RaDFHEwt_fwn","Douglas-fir Hemlock-Wet Mesic",5
"1_41_39_65577",3,111,629,2315,1008,1710020605,"17100205","OCR","RaDFHEwt_fwn_OCR","RaDFHEwt","RaDFHEwt_fwn",32,"fwn","RaDFHEwt","RaDFHEwt_fwn","Douglas-fir Hemlock-Wet Mesic",5
"1_41_39_55647",3,111,631,2315,1556,1710020607,"17100205","OCR","RaDFHEwt_fwn_OCR","RaDFHEwt","RaDFHEwt_fwn",32,"fwn","RaDFHEwt","RaDFHEwt_fwn","Douglas-fir Hemlock-Wet Mesic",5
"1_41_39_95066",3,111,631,2315,1370,1710020607,"17100205","OCR","RaDFHEwt_fwn_OCR","RaDFHEwt","RaDFHEwt_fwn",32,"fwn","RaDFHEwt","RaDFHEwt_fwn","Douglas-fir Hemlock-Wet Mesic",5
"1_41_39_92900",3,111,632,2315,1400,1710020608,"17100205","OCR","RaDFHEwt_fwn_OCR","RaDFHEwt","RaDFHEwt_fwn",32,"fwn","RaDFHEwt","RaDFHEwt_fwn","Douglas-fir Hemlock-Wet Mesic",5
"1_41_39_77081",3,111,632,2315,1317,1710020608,"17100205","OCR","RaDFHEwt_fwn_OCR","RaDFHEwt","RaDFHEwt_fwn",32,"fwn","RaDFHEwt","RaDFHEwt_fwn","Douglas-fir Hemlock-Wet Mesic",5
"1_41_39_96663",3,111,632,2316,1310,1710020608,"17100205","OCR","RaDFHEwt_fww_OCR","RaDFHEwt","RaDFHEwt_fww",34,"fww","RaDFHEwt","RaDFHEwt_fww","Douglas-fir Hemlock-Wet Mesic",5
"1_41_39_89393",3,111,632,2315,1261,1710020608,"17100205","OCR","RaDFHEwt_fwn_OCR","RaDFHEwt","RaDFHEwt_fwn",32,"fwn","RaDFHEwt","RaDFHEwt_fwn","Douglas-fir Hemlock-Wet Mesic",5
"1_41_39_61970",3,111,632,2315,1362,1710020608,"17100205","OCR","RaDFHEwt_fwn_OCR","RaDFHEwt","RaDFHEwt_fwn",32,"fwn","RaDFHEwt","RaDFHEwt_fwn","Douglas-fir Hemlock-Wet Mesic",5
"1_41_39_88536",3,111,632,2315,2041,1710020608,"17100205","OCR","RaDFHEwt_fwn_OCR","RaDFHEwt","RaDFHEwt_fwn",32,"fwn","RaDFHEwt","RaDFHEwt_fwn","Douglas-fir Hemlock-Wet Mesic",5
"1_41_39_73024",3,116,664,2315,1834,1710030307,"17100303B","OCR","RaDFHEwt_fwn_OCR","RaDFHEwt","RaDFHEwt_fwn",32,"fwn","RaDFHEwt","RaDFHEwt_fwn","Douglas-fir Hemlock-Wet Mesic",5
"2_41_19_71565",3,116,664,2316,1867,1710030307,"17100303B","OCR","RaDFHEwt_fww_OCR","RaDFHEwt","RaDFHEwt_fww",34,"fww","RaDFHEwt","RaDFHEwt_fww","Douglas-fir Hemlock-Wet Mesic",5
"2_41_19_56365",3,116,664,2315,2510,1710030307,"17100303B","OCR","RaDFHEwt_fwn_OCR","RaDFHEwt","RaDFHEwt_fwn",32,"fwn","RaDFHEwt","RaDFHEwt_fwn","Douglas-fir Hemlock-Wet Mesic",5
"2_41_19_79207",3,116,664,2316,1511,1710030307,"17100303B","OCR","RaDFHEwt_fww_OCR","RaDFHEwt","RaDFHEwt_fww",34,"fww","RaDFHEwt","RaDFHEwt_fww","Douglas-fir Hemlock-Wet Mesic",5
"2_41_19_78194",3,116,664,2315,1427,1710030307,"17100303B","OCR","RaDFHEwt_fwn_OCR","RaDFHEwt","RaDFHEwt_fwn",32,"fwn","RaDFHEwt","RaDFHEwt_fwn","Douglas-fir Hemlock-Wet Mesic",5
"2_41_19_79134",3,116,664,2315,1408,1710030307,"17100303B","OCR","RaDFHEwt_fwn_OCR","RaDFHEwt","RaDFHEwt_fwn",32,"fwn","RaDFHEwt","RaDFHEwt_fwn","Douglas-fir Hemlock-Wet Mesic",5
"2_41_19_57410",3,116,665,2315,957,1710030308,"17100303B","OCR","RaDFHEwt_fwn_OCR","RaDFHEwt","RaDFHEwt_fwn",32,"fwn","RaDFHEwt","RaDFHEwt_fwn","Douglas-fir Hemlock-Wet Mesic",5
"2_41_11_92340",3,117,667,2171,1464,1710030402,"17100303A","OCR","RaDFHEdy_fwi_17100304","RaDFHEdy","RaDFHEdy_fwi",31,"fwi","RaDFHEdy","RaDFHEdy_fwi","Douglas-fir Hemlock-Dry Mesic",3
"2_41_11_92850",3,117,666,2171,1303,1710030401,"17100303A","OCR","RaDFHEdy_fwi_17100304","RaDFHEdy","RaDFHEdy_fwi",31,"fwi","RaDFHEdy","RaDFHEdy_fwi","Douglas-fir Hemlock-Dry Mesic",3
"2_41_11_95236",3,117,666,2315,914,1710030401,"17100303A","OCR","RaDFHEwt_fwn_OCR","RaDFHEwt","RaDFHEwt_fwn",32,"fwn","RaDFHEwt","RaDFHEwt_fwn","Douglas-fir Hemlock-Wet Mesic",5
"2_41_11_85446",3,117,666,2315,892,1710030401,"17100303A","OCR","RaDFHEwt_fwn_OCR","RaDFHEwt","RaDFHEwt_fwn",32,"fwn","RaDFHEwt","RaDFHEwt_fwn","Douglas-fir Hemlock-Wet Mesic",5
"2_41_11_96892",3,117,666,2171,919,1710030401,"17100303A","OCR","RaDFHEdy_fwi_17100304","RaDFHEdy","RaDFHEdy_fwi",31,"fwi","RaDFHEdy","RaDFHEdy_fwi","Douglas-fir Hemlock-Dry Mesic",3
"2_41_11_51146",3,117,666,2171,1376,1710030401,"17100303A","OCR","RaDFHEdy_fwi_17100304","RaDFHEdy","RaDFHEdy_fwi",31,"fwi","RaDFHEdy","RaDFHEdy_fwi","Douglas-fir Hemlock-Dry Mesic",3
"2_41_11_93630",6,118,672,2349,2140,1710030503,"17100304","OSW","RaDFHEwt_fhc_OSW","RaDFHEwt","RaDFHEwt_fhc",30,"fhc","RaDFHEwt","RaDFHEwt_fhc","Douglas-fir Hemlock-Wet Mesic",5
"2_41_11_63929",6,118,672,2198,922,1710030503,"17100304","OSW","RaDFHEdy_fwi_17100305","RaDFHEdy","RaDFHEdy_fwi",31,"fwi","RaDFHEdy","RaDFHEdy_fwi","Douglas-fir Hemlock-Dry Mesic",3
"2_41_11_64053",6,118,672,2198,897,1710030503,"17100304","OSW","RaDFHEdy_fwi_17100305","RaDFHEdy","RaDFHEdy_fwi",31,"fwi","RaDFHEdy","RaDFHEdy_fwi","Douglas-fir Hemlock-Dry Mesic",3
"2_41_11_75926",6,118,670,2347,832,1710030501,"17100304","OSW","RaDFHEwt_fwm_OSW","RaDFHEwt","RaDFHEwt_fwm",33,"fwm","RaDFHEwt","RaDFHEwt_fwm","Douglas-fir Hemlock-Wet Mesic",5
"2_41_11_85133",6,118,670,2347,2667,1710030501,"17100304","OSW","RaDFHEwt_fwm_OSW","RaDFHEwt","RaDFHEwt_fwm",33,"fwm","RaDFHEwt","RaDFHEwt_fwm","Douglas-fir Hemlock-Wet Mesic",5
"2_41_19_73931",6,118,670,2347,2001,1710030501,"17100304","OSW","RaDFHEwt_fwm_OSW","RaDFHEwt","RaDFHEwt_fwm",33,"fwm","RaDFHEwt","RaDFHEwt_fwm","Douglas-fir Hemlock-Wet Mesic",5
"2_41_11_59084",6,114,652,2202,1351,1710030208,"17100301","OSW","RaDFHEdy_fwi_17100302","RaDFHEdy","RaDFHEdy_fwi",31,"fwi","RaDFHEdy","RaDFHEdy_fwi","Douglas-fir Hemlock-Dry Mesic",3
"2_41_15_63805",6,123,700,1341,738,1710031004,"17100309","OSW","RaMCONsw_fiw_1710031004","RaMCONsw","RaMCONsw_fiw",20,"fiw","RaMCONsw","RaMCONsw_fiw","Mixed Conifer - Southwest Oregon",1
"2_41_15_89919",6,123,700,1347,1408,1710031004,"17100309","OSW","RaTAOAco_ftm_1710031004","RaTAOAco","RaTAOAco_ftm",47,"ftm","RaTAOAco","RaTAOAco_ftm","Oregon Coastal Tanoak",1
"2_41_33_50865",6,124,714,2245,933,1710031110,"17100310","OSW","RaREFI_fcw_17100311","RaREFI","RaREFI_fcw",19,"fcw","RaREFI","RaREFI_fcw","Red Fir",3
"2_41_33_88491",6,123,700,1343,1090,1710031004,"17100309","OSW","RaMEVG_ftd_1710031004","RaMEVG","RaMEVG_ftd",48,"ftd","RaMEVG","RaMEVG_ftd","California Mixed Evergreen North",1
"2_41_33_70794",6,124,714,1459,1310,1710031110,"17100310","OSW","RaMEVG_ftd_1710031110","RaMEVG","RaMEVG_ftd",48,"ftd","RaMEVG","RaMEVG_ftd","California Mixed Evergreen North",1
"2_41_33_52883",6,124,714,1459,2306,1710031110,"17100310","OSW","RaMEVG_ftd_1710031110","RaMEVG","RaMEVG_ftd",48,"ftd","RaMEVG","RaMEVG_ftd","California Mixed Evergreen North",1
"2_41_33_86471",6,124,713,2245,956,1710031109,"17100310","OSW","RaREFI_fcw_17100311","RaREFI","RaREFI_fcw",19,"fcw","RaREFI","RaREFI_fcw","Red Fir",3
"2_41_33_74834",6,124,713,1497,2288,1710031109,"17100310","OSW","RaMEVG_ftd_1710031109","RaMEVG","RaMEVG_ftd",48,"ftd","RaMEVG","RaMEVG_ftd","California Mixed Evergreen North",1
"2_41_33_91779",6,124,713,1497,2874,1710031109,"17100310","OSW","RaMEVG_ftd_1710031109","RaMEVG","RaMEVG_ftd",48,"ftd","RaMEVG","RaMEVG_ftd","California Mixed Evergreen North",1
"2_41_33_85518",6,124,713,1497,1663,1710031109,"17100310","OSW","RaMEVG_ftd_1710031109","RaMEVG","RaMEVG_ftd",48,"ftd","RaMEVG","RaMEVG_ftd","California Mixed Evergreen North",1
"2_41_33_72661",6,124,713,1497,1810,1710031109,"17100310","OSW","RaMEVG_ftd_1710031109","RaMEVG","RaMEVG_ftd",48,"ftd","RaMEVG","RaMEVG_ftd","California Mixed Evergreen North",1
"2_41_33_96121",6,124,713,2245,1685,1710031109,"17100310","OSW","RaREFI_fcw_17100311","RaREFI","RaREFI_fcw",19,"fcw","RaREFI","RaREFI_fcw","Red Fir",3
"2_41_33_74444",6,124,711,1532,869,1710031107,"17100310","OSW","RaMEVG_ftd_1710031107","RaMEVG","RaMEVG_ftd",48,"ftd","RaMEVG","RaMEVG_ftd","California Mixed Evergreen North",1
"2_41_33_52544",6,124,711,1532,1672,1710031107,"17100310","OSW","RaMEVG_ftd_1710031107","RaMEVG","RaMEVG_ftd",48,"ftd","RaMEVG","RaMEVG_ftd","California Mixed Evergreen North",1
"2_41_33_82082",6,124,710,1600,979,1710031106,"17100310","OSW","RaPIJEsp_fjp_1710031106","RaPIJEsp","RaPIJEsp_fjp",61,"fjp","RaPIJEsp","RaPIJEsp_fjp","Pine Savannah - Ultramafic",1
"2_41_33_78032",6,124,710,1591,1592,1710031106,"17100310","OSW","RaMEVG_ftd_1710031106","RaMEVG","RaMEVG_ftd",48,"ftd","RaMEVG","RaMEVG_ftd","California Mixed Evergreen North",1
"2_41_33_67666",6,124,710,1600,922,1710031106,"17100310","OSW","RaPIJEsp_fjp_1710031106","RaPIJEsp","RaPIJEsp_fjp",61,"fjp","RaPIJEsp","RaPIJEsp_fjp","Pine Savannah - Ultramafic",1
"2_41_33_93388",6,124,710,1591,2027,1710031106,"17100310","OSW","RaMEVG_ftd_1710031106","RaMEVG","RaMEVG_ftd",48,"ftd","RaMEVG","RaMEVG_ftd","California Mixed Evergreen North",1
"2_41_33_54347",6,124,710,1601,947,1710031106,"17100310","OSW","RaMEVG_fuc_1710031106","RaMEVG","RaMEVG_fuc",59,"fuc","RaMEVG","RaMEVG_fuc","California Mixed Evergreen North",1
"2_41_33_86740",6,124,710,1591,1662,1710031106,"17100310","OSW","RaMEVG_ftd_1710031106","RaMEVG","RaMEVG_ftd",48,"ftd","RaMEVG","RaMEVG_ftd","California Mixed Evergreen North",1
"2_41_33_69686",6,124,710,1600,998,1710031106,"17100310","OSW","RaPIJEsp_fjp_1710031106","RaPIJEsp","RaPIJEsp_fjp",61,"fjp","RaPIJEsp","RaPIJEsp_fjp","Pine Savannah - Ultramafic",1
"2_41_33_91115",6,124,710,1591,857,1710031106,"17100310","OSW","RaMEVG_ftd_1710031106","RaMEVG","RaMEVG_ftd",48,"ftd","RaMEVG","RaMEVG_ftd","California Mixed Evergreen North",1
"2_41_33_68347",6,124,710,1601,1893,1710031106,"17100310","OSW","RaMEVG_fuc_1710031106","RaMEVG","RaMEVG_fuc",59,"fuc","RaMEVG","RaMEVG_fuc","California Mixed Evergreen North",1
"2_41_33_56456",6,124,710,1601,1573,1710031106,"17100310","OSW","RaMEVG_fuc_1710031106","RaMEVG","RaMEVG_fuc",59,"fuc","RaMEVG","RaMEVG_fuc","California Mixed Evergreen North",1
"2_41_33_89234",6,124,710,1601,1769,1710031106,"17100310","OSW","RaMEVG_fuc_1710031106","RaMEVG","RaMEVG_fuc",59,"fuc","RaMEVG","RaMEVG_fuc","California Mixed Evergreen North",1
"2_41_33_67349",6,124,708,1687,1327,1710031104,"17100310","OSW","RaMEVG_fuc_1710031104","RaMEVG","RaMEVG_fuc",59,"fuc","RaMEVG","RaMEVG_fuc","California Mixed Evergreen North",1
"2_41_33_66874",6,124,708,1687,1749,1710031104,"17100310","OSW","RaMEVG_fuc_1710031104","RaMEVG","RaMEVG_fuc",59,"fuc","RaMEVG","RaMEVG_fuc","California Mixed Evergreen North",1
"2_41_33_50777",6,124,708,1686,1493,1710031104,"17100310","OSW","RaPIJEsp_fjp_1710031104","RaPIJEsp","RaPIJEsp_fjp",61,"fjp","RaPIJEsp","RaPIJEsp_fjp","Pine Savannah - Ultramafic",1
"2_41_33_56709",6,124,708,1687,1809,1710031104,"17100310","OSW","RaMEVG_fuc_1710031104","RaMEVG","RaMEVG_fuc",59,"fuc","RaMEVG","RaMEVG_fuc","California Mixed Evergreen North",1
"6_53_9_78550",9,146,810,2295,2899,1711002107,"17110020","WCR","RaSSHE_fss_WCR","RaSSHE","RaSSHE_fss",60,"fss","RaSSHE","RaSSHE_fss","Sitka Spruce - Western Hemlock",5
"6_53_9_78577",9,146,810,2295,3373,1711002107,"17110020","WCR","RaSSHE_fss_WCR","RaSSHE","RaSSHE_fss",60,"fss","RaSSHE","RaSSHE_fss","Sitka Spruce - Western Hemlock",5
"6_53_9_61828",9,100,567,2297,601,1710010106,"17090012A","WCR","RaABAMup_fst_WCR","RaABAMup","RaABAMup_fst",13,"fst","RaABAMup","RaABAMup_fst","Pacific Silver Fir - High Elevation",5
"6_53_9_92354",9,100,567,2296,2023,1710010106,"17090012A","WCR","RaDFHEwt_fwn_WCR","RaDFHEwt","RaDFHEwt_fwn",32,"fwn","RaDFHEwt","RaDFHEwt_fwn","Douglas-fir Hemlock-Wet Mesic",5
"6_53_9_92934",9,100,567,2296,1030,1710010106,"17090012A","WCR","RaDFHEwt_fwn_WCR","RaDFHEwt","RaDFHEwt_fwn",32,"fwn","RaDFHEwt","RaDFHEwt_fwn","Douglas-fir Hemlock-Wet Mesic",5
"6_53_9_52548",9,100,567,2296,1418,1710010106,"17090012A","WCR","RaDFHEwt_fwn_WCR","RaDFHEwt","RaDFHEwt_fwn",32,"fwn","RaDFHEwt","RaDFHEwt_fwn","Douglas-fir Hemlock-Wet Mesic",5
"6_53_9_99270",9,100,565,2295,1438,1710010104,"17090012A","WCR","RaSSHE_fss_WCR","RaSSHE","RaSSHE_fss",60,"fss","RaSSHE","RaSSHE_fss","Sitka Spruce - Western Hemlock",5
"6_53_9_53266",9,100,565,2297,1658,1710010104,"17090012A","WCR","RaABAMup_fst_WCR","RaABAMup","RaABAMup_fst",13,"fst","RaABAMup","RaABAMup_fst","Pacific Silver Fir - High Elevation",5
"6_53_9_71039",9,100,565,2296,735,1710010104,"17090012A","WCR","RaDFHEwt_fwn_WCR","RaDFHEwt","RaDFHEwt_fwn",32,"fwn","RaDFHEwt","RaDFHEwt_fwn","Douglas-fir Hemlock-Wet Mesic",5
"6_53_9_79884",9,100,565,2295,980,1710010104,"17090012A","WCR","RaSSHE_fss_WCR","RaSSHE","RaSSHE_fss",60,"fss","RaSSHE","RaSSHE_fss","Sitka Spruce - Western Hemlock",5
"6_53_31_58870",9,100,566,2295,1079,1710010105,"17090012A","WCR","RaSSHE_fss_WCR","RaSSHE","RaSSHE_fss",60,"fss","RaSSHE","RaSSHE_fss","Sitka Spruce - Western Hemlock",5
"6_53_31_84423",9,100,568,2295,2069,1710010107,"17090012A","WCR","RaSSHE_fss_WCR","RaSSHE","RaSSHE_fss",60,"fss","RaSSHE","RaSSHE_fss","Sitka Spruce - Western Hemlock",5
"6_53_31_68964",9,101,570,2295,1071,1710010201,"17100101","WCR","RaSSHE_fss_WCR","RaSSHE","RaSSHE_fss",60,"fss","RaSSHE","RaSSHE_fss","Sitka Spruce - Western Hemlock",5
"6_53_27_72751",9,101,572,2295,818,1710010203,"17100101","WCR","RaSSHE_fss_WCR","RaSSHE","RaSSHE_fss",60,"fss","RaSSHE","RaSSHE_fss","Sitka Spruce - Western Hemlock",5
"6_53_27_75798",9,101,572,2295,1012,1710010203,"17100101","WCR","RaSSHE_fss_WCR","RaSSHE","RaSSHE_fss",60,"fss","RaSSHE","RaSSHE_fss","Sitka Spruce - Western Hemlock",5
"6_53_27_98475",9,101,575,2295,2431,1710010206,"17100101","WCR","RaSSHE_fss_WCR","RaSSHE","RaSSHE_fss",60,"fss","RaSSHE","RaSSHE_fss","Sitka Spruce - Western Hemlock",5
"6_53_27_53919",9,101,575,2295,2302,1710010206,"17100101","WCR","RaSSHE_fss_WCR","RaSSHE","RaSSHE_fss",60,"fss","RaSSHE","RaSSHE_fss","Sitka Spruce - Western Hemlock",5
"6_53_27_96053",9,101,575,2295,2765,1710010206,"17100101","WCR","RaSSHE_fss_WCR","RaSSHE","RaSSHE_fss",60,"fss","RaSSHE","RaSSHE_fss","Sitka Spruce - Western Hemlock",5
"6_53_27_61265",9,101,575,2295,1821,1710010206,"17100101","WCR","RaSSHE_fss_WCR","RaSSHE","RaSSHE_fss",60,"fss","RaSSHE","RaSSHE_fss","Sitka Spruce - Western Hemlock",5
"6_53_27_89836",9,104,585,2295,973,1710010501,"17100104","WCR","RaSSHE_fss_WCR","RaSSHE","RaSSHE_fss",60,"fss","RaSSHE","RaSSHE_fss","Sitka Spruce - Western Hemlock",5
"6_53_27_66167",9,104,587,2295,431,1710010503,"17100104","WCR","RaSSHE_fss_WCR","RaSSHE","RaSSHE_fss",60,"fss","RaSSHE","RaSSHE_fss","Sitka Spruce - Western Hemlock",5
"6_53_27_63280",9,104,587,2295,1339,1710010503,"17100104","WCR","RaSSHE_fss_WCR","RaSSHE","RaSSHE_fss",60,"fss","RaSSHE","RaSSHE_fss","Sitka Spruce - Western Hemlock",5
"7_53_49_97917",9,105,592,2295,223,1710010605,"17100105","WCR","RaSSHE_fss_WCR","RaSSHE","RaSSHE_fss",60,"fss","RaSSHE","RaSSHE_fss","Sitka Spruce - Western Hemlock",5
"2_41_15_58936",6,119,675,2350,1016,1710030601,"17100305","OSW","RaDFHEwt_fwn_OSW","RaDFHEwt","RaDFHEwt_fwn",32,"fwn","RaDFHEwt","RaDFHEwt_fwn","Douglas-fir Hemlock-Wet Mesic",5
"2_41_15_55373",6,119,676,2354,2230,1710030602,"17100305","OSW","RaSSHE_fss_OSW","RaSSHE","RaSSHE_fss",60,"fss","RaSSHE","RaSSHE_fss","Sitka Spruce - Western Hemlock",5
"4_41_63_57123",2,48,259,326,408,1706010606,"17060105","OBM","RaMCONdy_fdd_1706010606","RaMCONdy","RaMCONdy_fdd",42,"fdd","RaMCONdy","RaMCONdy_fdd","Mixed Conifer - Eastside Dry",1
"4_41_63_97345",2,48,259,1984,752,1706010606,"17060105","OBM","RaMCONms_fcm_17060106","RaMCONms","RaMCONms_fcm",22,"fcm","RaMCONms","RaMCONms_fcm","Mixed Conifer - Eastside Mesic",3
"4_41_63_80498",2,48,257,1984,825,1706010604,"17060105","OBM","RaMCONms_fcm_17060106","RaMCONms","RaMCONms_fcm",22,"fcm","RaMCONms","RaMCONms_fcm","Mixed Conifer - Eastside Mesic",3
"4_41_63_77721",2,48,259,1984,1541,1706010606,"17060105","OBM","RaMCONms_fcm_17060106","RaMCONms","RaMCONms_fcm",22,"fcm","RaMCONms","RaMCONms_fcm","Mixed Conifer - Eastside Mesic",3
"4_41_63_81905",2,48,257,368,790,1706010604,"17060105","OBM","RaMCONdy_fdd_1706010604","RaMCONdy","RaMCONdy_fdd",42,"fdd","RaMCONdy","RaMCONdy_fdd","Mixed Conifer - Eastside Dry",1
"4_41_63_86936",2,48,257,368,1242,1706010604,"17060105","OBM","RaMCONdy_fdd_1706010604","RaMCONdy","RaMCONdy_fdd",42,"fdd","RaMCONdy","RaMCONdy_fdd","Mixed Conifer - Eastside Dry",1
"4_41_63_80798",2,48,257,368,931,1706010604,"17060105","OBM","RaMCONdy_fdd_1706010604","RaMCONdy","RaMCONdy_fdd",42,"fdd","RaMCONdy","RaMCONdy_fdd","Mixed Conifer - Eastside Dry",1
"4_41_63_97353",2,48,257,368,1304,1706010604,"17060105","OBM","RaMCONdy_fdd_1706010604","RaMCONdy","RaMCONdy_fdd",42,"fdd","RaMCONdy","RaMCONdy_fdd","Mixed Conifer - Eastside Dry",1
"4_41_63_81746",2,44,231,2003,732,1706010203,"17060101","OBM","RaMCONms_fcm_17060102","RaMCONms","RaMCONms_fcm",22,"fcm","RaMCONms","RaMCONms_fcm","Mixed Conifer - Eastside Mesic",3
"4_41_63_86791",2,44,231,462,888,1706010203,"17060101","OBM","RaMCONdy_fdg_1706010203","RaMCONdy","RaMCONdy_fdg",23,"fdg","RaMCONdy","RaMCONdy_fdg","Mixed Conifer - Eastside Dry",1
"4_41_63_95476",2,44,231,2003,791,1706010203,"17060101","OBM","RaMCONms_fcm_17060102","RaMCONms","RaMCONms_fcm",22,"fcm","RaMCONms","RaMCONms_fcm","Mixed Conifer - Eastside Mesic",3
"4_41_63_71335",2,44,231,2003,1242,1706010203,"17060101","OBM","RaMCONms_fcm_17060102","RaMCONms","RaMCONms_fcm",22,"fcm","RaMCONms","RaMCONms_fcm","Mixed Conifer - Eastside Mesic",3
"4_41_63_95372",2,44,231,2003,903,1706010203,"17060101","OBM","RaMCONms_fcm_17060102","RaMCONms","RaMCONms_fcm",22,"fcm","RaMCONms","RaMCONms_fcm","Mixed Conifer - Eastside Mesic",3
"4_41_63_72649",2,44,231,2003,2199,1706010203,"17060101","OBM","RaMCONms_fcm_17060102","RaMCONms","RaMCONms_fcm",22,"fcm","RaMCONms","RaMCONms_fcm","Mixed Conifer - Eastside Mesic",3
"4_41_63_98257",2,44,231,2003,1976,1706010203,"17060101","OBM","RaMCONms_fcm_17060102","RaMCONms","RaMCONms_fcm",22,"fcm","RaMCONms","RaMCONms_fcm","Mixed Conifer - Eastside Mesic",3
"4_41_63_82560",2,44,231,2003,1153,1706010203,"17060101","OBM","RaMCONms_fcm_17060102","RaMCONms","RaMCONms_fcm",22,"fcm","RaMCONms","RaMCONms_fcm","Mixed Conifer - Eastside Mesic",3
"4_41_63_82957",2,44,229,2003,1380,1706010201,"17060101","OBM","RaMCONms_fcm_17060102","RaMCONms","RaMCONms_fcm",22,"fcm","RaMCONms","RaMCONms_fcm","Mixed Conifer - Eastside Mesic",3
"4_41_1_57466",2,40,205,2318,1702,1705020106,"17050119","OBM","RaSPFI_fcd_OBM","RaSPFI","RaSPFI_fcd",9,"fcd","RaSPFI","RaSPFI_fcd","Spruce - Fir",4
"4_41_1_70346",2,40,205,2051,1390,1705020106,"17050119","OBM","RaMCONms_fcm_17050201","RaMCONms","RaMCONms_fcm",22,"fcm","RaMCONms","RaMCONms_fcm","Mixed Conifer - Eastside Mesic",3
"4_41_1_59853",2,40,205,2318,2142,1705020106,"17050119","OBM","RaSPFI_fcd_OBM","RaSPFI","RaSPFI_fcd",9,"fcd","RaSPFI","RaSPFI_fcd","Spruce - Fir",4
"4_41_1_89625",2,40,205,2051,1548,1705020106,"17050119","OBM","RaMCONms_fcm_17050201","RaMCONms","RaMCONms_fcm",22,"fcm","RaMCONms","RaMCONms_fcm","Mixed Conifer - Eastside Mesic",3
"4_41_1_61891",2,40,205,569,1582,1705020106,"17050119","OBM","RaMCONdy_fdg_1705020106","RaMCONdy","RaMCONdy_fdg",23,"fdg","RaMCONdy","RaMCONdy_fdg","Mixed Conifer - Eastside Dry",1
"4_41_1_99316",2,40,205,569,1540,1705020106,"17050119","OBM","RaMCONdy_fdg_1705020106","RaMCONdy","RaMCONdy_fdg",23,"fdg","RaMCONdy","RaMCONdy_fdg","Mixed Conifer - Eastside Dry",1
"4_41_1_91487",2,40,205,569,181,1705020106,"17050119","OBM","RaMCONdy_fdg_1705020106","RaMCONdy","RaMCONdy_fdg",23,"fdg","RaMCONdy","RaMCONdy_fdg","Mixed Conifer - Eastside Dry",1
"4_41_63_82981",2,48,259,326,237,1706010606,"17060105","OBM","RaMCONdy_fdd_1706010606","RaMCONdy","RaMCONdy_fdd",42,"fdd","RaMCONdy","RaMCONdy_fdd","Mixed Conifer - Eastside Dry",1
"4_41_63_72512",2,48,259,327,367,1706010606,"17060105","OBM","RaPIPOm_fdp_1706010606","RaPIPOm","RaPIPOm_fdp",52,"fdp","RaPIPOm","RaPIPOm_fdp","Dry Ponderosa Pine - Mesic",1
"4_41_63_93347",2,48,259,326,1938,1706010606,"17060105","OBM","RaMCONdy_fdd_1706010606","RaMCONdy","RaMCONdy_fdd",42,"fdd","RaMCONdy","RaMCONdy_fdd","Mixed Conifer - Eastside Dry",1
"4_41_63_63444",2,48,259,326,1268,1706010606,"17060105","OBM","RaMCONdy_fdd_1706010606","RaMCONdy","RaMCONdy_fdd",42,"fdd","RaMCONdy","RaMCONdy_fdd","Mixed Conifer - Eastside Dry",1
"4_41_63_90429",2,48,259,326,917,1706010606,"17060105","OBM","RaMCONdy_fdd_1706010606","RaMCONdy","RaMCONdy_fdd",42,"fdd","RaMCONdy","RaMCONdy_fdd","Mixed Conifer - Eastside Dry",1
"4_41_63_65416",2,48,259,1984,511,1706010606,"17060105","OBM","RaMCONms_fcm_17060106","RaMCONms","RaMCONms_fcm",22,"fcm","RaMCONms","RaMCONms_fcm","Mixed Conifer - Eastside Mesic",3
"4_41_63_71143",2,48,259,1984,616,1706010606,"17060105","OBM","RaMCONms_fcm_17060106","RaMCONms","RaMCONms_fcm",22,"fcm","RaMCONms","RaMCONms_fcm","Mixed Conifer - Eastside Mesic",3
"4_41_63_60280",2,48,257,368,1909,1706010604,"17060105","OBM","RaMCONdy_fdd_1706010604","RaMCONdy","RaMCONdy_fdd",42,"fdd","RaMCONdy","RaMCONdy_fdd","Mixed Conifer - Eastside Dry",1
"4_41_63_91597",2,48,257,368,1571,1706010604,"17060105","OBM","RaMCONdy_fdd_1706010604","RaMCONdy","RaMCONdy_fdd",42,"fdd","RaMCONdy","RaMCONdy_fdd","Mixed Conifer - Eastside Dry",1
"4_41_63_92259",2,48,257,368,1051,1706010604,"17060105","OBM","RaMCONdy_fdd_1706010604","RaMCONdy","RaMCONdy_fdd",42,"fdd","RaMCONdy","RaMCONdy_fdd","Mixed Conifer - Eastside Dry",1
"4_41_63_50677",2,44,231,2003,1345,1706010203,"17060101","OBM","RaMCONms_fcm_17060102","RaMCONms","RaMCONms_fcm",22,"fcm","RaMCONms","RaMCONms_fcm","Mixed Conifer - Eastside Mesic",3
"4_41_63_78975",2,44,231,2003,622,1706010203,"17060101","OBM","RaMCONms_fcm_17060102","RaMCONms","RaMCONms_fcm",22,"fcm","RaMCONms","RaMCONms_fcm","Mixed Conifer - Eastside Mesic",3
"4_41_63_92566",2,44,231,2003,2315,1706010203,"17060101","OBM","RaMCONms_fcm_17060102","RaMCONms","RaMCONms_fcm",22,"fcm","RaMCONms","RaMCONms_fcm","Mixed Conifer - Eastside Mesic",3
"4_41_63_81824",2,44,231,2003,1834,1706010203,"17060101","OBM","RaMCONms_fcm_17060102","RaMCONms","RaMCONms_fcm",22,"fcm","RaMCONms","RaMCONms_fcm","Mixed Conifer - Eastside Mesic",3
"4_41_63_82970",2,44,231,2003,3000,1706010203,"17060101","OBM","RaMCONms_fcm_17060102","RaMCONms","RaMCONms_fcm",22,"fcm","RaMCONms","RaMCONms_fcm","Mixed Conifer - Eastside Mesic",3
"4_41_63_70314",2,44,231,2003,2062,1706010203,"17060101","OBM","RaMCONms_fcm_17060102","RaMCONms","RaMCONms_fcm",22,"fcm","RaMCONms","RaMCONms_fcm","Mixed Conifer - Eastside Mesic",3
"4_41_63_77641",2,44,229,2003,1418,1706010201,"17060101","OBM","RaMCONms_fcm_17060102","RaMCONms","RaMCONms_fcm",22,"fcm","RaMCONms","RaMCONms_fcm","Mixed Conifer - Eastside Mesic",3
"4_41_63_78484",2,44,231,2318,977,1706010203,"17060101","OBM","RaSPFI_fcd_OBM","RaSPFI","RaSPFI_fcd",9,"fcd","RaSPFI","RaSPFI_fcd","Spruce - Fir",4
"4_41_63_77422",2,44,229,2003,3116,1706010201,"17060101","OBM","RaMCONms_fcm_17060102","RaMCONms","RaMCONms_fcm",22,"fcm","RaMCONms","RaMCONms_fcm","Mixed Conifer - Eastside Mesic",3
"4_41_1_72789",2,40,205,2318,2791,1705020106,"17050119","OBM","RaSPFI_fcd_OBM","RaSPFI","RaSPFI_fcd",9,"fcd","RaSPFI","RaSPFI_fcd","Spruce - Fir",4
"4_41_1_54713",2,40,205,2051,1574,1705020106,"17050119","OBM","RaMCONms_fcm_17050201","RaMCONms","RaMCONms_fcm",22,"fcm","RaMCONms","RaMCONms_fcm","Mixed Conifer - Eastside Mesic",3
"4_41_1_55538",2,40,205,2051,946,1705020106,"17050119","OBM","RaMCONms_fcm_17050201","RaMCONms","RaMCONms_fcm",22,"fcm","RaMCONms","RaMCONms_fcm","Mixed Conifer - Eastside Mesic",3
"4_41_1_60212",2,40,205,2051,1606,1705020106,"17050119","OBM","RaMCONms_fcm_17050201","RaMCONms","RaMCONms_fcm",22,"fcm","RaMCONms","RaMCONms_fcm","Mixed Conifer - Eastside Mesic",3
"4_41_1_88854",2,40,205,572,816,1705020106,"17050119","OBM","RaPIPOm_fdp_1705020106","RaPIPOm","RaPIPOm_fdp",52,"fdp","RaPIPOm","RaPIPOm_fdp","Dry Ponderosa Pine - Mesic",1
"4_41_63_59019",2,45,234,318,779,1706010301,"17060102","OBM","RaMCONdy_fdd_1706010301","RaMCONdy","RaMCONdy_fdd",42,"fdd","RaMCONdy","RaMCONdy_fdd","Mixed Conifer - Eastside Dry",1
"4_41_63_58599",2,48,259,343,1,1706010606,"17060105","OBM","RaMCONdy_fdg_1706010606","RaMCONdy","RaMCONdy_fdg",23,"fdg","RaMCONdy","RaMCONdy_fdg","Mixed Conifer - Eastside Dry",1
"4_41_63_89385",2,45,234,318,141,1706010301,"17060102","OBM","RaMCONdy_fdd_1706010301","RaMCONdy","RaMCONdy_fdd",42,"fdd","RaMCONdy","RaMCONdy_fdd","Mixed Conifer - Eastside Dry",1
"4_41_63_76319",2,48,259,326,273,1706010606,"17060105","OBM","RaMCONdy_fdd_1706010606","RaMCONdy","RaMCONdy_fdd",42,"fdd","RaMCONdy","RaMCONdy_fdd","Mixed Conifer - Eastside Dry",1
"4_41_63_99829",2,48,257,1984,733,1706010604,"17060105","OBM","RaMCONms_fcm_17060106","RaMCONms","RaMCONms_fcm",22,"fcm","RaMCONms","RaMCONms_fcm","Mixed Conifer - Eastside Mesic",3
"4_41_63_70865",2,48,257,368,1463,1706010604,"17060105","OBM","RaMCONdy_fdd_1706010604","RaMCONdy","RaMCONdy_fdd",42,"fdd","RaMCONdy","RaMCONdy_fdd","Mixed Conifer - Eastside Dry",1
"4_41_63_67596",2,48,257,368,1874,1706010604,"17060105","OBM","RaMCONdy_fdd_1706010604","RaMCONdy","RaMCONdy_fdd",42,"fdd","RaMCONdy","RaMCONdy_fdd","Mixed Conifer - Eastside Dry",1
"4_41_63_66376",2,48,257,368,1959,1706010604,"17060105","OBM","RaMCONdy_fdd_1706010604","RaMCONdy","RaMCONdy_fdd",42,"fdd","RaMCONdy","RaMCONdy_fdd","Mixed Conifer - Eastside Dry",1
"4_41_63_68407",2,48,257,370,1177,1706010604,"17060105","OBM","RaPIPOm_fdp_1706010604","RaPIPOm","RaPIPOm_fdp",52,"fdp","RaPIPOm","RaPIPOm_fdp","Dry Ponderosa Pine - Mesic",1
"4_41_63_73352",2,44,232,417,460,1706010204,"17060101","OBM","RaMCONdy_fdd_1706010204","RaMCONdy","RaMCONdy_fdd",42,"fdd","RaMCONdy","RaMCONdy_fdd","Mixed Conifer - Eastside Dry",1
"4_41_63_76246",2,44,231,456,334,1706010203,"17060101","OBM","RaMCONdy_fdd_1706010203","RaMCONdy","RaMCONdy_fdd",42,"fdd","RaMCONdy","RaMCONdy_fdd","Mixed Conifer - Eastside Dry",1
"4_41_63_99614",2,44,231,456,470,1706010203,"17060101","OBM","RaMCONdy_fdd_1706010203","RaMCONdy","RaMCONdy_fdd",42,"fdd","RaMCONdy","RaMCONdy_fdd","Mixed Conifer - Eastside Dry",1
"4_41_63_58319",2,44,231,2003,996,1706010203,"17060101","OBM","RaMCONms_fcm_17060102","RaMCONms","RaMCONms_fcm",22,"fcm","RaMCONms","RaMCONms_fcm","Mixed Conifer - Eastside Mesic",3
"4_41_63_89334",2,44,230,2003,898,1706010202,"17060101","OBM","RaMCONms_fcm_17060102","RaMCONms","RaMCONms_fcm",22,"fcm","RaMCONms","RaMCONms_fcm","Mixed Conifer - Eastside Mesic",3
"4_41_63_74987",2,44,230,2003,1594,1706010202,"17060101","OBM","RaMCONms_fcm_17060102","RaMCONms","RaMCONms_fcm",22,"fcm","RaMCONms","RaMCONms_fcm","Mixed Conifer - Eastside Mesic",3
"4_41_63_67556",2,44,230,2003,2608,1706010202,"17060101","OBM","RaMCONms_fcm_17060102","RaMCONms","RaMCONms_fcm",22,"fcm","RaMCONms","RaMCONms_fcm","Mixed Conifer - Eastside Mesic",3
"4_41_63_79557",2,44,230,2003,979,1706010202,"17060101","OBM","RaMCONms_fcm_17060102","RaMCONms","RaMCONms_fcm",22,"fcm","RaMCONms","RaMCONms_fcm","Mixed Conifer - Eastside Mesic",3
"4_41_63_79608",2,44,229,2003,2587,1706010201,"17060101","OBM","RaMCONms_fcm_17060102","RaMCONms","RaMCONms_fcm",22,"fcm","RaMCONms","RaMCONms_fcm","Mixed Conifer - Eastside Mesic",3
"4_41_63_55032",2,44,229,2003,2367,1706010201,"17060101","OBM","RaMCONms_fcm_17060102","RaMCONms","RaMCONms_fcm",22,"fcm","RaMCONms","RaMCONms_fcm","Mixed Conifer - Eastside Mesic",3
"4_41_63_73551",2,44,229,2003,2645,1706010201,"17060101","OBM","RaMCONms_fcm_17060102","RaMCONms","RaMCONms_fcm",22,"fcm","RaMCONms","RaMCONms_fcm","Mixed Conifer - Eastside Mesic",3
"4_41_1_50638",2,40,205,2051,3251,1705020106,"17050119","OBM","RaMCONms_fcm_17050201","RaMCONms","RaMCONms_fcm",22,"fcm","RaMCONms","RaMCONms_fcm","Mixed Conifer - Eastside Mesic",3
"4_41_1_52801",2,40,205,2051,1634,1705020106,"17050119","OBM","RaMCONms_fcm_17050201","RaMCONms","RaMCONms_fcm",22,"fcm","RaMCONms","RaMCONms_fcm","Mixed Conifer - Eastside Mesic",3
"4_41_1_80221",2,40,205,2051,1636,1705020106,"17050119","OBM","RaMCONms_fcm_17050201","RaMCONms","RaMCONms_fcm",22,"fcm","RaMCONms","RaMCONms_fcm","Mixed Conifer - Eastside Mesic",3
"4_41_1_97769",2,40,205,2051,1780,1705020106,"17050119","OBM","RaMCONms_fcm_17050201","RaMCONms","RaMCONms_fcm",22,"fcm","RaMCONms","RaMCONms_fcm","Mixed Conifer - Eastside Mesic",3
"4_41_1_51890",2,40,205,565,751,1705020106,"17050119","OBM","RaMCONdy_fdd_1705020106","RaMCONdy","RaMCONdy_fdd",42,"fdd","RaMCONdy","RaMCONdy_fdd","Mixed Conifer - Eastside Dry",1
"4_41_63_97996",2,45,234,322,1,1706010301,"17060102","OBM","RaPIPOm_fdp_1706010301","RaPIPOm","RaPIPOm_fdp",52,"fdp","RaPIPOm","RaPIPOm_fdp","Dry Ponderosa Pine - Mesic",1
"4_41_63_93620",2,48,257,1984,894,1706010604,"17060105","OBM","RaMCONms_fcm_17060106","RaMCONms","RaMCONms_fcm",22,"fcm","RaMCONms","RaMCONms_fcm","Mixed Conifer - Eastside Mesic",3
"4_41_63_88470",2,45,234,318,843,1706010301,"17060102","OBM","RaMCONdy_fdd_1706010301","RaMCONdy","RaMCONdy_fdd",42,"fdd","RaMCONdy","RaMCONdy_fdd","Mixed Conifer - Eastside Dry",1
"4_41_63_97022",2,48,257,368,2133,1706010604,"17060105","OBM","RaMCONdy_fdd_1706010604","RaMCONdy","RaMCONdy_fdd",42,"fdd","RaMCONdy","RaMCONdy_fdd","Mixed Conifer - Eastside Dry",1
"4_41_63_53535",2,48,257,368,1451,1706010604,"17060105","OBM","RaMCONdy_fdd_1706010604","RaMCONdy","RaMCONdy_fdd",42,"fdd","RaMCONdy","RaMCONdy_fdd","Mixed Conifer - Eastside Dry",1
"4_41_63_85258",2,44,231,2003,484,1706010203,"17060101","OBM","RaMCONms_fcm_17060102","RaMCONms","RaMCONms_fcm",22,"fcm","RaMCONms","RaMCONms_fcm","Mixed Conifer - Eastside Mesic",3
"4_41_63_69564",2,44,230,2003,1346,1706010202,"17060101","OBM","RaMCONms_fcm_17060102","RaMCONms","RaMCONms_fcm",22,"fcm","RaMCONms","RaMCONms_fcm","Mixed Conifer - Eastside Mesic",3
"4_41_63_65823",2,44,230,2003,1304,1706010202,"17060101","OBM","RaMCONms_fcm_17060102","RaMCONms","RaMCONms_fcm",22,"fcm","RaMCONms","RaMCONms_fcm","Mixed Conifer - Eastside Mesic",3
"4_41_63_82126",2,44,230,2003,2784,1706010202,"17060101","OBM","RaMCONms_fcm_17060102","RaMCONms","RaMCONms_fcm",22,"fcm","RaMCONms","RaMCONms_fcm","Mixed Conifer - Eastside Mesic",3
"4_41_63_64909",2,44,230,2003,1375,1706010202,"17060101","OBM","RaMCONms_fcm_17060102","RaMCONms","RaMCONms_fcm",22,"fcm","RaMCONms","RaMCONms_fcm","Mixed Conifer - Eastside Mesic",3
"4_41_63_73055",2,44,229,2003,2847,1706010201,"17060101","OBM","RaMCONms_fcm_17060102","RaMCONms","RaMCONms_fcm",22,"fcm","RaMCONms","RaMCONms_fcm","Mixed Conifer - Eastside Mesic",3
"4_41_63_73319",2,44,229,2003,2750,1706010201,"17060101","OBM","RaMCONms_fcm_17060102","RaMCONms","RaMCONms_fcm",22,"fcm","RaMCONms","RaMCONms_fcm","Mixed Conifer - Eastside Mesic",3
"4_41_63_99028",2,44,229,2003,2819,1706010201,"17060101","OBM","RaMCONms_fcm_17060102","RaMCONms","RaMCONms_fcm",22,"fcm","RaMCONms","RaMCONms_fcm","Mixed Conifer - Eastside Mesic",3
"4_41_63_55629",2,44,229,2003,2393,1706010201,"17060101","OBM","RaMCONms_fcm_17060102","RaMCONms","RaMCONms_fcm",22,"fcm","RaMCONms","RaMCONms_fcm","Mixed Conifer - Eastside Mesic",3
"4_41_1_64606",2,40,205,2051,2605,1705020106,"17050119","OBM","RaMCONms_fcm_17050201","RaMCONms","RaMCONms_fcm",22,"fcm","RaMCONms","RaMCONms_fcm","Mixed Conifer - Eastside Mesic",3
"4_41_1_95280",2,40,205,2051,2385,1705020106,"17050119","OBM","RaMCONms_fcm_17050201","RaMCONms","RaMCONms_fcm",22,"fcm","RaMCONms","RaMCONms_fcm","Mixed Conifer - Eastside Mesic",3
"4_41_1_53306",2,40,205,565,507,1705020106,"17050119","OBM","RaMCONdy_fdd_1705020106","RaMCONdy","RaMCONdy_fdd",42,"fdd","RaMCONdy","RaMCONdy_fdd","Mixed Conifer - Eastside Dry",1
"4_41_1_85141",2,40,205,2051,616,1705020106,"17050119","OBM","RaMCONms_fcm_17050201","RaMCONms","RaMCONms_fcm",22,"fcm","RaMCONms","RaMCONms_fcm","Mixed Conifer - Eastside Mesic",3
"4_41_1_68752",2,40,205,565,215,1705020106,"17050119","OBM","RaMCONdy_fdd_1705020106","RaMCONdy","RaMCONdy_fdd",42,"fdd","RaMCONdy","RaMCONdy_fdd","Mixed Conifer - Eastside Dry",1
"4_41_63_87632",2,45,234,318,623,1706010301,"17060102","OBM","RaMCONdy_fdd_1706010301","RaMCONdy","RaMCONdy_fdd",42,"fdd","RaMCONdy","RaMCONdy_fdd","Mixed Conifer - Eastside Dry",1
"4_41_63_85981",2,45,234,1967,769,1706010301,"17060102","OBM","RaMCONms_fcm_17060103","RaMCONms","RaMCONms_fcm",22,"fcm","RaMCONms","RaMCONms_fcm","Mixed Conifer - Eastside Mesic",3
"4_41_63_88103",2,48,257,1984,2013,1706010604,"17060105","OBM","RaMCONms_fcm_17060106","RaMCONms","RaMCONms_fcm",22,"fcm","RaMCONms","RaMCONms_fcm","Mixed Conifer - Eastside Mesic",3
"4_41_63_87256",2,48,257,1984,2131,1706010604,"17060105","OBM","RaMCONms_fcm_17060106","RaMCONms","RaMCONms_fcm",22,"fcm","RaMCONms","RaMCONms_fcm","Mixed Conifer - Eastside Mesic",3
"4_41_63_97309",2,48,257,1984,1323,1706010604,"17060105","OBM","RaMCONms_fcm_17060106","RaMCONms","RaMCONms_fcm",22,"fcm","RaMCONms","RaMCONms_fcm","Mixed Conifer - Eastside Mesic",3
"4_41_63_61399",2,44,233,379,209,1706010205,"17060101","OBM","RaMCONdy_fdd_1706010205","RaMCONdy","RaMCONdy_fdd",42,"fdd","RaMCONdy","RaMCONdy_fdd","Mixed Conifer - Eastside Dry",1
"4_41_63_97799",2,44,231,456,993,1706010203,"17060101","OBM","RaMCONdy_fdd_1706010203","RaMCONdy","RaMCONdy_fdd",42,"fdd","RaMCONdy","RaMCONdy_fdd","Mixed Conifer - Eastside Dry",1
"4_41_63_59710",2,44,231,462,931,1706010203,"17060101","OBM","RaMCONdy_fdg_1706010203","RaMCONdy","RaMCONdy_fdg",23,"fdg","RaMCONdy","RaMCONdy_fdg","Mixed Conifer - Eastside Dry",1
"4_41_63_87515",2,44,231,456,681,1706010203,"17060101","OBM","RaMCONdy_fdd_1706010203","RaMCONdy","RaMCONdy_fdd",42,"fdd","RaMCONdy","RaMCONdy_fdd","Mixed Conifer - Eastside Dry",1
"4_41_63_64949",2,44,230,448,1323,1706010202,"17060101","OBM","RaMCONdy_fdg_1706010202","RaMCONdy","RaMCONdy_fdg",23,"fdg","RaMCONdy","RaMCONdy_fdg","Mixed Conifer - Eastside Dry",1
"4_41_63_65182",2,44,230,2003,1207,1706010202,"17060101","OBM","RaMCONms_fcm_17060102","RaMCONms","RaMCONms_fcm",22,"fcm","RaMCONms","RaMCONms_fcm","Mixed Conifer - Eastside Mesic",3
"4_41_63_95318",2,44,230,2003,2202,1706010202,"17060101","OBM","RaMCONms_fcm_17060102","RaMCONms","RaMCONms_fcm",22,"fcm","RaMCONms","RaMCONms_fcm","Mixed Conifer - Eastside Mesic",3
"4_41_63_88975",2,44,229,2003,1625,1706010201,"17060101","OBM","RaMCONms_fcm_17060102","RaMCONms","RaMCONms_fcm",22,"fcm","RaMCONms","RaMCONms_fcm","Mixed Conifer - Eastside Mesic",3
"4_41_63_58238",2,44,229,2003,1668,1706010201,"17060101","OBM","RaMCONms_fcm_17060102","RaMCONms","RaMCONms_fcm",22,"fcm","RaMCONms","RaMCONms_fcm","Mixed Conifer - Eastside Mesic",3
"4_41_63_98675",2,44,229,2003,1942,1706010201,"17060101","OBM","RaMCONms_fcm_17060102","RaMCONms","RaMCONms_fcm",22,"fcm","RaMCONms","RaMCONms_fcm","Mixed Conifer - Eastside Mesic",3
"4_41_63_84400",2,44,229,2003,2535,1706010201,"17060101","OBM","RaMCONms_fcm_17060102","RaMCONms","RaMCONms_fcm",22,"fcm","RaMCONms","RaMCONms_fcm","Mixed Conifer - Eastside Mesic",3
"4_41_63_59926",2,44,229,2003,2263,1706010201,"17060101","OBM","RaMCONms_fcm_17060102","RaMCONms","RaMCONms_fcm",22,"fcm","RaMCONms","RaMCONms_fcm","Mixed Conifer - Eastside Mesic",3
"4_41_1_69278",2,40,205,2051,1668,1705020106,"17050119","OBM","RaMCONms_fcm_17050201","RaMCONms","RaMCONms_fcm",22,"fcm","RaMCONms","RaMCONms_fcm","Mixed Conifer - Eastside Mesic",3
"4_41_1_85365",2,40,205,2051,1861,1705020106,"17050119","OBM","RaMCONms_fcm_17050201","RaMCONms","RaMCONms_fcm",22,"fcm","RaMCONms","RaMCONms_fcm","Mixed Conifer - Eastside Mesic",3
"4_41_1_94915",2,40,205,565,810,1705020106,"17050119","OBM","RaMCONdy_fdd_1705020106","RaMCONdy","RaMCONdy_fdd",42,"fdd","RaMCONdy","RaMCONdy_fdd","Mixed Conifer - Eastside Dry",1
"4_41_1_96860",2,40,205,565,1055,1705020106,"17050119","OBM","RaMCONdy_fdd_1705020106","RaMCONdy","RaMCONdy_fdd",42,"fdd","RaMCONdy","RaMCONdy_fdd","Mixed Conifer - Eastside Dry",1
"4_41_45_61188",5,31,151,2225,17,1705010704,"17050106","OSE","RaPIPOxe_fxp_17050107","RaPIPOxe","RaPIPOxe_fxp",56,"fxp","RaPIPOxe","RaPIPOxe_fxp","Ponderosa Pine - Xeric",3
"4_41_63_52727",2,45,234,1967,815,1706010301,"17060102","OBM","RaMCONms_fcm_17060103","RaMCONms","RaMCONms_fcm",22,"fcm","RaMCONms","RaMCONms_fcm","Mixed Conifer - Eastside Mesic",3
"4_41_63_84389",2,45,234,318,1045,1706010301,"17060102","OBM","RaMCONdy_fdd_1706010301","RaMCONdy","RaMCONdy_fdd",42,"fdd","RaMCONdy","RaMCONdy_fdd","Mixed Conifer - Eastside Dry",1
"4_41_63_61553",2,44,233,379,258,1706010205,"17060101","OBM","RaMCONdy_fdd_1706010205","RaMCONdy","RaMCONdy_fdd",42,"fdd","RaMCONdy","RaMCONdy_fdd","Mixed Conifer - Eastside Dry",1
"4_41_63_87933",2,44,233,379,640,1706010205,"17060101","OBM","RaMCONdy_fdd_1706010205","RaMCONdy","RaMCONdy_fdd",42,"fdd","RaMCONdy","RaMCONdy_fdd","Mixed Conifer - Eastside Dry",1
"4_41_63_56437",2,44,231,456,167,1706010203,"17060101","OBM","RaMCONdy_fdd_1706010203","RaMCONdy","RaMCONdy_fdd",42,"fdd","RaMCONdy","RaMCONdy_fdd","Mixed Conifer - Eastside Dry",1
"4_41_63_90339",2,44,231,456,1030,1706010203,"17060101","OBM","RaMCONdy_fdd_1706010203","RaMCONdy","RaMCONdy_fdd",42,"fdd","RaMCONdy","RaMCONdy_fdd","Mixed Conifer - Eastside Dry",1
"4_41_63_81666",2,44,231,456,937,1706010203,"17060101","OBM","RaMCONdy_fdd_1706010203","RaMCONdy","RaMCONdy_fdd",42,"fdd","RaMCONdy","RaMCONdy_fdd","Mixed Conifer - Eastside Dry",1
"4_41_63_78929",2,44,231,456,1454,1706010203,"17060101","OBM","RaMCONdy_fdd_1706010203","RaMCONdy","RaMCONdy_fdd",42,"fdd","RaMCONdy","RaMCONdy_fdd","Mixed Conifer - Eastside Dry",1
"4_41_63_75618",2,44,230,440,1599,1706010202,"17060101","OBM","RaMCONdy_fdd_1706010202","RaMCONdy","RaMCONdy_fdd",42,"fdd","RaMCONdy","RaMCONdy_fdd","Mixed Conifer - Eastside Dry",1
"4_41_63_99764",2,44,230,2003,2981,1706010202,"17060101","OBM","RaMCONms_fcm_17060102","RaMCONms","RaMCONms_fcm",22,"fcm","RaMCONms","RaMCONms_fcm","Mixed Conifer - Eastside Mesic",3
"4_41_63_77029",2,44,230,2003,1212,1706010202,"17060101","OBM","RaMCONms_fcm_17060102","RaMCONms","RaMCONms_fcm",22,"fcm","RaMCONms","RaMCONms_fcm","Mixed Conifer - Eastside Mesic",3
"4_41_63_70294",2,44,229,2003,1155,1706010201,"17060101","OBM","RaMCONms_fcm_17060102","RaMCONms","RaMCONms_fcm",22,"fcm","RaMCONms","RaMCONms_fcm","Mixed Conifer - Eastside Mesic",3
"4_41_63_93089",2,44,229,2003,1081,1706010201,"17060101","OBM","RaMCONms_fcm_17060102","RaMCONms","RaMCONms_fcm",22,"fcm","RaMCONms","RaMCONms_fcm","Mixed Conifer - Eastside Mesic",3
"4_41_63_82255",2,44,229,2003,1889,1706010201,"17060101","OBM","RaMCONms_fcm_17060102","RaMCONms","RaMCONms_fcm",22,"fcm","RaMCONms","RaMCONms_fcm","Mixed Conifer - Eastside Mesic",3
"4_41_63_81796",2,44,229,2003,2420,1706010201,"17060101","OBM","RaMCONms_fcm_17060102","RaMCONms","RaMCONms_fcm",22,"fcm","RaMCONms","RaMCONms_fcm","Mixed Conifer - Eastside Mesic",3
"4_41_63_72798",2,40,205,2051,2187,1705020106,"17050119","OBM","RaMCONms_fcm_17050201","RaMCONms","RaMCONms_fcm",22,"fcm","RaMCONms","RaMCONms_fcm","Mixed Conifer - Eastside Mesic",3
"4_41_63_81731",2,44,229,2003,1334,1706010201,"17060101","OBM","RaMCONms_fcm_17060102","RaMCONms","RaMCONms_fcm",22,"fcm","RaMCONms","RaMCONms_fcm","Mixed Conifer - Eastside Mesic",3
"4_41_1_74523",2,40,205,2051,1750,1705020106,"17050119","OBM","RaMCONms_fcm_17050201","RaMCONms","RaMCONms_fcm",22,"fcm","RaMCONms","RaMCONms_fcm","Mixed Conifer - Eastside Mesic",3
"4_41_1_96829",2,40,206,520,443,1705020107,"17050119","OBM","RaMCONdy_fdd_1705020107","RaMCONdy","RaMCONdy_fdd",42,"fdd","RaMCONdy","RaMCONdy_fdd","Mixed Conifer - Eastside Dry",1
"4_41_63_65641",2,44,233,379,217,1706010205,"17060101","OBM","RaMCONdy_fdd_1706010205","RaMCONdy","RaMCONdy_fdd",42,"fdd","RaMCONdy","RaMCONdy_fdd","Mixed Conifer - Eastside Dry",1
"4_41_63_93338",2,44,233,2003,172,1706010205,"17060101","OBM","RaMCONms_fcm_17060102","RaMCONms","RaMCONms_fcm",22,"fcm","RaMCONms","RaMCONms_fcm","Mixed Conifer - Eastside Mesic",3
"4_41_63_78007",2,44,233,379,575,1706010205,"17060101","OBM","RaMCONdy_fdd_1706010205","RaMCONdy","RaMCONdy_fdd",42,"fdd","RaMCONdy","RaMCONdy_fdd","Mixed Conifer - Eastside Dry",1
"4_41_63_90477",2,44,233,379,728,1706010205,"17060101","OBM","RaMCONdy_fdd_1706010205","RaMCONdy","RaMCONdy_fdd",42,"fdd","RaMCONdy","RaMCONdy_fdd","Mixed Conifer - Eastside Dry",1
"4_41_63_85090",2,44,230,440,337,1706010202,"17060101","OBM","RaMCONdy_fdd_1706010202","RaMCONdy","RaMCONdy_fdd",42,"fdd","RaMCONdy","RaMCONdy_fdd","Mixed Conifer - Eastside Dry",1
"4_41_63_60953",2,44,230,2003,1125,1706010202,"17060101","OBM","RaMCONms_fcm_17060102","RaMCONms","RaMCONms_fcm",22,"fcm","RaMCONms","RaMCONms_fcm","Mixed Conifer - Eastside Mesic",3
"4_41_63_94140",2,44,230,2003,976,1706010202,"17060101","OBM","RaMCONms_fcm_17060102","RaMCONms","RaMCONms_fcm",22,"fcm","RaMCONms","RaMCONms_fcm","Mixed Conifer - Eastside Mesic",3
"4_41_63_76173",2,44,229,2003,657,1706010201,"17060101","OBM","RaMCONms_fcm_17060102","RaMCONms","RaMCONms_fcm",22,"fcm","RaMCONms","RaMCONms_fcm","Mixed Conifer - Eastside Mesic",3
"4_41_63_71851",2,44,229,2003,1455,1706010201,"17060101","OBM","RaMCONms_fcm_17060102","RaMCONms","RaMCONms_fcm",22,"fcm","RaMCONms","RaMCONms_fcm","Mixed Conifer - Eastside Mesic",3
"4_41_63_78360",2,44,229,2003,2126,1706010201,"17060101","OBM","RaMCONms_fcm_17060102","RaMCONms","RaMCONms_fcm",22,"fcm","RaMCONms","RaMCONms_fcm","Mixed Conifer - Eastside Mesic",3
"4_41_63_97118",2,44,229,2003,1556,1706010201,"17060101","OBM","RaMCONms_fcm_17060102","RaMCONms","RaMCONms_fcm",22,"fcm","RaMCONms","RaMCONms_fcm","Mixed Conifer - Eastside Mesic",3
"4_41_63_69647",2,40,206,2051,565,1705020107,"17050119","OBM","RaMCONms_fcm_17050201","RaMCONms","RaMCONms_fcm",22,"fcm","RaMCONms","RaMCONms_fcm","Mixed Conifer - Eastside Mesic",3
"4_41_63_94285",2,44,233,2003,193,1706010205,"17060101","OBM","RaMCONms_fcm_17060102","RaMCONms","RaMCONms_fcm",22,"fcm","RaMCONms","RaMCONms_fcm","Mixed Conifer - Eastside Mesic",3
"4_41_63_69844",2,44,233,2003,558,1706010205,"17060101","OBM","RaMCONms_fcm_17060102","RaMCONms","RaMCONms_fcm",22,"fcm","RaMCONms","RaMCONms_fcm","Mixed Conifer - Eastside Mesic",3
"4_41_63_60998",2,44,233,2003,2598,1706010205,"17060101","OBM","RaMCONms_fcm_17060102","RaMCONms","RaMCONms_fcm",22,"fcm","RaMCONms","RaMCONms_fcm","Mixed Conifer - Eastside Mesic",3
"4_41_63_89104",2,44,233,2003,1792,1706010205,"17060101","OBM","RaMCONms_fcm_17060102","RaMCONms","RaMCONms_fcm",22,"fcm","RaMCONms","RaMCONms_fcm","Mixed Conifer - Eastside Mesic",3
"4_41_63_93997",2,44,230,440,835,1706010202,"17060101","OBM","RaMCONdy_fdd_1706010202","RaMCONdy","RaMCONdy_fdd",42,"fdd","RaMCONdy","RaMCONdy_fdd","Mixed Conifer - Eastside Dry",1
"4_41_63_88162",2,44,230,440,1415,1706010202,"17060101","OBM","RaMCONdy_fdd_1706010202","RaMCONdy","RaMCONdy_fdd",42,"fdd","RaMCONdy","RaMCONdy_fdd","Mixed Conifer - Eastside Dry",1
"4_41_63_88784",2,44,230,440,1703,1706010202,"17060101","OBM","RaMCONdy_fdd_1706010202","RaMCONdy","RaMCONdy_fdd",42,"fdd","RaMCONdy","RaMCONdy_fdd","Mixed Conifer - Eastside Dry",1
"4_41_63_92176",2,44,230,440,952,1706010202,"17060101","OBM","RaMCONdy_fdd_1706010202","RaMCONdy","RaMCONdy_fdd",42,"fdd","RaMCONdy","RaMCONdy_fdd","Mixed Conifer - Eastside Dry",1
"4_41_63_60215",2,44,230,440,609,1706010202,"17060101","OBM","RaMCONdy_fdd_1706010202","RaMCONdy","RaMCONdy_fdd",42,"fdd","RaMCONdy","RaMCONdy_fdd","Mixed Conifer - Eastside Dry",1
"4_41_63_55670",2,44,230,2003,2342,1706010202,"17060101","OBM","RaMCONms_fcm_17060102","RaMCONms","RaMCONms_fcm",22,"fcm","RaMCONms","RaMCONms_fcm","Mixed Conifer - Eastside Mesic",3
"4_41_63_63529",2,44,230,2003,2635,1706010202,"17060101","OBM","RaMCONms_fcm_17060102","RaMCONms","RaMCONms_fcm",22,"fcm","RaMCONms","RaMCONms_fcm","Mixed Conifer - Eastside Mesic",3
"4_41_63_66731",2,44,229,2003,1390,1706010201,"17060101","OBM","RaMCONms_fcm_17060102","RaMCONms","RaMCONms_fcm",22,"fcm","RaMCONms","RaMCONms_fcm","Mixed Conifer - Eastside Mesic",3
"4_41_63_70682",2,44,229,2003,1365,1706010201,"17060101","OBM","RaMCONms_fcm_17060102","RaMCONms","RaMCONms_fcm",22,"fcm","RaMCONms","RaMCONms_fcm","Mixed Conifer - Eastside Mesic",3
"4_41_63_71149",2,44,233,379,1176,1706010205,"17060101","OBM","RaMCONdy_fdd_1706010205","RaMCONdy","RaMCONdy_fdd",42,"fdd","RaMCONdy","RaMCONdy_fdd","Mixed Conifer - Eastside Dry",1
"4_41_63_99405",2,44,233,379,1046,1706010205,"17060101","OBM","RaMCONdy_fdd_1706010205","RaMCONdy","RaMCONdy_fdd",42,"fdd","RaMCONdy","RaMCONdy_fdd","Mixed Conifer - Eastside Dry",1
"4_41_63_85662",2,44,233,2003,721,1706010205,"17060101","OBM","RaMCONms_fcm_17060102","RaMCONms","RaMCONms_fcm",22,"fcm","RaMCONms","RaMCONms_fcm","Mixed Conifer - Eastside Mesic",3
"4_41_63_85672",2,44,233,2003,1756,1706010205,"17060101","OBM","RaMCONms_fcm_17060102","RaMCONms","RaMCONms_fcm",22,"fcm","RaMCONms","RaMCONms_fcm","Mixed Conifer - Eastside Mesic",3
"4_41_63_56140",2,44,233,2003,1386,1706010205,"17060101","OBM","RaMCONms_fcm_17060102","RaMCONms","RaMCONms_fcm",22,"fcm","RaMCONms","RaMCONms_fcm","Mixed Conifer - Eastside Mesic",3
"4_41_63_81894",2,44,233,2003,2344,1706010205,"17060101","OBM","RaMCONms_fcm_17060102","RaMCONms","RaMCONms_fcm",22,"fcm","RaMCONms","RaMCONms_fcm","Mixed Conifer - Eastside Mesic",3
"4_41_63_81752",2,44,233,2318,1418,1706010205,"17060101","OBM","RaSPFI_fcd_OBM","RaSPFI","RaSPFI_fcd",9,"fcd","RaSPFI","RaSPFI_fcd","Spruce - Fir",4
"4_41_63_65103",2,44,230,2003,1129,1706010202,"17060101","OBM","RaMCONms_fcm_17060102","RaMCONms","RaMCONms_fcm",22,"fcm","RaMCONms","RaMCONms_fcm","Mixed Conifer - Eastside Mesic",3
"4_41_63_73403",2,44,230,2003,1063,1706010202,"17060101","OBM","RaMCONms_fcm_17060102","RaMCONms","RaMCONms_fcm",22,"fcm","RaMCONms","RaMCONms_fcm","Mixed Conifer - Eastside Mesic",3
"4_41_63_77981",2,44,230,2003,1409,1706010202,"17060101","OBM","RaMCONms_fcm_17060102","RaMCONms","RaMCONms_fcm",22,"fcm","RaMCONms","RaMCONms_fcm","Mixed Conifer - Eastside Mesic",3
"4_41_63_51476",2,44,230,2003,2336,1706010202,"17060101","OBM","RaMCONms_fcm_17060102","RaMCONms","RaMCONms_fcm",22,"fcm","RaMCONms","RaMCONms_fcm","Mixed Conifer - Eastside Mesic",3
"4_41_63_93553",2,44,230,2003,2263,1706010202,"17060101","OBM","RaMCONms_fcm_17060102","RaMCONms","RaMCONms_fcm",22,"fcm","RaMCONms","RaMCONms_fcm","Mixed Conifer - Eastside Mesic",3
"4_41_63_91967",2,43,226,1999,971,1706010101,"17050203","OBM","RaMCONms_fcm_17060101","RaMCONms","RaMCONms_fcm",22,"fcm","RaMCONms","RaMCONms_fcm","Mixed Conifer - Eastside Mesic",3
"4_41_63_98995",2,40,206,2051,537,1705020107,"17050119","OBM","RaMCONms_fcm_17050201","RaMCONms","RaMCONms_fcm",22,"fcm","RaMCONms","RaMCONms_fcm","Mixed Conifer - Eastside Mesic",3
"4_41_63_87390",2,44,233,379,1300,1706010205,"17060101","OBM","RaMCONdy_fdd_1706010205","RaMCONdy","RaMCONdy_fdd",42,"fdd","RaMCONdy","RaMCONdy_fdd","Mixed Conifer - Eastside Dry",1
"4_41_63_89005",2,44,233,2003,1051,1706010205,"17060101","OBM","RaMCONms_fcm_17060102","RaMCONms","RaMCONms_fcm",22,"fcm","RaMCONms","RaMCONms_fcm","Mixed Conifer - Eastside Mesic",3
"4_41_63_69303",2,44,233,2003,532,1706010205,"17060101","OBM","RaMCONms_fcm_17060102","RaMCONms","RaMCONms_fcm",22,"fcm","RaMCONms","RaMCONms_fcm","Mixed Conifer - Eastside Mesic",3
"4_41_63_90636",2,44,233,379,1447,1706010205,"17060101","OBM","RaMCONdy_fdd_1706010205","RaMCONdy","RaMCONdy_fdd",42,"fdd","RaMCONdy","RaMCONdy_fdd","Mixed Conifer - Eastside Dry",1
"4_41_63_79000",2,44,233,379,1066,1706010205,"17060101","OBM","RaMCONdy_fdd_1706010205","RaMCONdy","RaMCONdy_fdd",42,"fdd","RaMCONdy","RaMCONdy_fdd","Mixed Conifer - Eastside Dry",1
"4_41_63_74466",2,44,233,2003,1503,1706010205,"17060101","OBM","RaMCONms_fcm_17060102","RaMCONms","RaMCONms_fcm",22,"fcm","RaMCONms","RaMCONms_fcm","Mixed Conifer - Eastside Mesic",3
"4_41_63_90771",2,44,233,2003,1357,1706010205,"17060101","OBM","RaMCONms_fcm_17060102","RaMCONms","RaMCONms_fcm",22,"fcm","RaMCONms","RaMCONms_fcm","Mixed Conifer - Eastside Mesic",3
"4_41_63_84217",2,44,233,2003,1391,1706010205,"17060101","OBM","RaMCONms_fcm_17060102","RaMCONms","RaMCONms_fcm",22,"fcm","RaMCONms","RaMCONms_fcm","Mixed Conifer - Eastside Mesic",3
"4_41_63_95206",2,44,233,2318,1491,1706010205,"17060101","OBM","RaSPFI_fcd_OBM","RaSPFI","RaSPFI_fcd",9,"fcd","RaSPFI","RaSPFI_fcd","Spruce - Fir",4
"4_41_63_87848",2,44,233,2318,732,1706010205,"17060101","OBM","RaSPFI_fcd_OBM","RaSPFI","RaSPFI_fcd",9,"fcd","RaSPFI","RaSPFI_fcd","Spruce - Fir",4
"4_41_63_87892",2,44,233,2003,1587,1706010205,"17060101","OBM","RaMCONms_fcm_17060102","RaMCONms","RaMCONms_fcm",22,"fcm","RaMCONms","RaMCONms_fcm","Mixed Conifer - Eastside Mesic",3
"0_41_57_85815",3,108,607,2314,232,1710020308,"17100202","OCR","RaSSHE_fss_OCR","RaSSHE","RaSSHE_fss",60,"fss","RaSSHE","RaSSHE_fss","Sitka Spruce - Western Hemlock",5
"0_41_57_87607",3,108,607,2314,2128,1710020308,"17100202","OCR","RaSSHE_fss_OCR","RaSSHE","RaSSHE_fss",60,"fss","RaSSHE","RaSSHE_fss","Sitka Spruce - Western Hemlock",5
"0_41_57_59947",3,108,608,2315,1328,1710020309,"17100202","OCR","RaDFHEwt_fwn_OCR","RaDFHEwt","RaDFHEwt_fwn",32,"fwn","RaDFHEwt","RaDFHEwt_fwn","Douglas-fir Hemlock-Wet Mesic",5
"0_41_57_78241",3,108,608,2314,1904,1710020309,"17100202","OCR","RaSSHE_fss_OCR","RaSSHE","RaSSHE_fss",60,"fss","RaSSHE","RaSSHE_fss","Sitka Spruce - Western Hemlock",5
"0_41_57_60320",3,108,608,2314,3219,1710020309,"17100202","OCR","RaSSHE_fss_OCR","RaSSHE","RaSSHE_fss",60,"fss","RaSSHE","RaSSHE_fss","Sitka Spruce - Western Hemlock",5
"0_41_57_59458",3,108,601,2314,1760,1710020302,"17100202","OCR","RaSSHE_fss_OCR","RaSSHE","RaSSHE_fss",60,"fss","RaSSHE","RaSSHE_fss","Sitka Spruce - Western Hemlock",5
"0_41_57_55966",3,108,600,2314,1692,1710020301,"17100202","OCR","RaSSHE_fss_OCR","RaSSHE","RaSSHE_fss",60,"fss","RaSSHE","RaSSHE_fss","Sitka Spruce - Western Hemlock",5
"0_41_57_65309",3,108,600,2314,2154,1710020301,"17100202","OCR","RaSSHE_fss_OCR","RaSSHE","RaSSHE_fss",60,"fss","RaSSHE","RaSSHE_fss","Sitka Spruce - Western Hemlock",5
"0_41_57_67960",3,108,608,2314,1319,1710020309,"17100202","OCR","RaSSHE_fss_OCR","RaSSHE","RaSSHE_fss",60,"fss","RaSSHE","RaSSHE_fss","Sitka Spruce - Western Hemlock",5
"0_41_57_83215",3,108,608,2314,2556,1710020309,"17100202","OCR","RaSSHE_fss_OCR","RaSSHE","RaSSHE_fss",60,"fss","RaSSHE","RaSSHE_fss","Sitka Spruce - Western Hemlock",5
"0_41_57_82822",3,108,608,2314,1338,1710020309,"17100202","OCR","RaSSHE_fss_OCR","RaSSHE","RaSSHE_fss",60,"fss","RaSSHE","RaSSHE_fss","Sitka Spruce - Western Hemlock",5
"1_41_41_97198",3,109,616,2314,1314,1710020408,"17100203","OCR","RaSSHE_fss_OCR","RaSSHE","RaSSHE_fss",60,"fss","RaSSHE","RaSSHE_fss","Sitka Spruce - Western Hemlock",5
"1_41_41_50354",3,109,617,2314,1145,1710020409,"17100203","OCR","RaSSHE_fss_OCR","RaSSHE","RaSSHE_fss",60,"fss","RaSSHE","RaSSHE_fss","Sitka Spruce - Western Hemlock",5
"1_41_41_57743",3,109,616,2314,1293,1710020408,"17100203","OCR","RaSSHE_fss_OCR","RaSSHE","RaSSHE_fss",60,"fss","RaSSHE","RaSSHE_fss","Sitka Spruce - Western Hemlock",5
"1_41_41_80440",3,109,615,2315,1371,1710020407,"17100203","OCR","RaDFHEwt_fwn_OCR","RaDFHEwt","RaDFHEwt_fwn",32,"fwn","RaDFHEwt","RaDFHEwt_fwn","Douglas-fir Hemlock-Wet Mesic",5
"1_41_41_94178",3,109,615,2315,1228,1710020407,"17100203","OCR","RaDFHEwt_fwn_OCR","RaDFHEwt","RaDFHEwt_fwn",32,"fwn","RaDFHEwt","RaDFHEwt_fwn","Douglas-fir Hemlock-Wet Mesic",5
"1_41_41_64817",3,109,615,2315,1961,1710020407,"17100203","OCR","RaDFHEwt_fwn_OCR","RaDFHEwt","RaDFHEwt_fwn",32,"fwn","RaDFHEwt","RaDFHEwt_fwn","Douglas-fir Hemlock-Wet Mesic",5
"1_41_41_93952",3,109,615,2315,1727,1710020407,"17100203","OCR","RaDFHEwt_fwn_OCR","RaDFHEwt","RaDFHEwt_fwn",32,"fwn","RaDFHEwt","RaDFHEwt_fwn","Douglas-fir Hemlock-Wet Mesic",5
"1_41_41_92876",3,109,615,2315,1379,1710020407,"17100203","OCR","RaDFHEwt_fwn_OCR","RaDFHEwt","RaDFHEwt_fwn",32,"fwn","RaDFHEwt","RaDFHEwt_fwn","Douglas-fir Hemlock-Wet Mesic",5
"1_41_41_74687",3,109,615,2315,1075,1710020407,"17100203","OCR","RaDFHEwt_fwn_OCR","RaDFHEwt","RaDFHEwt_fwn",32,"fwn","RaDFHEwt","RaDFHEwt_fwn","Douglas-fir Hemlock-Wet Mesic",5
"1_41_41_78916",3,109,615,2315,1108,1710020407,"17100203","OCR","RaDFHEwt_fwn_OCR","RaDFHEwt","RaDFHEwt_fwn",32,"fwn","RaDFHEwt","RaDFHEwt_fwn","Douglas-fir Hemlock-Wet Mesic",5
"1_41_41_93466",3,109,615,2314,1931,1710020407,"17100203","OCR","RaSSHE_fss_OCR","RaSSHE","RaSSHE_fss",60,"fss","RaSSHE","RaSSHE_fss","Sitka Spruce - Western Hemlock",5
"1_41_41_91804",3,109,615,2314,1120,1710020407,"17100203","OCR","RaSSHE_fss_OCR","RaSSHE","RaSSHE_fss",60,"fss","RaSSHE","RaSSHE_fss","Sitka Spruce - Western Hemlock",5
"1_41_41_92732",3,109,615,2314,500,1710020407,"17100203","OCR","RaSSHE_fss_OCR","RaSSHE","RaSSHE_fss",60,"fss","RaSSHE","RaSSHE_fss","Sitka Spruce - Western Hemlock",5
"1_41_41_59370",3,109,611,2316,1104,1710020403,"17100203","OCR","RaDFHEwt_fww_OCR","RaDFHEwt","RaDFHEwt_fww",34,"fww","RaDFHEwt","RaDFHEwt_fww","Douglas-fir Hemlock-Wet Mesic",5
"1_41_41_95029",3,110,620,2315,1164,1710020503,"17100204","OCR","RaDFHEwt_fwn_OCR","RaDFHEwt","RaDFHEwt_fwn",32,"fwn","RaDFHEwt","RaDFHEwt_fwn","Douglas-fir Hemlock-Wet Mesic",5
"1_41_41_64623",3,110,620,2315,1766,1710020503,"17100204","OCR","RaDFHEwt_fwn_OCR","RaDFHEwt","RaDFHEwt_fwn",32,"fwn","RaDFHEwt","RaDFHEwt_fwn","Douglas-fir Hemlock-Wet Mesic",5
"1_41_41_72186",3,110,620,2315,1570,1710020503,"17100204","OCR","RaDFHEwt_fwn_OCR","RaDFHEwt","RaDFHEwt_fwn",32,"fwn","RaDFHEwt","RaDFHEwt_fwn","Douglas-fir Hemlock-Wet Mesic",5
"1_41_41_54263",3,110,621,2315,1146,1710020504,"17100204","OCR","RaDFHEwt_fwn_OCR","RaDFHEwt","RaDFHEwt_fwn",32,"fwn","RaDFHEwt","RaDFHEwt_fwn","Douglas-fir Hemlock-Wet Mesic",5
"1_41_41_90437",3,110,621,2315,1811,1710020504,"17100204","OCR","RaDFHEwt_fwn_OCR","RaDFHEwt","RaDFHEwt_fwn",32,"fwn","RaDFHEwt","RaDFHEwt_fwn","Douglas-fir Hemlock-Wet Mesic",5
"1_41_41_58514",3,110,621,2315,1152,1710020504,"17100204","OCR","RaDFHEwt_fwn_OCR","RaDFHEwt","RaDFHEwt_fwn",32,"fwn","RaDFHEwt","RaDFHEwt_fwn","Douglas-fir Hemlock-Wet Mesic",5
"1_41_41_68838",3,110,621,2315,1531,1710020504,"17100204","OCR","RaDFHEwt_fwn_OCR","RaDFHEwt","RaDFHEwt_fwn",32,"fwn","RaDFHEwt","RaDFHEwt_fwn","Douglas-fir Hemlock-Wet Mesic",5
"1_41_41_84817",3,110,619,2316,2074,1710020502,"17100204","OCR","RaDFHEwt_fww_OCR","RaDFHEwt","RaDFHEwt_fww",34,"fww","RaDFHEwt","RaDFHEwt_fww","Douglas-fir Hemlock-Wet Mesic",5
"1_41_39_57304",3,110,619,2316,720,1710020502,"17100204","OCR","RaDFHEwt_fww_OCR","RaDFHEwt","RaDFHEwt_fww",34,"fww","RaDFHEwt","RaDFHEwt_fww","Douglas-fir Hemlock-Wet Mesic",5
"1_41_41_60034",3,110,619,2316,1463,1710020502,"17100204","OCR","RaDFHEwt_fww_OCR","RaDFHEwt","RaDFHEwt_fww",34,"fww","RaDFHEwt","RaDFHEwt_fww","Douglas-fir Hemlock-Wet Mesic",5
"1_41_39_87412",3,110,619,2315,1257,1710020502,"17100204","OCR","RaDFHEwt_fwn_OCR","RaDFHEwt","RaDFHEwt_fwn",32,"fwn","RaDFHEwt","RaDFHEwt_fwn","Douglas-fir Hemlock-Wet Mesic",5
"1_41_39_72110",3,110,619,2316,963,1710020502,"17100204","OCR","RaDFHEwt_fww_OCR","RaDFHEwt","RaDFHEwt_fww",34,"fww","RaDFHEwt","RaDFHEwt_fww","Douglas-fir Hemlock-Wet Mesic",5
"1_41_39_64491",3,111,629,2315,684,1710020605,"17100205","OCR","RaDFHEwt_fwn_OCR","RaDFHEwt","RaDFHEwt_fwn",32,"fwn","RaDFHEwt","RaDFHEwt_fwn","Douglas-fir Hemlock-Wet Mesic",5
"1_41_39_56302",3,111,629,2315,1794,1710020605,"17100205","OCR","RaDFHEwt_fwn_OCR","RaDFHEwt","RaDFHEwt_fwn",32,"fwn","RaDFHEwt","RaDFHEwt_fwn","Douglas-fir Hemlock-Wet Mesic",5
"1_41_39_61151",3,111,629,2315,1484,1710020605,"17100205","OCR","RaDFHEwt_fwn_OCR","RaDFHEwt","RaDFHEwt_fwn",32,"fwn","RaDFHEwt","RaDFHEwt_fwn","Douglas-fir Hemlock-Wet Mesic",5
"1_41_39_64198",3,111,629,2315,1552,1710020605,"17100205","OCR","RaDFHEwt_fwn_OCR","RaDFHEwt","RaDFHEwt_fwn",32,"fwn","RaDFHEwt","RaDFHEwt_fwn","Douglas-fir Hemlock-Wet Mesic",5
"1_41_39_74729",3,111,629,2315,1836,1710020605,"17100205","OCR","RaDFHEwt_fwn_OCR","RaDFHEwt","RaDFHEwt_fwn",32,"fwn","RaDFHEwt","RaDFHEwt_fwn","Douglas-fir Hemlock-Wet Mesic",5
"1_41_39_95670",3,111,629,2316,1358,1710020605,"17100205","OCR","RaDFHEwt_fww_OCR","RaDFHEwt","RaDFHEwt_fww",34,"fww","RaDFHEwt","RaDFHEwt_fww","Douglas-fir Hemlock-Wet Mesic",5
"1_41_39_75976",3,111,632,2316,1455,1710020608,"17100205","OCR","RaDFHEwt_fww_OCR","RaDFHEwt","RaDFHEwt_fww",34,"fww","RaDFHEwt","RaDFHEwt_fww","Douglas-fir Hemlock-Wet Mesic",5
"1_41_39_81143",3,111,632,2315,2239,1710020608,"17100205","OCR","RaDFHEwt_fwn_OCR","RaDFHEwt","RaDFHEwt_fwn",32,"fwn","RaDFHEwt","RaDFHEwt_fwn","Douglas-fir Hemlock-Wet Mesic",5
"1_41_39_80045",3,111,632,2316,2039,1710020608,"17100205","OCR","RaDFHEwt_fww_OCR","RaDFHEwt","RaDFHEwt_fww",34,"fww","RaDFHEwt","RaDFHEwt_fww","Douglas-fir Hemlock-Wet Mesic",5
"1_41_39_96875",3,111,632,2315,2294,1710020608,"17100205","OCR","RaDFHEwt_fwn_OCR","RaDFHEwt","RaDFHEwt_fwn",32,"fwn","RaDFHEwt","RaDFHEwt_fwn","Douglas-fir Hemlock-Wet Mesic",5
"1_41_39_74080",3,111,632,2315,1200,1710020608,"17100205","OCR","RaDFHEwt_fwn_OCR","RaDFHEwt","RaDFHEwt_fwn",32,"fwn","RaDFHEwt","RaDFHEwt_fwn","Douglas-fir Hemlock-Wet Mesic",5
"2_41_19_85906",3,116,664,2315,1315,1710030307,"17100303B","OCR","RaDFHEwt_fwn_OCR","RaDFHEwt","RaDFHEwt_fwn",32,"fwn","RaDFHEwt","RaDFHEwt_fwn","Douglas-fir Hemlock-Wet Mesic",5
"2_41_19_80105",3,116,664,2315,1829,1710030307,"17100303B","OCR","RaDFHEwt_fwn_OCR","RaDFHEwt","RaDFHEwt_fwn",32,"fwn","RaDFHEwt","RaDFHEwt_fwn","Douglas-fir Hemlock-Wet Mesic",5
"2_41_19_90098",3,116,664,2315,1809,1710030307,"17100303B","OCR","RaDFHEwt_fwn_OCR","RaDFHEwt","RaDFHEwt_fwn",32,"fwn","RaDFHEwt","RaDFHEwt_fwn","Douglas-fir Hemlock-Wet Mesic",5
"2_41_19_74298",3,116,664,2315,2138,1710030307,"17100303B","OCR","RaDFHEwt_fwn_OCR","RaDFHEwt","RaDFHEwt_fwn",32,"fwn","RaDFHEwt","RaDFHEwt_fwn","Douglas-fir Hemlock-Wet Mesic",5
"2_41_19_93523",3,116,664,2315,1900,1710030307,"17100303B","OCR","RaDFHEwt_fwn_OCR","RaDFHEwt","RaDFHEwt_fwn",32,"fwn","RaDFHEwt","RaDFHEwt_fwn","Douglas-fir Hemlock-Wet Mesic",5
"2_41_19_55682",3,116,661,2315,1117,1710030304,"17100303B","OCR","RaDFHEwt_fwn_OCR","RaDFHEwt","RaDFHEwt_fwn",32,"fwn","RaDFHEwt","RaDFHEwt_fwn","Douglas-fir Hemlock-Wet Mesic",5
"2_41_19_81809",3,116,662,2147,657,1710030305,"17100303B","OCR","RaDFHEdy_fwi_17100303A","RaDFHEdy","RaDFHEdy_fwi",31,"fwi","RaDFHEdy","RaDFHEdy_fwi","Douglas-fir Hemlock-Dry Mesic",3
"2_41_19_51528",3,116,662,2315,1365,1710030305,"17100303B","OCR","RaDFHEwt_fwn_OCR","RaDFHEwt","RaDFHEwt_fwn",32,"fwn","RaDFHEwt","RaDFHEwt_fwn","Douglas-fir Hemlock-Wet Mesic",5
"2_41_19_57818",3,116,662,2315,1028,1710030305,"17100303B","OCR","RaDFHEwt_fwn_OCR","RaDFHEwt","RaDFHEwt_fwn",32,"fwn","RaDFHEwt","RaDFHEwt_fwn","Douglas-fir Hemlock-Wet Mesic",5
"2_41_19_96842",3,116,662,2315,1253,1710030305,"17100303B","OCR","RaDFHEwt_fwn_OCR","RaDFHEwt","RaDFHEwt_fwn",32,"fwn","RaDFHEwt","RaDFHEwt_fwn","Douglas-fir Hemlock-Wet Mesic",5
"2_41_11_63329",3,117,667,2171,1002,1710030402,"17100303A","OCR","RaDFHEdy_fwi_17100304","RaDFHEdy","RaDFHEdy_fwi",31,"fwi","RaDFHEdy","RaDFHEdy_fwi","Douglas-fir Hemlock-Dry Mesic",3
"2_41_19_91482",3,117,667,2171,1564,1710030402,"17100303A","OCR","RaDFHEdy_fwi_17100304","RaDFHEdy","RaDFHEdy_fwi",31,"fwi","RaDFHEdy","RaDFHEdy_fwi","Douglas-fir Hemlock-Dry Mesic",3
"2_41_11_90691",3,117,666,2171,1503,1710030401,"17100303A","OCR","RaDFHEdy_fwi_17100304","RaDFHEdy","RaDFHEdy_fwi",31,"fwi","RaDFHEdy","RaDFHEdy_fwi","Douglas-fir Hemlock-Dry Mesic",3
"2_41_11_76139",6,118,672,2198,1345,1710030503,"17100304","OSW","RaDFHEdy_fwi_17100305","RaDFHEdy","RaDFHEdy_fwi",31,"fwi","RaDFHEdy","RaDFHEdy_fwi","Douglas-fir Hemlock-Dry Mesic",3
"2_41_11_88935",6,118,672,2198,774,1710030503,"17100304","OSW","RaDFHEdy_fwi_17100305","RaDFHEdy","RaDFHEdy_fwi",31,"fwi","RaDFHEdy","RaDFHEdy_fwi","Douglas-fir Hemlock-Dry Mesic",3
"2_41_11_68250",6,118,670,2198,730,1710030501,"17100304","OSW","RaDFHEdy_fwi_17100305","RaDFHEdy","RaDFHEdy_fwi",31,"fwi","RaDFHEdy","RaDFHEdy_fwi","Douglas-fir Hemlock-Dry Mesic",3
"2_41_19_80610",6,118,670,2198,782,1710030501,"17100304","OSW","RaDFHEdy_fwi_17100305","RaDFHEdy","RaDFHEdy_fwi",31,"fwi","RaDFHEdy","RaDFHEdy_fwi","Douglas-fir Hemlock-Dry Mesic",3
"2_41_19_90641",6,118,670,1211,1226,1710030501,"17100304","OSW","RaMCONsw_fdm_1710030501","RaMCONsw","RaMCONsw_fdm",41,"fdm","RaMCONsw","RaMCONsw_fdm","Mixed Conifer - Southwest Oregon",1
"2_41_19_94731",6,118,670,2347,1033,1710030501,"17100304","OSW","RaDFHEwt_fwm_OSW","RaDFHEwt","RaDFHEwt_fwm",33,"fwm","RaDFHEwt","RaDFHEwt_fwm","Douglas-fir Hemlock-Wet Mesic",5
"2_41_19_91821",6,118,670,2347,837,1710030501,"17100304","OSW","RaDFHEwt_fwm_OSW","RaDFHEwt","RaDFHEwt_fwm",33,"fwm","RaDFHEwt","RaDFHEwt_fwm","Douglas-fir Hemlock-Wet Mesic",5
"2_41_19_60551",6,114,652,1292,1298,1710030208,"17100301","OSW","Na0710270_fdd_1710030208","Na0710270","Na0710270_fdd",43,"fdd","Na0710270","Na0710270_fdd","Mediterranean California Dry-Mesic Mixed Conifer Forest and Woodland",1
"2_41_19_95458",6,114,652,1292,957,1710030208,"17100301","OSW","Na0710270_fdd_1710030208","Na0710270","Na0710270_fdd",43,"fdd","Na0710270","Na0710270_fdd","Mediterranean California Dry-Mesic Mixed Conifer Forest and Woodland",1
"2_41_15_69756",6,123,700,1347,664,1710031004,"17100309","OSW","RaTAOAco_ftm_1710031004","RaTAOAco","RaTAOAco_ftm",47,"ftm","RaTAOAco","RaTAOAco_ftm","Oregon Coastal Tanoak",1
"2_41_15_82908",6,123,700,1346,1167,1710031004,"17100309","OSW","Na0710270_fdd_1710031004","Na0710270","Na0710270_fdd",43,"fdd","Na0710270","Na0710270_fdd","Mediterranean California Dry-Mesic Mixed Conifer Forest and Woodland",1
"2_41_33_80074",6,123,700,1346,1791,1710031004,"17100309","OSW","Na0710270_fdd_1710031004","Na0710270","Na0710270_fdd",43,"fdd","Na0710270","Na0710270_fdd","Mediterranean California Dry-Mesic Mixed Conifer Forest and Woodland",1
"2_41_33_71427",6,123,700,1343,1754,1710031004,"17100309","OSW","RaMEVG_ftd_1710031004","RaMEVG","RaMEVG_ftd",48,"ftd","RaMEVG","RaMEVG_ftd","California Mixed Evergreen North",1
"2_41_33_82267",6,123,700,1343,652,1710031004,"17100309","OSW","RaMEVG_ftd_1710031004","RaMEVG","RaMEVG_ftd",48,"ftd","RaMEVG","RaMEVG_ftd","California Mixed Evergreen North",1
"2_41_33_73445",6,124,714,1459,1420,1710031110,"17100310","OSW","RaMEVG_ftd_1710031110","RaMEVG","RaMEVG_ftd",48,"ftd","RaMEVG","RaMEVG_ftd","California Mixed Evergreen North",1
"2_41_33_63371",6,124,713,1497,1581,1710031109,"17100310","OSW","RaMEVG_ftd_1710031109","RaMEVG","RaMEVG_ftd",48,"ftd","RaMEVG","RaMEVG_ftd","California Mixed Evergreen North",1
"2_41_33_61013",6,124,713,1497,1053,1710031109,"17100310","OSW","RaMEVG_ftd_1710031109","RaMEVG","RaMEVG_ftd",48,"ftd","RaMEVG","RaMEVG_ftd","California Mixed Evergreen North",1
"2_41_33_71214",6,124,711,1532,1689,1710031107,"17100310","OSW","RaMEVG_ftd_1710031107","RaMEVG","RaMEVG_ftd",48,"ftd","RaMEVG","RaMEVG_ftd","California Mixed Evergreen North",1
"2_41_33_52479",6,124,711,1529,1462,1710031107,"17100310","OSW","Na0710270_fdd_1710031107","Na0710270","Na0710270_fdd",43,"fdd","Na0710270","Na0710270_fdd","Mediterranean California Dry-Mesic Mixed Conifer Forest and Woodland",1
"2_41_33_76695",6,124,711,1532,806,1710031107,"17100310","OSW","RaMEVG_ftd_1710031107","RaMEVG","RaMEVG_ftd",48,"ftd","RaMEVG","RaMEVG_ftd","California Mixed Evergreen North",1
"2_41_33_84248",6,124,711,1532,1462,1710031107,"17100310","OSW","RaMEVG_ftd_1710031107","RaMEVG","RaMEVG_ftd",48,"ftd","RaMEVG","RaMEVG_ftd","California Mixed Evergreen North",1
"2_41_33_79694",6,124,711,1532,1798,1710031107,"17100310","OSW","RaMEVG_ftd_1710031107","RaMEVG","RaMEVG_ftd",48,"ftd","RaMEVG","RaMEVG_ftd","California Mixed Evergreen North",1
"2_41_33_80538",6,124,710,1590,1114,1710031106,"17100310","OSW","Na0710270_fdd_1710031106","Na0710270","Na0710270_fdd",43,"fdd","Na0710270","Na0710270_fdd","Mediterranean California Dry-Mesic Mixed Conifer Forest and Woodland",1
"2_41_33_65815",6,124,710,1590,1364,1710031106,"17100310","OSW","Na0710270_fdd_1710031106","Na0710270","Na0710270_fdd",43,"fdd","Na0710270","Na0710270_fdd","Mediterranean California Dry-Mesic Mixed Conifer Forest and Woodland",1
"2_41_33_99416",6,124,710,1590,2024,1710031106,"17100310","OSW","Na0710270_fdd_1710031106","Na0710270","Na0710270_fdd",43,"fdd","Na0710270","Na0710270_fdd","Mediterranean California Dry-Mesic Mixed Conifer Forest and Woodland",1
"2_41_33_70735",6,124,710,1591,2375,1710031106,"17100310","OSW","RaMEVG_ftd_1710031106","RaMEVG","RaMEVG_ftd",48,"ftd","RaMEVG","RaMEVG_ftd","California Mixed Evergreen North",1
"2_41_33_79570",6,124,710,1591,1673,1710031106,"17100310","OSW","RaMEVG_ftd_1710031106","RaMEVG","RaMEVG_ftd",48,"ftd","RaMEVG","RaMEVG_ftd","California Mixed Evergreen North",1
"2_41_33_89769",6,124,710,1600,977,1710031106,"17100310","OSW","RaPIJEsp_fjp_1710031106","RaPIJEsp","RaPIJEsp_fjp",61,"fjp","RaPIJEsp","RaPIJEsp_fjp","Pine Savannah - Ultramafic",1
"2_41_33_69086",6,124,710,1600,1960,1710031106,"17100310","OSW","RaPIJEsp_fjp_1710031106","RaPIJEsp","RaPIJEsp_fjp",61,"fjp","RaPIJEsp","RaPIJEsp_fjp","Pine Savannah - Ultramafic",1
"2_41_33_96344",6,124,710,1601,998,1710031106,"17100310","OSW","RaMEVG_fuc_1710031106","RaMEVG","RaMEVG_fuc",59,"fuc","RaMEVG","RaMEVG_fuc","California Mixed Evergreen North",1
"2_41_33_67131",6,124,710,1601,2223,1710031106,"17100310","OSW","RaMEVG_fuc_1710031106","RaMEVG","RaMEVG_fuc",59,"fuc","RaMEVG","RaMEVG_fuc","California Mixed Evergreen North",1
"2_41_33_84298",6,124,708,1687,2296,1710031104,"17100310","OSW","RaMEVG_fuc_1710031104","RaMEVG","RaMEVG_fuc",59,"fuc","RaMEVG","RaMEVG_fuc","California Mixed Evergreen North",1
"2_41_33_85227",6,124,708,1687,2216,1710031104,"17100310","OSW","RaMEVG_fuc_1710031104","RaMEVG","RaMEVG_fuc",59,"fuc","RaMEVG","RaMEVG_fuc","California Mixed Evergreen North",1
"2_41_33_80843",6,124,708,1695,2142,1710031104,"17100310","OSW","RaMEVG_ftd_1710031104","RaMEVG","RaMEVG_ftd",48,"ftd","RaMEVG","RaMEVG_ftd","California Mixed Evergreen North",1
"6_53_9_60976",9,100,567,2296,1390,1710010106,"17090012A","WCR","RaDFHEwt_fwn_WCR","RaDFHEwt","RaDFHEwt_fwn",32,"fwn","RaDFHEwt","RaDFHEwt_fwn","Douglas-fir Hemlock-Wet Mesic",5
"6_53_9_82115",9,100,567,2297,1529,1710010106,"17090012A","WCR","RaABAMup_fst_WCR","RaABAMup","RaABAMup_fst",13,"fst","RaABAMup","RaABAMup_fst","Pacific Silver Fir - High Elevation",5
"6_53_9_58279",9,100,565,2297,1803,1710010104,"17090012A","WCR","RaABAMup_fst_WCR","RaABAMup","RaABAMup_fst",13,"fst","RaABAMup","RaABAMup_fst","Pacific Silver Fir - High Elevation",5
"6_53_9_66780",9,100,565,2297,2080,1710010104,"17090012A","WCR","RaABAMup_fst_WCR","RaABAMup","RaABAMup_fst",13,"fst","RaABAMup","RaABAMup_fst","Pacific Silver Fir - High Elevation",5
"6_53_9_69706",9,100,565,2297,862,1710010104,"17090012A","WCR","RaABAMup_fst_WCR","RaABAMup","RaABAMup_fst",13,"fst","RaABAMup","RaABAMup_fst","Pacific Silver Fir - High Elevation",5
"6_53_9_75861",9,100,565,2297,1281,1710010104,"17090012A","WCR","RaABAMup_fst_WCR","RaABAMup","RaABAMup_fst",13,"fst","RaABAMup","RaABAMup_fst","Pacific Silver Fir - High Elevation",5
"6_53_31_88159",9,100,568,2295,2438,1710010107,"17090012A","WCR","RaSSHE_fss_WCR","RaSSHE","RaSSHE_fss",60,"fss","RaSSHE","RaSSHE_fss","Sitka Spruce - Western Hemlock",5
"6_53_31_63911",9,100,568,2296,1370,1710010107,"17090012A","WCR","RaDFHEwt_fwn_WCR","RaDFHEwt","RaDFHEwt_fwn",32,"fwn","RaDFHEwt","RaDFHEwt_fwn","Douglas-fir Hemlock-Wet Mesic",5
"6_53_31_79934",9,101,570,2297,2497,1710010201,"17100101","WCR","RaABAMup_fst_WCR","RaABAMup","RaABAMup_fst",13,"fst","RaABAMup","RaABAMup_fst","Pacific Silver Fir - High Elevation",5
"6_53_31_65300",9,101,570,2297,2018,1710010201,"17100101","WCR","RaABAMup_fst_WCR","RaABAMup","RaABAMup_fst",13,"fst","RaABAMup","RaABAMup_fst","Pacific Silver Fir - High Elevation",5
"6_53_31_55703",9,101,570,2295,1063,1710010201,"17100101","WCR","RaSSHE_fss_WCR","RaSSHE","RaSSHE_fss",60,"fss","RaSSHE","RaSSHE_fss","Sitka Spruce - Western Hemlock",5
"6_53_31_82597",9,101,571,2296,897,1710010202,"17100101","WCR","RaDFHEwt_fwn_WCR","RaDFHEwt","RaDFHEwt_fwn",32,"fwn","RaDFHEwt","RaDFHEwt_fwn","Douglas-fir Hemlock-Wet Mesic",5
"6_53_31_57215",9,101,571,2295,2669,1710010202,"17100101","WCR","RaSSHE_fss_WCR","RaSSHE","RaSSHE_fss",60,"fss","RaSSHE","RaSSHE_fss","Sitka Spruce - Western Hemlock",5
"6_53_31_84676",9,101,571,2295,1498,1710010202,"17100101","WCR","RaSSHE_fss_WCR","RaSSHE","RaSSHE_fss",60,"fss","RaSSHE","RaSSHE_fss","Sitka Spruce - Western Hemlock",5
"6_53_27_69636",9,101,572,1880,734,1710010203,"17100101","WCR","RaDFHEdy_fwi_17100102","RaDFHEdy","RaDFHEdy_fwi",31,"fwi","RaDFHEdy","RaDFHEdy_fwi","Douglas-fir Hemlock-Dry Mesic",3
"6_53_27_94589",9,101,572,1880,1063,1710010203,"17100101","WCR","RaDFHEdy_fwi_17100102","RaDFHEdy","RaDFHEdy_fwi",31,"fwi","RaDFHEdy","RaDFHEdy_fwi","Douglas-fir Hemlock-Dry Mesic",3
"6_53_27_53427",9,101,574,2295,2443,1710010205,"17100101","WCR","RaSSHE_fss_WCR","RaSSHE","RaSSHE_fss",60,"fss","RaSSHE","RaSSHE_fss","Sitka Spruce - Western Hemlock",5
"6_53_27_57812",9,101,574,2295,1210,1710010205,"17100101","WCR","RaSSHE_fss_WCR","RaSSHE","RaSSHE_fss",60,"fss","RaSSHE","RaSSHE_fss","Sitka Spruce - Western Hemlock",5
"6_53_27_51380",9,101,575,2295,2383,1710010206,"17100101","WCR","RaSSHE_fss_WCR","RaSSHE","RaSSHE_fss",60,"fss","RaSSHE","RaSSHE_fss","Sitka Spruce - Western Hemlock",5
"6_53_27_66665",9,101,575,2295,2351,1710010206,"17100101","WCR","RaSSHE_fss_WCR","RaSSHE","RaSSHE_fss",60,"fss","RaSSHE","RaSSHE_fss","Sitka Spruce - Western Hemlock",5
"6_53_27_51771",9,101,575,2295,1890,1710010206,"17100101","WCR","RaSSHE_fss_WCR","RaSSHE","RaSSHE_fss",60,"fss","RaSSHE","RaSSHE_fss","Sitka Spruce - Western Hemlock",5
"6_53_27_69233",9,104,585,2295,2205,1710010501,"17100104","WCR","RaSSHE_fss_WCR","RaSSHE","RaSSHE_fss",60,"fss","RaSSHE","RaSSHE_fss","Sitka Spruce - Western Hemlock",5
"7_53_49_85873",9,105,589,2295,1518,1710010602,"17100105","WCR","RaSSHE_fss_WCR","RaSSHE","RaSSHE_fss",60,"fss","RaSSHE","RaSSHE_fss","Sitka Spruce - Western Hemlock",5
"7_53_49_57829",9,105,592,2295,1480,1710010605,"17100105","WCR","RaSSHE_fss_WCR","RaSSHE","RaSSHE_fss",60,"fss","RaSSHE","RaSSHE_fss","Sitka Spruce - Western Hemlock",5
"7_53_49_84291",9,105,592,2295,537,1710010605,"17100105","WCR","RaSSHE_fss_WCR","RaSSHE","RaSSHE_fss",60,"fss","RaSSHE","RaSSHE_fss","Sitka Spruce - Western Hemlock",5
"7_53_49_88116",9,105,592,2295,1042,1710010605,"17100105","WCR","RaSSHE_fss_WCR","RaSSHE","RaSSHE_fss",60,"fss","RaSSHE","RaSSHE_fss","Sitka Spruce - Western Hemlock",5
"7_53_49_52805",9,85,488,2295,2136,1708000604,"17080006B","WCR","RaSSHE_fss_WCR","RaSSHE","RaSSHE_fss",60,"fss","RaSSHE","RaSSHE_fss","Sitka Spruce - Western Hemlock",5
"4_41_63_82743",2,43,228,372,252,1706010103,"17050203","OBM","RaMCONdy_fdd_1706010103","RaMCONdy","RaMCONdy_fdd",42,"fdd","RaMCONdy","RaMCONdy_fdd","Mixed Conifer - Eastside Dry",1
"4_41_63_98382",2,44,233,379,1322,1706010205,"17060101","OBM","RaMCONdy_fdd_1706010205","RaMCONdy","RaMCONdy_fdd",42,"fdd","RaMCONdy","RaMCONdy_fdd","Mixed Conifer - Eastside Dry",1
"4_41_63_88392",2,44,233,2003,1623,1706010205,"17060101","OBM","RaMCONms_fcm_17060102","RaMCONms","RaMCONms_fcm",22,"fcm","RaMCONms","RaMCONms_fcm","Mixed Conifer - Eastside Mesic",3
"4_41_63_64652",2,44,233,2003,2330,1706010205,"17060101","OBM","RaMCONms_fcm_17060102","RaMCONms","RaMCONms_fcm",22,"fcm","RaMCONms","RaMCONms_fcm","Mixed Conifer - Eastside Mesic",3
"4_41_63_52798",2,44,233,2003,1804,1706010205,"17060101","OBM","RaMCONms_fcm_17060102","RaMCONms","RaMCONms_fcm",22,"fcm","RaMCONms","RaMCONms_fcm","Mixed Conifer - Eastside Mesic",3
"4_41_63_54701",2,44,233,2003,1187,1706010205,"17060101","OBM","RaMCONms_fcm_17060102","RaMCONms","RaMCONms_fcm",22,"fcm","RaMCONms","RaMCONms_fcm","Mixed Conifer - Eastside Mesic",3
"4_41_63_63656",2,44,233,2318,979,1706010205,"17060101","OBM","RaSPFI_fcd_OBM","RaSPFI","RaSPFI_fcd",9,"fcd","RaSPFI","RaSPFI_fcd","Spruce - Fir",4
"4_41_63_99668",2,44,233,2318,744,1706010205,"17060101","OBM","RaSPFI_fcd_OBM","RaSPFI","RaSPFI_fcd",9,"fcd","RaSPFI","RaSPFI_fcd","Spruce - Fir",4
"4_41_63_59255",2,44,233,2318,419,1706010205,"17060101","OBM","RaSPFI_fcd_OBM","RaSPFI","RaSPFI_fcd",9,"fcd","RaSPFI","RaSPFI_fcd","Spruce - Fir",4
"4_41_63_92654",2,44,233,2003,926,1706010205,"17060101","OBM","RaMCONms_fcm_17060102","RaMCONms","RaMCONms_fcm",22,"fcm","RaMCONms","RaMCONms_fcm","Mixed Conifer - Eastside Mesic",3
"4_41_63_86120",2,44,233,2003,2037,1706010205,"17060101","OBM","RaMCONms_fcm_17060102","RaMCONms","RaMCONms_fcm",22,"fcm","RaMCONms","RaMCONms_fcm","Mixed Conifer - Eastside Mesic",3
"4_41_63_58216",2,44,233,2003,2161,1706010205,"17060101","OBM","RaMCONms_fcm_17060102","RaMCONms","RaMCONms_fcm",22,"fcm","RaMCONms","RaMCONms_fcm","Mixed Conifer - Eastside Mesic",3
"4_41_63_73752",2,44,233,2003,1104,1706010205,"17060101","OBM","RaMCONms_fcm_17060102","RaMCONms","RaMCONms_fcm",22,"fcm","RaMCONms","RaMCONms_fcm","Mixed Conifer - Eastside Mesic",3
"4_41_63_83113",2,44,233,2003,790,1706010205,"17060101","OBM","RaMCONms_fcm_17060102","RaMCONms","RaMCONms_fcm",22,"fcm","RaMCONms","RaMCONms_fcm","Mixed Conifer - Eastside Mesic",3
"4_41_63_88177",2,43,227,400,928,1706010102,"17050203","OBM","RaMCONdy_fdd_1706010102","RaMCONdy","RaMCONdy_fdd",42,"fdd","RaMCONdy","RaMCONdy_fdd","Mixed Conifer - Eastside Dry",1
"4_41_63_53900",2,43,227,400,716,1706010102,"17050203","OBM","RaMCONdy_fdd_1706010102","RaMCONdy","RaMCONdy_fdd",42,"fdd","RaMCONdy","RaMCONdy_fdd","Mixed Conifer - Eastside Dry",1
"4_41_63_71282",2,43,228,1999,967,1706010103,"17050203","OBM","RaMCONms_fcm_17060101","RaMCONms","RaMCONms_fcm",22,"fcm","RaMCONms","RaMCONms_fcm","Mixed Conifer - Eastside Mesic",3
"4_41_63_90731",2,43,227,400,491,1706010102,"17050203","OBM","RaMCONdy_fdd_1706010102","RaMCONdy","RaMCONdy_fdd",42,"fdd","RaMCONdy","RaMCONdy_fdd","Mixed Conifer - Eastside Dry",1
"0_41_7_88560",3,84,486,2314,610,1708000602,"17080005","OCR","RaSSHE_fss_OCR","RaSSHE","RaSSHE_fss",60,"fss","RaSSHE","RaSSHE_fss","Sitka Spruce - Western Hemlock",5
"0_41_7_66738",3,106,593,2314,2663,1710020101,"17100106","OCR","RaSSHE_fss_OCR","RaSSHE","RaSSHE_fss",60,"fss","RaSSHE","RaSSHE_fss","Sitka Spruce - Western Hemlock",5
"0_41_7_69216",3,106,593,2314,1745,1710020101,"17100106","OCR","RaSSHE_fss_OCR","RaSSHE","RaSSHE_fss",60,"fss","RaSSHE","RaSSHE_fss","Sitka Spruce - Western Hemlock",5
"0_41_7_67645",3,106,593,2314,1478,1710020101,"17100106","OCR","RaSSHE_fss_OCR","RaSSHE","RaSSHE_fss",60,"fss","RaSSHE","RaSSHE_fss","Sitka Spruce - Western Hemlock",5
"0_41_57_66878",3,107,599,2314,1983,1710020206,"17100201","OCR","RaSSHE_fss_OCR","RaSSHE","RaSSHE_fss",60,"fss","RaSSHE","RaSSHE_fss","Sitka Spruce - Western Hemlock",5
"0_41_57_96840",3,108,602,2314,2536,1710020303,"17100202","OCR","RaSSHE_fss_OCR","RaSSHE","RaSSHE_fss",60,"fss","RaSSHE","RaSSHE_fss","Sitka Spruce - Western Hemlock",5
"0_41_57_62230",3,108,608,2314,3066,1710020309,"17100202","OCR","RaSSHE_fss_OCR","RaSSHE","RaSSHE_fss",60,"fss","RaSSHE","RaSSHE_fss","Sitka Spruce - Western Hemlock",5
"0_41_57_65750",3,108,601,2314,2782,1710020302,"17100202","OCR","RaSSHE_fss_OCR","RaSSHE","RaSSHE_fss",60,"fss","RaSSHE","RaSSHE_fss","Sitka Spruce - Western Hemlock",5
"0_41_57_80847",3,108,601,2314,2839,1710020302,"17100202","OCR","RaSSHE_fss_OCR","RaSSHE","RaSSHE_fss",60,"fss","RaSSHE","RaSSHE_fss","Sitka Spruce - Western Hemlock",5
"0_41_57_84707",3,108,600,2314,1162,1710020301,"17100202","OCR","RaSSHE_fss_OCR","RaSSHE","RaSSHE_fss",60,"fss","RaSSHE","RaSSHE_fss","Sitka Spruce - Western Hemlock",5
"0_41_57_99419",3,108,600,2314,2181,1710020301,"17100202","OCR","RaSSHE_fss_OCR","RaSSHE","RaSSHE_fss",60,"fss","RaSSHE","RaSSHE_fss","Sitka Spruce - Western Hemlock",5
"0_41_57_90775",3,108,608,2314,1717,1710020309,"17100202","OCR","RaSSHE_fss_OCR","RaSSHE","RaSSHE_fss",60,"fss","RaSSHE","RaSSHE_fss","Sitka Spruce - Western Hemlock",5
"0_41_57_64844",3,108,608,2314,1023,1710020309,"17100202","OCR","RaSSHE_fss_OCR","RaSSHE","RaSSHE_fss",60,"fss","RaSSHE","RaSSHE_fss","Sitka Spruce - Western Hemlock",5
"1_41_41_61896",3,109,615,2315,848,1710020407,"17100203","OCR","RaDFHEwt_fwn_OCR","RaDFHEwt","RaDFHEwt_fwn",32,"fwn","RaDFHEwt","RaDFHEwt_fwn","Douglas-fir Hemlock-Wet Mesic",5
"1_41_41_54675",3,109,615,2315,1052,1710020407,"17100203","OCR","RaDFHEwt_fwn_OCR","RaDFHEwt","RaDFHEwt_fwn",32,"fwn","RaDFHEwt","RaDFHEwt_fwn","Douglas-fir Hemlock-Wet Mesic",5
"1_41_41_84954",3,109,615,2315,1152,1710020407,"17100203","OCR","RaDFHEwt_fwn_OCR","RaDFHEwt","RaDFHEwt_fwn",32,"fwn","RaDFHEwt","RaDFHEwt_fwn","Douglas-fir Hemlock-Wet Mesic",5
"1_41_41_51783",3,109,615,2315,1651,1710020407,"17100203","OCR","RaDFHEwt_fwn_OCR","RaDFHEwt","RaDFHEwt_fwn",32,"fwn","RaDFHEwt","RaDFHEwt_fwn","Douglas-fir Hemlock-Wet Mesic",5
"1_41_41_59895",3,109,615,2315,1188,1710020407,"17100203","OCR","RaDFHEwt_fwn_OCR","RaDFHEwt","RaDFHEwt_fwn",32,"fwn","RaDFHEwt","RaDFHEwt_fwn","Douglas-fir Hemlock-Wet Mesic",5
"1_41_41_79051",3,109,615,2315,942,1710020407,"17100203","OCR","RaDFHEwt_fwn_OCR","RaDFHEwt","RaDFHEwt_fwn",32,"fwn","RaDFHEwt","RaDFHEwt_fwn","Douglas-fir Hemlock-Wet Mesic",5
"1_41_41_99443",3,109,615,2316,1317,1710020407,"17100203","OCR","RaDFHEwt_fww_OCR","RaDFHEwt","RaDFHEwt_fww",34,"fww","RaDFHEwt","RaDFHEwt_fww","Douglas-fir Hemlock-Wet Mesic",5
"1_41_41_69935",3,109,615,2316,1134,1710020407,"17100203","OCR","RaDFHEwt_fww_OCR","RaDFHEwt","RaDFHEwt_fww",34,"fww","RaDFHEwt","RaDFHEwt_fww","Douglas-fir Hemlock-Wet Mesic",5
"1_41_41_89107",3,109,609,2316,1403,1710020401,"17100203","OCR","RaDFHEwt_fww_OCR","RaDFHEwt","RaDFHEwt_fww",34,"fww","RaDFHEwt","RaDFHEwt_fww","Douglas-fir Hemlock-Wet Mesic",5
"1_41_41_68746",3,109,610,2315,1190,1710020402,"17100203","OCR","RaDFHEwt_fwn_OCR","RaDFHEwt","RaDFHEwt_fwn",32,"fwn","RaDFHEwt","RaDFHEwt_fwn","Douglas-fir Hemlock-Wet Mesic",5
"1_41_41_98119",3,110,620,2315,1311,1710020503,"17100204","OCR","RaDFHEwt_fwn_OCR","RaDFHEwt","RaDFHEwt_fwn",32,"fwn","RaDFHEwt","RaDFHEwt_fwn","Douglas-fir Hemlock-Wet Mesic",5
"1_41_41_79379",3,110,620,2316,1383,1710020503,"17100204","OCR","RaDFHEwt_fww_OCR","RaDFHEwt","RaDFHEwt_fww",34,"fww","RaDFHEwt","RaDFHEwt_fww","Douglas-fir Hemlock-Wet Mesic",5
"1_41_41_68400",3,110,620,2315,1634,1710020503,"17100204","OCR","RaDFHEwt_fwn_OCR","RaDFHEwt","RaDFHEwt_fwn",32,"fwn","RaDFHEwt","RaDFHEwt_fwn","Douglas-fir Hemlock-Wet Mesic",5
"1_41_41_65463",3,110,620,2315,1312,1710020503,"17100204","OCR","RaDFHEwt_fwn_OCR","RaDFHEwt","RaDFHEwt_fwn",32,"fwn","RaDFHEwt","RaDFHEwt_fwn","Douglas-fir Hemlock-Wet Mesic",5
"1_41_41_68422",3,110,620,2315,814,1710020503,"17100204","OCR","RaDFHEwt_fwn_OCR","RaDFHEwt","RaDFHEwt_fwn",32,"fwn","RaDFHEwt","RaDFHEwt_fwn","Douglas-fir Hemlock-Wet Mesic",5
"1_41_41_72156",3,110,621,2315,1670,1710020504,"17100204","OCR","RaDFHEwt_fwn_OCR","RaDFHEwt","RaDFHEwt_fwn",32,"fwn","RaDFHEwt","RaDFHEwt_fwn","Douglas-fir Hemlock-Wet Mesic",5
"1_41_41_89247",3,110,621,2315,1178,1710020504,"17100204","OCR","RaDFHEwt_fwn_OCR","RaDFHEwt","RaDFHEwt_fwn",32,"fwn","RaDFHEwt","RaDFHEwt_fwn","Douglas-fir Hemlock-Wet Mesic",5
"1_41_41_71972",3,110,621,2316,1025,1710020504,"17100204","OCR","RaDFHEwt_fww_OCR","RaDFHEwt","RaDFHEwt_fww",34,"fww","RaDFHEwt","RaDFHEwt_fww","Douglas-fir Hemlock-Wet Mesic",5
"1_41_41_93164",3,110,621,2316,1257,1710020504,"17100204","OCR","RaDFHEwt_fww_OCR","RaDFHEwt","RaDFHEwt_fww",34,"fww","RaDFHEwt","RaDFHEwt_fww","Douglas-fir Hemlock-Wet Mesic",5
"1_41_41_88772",3,110,621,2316,1912,1710020504,"17100204","OCR","RaDFHEwt_fww_OCR","RaDFHEwt","RaDFHEwt_fww",34,"fww","RaDFHEwt","RaDFHEwt_fww","Douglas-fir Hemlock-Wet Mesic",5
"1_41_41_88548",3,110,619,2316,2190,1710020502,"17100204","OCR","RaDFHEwt_fww_OCR","RaDFHEwt","RaDFHEwt_fww",34,"fww","RaDFHEwt","RaDFHEwt_fww","Douglas-fir Hemlock-Wet Mesic",5
"1_41_41_81288",3,110,619,2315,1240,1710020502,"17100204","OCR","RaDFHEwt_fwn_OCR","RaDFHEwt","RaDFHEwt_fwn",32,"fwn","RaDFHEwt","RaDFHEwt_fwn","Douglas-fir Hemlock-Wet Mesic",5
"1_41_39_65589",3,110,619,2315,1542,1710020502,"17100204","OCR","RaDFHEwt_fwn_OCR","RaDFHEwt","RaDFHEwt_fwn",32,"fwn","RaDFHEwt","RaDFHEwt_fwn","Douglas-fir Hemlock-Wet Mesic",5
"1_41_39_91228",3,110,619,2315,837,1710020502,"17100204","OCR","RaDFHEwt_fwn_OCR","RaDFHEwt","RaDFHEwt_fwn",32,"fwn","RaDFHEwt","RaDFHEwt_fwn","Douglas-fir Hemlock-Wet Mesic",5
"1_41_39_80766",3,110,619,2316,1650,1710020502,"17100204","OCR","RaDFHEwt_fww_OCR","RaDFHEwt","RaDFHEwt_fww",34,"fww","RaDFHEwt","RaDFHEwt_fww","Douglas-fir Hemlock-Wet Mesic",5
"1_41_39_64426",3,111,629,2315,1536,1710020605,"17100205","OCR","RaDFHEwt_fwn_OCR","RaDFHEwt","RaDFHEwt_fwn",32,"fwn","RaDFHEwt","RaDFHEwt_fwn","Douglas-fir Hemlock-Wet Mesic",5
"1_41_39_69326",3,111,629,2315,1187,1710020605,"17100205","OCR","RaDFHEwt_fwn_OCR","RaDFHEwt","RaDFHEwt_fwn",32,"fwn","RaDFHEwt","RaDFHEwt_fwn","Douglas-fir Hemlock-Wet Mesic",5
"1_41_39_52745",3,111,629,2315,966,1710020605,"17100205","OCR","RaDFHEwt_fwn_OCR","RaDFHEwt","RaDFHEwt_fwn",32,"fwn","RaDFHEwt","RaDFHEwt_fwn","Douglas-fir Hemlock-Wet Mesic",5
"1_41_39_72344",3,111,629,2315,1468,1710020605,"17100205","OCR","RaDFHEwt_fwn_OCR","RaDFHEwt","RaDFHEwt_fwn",32,"fwn","RaDFHEwt","RaDFHEwt_fwn","Douglas-fir Hemlock-Wet Mesic",5
"1_41_39_94174",3,111,629,2315,2367,1710020605,"17100205","OCR","RaDFHEwt_fwn_OCR","RaDFHEwt","RaDFHEwt_fwn",32,"fwn","RaDFHEwt","RaDFHEwt_fwn","Douglas-fir Hemlock-Wet Mesic",5
"1_41_39_95959",3,111,629,2315,2391,1710020605,"17100205","OCR","RaDFHEwt_fwn_OCR","RaDFHEwt","RaDFHEwt_fwn",32,"fwn","RaDFHEwt","RaDFHEwt_fwn","Douglas-fir Hemlock-Wet Mesic",5
"1_41_39_90166",3,111,629,2315,1153,1710020605,"17100205","OCR","RaDFHEwt_fwn_OCR","RaDFHEwt","RaDFHEwt_fwn",32,"fwn","RaDFHEwt","RaDFHEwt_fwn","Douglas-fir Hemlock-Wet Mesic",5
"1_41_39_69019",3,111,632,2315,2172,1710020608,"17100205","OCR","RaDFHEwt_fwn_OCR","RaDFHEwt","RaDFHEwt_fwn",32,"fwn","RaDFHEwt","RaDFHEwt_fwn","Douglas-fir Hemlock-Wet Mesic",5
"2_41_19_84719",3,116,664,2315,1459,1710030307,"17100303B","OCR","RaDFHEwt_fwn_OCR","RaDFHEwt","RaDFHEwt_fwn",32,"fwn","RaDFHEwt","RaDFHEwt_fwn","Douglas-fir Hemlock-Wet Mesic",5
"2_41_19_89560",3,116,664,2315,1240,1710030307,"17100303B","OCR","RaDFHEwt_fwn_OCR","RaDFHEwt","RaDFHEwt_fwn",32,"fwn","RaDFHEwt","RaDFHEwt_fwn","Douglas-fir Hemlock-Wet Mesic",5
"2_41_19_91895",3,116,664,2315,1458,1710030307,"17100303B","OCR","RaDFHEwt_fwn_OCR","RaDFHEwt","RaDFHEwt_fwn",32,"fwn","RaDFHEwt","RaDFHEwt_fwn","Douglas-fir Hemlock-Wet Mesic",5
"2_41_19_78679",3,116,664,2315,1715,1710030307,"17100303B","OCR","RaDFHEwt_fwn_OCR","RaDFHEwt","RaDFHEwt_fwn",32,"fwn","RaDFHEwt","RaDFHEwt_fwn","Douglas-fir Hemlock-Wet Mesic",5
"2_41_19_89007",3,116,664,2315,1084,1710030307,"17100303B","OCR","RaDFHEwt_fwn_OCR","RaDFHEwt","RaDFHEwt_fwn",32,"fwn","RaDFHEwt","RaDFHEwt_fwn","Douglas-fir Hemlock-Wet Mesic",5
"2_41_19_74467",3,116,661,1052,655,1710030304,"17100303B","OCR","RaDFWV_fwx_1710030304","RaDFWV","RaDFWV_fwx",37,"fwx","RaDFWV","RaDFWV_fwx","Douglas-fir Willamatte Valley Foothills",1
"2_41_19_65807",3,116,661,2147,728,1710030304,"17100303B","OCR","RaDFHEdy_fwi_17100303A","RaDFHEdy","RaDFHEdy_fwi",31,"fwi","RaDFHEdy","RaDFHEdy_fwi","Douglas-fir Hemlock-Dry Mesic",3
"2_41_19_63618",3,116,661,2147,616,1710030304,"17100303B","OCR","RaDFHEdy_fwi_17100303A","RaDFHEdy","RaDFHEdy_fwi",31,"fwi","RaDFHEdy","RaDFHEdy_fwi","Douglas-fir Hemlock-Dry Mesic",3
"2_41_19_92501",3,116,662,2147,1438,1710030305,"17100303B","OCR","RaDFHEdy_fwi_17100303A","RaDFHEdy","RaDFHEdy_fwi",31,"fwi","RaDFHEdy","RaDFHEdy_fwi","Douglas-fir Hemlock-Dry Mesic",3
"2_41_19_64358",3,116,662,2147,1629,1710030305,"17100303B","OCR","RaDFHEdy_fwi_17100303A","RaDFHEdy","RaDFHEdy_fwi",31,"fwi","RaDFHEdy","RaDFHEdy_fwi","Douglas-fir Hemlock-Dry Mesic",3
"2_41_19_68374",3,116,662,2147,903,1710030305,"17100303B","OCR","RaDFHEdy_fwi_17100303A","RaDFHEdy","RaDFHEdy_fwi",31,"fwi","RaDFHEdy","RaDFHEdy_fwi","Douglas-fir Hemlock-Dry Mesic",3
"2_41_11_82951",3,117,666,2334,929,1710030401,"17100303A","OCR","RaDFHEwt_fhc_OCR","RaDFHEwt","RaDFHEwt_fhc",30,"fhc","RaDFHEwt","RaDFHEwt_fhc","Douglas-fir Hemlock-Wet Mesic",5
"2_41_11_78800",3,117,666,2315,921,1710030401,"17100303A","OCR","RaDFHEwt_fwn_OCR","RaDFHEwt","RaDFHEwt_fwn",32,"fwn","RaDFHEwt","RaDFHEwt_fwn","Douglas-fir Hemlock-Wet Mesic",5
"2_41_11_68710",3,117,666,2315,1002,1710030401,"17100303A","OCR","RaDFHEwt_fwn_OCR","RaDFHEwt","RaDFHEwt_fwn",32,"fwn","RaDFHEwt","RaDFHEwt_fwn","Douglas-fir Hemlock-Wet Mesic",5
"2_41_11_68683",3,117,666,2171,1708,1710030401,"17100303A","OCR","RaDFHEdy_fwi_17100304","RaDFHEdy","RaDFHEdy_fwi",31,"fwi","RaDFHEdy","RaDFHEdy_fwi","Douglas-fir Hemlock-Dry Mesic",3
"2_41_11_64047",3,117,666,2334,1790,1710030401,"17100303A","OCR","RaDFHEwt_fhc_OCR","RaDFHEwt","RaDFHEwt_fhc",30,"fhc","RaDFHEwt","RaDFHEwt_fhc","Douglas-fir Hemlock-Wet Mesic",5
"2_41_11_58532",6,118,672,2349,1652,1710030503,"17100304","OSW","RaDFHEwt_fhc_OSW","RaDFHEwt","RaDFHEwt_fhc",30,"fhc","RaDFHEwt","RaDFHEwt_fhc","Douglas-fir Hemlock-Wet Mesic",5
"2_41_11_79892",6,118,672,2349,1134,1710030503,"17100304","OSW","RaDFHEwt_fhc_OSW","RaDFHEwt","RaDFHEwt_fhc",30,"fhc","RaDFHEwt","RaDFHEwt_fhc","Douglas-fir Hemlock-Wet Mesic",5
"2_41_11_67631",6,118,672,2349,1123,1710030503,"17100304","OSW","RaDFHEwt_fhc_OSW","RaDFHEwt","RaDFHEwt_fhc",30,"fhc","RaDFHEwt","RaDFHEwt_fhc","Douglas-fir Hemlock-Wet Mesic",5
"2_41_11_62083",6,118,670,2198,1006,1710030501,"17100304","OSW","RaDFHEdy_fwi_17100305","RaDFHEdy","RaDFHEdy_fwi",31,"fwi","RaDFHEdy","RaDFHEdy_fwi","Douglas-fir Hemlock-Dry Mesic",3
"2_41_19_64003",6,118,670,1212,1128,1710030501,"17100304","OSW","Na0710270_fdd_1710030501","Na0710270","Na0710270_fdd",43,"fdd","Na0710270","Na0710270_fdd","Mediterranean California Dry-Mesic Mixed Conifer Forest and Woodland",1
"2_41_19_89815",6,118,670,1212,1236,1710030501,"17100304","OSW","Na0710270_fdd_1710030501","Na0710270","Na0710270_fdd",43,"fdd","Na0710270","Na0710270_fdd","Mediterranean California Dry-Mesic Mixed Conifer Forest and Woodland",1
"2_41_19_85052",6,118,670,2347,1052,1710030501,"17100304","OSW","RaDFHEwt_fwm_OSW","RaDFHEwt","RaDFHEwt_fwm",33,"fwm","RaDFHEwt","RaDFHEwt_fwm","Douglas-fir Hemlock-Wet Mesic",5
"2_41_19_96479",6,114,652,1292,803,1710030208,"17100301","OSW","Na0710270_fdd_1710030208","Na0710270","Na0710270_fdd",43,"fdd","Na0710270","Na0710270_fdd","Mediterranean California Dry-Mesic Mixed Conifer Forest and Woodland",1
"2_41_19_94200",6,114,652,1291,491,1710030208,"17100301","OSW","RaMCONsw_fdm_1710030208","RaMCONsw","RaMCONsw_fdm",41,"fdm","RaMCONsw","RaMCONsw_fdm","Mixed Conifer - Southwest Oregon",1
"2_41_33_89568",6,123,700,1346,1901,1710031004,"17100309","OSW","Na0710270_fdd_1710031004","Na0710270","Na0710270_fdd",43,"fdd","Na0710270","Na0710270_fdd","Mediterranean California Dry-Mesic Mixed Conifer Forest and Woodland",1
"2_41_33_82633",6,123,700,1347,1664,1710031004,"17100309","OSW","RaTAOAco_ftm_1710031004","RaTAOAco","RaTAOAco_ftm",47,"ftm","RaTAOAco","RaTAOAco_ftm","Oregon Coastal Tanoak",1
"2_41_33_62650",6,123,700,1347,1613,1710031004,"17100309","OSW","RaTAOAco_ftm_1710031004","RaTAOAco","RaTAOAco_ftm",47,"ftm","RaTAOAco","RaTAOAco_ftm","Oregon Coastal Tanoak",1
"2_41_33_67312",6,123,700,1343,3227,1710031004,"17100309","OSW","RaMEVG_ftd_1710031004","RaMEVG","RaMEVG_ftd",48,"ftd","RaMEVG","RaMEVG_ftd","California Mixed Evergreen North",1
"2_41_33_79853",6,124,713,1497,168,1710031109,"17100310","OSW","RaMEVG_ftd_1710031109","RaMEVG","RaMEVG_ftd",48,"ftd","RaMEVG","RaMEVG_ftd","California Mixed Evergreen North",1
"2_41_33_60369",6,124,713,1496,817,1710031109,"17100310","OSW","Na0710270_fdd_1710031109","Na0710270","Na0710270_fdd",43,"fdd","Na0710270","Na0710270_fdd","Mediterranean California Dry-Mesic Mixed Conifer Forest and Woodland",1
"2_41_33_62528",6,124,711,1529,1077,1710031107,"17100310","OSW","Na0710270_fdd_1710031107","Na0710270","Na0710270_fdd",43,"fdd","Na0710270","Na0710270_fdd","Mediterranean California Dry-Mesic Mixed Conifer Forest and Woodland",1
"2_41_33_69037",6,124,713,1512,769,1710031109,"17100310","OSW","RaPIJEsp_fjp_1710031109","RaPIJEsp","RaPIJEsp_fjp",61,"fjp","RaPIJEsp","RaPIJEsp_fjp","Pine Savannah - Ultramafic",1
"2_41_33_99553",6,124,711,1528,761,1710031107,"17100310","OSW","RaPIJEsp_fjp_1710031107","RaPIJEsp","RaPIJEsp_fjp",61,"fjp","RaPIJEsp","RaPIJEsp_fjp","Pine Savannah - Ultramafic",1
"2_41_33_75547",6,124,711,1528,879,1710031107,"17100310","OSW","RaPIJEsp_fjp_1710031107","RaPIJEsp","RaPIJEsp_fjp",61,"fjp","RaPIJEsp","RaPIJEsp_fjp","Pine Savannah - Ultramafic",1
"2_41_33_75604",6,124,711,1532,1565,1710031107,"17100310","OSW","RaMEVG_ftd_1710031107","RaMEVG","RaMEVG_ftd",48,"ftd","RaMEVG","RaMEVG_ftd","California Mixed Evergreen North",1
"2_41_33_82395",6,124,711,1532,1905,1710031107,"17100310","OSW","RaMEVG_ftd_1710031107","RaMEVG","RaMEVG_ftd",48,"ftd","RaMEVG","RaMEVG_ftd","California Mixed Evergreen North",1
"2_41_33_85379",6,124,711,1532,1829,1710031107,"17100310","OSW","RaMEVG_ftd_1710031107","RaMEVG","RaMEVG_ftd",48,"ftd","RaMEVG","RaMEVG_ftd","California Mixed Evergreen North",1
"2_41_33_67074",6,124,711,1532,1827,1710031107,"17100310","OSW","RaMEVG_ftd_1710031107","RaMEVG","RaMEVG_ftd",48,"ftd","RaMEVG","RaMEVG_ftd","California Mixed Evergreen North",1
"2_41_33_53115",6,124,711,1532,2874,1710031107,"17100310","OSW","RaMEVG_ftd_1710031107","RaMEVG","RaMEVG_ftd",48,"ftd","RaMEVG","RaMEVG_ftd","California Mixed Evergreen North",1
"2_41_33_59219",6,124,711,1532,2428,1710031107,"17100310","OSW","RaMEVG_ftd_1710031107","RaMEVG","RaMEVG_ftd",48,"ftd","RaMEVG","RaMEVG_ftd","California Mixed Evergreen North",1
"2_41_33_94851",6,124,711,1532,1105,1710031107,"17100310","OSW","RaMEVG_ftd_1710031107","RaMEVG","RaMEVG_ftd",48,"ftd","RaMEVG","RaMEVG_ftd","California Mixed Evergreen North",1
"2_41_33_96095",6,124,710,1591,1537,1710031106,"17100310","OSW","RaMEVG_ftd_1710031106","RaMEVG","RaMEVG_ftd",48,"ftd","RaMEVG","RaMEVG_ftd","California Mixed Evergreen North",1
"2_41_33_69641",6,124,710,1591,1238,1710031106,"17100310","OSW","RaMEVG_ftd_1710031106","RaMEVG","RaMEVG_ftd",48,"ftd","RaMEVG","RaMEVG_ftd","California Mixed Evergreen North",1
"2_41_33_98918",6,124,710,1590,1768,1710031106,"17100310","OSW","Na0710270_fdd_1710031106","Na0710270","Na0710270_fdd",43,"fdd","Na0710270","Na0710270_fdd","Mediterranean California Dry-Mesic Mixed Conifer Forest and Woodland",1
"2_41_33_74175",6,124,710,1600,2213,1710031106,"17100310","OSW","RaPIJEsp_fjp_1710031106","RaPIJEsp","RaPIJEsp_fjp",61,"fjp","RaPIJEsp","RaPIJEsp_fjp","Pine Savannah - Ultramafic",1
"2_41_33_62678",6,124,710,1600,1678,1710031106,"17100310","OSW","RaPIJEsp_fjp_1710031106","RaPIJEsp","RaPIJEsp_fjp",61,"fjp","RaPIJEsp","RaPIJEsp_fjp","Pine Savannah - Ultramafic",1
"2_41_33_77983",6,124,708,1686,1658,1710031104,"17100310","OSW","RaPIJEsp_fjp_1710031104","RaPIJEsp","RaPIJEsp_fjp",61,"fjp","RaPIJEsp","RaPIJEsp_fjp","Pine Savannah - Ultramafic",1
"2_41_33_98707",6,124,708,1695,2909,1710031104,"17100310","OSW","RaMEVG_ftd_1710031104","RaMEVG","RaMEVG_ftd",48,"ftd","RaMEVG","RaMEVG_ftd","California Mixed Evergreen North",1
"2_41_33_88980",6,124,708,1695,2347,1710031104,"17100310","OSW","RaMEVG_ftd_1710031104","RaMEVG","RaMEVG_ftd",48,"ftd","RaMEVG","RaMEVG_ftd","California Mixed Evergreen North",1
"6_53_9_66051",9,146,810,2295,939,1711002107,"17110020","WCR","RaSSHE_fss_WCR","RaSSHE","RaSSHE_fss",60,"fss","RaSSHE","RaSSHE_fss","Sitka Spruce - Western Hemlock",5
"6_53_9_75022",9,146,810,2295,1863,1711002107,"17110020","WCR","RaSSHE_fss_WCR","RaSSHE","RaSSHE_fss",60,"fss","RaSSHE","RaSSHE_fss","Sitka Spruce - Western Hemlock",5
"6_53_9_97323",9,146,810,2296,646,1711002107,"17110020","WCR","RaDFHEwt_fwn_WCR","RaDFHEwt","RaDFHEwt_fwn",32,"fwn","RaDFHEwt","RaDFHEwt_fwn","Douglas-fir Hemlock-Wet Mesic",5
"6_53_9_85119",9,100,567,2297,1266,1710010106,"17090012A","WCR","RaABAMup_fst_WCR","RaABAMup","RaABAMup_fst",13,"fst","RaABAMup","RaABAMup_fst","Pacific Silver Fir - High Elevation",5
"6_53_9_79594",9,100,567,2296,1877,1710010106,"17090012A","WCR","RaDFHEwt_fwn_WCR","RaDFHEwt","RaDFHEwt_fwn",32,"fwn","RaDFHEwt","RaDFHEwt_fwn","Douglas-fir Hemlock-Wet Mesic",5
"6_53_9_68165",9,100,565,2296,1507,1710010104,"17090012A","WCR","RaDFHEwt_fwn_WCR","RaDFHEwt","RaDFHEwt_fwn",32,"fwn","RaDFHEwt","RaDFHEwt_fwn","Douglas-fir Hemlock-Wet Mesic",5
"6_53_9_74976",9,100,565,2296,1546,1710010104,"17090012A","WCR","RaDFHEwt_fwn_WCR","RaDFHEwt","RaDFHEwt_fwn",32,"fwn","RaDFHEwt","RaDFHEwt_fwn","Douglas-fir Hemlock-Wet Mesic",5
"6_53_9_84373",9,100,565,2297,1710,1710010104,"17090012A","WCR","RaABAMup_fst_WCR","RaABAMup","RaABAMup_fst",13,"fst","RaABAMup","RaABAMup_fst","Pacific Silver Fir - High Elevation",5
"6_53_9_76829",9,100,565,2297,1721,1710010104,"17090012A","WCR","RaABAMup_fst_WCR","RaABAMup","RaABAMup_fst",13,"fst","RaABAMup","RaABAMup_fst","Pacific Silver Fir - High Elevation",5
"6_53_9_55730",9,100,565,2297,2021,1710010104,"17090012A","WCR","RaABAMup_fst_WCR","RaABAMup","RaABAMup_fst",13,"fst","RaABAMup","RaABAMup_fst","Pacific Silver Fir - High Elevation",5
"6_53_9_51119",9,100,565,2297,2462,1710010104,"17090012A","WCR","RaABAMup_fst_WCR","RaABAMup","RaABAMup_fst",13,"fst","RaABAMup","RaABAMup_fst","Pacific Silver Fir - High Elevation",5
"6_53_31_72509",9,100,566,2297,1710,1710010105,"17090012A","WCR","RaABAMup_fst_WCR","RaABAMup","RaABAMup_fst",13,"fst","RaABAMup","RaABAMup_fst","Pacific Silver Fir - High Elevation",5
"6_53_31_75705",9,101,571,2296,1771,1710010202,"17100101","WCR","RaDFHEwt_fwn_WCR","RaDFHEwt","RaDFHEwt_fwn",32,"fwn","RaDFHEwt","RaDFHEwt_fwn","Douglas-fir Hemlock-Wet Mesic",5
"6_53_27_90510",9,101,574,2295,2662,1710010205,"17100101","WCR","RaSSHE_fss_WCR","RaSSHE","RaSSHE_fss",60,"fss","RaSSHE","RaSSHE_fss","Sitka Spruce - Western Hemlock",5
"6_53_27_68089",9,101,574,2295,1464,1710010205,"17100101","WCR","RaSSHE_fss_WCR","RaSSHE","RaSSHE_fss",60,"fss","RaSSHE","RaSSHE_fss","Sitka Spruce - Western Hemlock",5
"6_53_27_54962",9,101,575,2295,1895,1710010206,"17100101","WCR","RaSSHE_fss_WCR","RaSSHE","RaSSHE_fss",60,"fss","RaSSHE","RaSSHE_fss","Sitka Spruce - Western Hemlock",5
"6_53_27_91754",9,101,575,2295,1396,1710010206,"17100101","WCR","RaSSHE_fss_WCR","RaSSHE","RaSSHE_fss",60,"fss","RaSSHE","RaSSHE_fss","Sitka Spruce - Western Hemlock",5
"6_53_27_88455",9,101,575,2295,1709,1710010206,"17100101","WCR","RaSSHE_fss_WCR","RaSSHE","RaSSHE_fss",60,"fss","RaSSHE","RaSSHE_fss","Sitka Spruce - Western Hemlock",5
"6_53_27_69980",9,104,585,2295,2671,1710010501,"17100104","WCR","RaSSHE_fss_WCR","RaSSHE","RaSSHE_fss",60,"fss","RaSSHE","RaSSHE_fss","Sitka Spruce - Western Hemlock",5
"6_53_27_95262",9,104,585,2295,1097,1710010501,"17100104","WCR","RaSSHE_fss_WCR","RaSSHE","RaSSHE_fss",60,"fss","RaSSHE","RaSSHE_fss","Sitka Spruce - Western Hemlock",5
"6_53_27_71350",9,104,585,2295,1852,1710010501,"17100104","WCR","RaSSHE_fss_WCR","RaSSHE","RaSSHE_fss",60,"fss","RaSSHE","RaSSHE_fss","Sitka Spruce - Western Hemlock",5
"6_53_27_89242",9,104,587,2295,2719,1710010503,"17100104","WCR","RaSSHE_fss_WCR","RaSSHE","RaSSHE_fss",60,"fss","RaSSHE","RaSSHE_fss","Sitka Spruce - Western Hemlock",5
"6_53_27_76436",9,104,587,2295,839,1710010503,"17100104","WCR","RaSSHE_fss_WCR","RaSSHE","RaSSHE_fss",60,"fss","RaSSHE","RaSSHE_fss","Sitka Spruce - Western Hemlock",5
"7_53_49_73726",9,104,587,2295,1039,1710010503,"17100104","WCR","RaSSHE_fss_WCR","RaSSHE","RaSSHE_fss",60,"fss","RaSSHE","RaSSHE_fss","Sitka Spruce - Western Hemlock",5
"0_41_7_65844",3,106,593,2314,1783,1710020101,"17100106","OCR","RaSSHE_fss_OCR","RaSSHE","RaSSHE_fss",60,"fss","RaSSHE","RaSSHE_fss","Sitka Spruce - Western Hemlock",5
"0_41_7_69925",3,107,598,2315,747,1710020205,"17100201","OCR","RaDFHEwt_fwn_OCR","RaDFHEwt","RaDFHEwt_fwn",32,"fwn","RaDFHEwt","RaDFHEwt_fwn","Douglas-fir Hemlock-Wet Mesic",5
"0_41_57_60604",3,107,598,2314,570,1710020205,"17100201","OCR","RaSSHE_fss_OCR","RaSSHE","RaSSHE_fss",60,"fss","RaSSHE","RaSSHE_fss","Sitka Spruce - Western Hemlock",5
"0_41_57_50747",3,107,599,2314,1331,1710020206,"17100201","OCR","RaSSHE_fss_OCR","RaSSHE","RaSSHE_fss",60,"fss","RaSSHE","RaSSHE_fss","Sitka Spruce - Western Hemlock",5
"0_41_57_69948",3,108,602,2314,2093,1710020303,"17100202","OCR","RaSSHE_fss_OCR","RaSSHE","RaSSHE_fss",60,"fss","RaSSHE","RaSSHE_fss","Sitka Spruce - Western Hemlock",5
"0_41_57_74271",3,108,602,2314,2097,1710020303,"17100202","OCR","RaSSHE_fss_OCR","RaSSHE","RaSSHE_fss",60,"fss","RaSSHE","RaSSHE_fss","Sitka Spruce - Western Hemlock",5
"0_41_57_87111",3,108,601,2314,2509,1710020302,"17100202","OCR","RaSSHE_fss_OCR","RaSSHE","RaSSHE_fss",60,"fss","RaSSHE","RaSSHE_fss","Sitka Spruce - Western Hemlock",5
"0_41_57_80954",3,108,601,2314,1466,1710020302,"17100202","OCR","RaSSHE_fss_OCR","RaSSHE","RaSSHE_fss",60,"fss","RaSSHE","RaSSHE_fss","Sitka Spruce - Western Hemlock",5
"0_41_57_59226",3,108,601,2314,3041,1710020302,"17100202","OCR","RaSSHE_fss_OCR","RaSSHE","RaSSHE_fss",60,"fss","RaSSHE","RaSSHE_fss","Sitka Spruce - Western Hemlock",5
"0_41_57_80613",3,108,601,2314,1810,1710020302,"17100202","OCR","RaSSHE_fss_OCR","RaSSHE","RaSSHE_fss",60,"fss","RaSSHE","RaSSHE_fss","Sitka Spruce - Western Hemlock",5
"0_41_57_59747",3,108,601,2314,1756,1710020302,"17100202","OCR","RaSSHE_fss_OCR","RaSSHE","RaSSHE_fss",60,"fss","RaSSHE","RaSSHE_fss","Sitka Spruce - Western Hemlock",5
"0_41_57_79621",3,108,600,2314,793,1710020301,"17100202","OCR","RaSSHE_fss_OCR","RaSSHE","RaSSHE_fss",60,"fss","RaSSHE","RaSSHE_fss","Sitka Spruce - Western Hemlock",5
"0_41_57_84428",3,108,600,2314,918,1710020301,"17100202","OCR","RaSSHE_fss_OCR","RaSSHE","RaSSHE_fss",60,"fss","RaSSHE","RaSSHE_fss","Sitka Spruce - Western Hemlock",5
"0_41_57_99717",3,108,600,2315,832,1710020301,"17100202","OCR","RaDFHEwt_fwn_OCR","RaDFHEwt","RaDFHEwt_fwn",32,"fwn","RaDFHEwt","RaDFHEwt_fwn","Douglas-fir Hemlock-Wet Mesic",5
"0_41_57_74416",3,108,600,2314,2018,1710020301,"17100202","OCR","RaSSHE_fss_OCR","RaSSHE","RaSSHE_fss",60,"fss","RaSSHE","RaSSHE_fss","Sitka Spruce - Western Hemlock",5
"0_41_57_70840",3,108,600,2314,976,1710020301,"17100202","OCR","RaSSHE_fss_OCR","RaSSHE","RaSSHE_fss",60,"fss","RaSSHE","RaSSHE_fss","Sitka Spruce - Western Hemlock",5
"0_41_57_57195",3,109,616,2315,826,1710020408,"17100203","OCR","RaDFHEwt_fwn_OCR","RaDFHEwt","RaDFHEwt_fwn",32,"fwn","RaDFHEwt","RaDFHEwt_fwn","Douglas-fir Hemlock-Wet Mesic",5
"1_41_41_81017",3,109,616,2315,1381,1710020408,"17100203","OCR","RaDFHEwt_fwn_OCR","RaDFHEwt","RaDFHEwt_fwn",32,"fwn","RaDFHEwt","RaDFHEwt_fwn","Douglas-fir Hemlock-Wet Mesic",5
"1_41_41_56196",3,109,615,2315,1499,1710020407,"17100203","OCR","RaDFHEwt_fwn_OCR","RaDFHEwt","RaDFHEwt_fwn",32,"fwn","RaDFHEwt","RaDFHEwt_fwn","Douglas-fir Hemlock-Wet Mesic",5
"1_41_41_58228",3,109,610,2316,1231,1710020402,"17100203","OCR","RaDFHEwt_fww_OCR","RaDFHEwt","RaDFHEwt_fww",34,"fww","RaDFHEwt","RaDFHEwt_fww","Douglas-fir Hemlock-Wet Mesic",5
"1_41_41_89939",3,109,610,2316,149,1710020402,"17100203","OCR","RaDFHEwt_fww_OCR","RaDFHEwt","RaDFHEwt_fww",34,"fww","RaDFHEwt","RaDFHEwt_fww","Douglas-fir Hemlock-Wet Mesic",5
"1_41_41_51334",3,110,620,2315,1383,1710020503,"17100204","OCR","RaDFHEwt_fwn_OCR","RaDFHEwt","RaDFHEwt_fwn",32,"fwn","RaDFHEwt","RaDFHEwt_fwn","Douglas-fir Hemlock-Wet Mesic",5
"1_41_41_86745",3,110,620,2315,818,1710020503,"17100204","OCR","RaDFHEwt_fwn_OCR","RaDFHEwt","RaDFHEwt_fwn",32,"fwn","RaDFHEwt","RaDFHEwt_fwn","Douglas-fir Hemlock-Wet Mesic",5
"1_41_41_55841",3,110,621,2315,1095,1710020504,"17100204","OCR","RaDFHEwt_fwn_OCR","RaDFHEwt","RaDFHEwt_fwn",32,"fwn","RaDFHEwt","RaDFHEwt_fwn","Douglas-fir Hemlock-Wet Mesic",5
"1_41_41_94258",3,110,621,2315,1219,1710020504,"17100204","OCR","RaDFHEwt_fwn_OCR","RaDFHEwt","RaDFHEwt_fwn",32,"fwn","RaDFHEwt","RaDFHEwt_fwn","Douglas-fir Hemlock-Wet Mesic",5
"1_41_41_91078",3,110,621,2315,1003,1710020504,"17100204","OCR","RaDFHEwt_fwn_OCR","RaDFHEwt","RaDFHEwt_fwn",32,"fwn","RaDFHEwt","RaDFHEwt_fwn","Douglas-fir Hemlock-Wet Mesic",5
"1_41_41_67164",3,110,619,2315,1242,1710020502,"17100204","OCR","RaDFHEwt_fwn_OCR","RaDFHEwt","RaDFHEwt_fwn",32,"fwn","RaDFHEwt","RaDFHEwt_fwn","Douglas-fir Hemlock-Wet Mesic",5
"1_41_41_84612",3,110,619,2315,1067,1710020502,"17100204","OCR","RaDFHEwt_fwn_OCR","RaDFHEwt","RaDFHEwt_fwn",32,"fwn","RaDFHEwt","RaDFHEwt_fwn","Douglas-fir Hemlock-Wet Mesic",5
"1_41_41_56400",3,110,619,2315,2192,1710020502,"17100204","OCR","RaDFHEwt_fwn_OCR","RaDFHEwt","RaDFHEwt_fwn",32,"fwn","RaDFHEwt","RaDFHEwt_fwn","Douglas-fir Hemlock-Wet Mesic",5
"1_41_39_73240",3,110,619,2315,2062,1710020502,"17100204","OCR","RaDFHEwt_fwn_OCR","RaDFHEwt","RaDFHEwt_fwn",32,"fwn","RaDFHEwt","RaDFHEwt_fwn","Douglas-fir Hemlock-Wet Mesic",5
"1_41_39_72446",3,110,619,2315,1067,1710020502,"17100204","OCR","RaDFHEwt_fwn_OCR","RaDFHEwt","RaDFHEwt_fwn",32,"fwn","RaDFHEwt","RaDFHEwt_fwn","Douglas-fir Hemlock-Wet Mesic",5
"1_41_39_94546",3,110,619,2315,1283,1710020502,"17100204","OCR","RaDFHEwt_fwn_OCR","RaDFHEwt","RaDFHEwt_fwn",32,"fwn","RaDFHEwt","RaDFHEwt_fwn","Douglas-fir Hemlock-Wet Mesic",5
"1_41_39_71551",3,111,628,2315,933,1710020604,"17100205","OCR","RaDFHEwt_fwn_OCR","RaDFHEwt","RaDFHEwt_fwn",32,"fwn","RaDFHEwt","RaDFHEwt_fwn","Douglas-fir Hemlock-Wet Mesic",5
"1_41_39_73911",3,111,628,2315,1406,1710020604,"17100205","OCR","RaDFHEwt_fwn_OCR","RaDFHEwt","RaDFHEwt_fwn",32,"fwn","RaDFHEwt","RaDFHEwt_fwn","Douglas-fir Hemlock-Wet Mesic",5
"1_41_39_69432",3,111,628,2315,694,1710020604,"17100205","OCR","RaDFHEwt_fwn_OCR","RaDFHEwt","RaDFHEwt_fwn",32,"fwn","RaDFHEwt","RaDFHEwt_fwn","Douglas-fir Hemlock-Wet Mesic",5
"1_41_39_60108",3,111,628,2315,1073,1710020604,"17100205","OCR","RaDFHEwt_fwn_OCR","RaDFHEwt","RaDFHEwt_fwn",32,"fwn","RaDFHEwt","RaDFHEwt_fwn","Douglas-fir Hemlock-Wet Mesic",5
"1_41_39_88406",3,111,630,2315,1442,1710020606,"17100205","OCR","RaDFHEwt_fwn_OCR","RaDFHEwt","RaDFHEwt_fwn",32,"fwn","RaDFHEwt","RaDFHEwt_fwn","Douglas-fir Hemlock-Wet Mesic",5
"1_41_39_67569",3,111,630,2315,1657,1710020606,"17100205","OCR","RaDFHEwt_fwn_OCR","RaDFHEwt","RaDFHEwt_fwn",32,"fwn","RaDFHEwt","RaDFHEwt_fwn","Douglas-fir Hemlock-Wet Mesic",5
"1_41_39_58496",3,111,630,2315,2127,1710020606,"17100205","OCR","RaDFHEwt_fwn_OCR","RaDFHEwt","RaDFHEwt_fwn",32,"fwn","RaDFHEwt","RaDFHEwt_fwn","Douglas-fir Hemlock-Wet Mesic",5
"1_41_39_78950",3,111,632,2315,1101,1710020608,"17100205","OCR","RaDFHEwt_fwn_OCR","RaDFHEwt","RaDFHEwt_fwn",32,"fwn","RaDFHEwt","RaDFHEwt_fwn","Douglas-fir Hemlock-Wet Mesic",5
"1_41_39_95796",3,111,632,2315,1849,1710020608,"17100205","OCR","RaDFHEwt_fwn_OCR","RaDFHEwt","RaDFHEwt_fwn",32,"fwn","RaDFHEwt","RaDFHEwt_fwn","Douglas-fir Hemlock-Wet Mesic",5
"1_41_39_50180",3,111,632,2315,2281,1710020608,"17100205","OCR","RaDFHEwt_fwn_OCR","RaDFHEwt","RaDFHEwt_fwn",32,"fwn","RaDFHEwt","RaDFHEwt_fwn","Douglas-fir Hemlock-Wet Mesic",5
"1_41_39_89147",3,116,664,2147,661,1710030307,"17100303B","OCR","RaDFHEdy_fwi_17100303A","RaDFHEdy","RaDFHEdy_fwi",31,"fwi","RaDFHEdy","RaDFHEdy_fwi","Douglas-fir Hemlock-Dry Mesic",3
"2_41_19_71211",3,116,664,2334,880,1710030307,"17100303B","OCR","RaDFHEwt_fhc_OCR","RaDFHEwt","RaDFHEwt_fhc",30,"fhc","RaDFHEwt","RaDFHEwt_fhc","Douglas-fir Hemlock-Wet Mesic",5
"2_41_19_52963",3,116,664,2315,1198,1710030307,"17100303B","OCR","RaDFHEwt_fwn_OCR","RaDFHEwt","RaDFHEwt_fwn",32,"fwn","RaDFHEwt","RaDFHEwt_fwn","Douglas-fir Hemlock-Wet Mesic",5
"2_41_19_76368",3,116,664,2315,934,1710030307,"17100303B","OCR","RaDFHEwt_fwn_OCR","RaDFHEwt","RaDFHEwt_fwn",32,"fwn","RaDFHEwt","RaDFHEwt_fwn","Douglas-fir Hemlock-Wet Mesic",5
"2_41_19_65037",3,116,664,2315,871,1710030307,"17100303B","OCR","RaDFHEwt_fwn_OCR","RaDFHEwt","RaDFHEwt_fwn",32,"fwn","RaDFHEwt","RaDFHEwt_fwn","Douglas-fir Hemlock-Wet Mesic",5
"2_41_19_55648",3,116,664,2315,2144,1710030307,"17100303B","OCR","RaDFHEwt_fwn_OCR","RaDFHEwt","RaDFHEwt_fwn",32,"fwn","RaDFHEwt","RaDFHEwt_fwn","Douglas-fir Hemlock-Wet Mesic",5
"2_41_19_66352",3,116,664,2315,2150,1710030307,"17100303B","OCR","RaDFHEwt_fwn_OCR","RaDFHEwt","RaDFHEwt_fwn",32,"fwn","RaDFHEwt","RaDFHEwt_fwn","Douglas-fir Hemlock-Wet Mesic",5
"2_41_19_91992",3,116,663,2315,1359,1710030306,"17100303B","OCR","RaDFHEwt_fwn_OCR","RaDFHEwt","RaDFHEwt_fwn",32,"fwn","RaDFHEwt","RaDFHEwt_fwn","Douglas-fir Hemlock-Wet Mesic",5
"2_41_19_92935",3,116,664,2315,2106,1710030307,"17100303B","OCR","RaDFHEwt_fwn_OCR","RaDFHEwt","RaDFHEwt_fwn",32,"fwn","RaDFHEwt","RaDFHEwt_fwn","Douglas-fir Hemlock-Wet Mesic",5
"2_41_19_75150",3,116,661,2315,537,1710030304,"17100303B","OCR","RaDFHEwt_fwn_OCR","RaDFHEwt","RaDFHEwt_fwn",32,"fwn","RaDFHEwt","RaDFHEwt_fwn","Douglas-fir Hemlock-Wet Mesic",5
"2_41_19_70771",3,116,662,2147,1051,1710030305,"17100303B","OCR","RaDFHEdy_fwi_17100303A","RaDFHEdy","RaDFHEdy_fwi",31,"fwi","RaDFHEdy","RaDFHEdy_fwi","Douglas-fir Hemlock-Dry Mesic",3
"2_41_19_92204",3,116,662,2147,1610,1710030305,"17100303B","OCR","RaDFHEdy_fwi_17100303A","RaDFHEdy","RaDFHEdy_fwi",31,"fwi","RaDFHEdy","RaDFHEdy_fwi","Douglas-fir Hemlock-Dry Mesic",3
"2_41_19_93302",3,117,666,2315,1180,1710030401,"17100303A","OCR","RaDFHEwt_fwn_OCR","RaDFHEwt","RaDFHEwt_fwn",32,"fwn","RaDFHEwt","RaDFHEwt_fwn","Douglas-fir Hemlock-Wet Mesic",5
"2_41_11_72876",6,118,672,2349,1322,1710030503,"17100304","OSW","RaDFHEwt_fhc_OSW","RaDFHEwt","RaDFHEwt_fhc",30,"fhc","RaDFHEwt","RaDFHEwt_fhc","Douglas-fir Hemlock-Wet Mesic",5
"2_41_11_69390",6,118,672,2349,963,1710030503,"17100304","OSW","RaDFHEwt_fhc_OSW","RaDFHEwt","RaDFHEwt_fhc",30,"fhc","RaDFHEwt","RaDFHEwt_fhc","Douglas-fir Hemlock-Wet Mesic",5
"2_41_11_59779",6,118,672,2349,731,1710030503,"17100304","OSW","RaDFHEwt_fhc_OSW","RaDFHEwt","RaDFHEwt_fhc",30,"fhc","RaDFHEwt","RaDFHEwt_fhc","Douglas-fir Hemlock-Wet Mesic",5
"2_41_11_83688",6,118,670,2198,1447,1710030501,"17100304","OSW","RaDFHEdy_fwi_17100305","RaDFHEdy","RaDFHEdy_fwi",31,"fwi","RaDFHEdy","RaDFHEdy_fwi","Douglas-fir Hemlock-Dry Mesic",3
"2_41_19_62123",6,118,670,1215,863,1710030501,"17100304","OSW","RaMCONsw_fiw_1710030501","RaMCONsw","RaMCONsw_fiw",20,"fiw","RaMCONsw","RaMCONsw_fiw","Mixed Conifer - Southwest Oregon",1
"2_41_19_74074",6,118,670,1216,1163,1710030501,"17100304","OSW","RaMCONsw_fvw_1710030501","RaMCONsw","RaMCONsw_fvw",21,"fvw","RaMCONsw","RaMCONsw_fvw","Mixed Conifer - Southwest Oregon",1
"2_41_19_59951",6,118,670,1212,1172,1710030501,"17100304","OSW","Na0710270_fdd_1710030501","Na0710270","Na0710270_fdd",43,"fdd","Na0710270","Na0710270_fdd","Mediterranean California Dry-Mesic Mixed Conifer Forest and Woodland",1
"2_41_19_82182",6,114,652,1292,1501,1710030208,"17100301","OSW","Na0710270_fdd_1710030208","Na0710270","Na0710270_fdd",43,"fdd","Na0710270","Na0710270_fdd","Mediterranean California Dry-Mesic Mixed Conifer Forest and Woodland",1
"2_41_33_93856",6,123,700,1346,1155,1710031004,"17100309","OSW","Na0710270_fdd_1710031004","Na0710270","Na0710270_fdd",43,"fdd","Na0710270","Na0710270_fdd","Mediterranean California Dry-Mesic Mixed Conifer Forest and Woodland",1
"2_41_33_99853",6,123,700,1346,1264,1710031004,"17100309","OSW","Na0710270_fdd_1710031004","Na0710270","Na0710270_fdd",43,"fdd","Na0710270","Na0710270_fdd","Mediterranean California Dry-Mesic Mixed Conifer Forest and Woodland",1
"2_41_33_62608",6,123,700,1343,3061,1710031004,"17100309","OSW","RaMEVG_ftd_1710031004","RaMEVG","RaMEVG_ftd",48,"ftd","RaMEVG","RaMEVG_ftd","California Mixed Evergreen North",1
"2_41_33_66177",6,123,698,1445,1168,1710031002,"17100309","OSW","RaMEVG_ftd_1710031002","RaMEVG","RaMEVG_ftd",48,"ftd","RaMEVG","RaMEVG_ftd","California Mixed Evergreen North",1
"2_41_33_83087",6,124,711,1532,585,1710031107,"17100310","OSW","RaMEVG_ftd_1710031107","RaMEVG","RaMEVG_ftd",48,"ftd","RaMEVG","RaMEVG_ftd","California Mixed Evergreen North",1
"2_41_33_68503",6,123,698,1469,548,1710031002,"17100309","OSW","RaMCONsw_fiw_1710031002","RaMCONsw","RaMCONsw_fiw",20,"fiw","RaMCONsw","RaMCONsw_fiw","Mixed Conifer - Southwest Oregon",1
"2_41_33_59227",6,124,711,1532,855,1710031107,"17100310","OSW","RaMEVG_ftd_1710031107","RaMEVG","RaMEVG_ftd",48,"ftd","RaMEVG","RaMEVG_ftd","California Mixed Evergreen North",1
"2_41_33_61582",6,124,711,1532,1006,1710031107,"17100310","OSW","RaMEVG_ftd_1710031107","RaMEVG","RaMEVG_ftd",48,"ftd","RaMEVG","RaMEVG_ftd","California Mixed Evergreen North",1
"2_41_33_72799",6,124,711,1532,1479,1710031107,"17100310","OSW","RaMEVG_ftd_1710031107","RaMEVG","RaMEVG_ftd",48,"ftd","RaMEVG","RaMEVG_ftd","California Mixed Evergreen North",1
"2_41_33_95414",6,124,711,1532,1837,1710031107,"17100310","OSW","RaMEVG_ftd_1710031107","RaMEVG","RaMEVG_ftd",48,"ftd","RaMEVG","RaMEVG_ftd","California Mixed Evergreen North",1
"2_41_33_80278",6,124,711,1528,462,1710031107,"17100310","OSW","RaPIJEsp_fjp_1710031107","RaPIJEsp","RaPIJEsp_fjp",61,"fjp","RaPIJEsp","RaPIJEsp_fjp","Pine Savannah - Ultramafic",1
"2_41_33_86441",6,124,709,1610,710,1710031105,"17100310","OSW","RaMCONsw_fiw_1710031105","RaMCONsw","RaMCONsw_fiw",20,"fiw","RaMCONsw","RaMCONsw_fiw","Mixed Conifer - Southwest Oregon",1
"2_41_33_59976",6,124,709,1613,817,1710031105,"17100310","OSW","RaMEVG_ftd_1710031105","RaMEVG","RaMEVG_ftd",48,"ftd","RaMEVG","RaMEVG_ftd","California Mixed Evergreen North",1
"2_41_33_83609",6,124,709,1612,1076,1710031105,"17100310","OSW","RaPIJEsp_fjp_1710031105","RaPIJEsp","RaPIJEsp_fjp",61,"fjp","RaPIJEsp","RaPIJEsp_fjp","Pine Savannah - Ultramafic",1
"2_41_33_85577",6,124,709,1612,2413,1710031105,"17100310","OSW","RaPIJEsp_fjp_1710031105","RaPIJEsp","RaPIJEsp_fjp",61,"fjp","RaPIJEsp","RaPIJEsp_fjp","Pine Savannah - Ultramafic",1
"2_41_33_96254",6,124,710,1600,1705,1710031106,"17100310","OSW","RaPIJEsp_fjp_1710031106","RaPIJEsp","RaPIJEsp_fjp",61,"fjp","RaPIJEsp","RaPIJEsp_fjp","Pine Savannah - Ultramafic",1
"2_41_33_50839",6,124,710,1590,1103,1710031106,"17100310","OSW","Na0710270_fdd_1710031106","Na0710270","Na0710270_fdd",43,"fdd","Na0710270","Na0710270_fdd","Mediterranean California Dry-Mesic Mixed Conifer Forest and Woodland",1
"2_41_33_84101",6,124,708,1690,1807,1710031104,"17100310","OSW","Na0710270_fdd_1710031104","Na0710270","Na0710270_fdd",43,"fdd","Na0710270","Na0710270_fdd","Mediterranean California Dry-Mesic Mixed Conifer Forest and Woodland",1
"2_41_33_81686",6,124,708,1690,1673,1710031104,"17100310","OSW","Na0710270_fdd_1710031104","Na0710270","Na0710270_fdd",43,"fdd","Na0710270","Na0710270_fdd","Mediterranean California Dry-Mesic Mixed Conifer Forest and Woodland",1
"2_41_33_77057",6,124,707,2245,917,1710031103,"17100310","OSW","RaREFI_fcw_17100311","RaREFI","RaREFI_fcw",19,"fcw","RaREFI","RaREFI_fcw","Red Fir",3
"2_41_33_79020",6,124,708,1695,831,1710031104,"17100310","OSW","RaMEVG_ftd_1710031104","RaMEVG","RaMEVG_ftd",48,"ftd","RaMEVG","RaMEVG_ftd","California Mixed Evergreen North",1
"6_53_9_51463",9,146,809,2296,1308,1711002103,"17110020","WCR","RaDFHEwt_fwn_WCR","RaDFHEwt","RaDFHEwt_fwn",32,"fwn","RaDFHEwt","RaDFHEwt_fwn","Douglas-fir Hemlock-Wet Mesic",5
"6_53_9_76424",9,146,809,1824,984,1711002103,"17110020","WCR","RaABAMlw_fsi_17110021","RaABAMlw","RaABAMlw_fsi",14,"fsi","RaABAMlw","RaABAMlw_fsi","Pacific Silver Fir - Low Elevation",3
"6_53_9_72105",9,100,567,2296,1439,1710010106,"17090012A","WCR","RaDFHEwt_fwn_WCR","RaDFHEwt","RaDFHEwt_fwn",32,"fwn","RaDFHEwt","RaDFHEwt_fwn","Douglas-fir Hemlock-Wet Mesic",5
"6_53_9_72831",9,100,565,2297,1034,1710010104,"17090012A","WCR","RaABAMup_fst_WCR","RaABAMup","RaABAMup_fst",13,"fst","RaABAMup","RaABAMup_fst","Pacific Silver Fir - High Elevation",5
"6_53_9_91174",9,100,565,2297,1093,1710010104,"17090012A","WCR","RaABAMup_fst_WCR","RaABAMup","RaABAMup_fst",13,"fst","RaABAMup","RaABAMup_fst","Pacific Silver Fir - High Elevation",5
"6_53_9_96702",9,100,565,1825,925,1710010104,"17090012A","WCR","RaABAMlw_fsi_17100101","RaABAMlw","RaABAMlw_fsi",14,"fsi","RaABAMlw","RaABAMlw_fsi","Pacific Silver Fir - Low Elevation",3
"6_53_9_78686",9,100,565,2297,1576,1710010104,"17090012A","WCR","RaABAMup_fst_WCR","RaABAMup","RaABAMup_fst",13,"fst","RaABAMup","RaABAMup_fst","Pacific Silver Fir - High Elevation",5
"6_53_9_53780",9,100,565,2297,1521,1710010104,"17090012A","WCR","RaABAMup_fst_WCR","RaABAMup","RaABAMup_fst",13,"fst","RaABAMup","RaABAMup_fst","Pacific Silver Fir - High Elevation",5
"6_53_31_60100",9,100,566,2297,1013,1710010105,"17090012A","WCR","RaABAMup_fst_WCR","RaABAMup","RaABAMup_fst",13,"fst","RaABAMup","RaABAMup_fst","Pacific Silver Fir - High Elevation",5
"6_53_31_93870",9,100,568,2296,1218,1710010107,"17090012A","WCR","RaDFHEwt_fwn_WCR","RaDFHEwt","RaDFHEwt_fwn",32,"fwn","RaDFHEwt","RaDFHEwt_fwn","Douglas-fir Hemlock-Wet Mesic",5
"6_53_31_71085",9,100,568,2297,3089,1710010107,"17090012A","WCR","RaABAMup_fst_WCR","RaABAMup","RaABAMup_fst",13,"fst","RaABAMup","RaABAMup_fst","Pacific Silver Fir - High Elevation",5
"6_53_31_86639",9,101,570,2297,3095,1710010201,"17100101","WCR","RaABAMup_fst_WCR","RaABAMup","RaABAMup_fst",13,"fst","RaABAMup","RaABAMup_fst","Pacific Silver Fir - High Elevation",5
"6_53_31_67327",9,101,570,2297,1922,1710010201,"17100101","WCR","RaABAMup_fst_WCR","RaABAMup","RaABAMup_fst",13,"fst","RaABAMup","RaABAMup_fst","Pacific Silver Fir - High Elevation",5
"6_53_31_73520",9,101,571,2297,1933,1710010202,"17100101","WCR","RaABAMup_fst_WCR","RaABAMup","RaABAMup_fst",13,"fst","RaABAMup","RaABAMup_fst","Pacific Silver Fir - High Elevation",5
"6_53_31_78464",9,101,571,2295,973,1710010202,"17100101","WCR","RaSSHE_fss_WCR","RaSSHE","RaSSHE_fss",60,"fss","RaSSHE","RaSSHE_fss","Sitka Spruce - Western Hemlock",5
"6_53_31_87573",9,101,571,2296,1241,1710010202,"17100101","WCR","RaDFHEwt_fwn_WCR","RaDFHEwt","RaDFHEwt_fwn",32,"fwn","RaDFHEwt","RaDFHEwt_fwn","Douglas-fir Hemlock-Wet Mesic",5
"6_53_31_80295",9,101,571,2297,875,1710010202,"17100101","WCR","RaABAMup_fst_WCR","RaABAMup","RaABAMup_fst",13,"fst","RaABAMup","RaABAMup_fst","Pacific Silver Fir - High Elevation",5
"6_53_31_57295",9,101,571,2297,1784,1710010202,"17100101","WCR","RaABAMup_fst_WCR","RaABAMup","RaABAMup_fst",13,"fst","RaABAMup","RaABAMup_fst","Pacific Silver Fir - High Elevation",5
"6_53_31_96995",9,101,571,2296,1234,1710010202,"17100101","WCR","RaDFHEwt_fwn_WCR","RaDFHEwt","RaDFHEwt_fwn",32,"fwn","RaDFHEwt","RaDFHEwt_fwn","Douglas-fir Hemlock-Wet Mesic",5
"6_53_27_88597",9,101,574,2296,1793,1710010205,"17100101","WCR","RaDFHEwt_fwn_WCR","RaDFHEwt","RaDFHEwt_fwn",32,"fwn","RaDFHEwt","RaDFHEwt_fwn","Douglas-fir Hemlock-Wet Mesic",5
"6_53_27_99023",9,101,574,2295,2336,1710010205,"17100101","WCR","RaSSHE_fss_WCR","RaSSHE","RaSSHE_fss",60,"fss","RaSSHE","RaSSHE_fss","Sitka Spruce - Western Hemlock",5
"6_53_27_84263",9,101,574,1880,1308,1710010205,"17100101","WCR","RaDFHEdy_fwi_17100102","RaDFHEdy","RaDFHEdy_fwi",31,"fwi","RaDFHEdy","RaDFHEdy_fwi","Douglas-fir Hemlock-Dry Mesic",3
"6_53_27_70342",9,104,585,2295,2641,1710010501,"17100104","WCR","RaSSHE_fss_WCR","RaSSHE","RaSSHE_fss",60,"fss","RaSSHE","RaSSHE_fss","Sitka Spruce - Western Hemlock",5
"6_53_27_84957",9,104,587,2295,1202,1710010503,"17100104","WCR","RaSSHE_fss_WCR","RaSSHE","RaSSHE_fss",60,"fss","RaSSHE","RaSSHE_fss","Sitka Spruce - Western Hemlock",5
"7_53_49_84789",9,105,589,2295,632,1710010602,"17100105","WCR","RaSSHE_fss_WCR","RaSSHE","RaSSHE_fss",60,"fss","RaSSHE","RaSSHE_fss","Sitka Spruce - Western Hemlock",5
"7_53_49_74858",1,0,65535,2312,660,NA,NA,"ZoneNull","RaSSHE_fss_ZoneNull","RaSSHE","RaSSHE_fss",60,"fss","RaSSHE","RaSSHE_fss","Sitka Spruce - Western Hemlock",5
"7_53_49_79462",9,105,592,2295,1948,1710010605,"17100105","WCR","RaSSHE_fss_WCR","RaSSHE","RaSSHE_fss",60,"fss","RaSSHE","RaSSHE_fss","Sitka Spruce - Western Hemlock",5
"7_53_49_74603",9,105,592,2295,2330,1710010605,"17100105","WCR","RaSSHE_fss_WCR","RaSSHE","RaSSHE_fss",60,"fss","RaSSHE","RaSSHE_fss","Sitka Spruce - Western Hemlock",5
"7_53_49_50157",9,85,488,2295,511,1708000604,"17080006B","WCR","RaSSHE_fss_WCR","RaSSHE","RaSSHE_fss",60,"fss","RaSSHE","RaSSHE_fss","Sitka Spruce - Western Hemlock",5
"0_41_7_81965",3,84,486,2314,1248,1708000602,"17080005","OCR","RaSSHE_fss_OCR","RaSSHE","RaSSHE_fss",60,"fss","RaSSHE","RaSSHE_fss","Sitka Spruce - Western Hemlock",5
"0_41_7_74490",3,84,486,2314,1916,1708000602,"17080005","OCR","RaSSHE_fss_OCR","RaSSHE","RaSSHE_fss",60,"fss","RaSSHE","RaSSHE_fss","Sitka Spruce - Western Hemlock",5
"0_41_7_84617",3,84,486,2314,2893,1708000602,"17080005","OCR","RaSSHE_fss_OCR","RaSSHE","RaSSHE_fss",60,"fss","RaSSHE","RaSSHE_fss","Sitka Spruce - Western Hemlock",5
"0_41_7_78687",3,106,593,2314,1622,1710020101,"17100106","OCR","RaSSHE_fss_OCR","RaSSHE","RaSSHE_fss",60,"fss","RaSSHE","RaSSHE_fss","Sitka Spruce - Western Hemlock",5
"0_41_7_61075",3,106,593,2314,1111,1710020101,"17100106","OCR","RaSSHE_fss_OCR","RaSSHE","RaSSHE_fss",60,"fss","RaSSHE","RaSSHE_fss","Sitka Spruce - Western Hemlock",5
"0_41_7_59934",3,106,593,2315,788,1710020101,"17100106","OCR","RaDFHEwt_fwn_OCR","RaDFHEwt","RaDFHEwt_fwn",32,"fwn","RaDFHEwt","RaDFHEwt_fwn","Douglas-fir Hemlock-Wet Mesic",5
"0_41_57_56286",3,107,598,2314,1564,1710020205,"17100201","OCR","RaSSHE_fss_OCR","RaSSHE","RaSSHE_fss",60,"fss","RaSSHE","RaSSHE_fss","Sitka Spruce - Western Hemlock",5
"0_41_57_69048",3,108,606,2314,1224,1710020307,"17100202","OCR","RaSSHE_fss_OCR","RaSSHE","RaSSHE_fss",60,"fss","RaSSHE","RaSSHE_fss","Sitka Spruce - Western Hemlock",5
"0_41_57_95528",3,108,601,2314,1629,1710020302,"17100202","OCR","RaSSHE_fss_OCR","RaSSHE","RaSSHE_fss",60,"fss","RaSSHE","RaSSHE_fss","Sitka Spruce - Western Hemlock",5
"0_41_57_80346",3,108,601,2314,1774,1710020302,"17100202","OCR","RaSSHE_fss_OCR","RaSSHE","RaSSHE_fss",60,"fss","RaSSHE","RaSSHE_fss","Sitka Spruce - Western Hemlock",5
"0_41_57_99237",3,108,601,2314,1083,1710020302,"17100202","OCR","RaSSHE_fss_OCR","RaSSHE","RaSSHE_fss",60,"fss","RaSSHE","RaSSHE_fss","Sitka Spruce - Western Hemlock",5
"0_41_57_94613",3,108,601,2314,1838,1710020302,"17100202","OCR","RaSSHE_fss_OCR","RaSSHE","RaSSHE_fss",60,"fss","RaSSHE","RaSSHE_fss","Sitka Spruce - Western Hemlock",5
"0_41_57_77366",3,108,601,2314,2658,1710020302,"17100202","OCR","RaSSHE_fss_OCR","RaSSHE","RaSSHE_fss",60,"fss","RaSSHE","RaSSHE_fss","Sitka Spruce - Western Hemlock",5
"0_41_57_88194",3,108,601,2315,831,1710020302,"17100202","OCR","RaDFHEwt_fwn_OCR","RaDFHEwt","RaDFHEwt_fwn",32,"fwn","RaDFHEwt","RaDFHEwt_fwn","Douglas-fir Hemlock-Wet Mesic",5
"0_41_57_67577",3,108,601,2314,1693,1710020302,"17100202","OCR","RaSSHE_fss_OCR","RaSSHE","RaSSHE_fss",60,"fss","RaSSHE","RaSSHE_fss","Sitka Spruce - Western Hemlock",5
"0_41_57_76133",3,108,601,2314,1056,1710020302,"17100202","OCR","RaSSHE_fss_OCR","RaSSHE","RaSSHE_fss",60,"fss","RaSSHE","RaSSHE_fss","Sitka Spruce - Western Hemlock",5
"0_41_57_97802",3,108,600,2314,1027,1710020301,"17100202","OCR","RaSSHE_fss_OCR","RaSSHE","RaSSHE_fss",60,"fss","RaSSHE","RaSSHE_fss","Sitka Spruce - Western Hemlock",5
"0_41_57_63972",3,108,600,2315,1040,1710020301,"17100202","OCR","RaDFHEwt_fwn_OCR","RaDFHEwt","RaDFHEwt_fwn",32,"fwn","RaDFHEwt","RaDFHEwt_fwn","Douglas-fir Hemlock-Wet Mesic",5
"1_41_41_98405",3,109,616,2315,2229,1710020408,"17100203","OCR","RaDFHEwt_fwn_OCR","RaDFHEwt","RaDFHEwt_fwn",32,"fwn","RaDFHEwt","RaDFHEwt_fwn","Douglas-fir Hemlock-Wet Mesic",5
"1_41_41_66113",3,109,616,2315,701,1710020408,"17100203","OCR","RaDFHEwt_fwn_OCR","RaDFHEwt","RaDFHEwt_fwn",32,"fwn","RaDFHEwt","RaDFHEwt_fwn","Douglas-fir Hemlock-Wet Mesic",5
"1_41_41_81131",3,109,613,2315,2496,1710020405,"17100203","OCR","RaDFHEwt_fwn_OCR","RaDFHEwt","RaDFHEwt_fwn",32,"fwn","RaDFHEwt","RaDFHEwt_fwn","Douglas-fir Hemlock-Wet Mesic",5
"1_41_41_65881",3,109,613,2315,1768,1710020405,"17100203","OCR","RaDFHEwt_fwn_OCR","RaDFHEwt","RaDFHEwt_fwn",32,"fwn","RaDFHEwt","RaDFHEwt_fwn","Douglas-fir Hemlock-Wet Mesic",5
"1_41_41_83637",3,109,613,2315,1814,1710020405,"17100203","OCR","RaDFHEwt_fwn_OCR","RaDFHEwt","RaDFHEwt_fwn",32,"fwn","RaDFHEwt","RaDFHEwt_fwn","Douglas-fir Hemlock-Wet Mesic",5
"1_41_41_61675",3,109,613,2316,2216,1710020405,"17100203","OCR","RaDFHEwt_fww_OCR","RaDFHEwt","RaDFHEwt_fww",34,"fww","RaDFHEwt","RaDFHEwt_fww","Douglas-fir Hemlock-Wet Mesic",5
"1_41_41_61638",3,109,615,2316,1452,1710020407,"17100203","OCR","RaDFHEwt_fww_OCR","RaDFHEwt","RaDFHEwt_fww",34,"fww","RaDFHEwt","RaDFHEwt_fww","Douglas-fir Hemlock-Wet Mesic",5
"1_41_41_82274",3,109,609,2316,1152,1710020401,"17100203","OCR","RaDFHEwt_fww_OCR","RaDFHEwt","RaDFHEwt_fww",34,"fww","RaDFHEwt","RaDFHEwt_fww","Douglas-fir Hemlock-Wet Mesic",5
"1_41_41_52333",3,109,610,2316,1183,1710020402,"17100203","OCR","RaDFHEwt_fww_OCR","RaDFHEwt","RaDFHEwt_fww",34,"fww","RaDFHEwt","RaDFHEwt_fww","Douglas-fir Hemlock-Wet Mesic",5
"1_41_41_76586",3,109,610,2316,1915,1710020402,"17100203","OCR","RaDFHEwt_fww_OCR","RaDFHEwt","RaDFHEwt_fww",34,"fww","RaDFHEwt","RaDFHEwt_fww","Douglas-fir Hemlock-Wet Mesic",5
"1_41_41_62694",3,109,610,2316,933,1710020402,"17100203","OCR","RaDFHEwt_fww_OCR","RaDFHEwt","RaDFHEwt_fww",34,"fww","RaDFHEwt","RaDFHEwt_fww","Douglas-fir Hemlock-Wet Mesic",5
"1_41_41_72656",3,109,610,2315,1274,1710020402,"17100203","OCR","RaDFHEwt_fwn_OCR","RaDFHEwt","RaDFHEwt_fwn",32,"fwn","RaDFHEwt","RaDFHEwt_fwn","Douglas-fir Hemlock-Wet Mesic",5
"1_41_41_55871",3,110,620,2315,1773,1710020503,"17100204","OCR","RaDFHEwt_fwn_OCR","RaDFHEwt","RaDFHEwt_fwn",32,"fwn","RaDFHEwt","RaDFHEwt_fwn","Douglas-fir Hemlock-Wet Mesic",5
"1_41_41_56354",3,110,620,2315,725,1710020503,"17100204","OCR","RaDFHEwt_fwn_OCR","RaDFHEwt","RaDFHEwt_fwn",32,"fwn","RaDFHEwt","RaDFHEwt_fwn","Douglas-fir Hemlock-Wet Mesic",5
"1_41_41_77867",3,110,621,2315,611,1710020504,"17100204","OCR","RaDFHEwt_fwn_OCR","RaDFHEwt","RaDFHEwt_fwn",32,"fwn","RaDFHEwt","RaDFHEwt_fwn","Douglas-fir Hemlock-Wet Mesic",5
"1_41_41_86239",3,110,621,2315,969,1710020504,"17100204","OCR","RaDFHEwt_fwn_OCR","RaDFHEwt","RaDFHEwt_fwn",32,"fwn","RaDFHEwt","RaDFHEwt_fwn","Douglas-fir Hemlock-Wet Mesic",5
"1_41_41_73113",3,110,619,2315,1625,1710020502,"17100204","OCR","RaDFHEwt_fwn_OCR","RaDFHEwt","RaDFHEwt_fwn",32,"fwn","RaDFHEwt","RaDFHEwt_fwn","Douglas-fir Hemlock-Wet Mesic",5
"1_41_3_56593",3,110,619,2315,2291,1710020502,"17100204","OCR","RaDFHEwt_fwn_OCR","RaDFHEwt","RaDFHEwt_fwn",32,"fwn","RaDFHEwt","RaDFHEwt_fwn","Douglas-fir Hemlock-Wet Mesic",5
"1_41_3_66791",3,110,619,2315,2454,1710020502,"17100204","OCR","RaDFHEwt_fwn_OCR","RaDFHEwt","RaDFHEwt_fwn",32,"fwn","RaDFHEwt","RaDFHEwt_fwn","Douglas-fir Hemlock-Wet Mesic",5
"1_41_39_61857",3,110,619,2315,2508,1710020502,"17100204","OCR","RaDFHEwt_fwn_OCR","RaDFHEwt","RaDFHEwt_fwn",32,"fwn","RaDFHEwt","RaDFHEwt_fwn","Douglas-fir Hemlock-Wet Mesic",5
"1_41_39_51364",3,110,619,2315,1647,1710020502,"17100204","OCR","RaDFHEwt_fwn_OCR","RaDFHEwt","RaDFHEwt_fwn",32,"fwn","RaDFHEwt","RaDFHEwt_fwn","Douglas-fir Hemlock-Wet Mesic",5
"1_41_39_56127",3,111,628,2315,1096,1710020604,"17100205","OCR","RaDFHEwt_fwn_OCR","RaDFHEwt","RaDFHEwt_fwn",32,"fwn","RaDFHEwt","RaDFHEwt_fwn","Douglas-fir Hemlock-Wet Mesic",5
"1_41_39_95314",3,111,628,2315,1560,1710020604,"17100205","OCR","RaDFHEwt_fwn_OCR","RaDFHEwt","RaDFHEwt_fwn",32,"fwn","RaDFHEwt","RaDFHEwt_fwn","Douglas-fir Hemlock-Wet Mesic",5
"1_41_39_56704",3,111,628,2315,1237,1710020604,"17100205","OCR","RaDFHEwt_fwn_OCR","RaDFHEwt","RaDFHEwt_fwn",32,"fwn","RaDFHEwt","RaDFHEwt_fwn","Douglas-fir Hemlock-Wet Mesic",5
"1_41_39_74528",3,111,628,2315,1390,1710020604,"17100205","OCR","RaDFHEwt_fwn_OCR","RaDFHEwt","RaDFHEwt_fwn",32,"fwn","RaDFHEwt","RaDFHEwt_fwn","Douglas-fir Hemlock-Wet Mesic",5
"1_41_39_99510",3,111,630,2315,1452,1710020606,"17100205","OCR","RaDFHEwt_fwn_OCR","RaDFHEwt","RaDFHEwt_fwn",32,"fwn","RaDFHEwt","RaDFHEwt_fwn","Douglas-fir Hemlock-Wet Mesic",5
"1_41_39_92617",3,111,632,2315,1883,1710020608,"17100205","OCR","RaDFHEwt_fwn_OCR","RaDFHEwt","RaDFHEwt_fwn",32,"fwn","RaDFHEwt","RaDFHEwt_fwn","Douglas-fir Hemlock-Wet Mesic",5
"1_41_39_85226",3,111,632,2315,725,1710020608,"17100205","OCR","RaDFHEwt_fwn_OCR","RaDFHEwt","RaDFHEwt_fwn",32,"fwn","RaDFHEwt","RaDFHEwt_fwn","Douglas-fir Hemlock-Wet Mesic",5
"1_41_39_84130",3,111,632,2315,858,1710020608,"17100205","OCR","RaDFHEwt_fwn_OCR","RaDFHEwt","RaDFHEwt_fwn",32,"fwn","RaDFHEwt","RaDFHEwt_fwn","Douglas-fir Hemlock-Wet Mesic",5
"2_41_19_61660",3,116,664,2334,1195,1710030307,"17100303B","OCR","RaDFHEwt_fhc_OCR","RaDFHEwt","RaDFHEwt_fhc",30,"fhc","RaDFHEwt","RaDFHEwt_fhc","Douglas-fir Hemlock-Wet Mesic",5
"2_41_19_93715",3,116,664,2315,933,1710030307,"17100303B","OCR","RaDFHEwt_fwn_OCR","RaDFHEwt","RaDFHEwt_fwn",32,"fwn","RaDFHEwt","RaDFHEwt_fwn","Douglas-fir Hemlock-Wet Mesic",5
"2_41_19_80140",3,116,661,1052,1042,1710030304,"17100303B","OCR","RaDFWV_fwx_1710030304","RaDFWV","RaDFWV_fwx",37,"fwx","RaDFWV","RaDFWV_fwx","Douglas-fir Willamatte Valley Foothills",1
"2_41_19_82888",3,116,661,1052,1473,1710030304,"17100303B","OCR","RaDFWV_fwx_1710030304","RaDFWV","RaDFWV_fwx",37,"fwx","RaDFWV","RaDFWV_fwx","Douglas-fir Willamatte Valley Foothills",1
"2_41_19_74329",3,116,662,1073,1028,1710030305,"17100303B","OCR","RaDFWV_fwx_1710030305","RaDFWV","RaDFWV_fwx",37,"fwx","RaDFWV","RaDFWV_fwx","Douglas-fir Willamatte Valley Foothills",1
"2_41_19_56606",3,116,662,1073,1153,1710030305,"17100303B","OCR","RaDFWV_fwx_1710030305","RaDFWV","RaDFWV_fwx",37,"fwx","RaDFWV","RaDFWV_fwx","Douglas-fir Willamatte Valley Foothills",1
"2_41_19_74945",3,116,662,1073,1169,1710030305,"17100303B","OCR","RaDFWV_fwx_1710030305","RaDFWV","RaDFWV_fwx",37,"fwx","RaDFWV","RaDFWV_fwx","Douglas-fir Willamatte Valley Foothills",1
"2_41_19_76369",3,116,662,2147,928,1710030305,"17100303B","OCR","RaDFHEdy_fwi_17100303A","RaDFHEdy","RaDFHEdy_fwi",31,"fwi","RaDFHEdy","RaDFHEdy_fwi","Douglas-fir Hemlock-Dry Mesic",3
"2_41_19_72760",3,116,662,2147,1582,1710030305,"17100303B","OCR","RaDFHEdy_fwi_17100303A","RaDFHEdy","RaDFHEdy_fwi",31,"fwi","RaDFHEdy","RaDFHEdy_fwi","Douglas-fir Hemlock-Dry Mesic",3
"2_41_19_80517",3,117,666,2171,966,1710030401,"17100303A","OCR","RaDFHEdy_fwi_17100304","RaDFHEdy","RaDFHEdy_fwi",31,"fwi","RaDFHEdy","RaDFHEdy_fwi","Douglas-fir Hemlock-Dry Mesic",3
"2_41_19_51537",3,117,666,2334,1999,1710030401,"17100303A","OCR","RaDFHEwt_fhc_OCR","RaDFHEwt","RaDFHEwt_fhc",30,"fhc","RaDFHEwt","RaDFHEwt_fhc","Douglas-fir Hemlock-Wet Mesic",5
"2_41_19_66045",3,117,666,2334,1309,1710030401,"17100303A","OCR","RaDFHEwt_fhc_OCR","RaDFHEwt","RaDFHEwt_fhc",30,"fhc","RaDFHEwt","RaDFHEwt_fhc","Douglas-fir Hemlock-Wet Mesic",5
"2_41_19_59119",3,117,666,2334,1590,1710030401,"17100303A","OCR","RaDFHEwt_fhc_OCR","RaDFHEwt","RaDFHEwt_fhc",30,"fhc","RaDFHEwt","RaDFHEwt_fhc","Douglas-fir Hemlock-Wet Mesic",5
"2_41_19_90291",6,118,670,2347,956,1710030501,"17100304","OSW","RaDFHEwt_fwm_OSW","RaDFHEwt","RaDFHEwt_fwm",33,"fwm","RaDFHEwt","RaDFHEwt_fwm","Douglas-fir Hemlock-Wet Mesic",5
"2_41_19_70235",6,118,670,1216,909,1710030501,"17100304","OSW","RaMCONsw_fvw_1710030501","RaMCONsw","RaMCONsw_fvw",21,"fvw","RaMCONsw","RaMCONsw_fvw","Mixed Conifer - Southwest Oregon",1
"2_41_19_70641",6,114,652,1292,1303,1710030208,"17100301","OSW","Na0710270_fdd_1710030208","Na0710270","Na0710270_fdd",43,"fdd","Na0710270","Na0710270_fdd","Mediterranean California Dry-Mesic Mixed Conifer Forest and Woodland",1
"2_41_19_50887",6,114,652,1291,427,1710030208,"17100301","OSW","RaMCONsw_fdm_1710030208","RaMCONsw","RaMCONsw_fdm",41,"fdm","RaMCONsw","RaMCONsw_fdm","Mixed Conifer - Southwest Oregon",1
"2_41_33_89922",6,123,700,1342,1279,1710031004,"17100309","OSW","RaMCONsw_fdm_1710031004","RaMCONsw","RaMCONsw_fdm",41,"fdm","RaMCONsw","RaMCONsw_fdm","Mixed Conifer - Southwest Oregon",1
"2_41_33_92273",6,123,700,1343,1016,1710031004,"17100309","OSW","RaMEVG_ftd_1710031004","RaMEVG","RaMEVG_ftd",48,"ftd","RaMEVG","RaMEVG_ftd","California Mixed Evergreen North",1
"2_41_33_69930",6,123,700,1343,1778,1710031004,"17100309","OSW","RaMEVG_ftd_1710031004","RaMEVG","RaMEVG_ftd",48,"ftd","RaMEVG","RaMEVG_ftd","California Mixed Evergreen North",1
"2_41_33_70239",6,123,698,1469,658,1710031002,"17100309","OSW","RaMCONsw_fiw_1710031002","RaMCONsw","RaMCONsw_fiw",20,"fiw","RaMCONsw","RaMCONsw_fiw","Mixed Conifer - Southwest Oregon",1
"2_41_33_83504",6,123,700,1343,1599,1710031004,"17100309","OSW","RaMEVG_ftd_1710031004","RaMEVG","RaMEVG_ftd",48,"ftd","RaMEVG","RaMEVG_ftd","California Mixed Evergreen North",1
"2_41_33_90630",6,123,698,1446,1755,1710031002,"17100309","OSW","Na0710270_fdd_1710031002","Na0710270","Na0710270_fdd",43,"fdd","Na0710270","Na0710270_fdd","Mediterranean California Dry-Mesic Mixed Conifer Forest and Woodland",1
"2_41_33_75823",6,123,698,1445,641,1710031002,"17100309","OSW","RaMEVG_ftd_1710031002","RaMEVG","RaMEVG_ftd",48,"ftd","RaMEVG","RaMEVG_ftd","California Mixed Evergreen North",1
"2_41_33_73840",6,123,698,1445,832,1710031002,"17100309","OSW","RaMEVG_ftd_1710031002","RaMEVG","RaMEVG_ftd",48,"ftd","RaMEVG","RaMEVG_ftd","California Mixed Evergreen North",1
"2_41_33_54366",6,123,698,1445,737,1710031002,"17100309","OSW","RaMEVG_ftd_1710031002","RaMEVG","RaMEVG_ftd",48,"ftd","RaMEVG","RaMEVG_ftd","California Mixed Evergreen North",1
"2_41_33_57393",6,123,698,1446,746,1710031002,"17100309","OSW","Na0710270_fdd_1710031002","Na0710270","Na0710270_fdd",43,"fdd","Na0710270","Na0710270_fdd","Mediterranean California Dry-Mesic Mixed Conifer Forest and Woodland",1
"2_41_33_67884",6,123,698,1445,934,1710031002,"17100309","OSW","RaMEVG_ftd_1710031002","RaMEVG","RaMEVG_ftd",48,"ftd","RaMEVG","RaMEVG_ftd","California Mixed Evergreen North",1
"2_41_33_74621",6,124,711,1529,922,1710031107,"17100310","OSW","Na0710270_fdd_1710031107","Na0710270","Na0710270_fdd",43,"fdd","Na0710270","Na0710270_fdd","Mediterranean California Dry-Mesic Mixed Conifer Forest and Woodland",1
"2_41_33_97898",6,123,698,1445,1470,1710031002,"17100309","OSW","RaMEVG_ftd_1710031002","RaMEVG","RaMEVG_ftd",48,"ftd","RaMEVG","RaMEVG_ftd","California Mixed Evergreen North",1
"2_41_33_87495",6,124,711,1532,1374,1710031107,"17100310","OSW","RaMEVG_ftd_1710031107","RaMEVG","RaMEVG_ftd",48,"ftd","RaMEVG","RaMEVG_ftd","California Mixed Evergreen North",1
"2_41_33_81020",6,124,711,1529,1792,1710031107,"17100310","OSW","Na0710270_fdd_1710031107","Na0710270","Na0710270_fdd",43,"fdd","Na0710270","Na0710270_fdd","Mediterranean California Dry-Mesic Mixed Conifer Forest and Woodland",1
"2_41_33_92063",6,122,696,1568,527,1710030906,"17100308","OSW","RaMEVG_ftd_1710030906","RaMEVG","RaMEVG_ftd",48,"ftd","RaMEVG","RaMEVG_ftd","California Mixed Evergreen North",1
"2_41_33_86561",6,124,709,1613,741,1710031105,"17100310","OSW","RaMEVG_ftd_1710031105","RaMEVG","RaMEVG_ftd",48,"ftd","RaMEVG","RaMEVG_ftd","California Mixed Evergreen North",1
"2_41_33_63908",6,124,709,1613,1576,1710031105,"17100310","OSW","RaMEVG_ftd_1710031105","RaMEVG","RaMEVG_ftd",48,"ftd","RaMEVG","RaMEVG_ftd","California Mixed Evergreen North",1
"2_41_33_65438",6,124,710,1590,2564,1710031106,"17100310","OSW","Na0710270_fdd_1710031106","Na0710270","Na0710270_fdd",43,"fdd","Na0710270","Na0710270_fdd","Mediterranean California Dry-Mesic Mixed Conifer Forest and Woodland",1
"2_41_33_96028",6,124,707,1672,508,1710031103,"17100310","OSW","Na0710270_fdd_1710031103","Na0710270","Na0710270_fdd",43,"fdd","Na0710270","Na0710270_fdd","Mediterranean California Dry-Mesic Mixed Conifer Forest and Woodland",1
"2_41_33_77292",6,124,710,1590,1347,1710031106,"17100310","OSW","Na0710270_fdd_1710031106","Na0710270","Na0710270_fdd",43,"fdd","Na0710270","Na0710270_fdd","Mediterranean California Dry-Mesic Mixed Conifer Forest and Woodland",1
"2_41_33_95076",6,124,707,1671,798,1710031103,"17100310","OSW","RaMEVG_ftd_1710031103","RaMEVG","RaMEVG_ftd",48,"ftd","RaMEVG","RaMEVG_ftd","California Mixed Evergreen North",1
"6_53_9_60222",9,146,809,2295,1120,1711002103,"17110020","WCR","RaSSHE_fss_WCR","RaSSHE","RaSSHE_fss",60,"fss","RaSSHE","RaSSHE_fss","Sitka Spruce - Western Hemlock",5
"6_53_9_71595",9,146,809,2295,773,1711002103,"17110020","WCR","RaSSHE_fss_WCR","RaSSHE","RaSSHE_fss",60,"fss","RaSSHE","RaSSHE_fss","Sitka Spruce - Western Hemlock",5
"6_53_9_80343",9,100,567,1820,1113,1710010106,"17090012A","WCR","RaDFHEdy_fdg_17100101","RaDFHEdy","RaDFHEdy_fdg",24,"fdg","RaDFHEdy","RaDFHEdy_fdg","Douglas-fir Hemlock-Dry Mesic",3
"6_53_9_82183",9,100,567,1818,1257,1710010106,"17090012A","WCR","RaDFHEdy_fwi_17100101","RaDFHEdy","RaDFHEdy_fwi",31,"fwi","RaDFHEdy","RaDFHEdy_fwi","Douglas-fir Hemlock-Dry Mesic",3
"6_53_9_97970",9,100,567,1820,1270,1710010106,"17090012A","WCR","RaDFHEdy_fdg_17100101","RaDFHEdy","RaDFHEdy_fdg",24,"fdg","RaDFHEdy","RaDFHEdy_fdg","Douglas-fir Hemlock-Dry Mesic",3
"6_53_9_62206",9,100,567,1820,520,1710010106,"17090012A","WCR","RaDFHEdy_fdg_17100101","RaDFHEdy","RaDFHEdy_fdg",24,"fdg","RaDFHEdy","RaDFHEdy_fdg","Douglas-fir Hemlock-Dry Mesic",3
"6_53_9_87439",9,100,565,1825,837,1710010104,"17090012A","WCR","RaABAMlw_fsi_17100101","RaABAMlw","RaABAMlw_fsi",14,"fsi","RaABAMlw","RaABAMlw_fsi","Pacific Silver Fir - Low Elevation",3
"6_53_9_70470",9,100,565,2297,1062,1710010104,"17090012A","WCR","RaABAMup_fst_WCR","RaABAMup","RaABAMup_fst",13,"fst","RaABAMup","RaABAMup_fst","Pacific Silver Fir - High Elevation",5
"6_53_31_53940",9,101,571,2297,1515,1710010202,"17100101","WCR","RaABAMup_fst_WCR","RaABAMup","RaABAMup_fst",13,"fst","RaABAMup","RaABAMup_fst","Pacific Silver Fir - High Elevation",5
"6_53_31_66675",9,101,571,2296,1474,1710010202,"17100101","WCR","RaDFHEwt_fwn_WCR","RaDFHEwt","RaDFHEwt_fwn",32,"fwn","RaDFHEwt","RaDFHEwt_fwn","Douglas-fir Hemlock-Wet Mesic",5
"6_53_31_55124",9,101,571,2297,2437,1710010202,"17100101","WCR","RaABAMup_fst_WCR","RaABAMup","RaABAMup_fst",13,"fst","RaABAMup","RaABAMup_fst","Pacific Silver Fir - High Elevation",5
"6_53_31_98506",9,101,571,2297,1735,1710010202,"17100101","WCR","RaABAMup_fst_WCR","RaABAMup","RaABAMup_fst",13,"fst","RaABAMup","RaABAMup_fst","Pacific Silver Fir - High Elevation",5
"6_53_27_53442",9,101,571,2297,1878,1710010202,"17100101","WCR","RaABAMup_fst_WCR","RaABAMup","RaABAMup_fst",13,"fst","RaABAMup","RaABAMup_fst","Pacific Silver Fir - High Elevation",5
"6_53_27_64951",9,101,574,1879,821,1710010205,"17100101","WCR","RaDFHEdy_fdg_17100102","RaDFHEdy","RaDFHEdy_fdg",24,"fdg","RaDFHEdy","RaDFHEdy_fdg","Douglas-fir Hemlock-Dry Mesic",3
"6_53_27_95930",9,101,574,2295,1285,1710010205,"17100101","WCR","RaSSHE_fss_WCR","RaSSHE","RaSSHE_fss",60,"fss","RaSSHE","RaSSHE_fss","Sitka Spruce - Western Hemlock",5
"6_53_27_57037",9,101,574,2295,1058,1710010205,"17100101","WCR","RaSSHE_fss_WCR","RaSSHE","RaSSHE_fss",60,"fss","RaSSHE","RaSSHE_fss","Sitka Spruce - Western Hemlock",5
"6_53_27_58943",9,101,574,2295,1364,1710010205,"17100101","WCR","RaSSHE_fss_WCR","RaSSHE","RaSSHE_fss",60,"fss","RaSSHE","RaSSHE_fss","Sitka Spruce - Western Hemlock",5
"6_53_27_52516",9,101,575,2295,2033,1710010206,"17100101","WCR","RaSSHE_fss_WCR","RaSSHE","RaSSHE_fss",60,"fss","RaSSHE","RaSSHE_fss","Sitka Spruce - Western Hemlock",5
"6_53_27_77445",9,104,585,2295,1561,1710010501,"17100104","WCR","RaSSHE_fss_WCR","RaSSHE","RaSSHE_fss",60,"fss","RaSSHE","RaSSHE_fss","Sitka Spruce - Western Hemlock",5
"6_53_27_55478",9,104,586,2295,1571,1710010502,"17100104","WCR","RaSSHE_fss_WCR","RaSSHE","RaSSHE_fss",60,"fss","RaSSHE","RaSSHE_fss","Sitka Spruce - Western Hemlock",5
"6_53_27_80095",9,104,586,2295,2186,1710010502,"17100104","WCR","RaSSHE_fss_WCR","RaSSHE","RaSSHE_fss",60,"fss","RaSSHE","RaSSHE_fss","Sitka Spruce - Western Hemlock",5
"6_53_27_62759",9,104,587,2295,1152,1710010503,"17100104","WCR","RaSSHE_fss_WCR","RaSSHE","RaSSHE_fss",60,"fss","RaSSHE","RaSSHE_fss","Sitka Spruce - Western Hemlock",5
"6_53_27_84672",9,104,587,2296,836,1710010503,"17100104","WCR","RaDFHEwt_fwn_WCR","RaDFHEwt","RaDFHEwt_fwn",32,"fwn","RaDFHEwt","RaDFHEwt_fwn","Douglas-fir Hemlock-Wet Mesic",5
"7_53_49_51044",9,104,587,2295,1055,1710010503,"17100104","WCR","RaSSHE_fss_WCR","RaSSHE","RaSSHE_fss",60,"fss","RaSSHE","RaSSHE_fss","Sitka Spruce - Western Hemlock",5
"7_53_49_65132",9,105,592,2295,1116,1710010605,"17100105","WCR","RaSSHE_fss_WCR","RaSSHE","RaSSHE_fss",60,"fss","RaSSHE","RaSSHE_fss","Sitka Spruce - Western Hemlock",5
"7_53_49_91224",9,105,592,2295,1656,1710010605,"17100105","WCR","RaSSHE_fss_WCR","RaSSHE","RaSSHE_fss",60,"fss","RaSSHE","RaSSHE_fss","Sitka Spruce - Western Hemlock",5
"7_53_49_67095",9,105,592,2295,1695,1710010605,"17100105","WCR","RaSSHE_fss_WCR","RaSSHE","RaSSHE_fss",60,"fss","RaSSHE","RaSSHE_fss","Sitka Spruce - Western Hemlock",5
"7_53_49_89210",9,105,592,2296,1134,1710010605,"17100105","WCR","RaDFHEwt_fwn_WCR","RaDFHEwt","RaDFHEwt_fwn",32,"fwn","RaDFHEwt","RaDFHEwt_fwn","Douglas-fir Hemlock-Wet Mesic",5
"7_53_49_77306",9,105,592,2295,1780,1710010605,"17100105","WCR","RaSSHE_fss_WCR","RaSSHE","RaSSHE_fss",60,"fss","RaSSHE","RaSSHE_fss","Sitka Spruce - Western Hemlock",5
"0_41_7_84546",3,84,486,2314,2360,1708000602,"17080005","OCR","RaSSHE_fss_OCR","RaSSHE","RaSSHE_fss",60,"fss","RaSSHE","RaSSHE_fss","Sitka Spruce - Western Hemlock",5
"0_41_7_91263",3,84,486,2314,986,1708000602,"17080005","OCR","RaSSHE_fss_OCR","RaSSHE","RaSSHE_fss",60,"fss","RaSSHE","RaSSHE_fss","Sitka Spruce - Western Hemlock",5
"0_41_7_99004",3,106,593,2315,1220,1710020101,"17100106","OCR","RaDFHEwt_fwn_OCR","RaDFHEwt","RaDFHEwt_fwn",32,"fwn","RaDFHEwt","RaDFHEwt_fwn","Douglas-fir Hemlock-Wet Mesic",5
"0_41_7_81541",3,107,598,2315,918,1710020205,"17100201","OCR","RaDFHEwt_fwn_OCR","RaDFHEwt","RaDFHEwt_fwn",32,"fwn","RaDFHEwt","RaDFHEwt_fwn","Douglas-fir Hemlock-Wet Mesic",5
"0_41_7_79756",3,107,598,2314,2411,1710020205,"17100201","OCR","RaSSHE_fss_OCR","RaSSHE","RaSSHE_fss",60,"fss","RaSSHE","RaSSHE_fss","Sitka Spruce - Western Hemlock",5
"0_41_57_93129",3,107,598,2314,2779,1710020205,"17100201","OCR","RaSSHE_fss_OCR","RaSSHE","RaSSHE_fss",60,"fss","RaSSHE","RaSSHE_fss","Sitka Spruce - Western Hemlock",5
"0_41_57_56177",3,107,599,2314,2206,1710020206,"17100201","OCR","RaSSHE_fss_OCR","RaSSHE","RaSSHE_fss",60,"fss","RaSSHE","RaSSHE_fss","Sitka Spruce - Western Hemlock",5
"0_41_57_51189",3,107,599,2315,999,1710020206,"17100201","OCR","RaDFHEwt_fwn_OCR","RaDFHEwt","RaDFHEwt_fwn",32,"fwn","RaDFHEwt","RaDFHEwt_fwn","Douglas-fir Hemlock-Wet Mesic",5
"0_41_57_71758",3,108,606,2315,1089,1710020307,"17100202","OCR","RaDFHEwt_fwn_OCR","RaDFHEwt","RaDFHEwt_fwn",32,"fwn","RaDFHEwt","RaDFHEwt_fwn","Douglas-fir Hemlock-Wet Mesic",5
"0_41_57_50521",3,108,605,2315,1094,1710020306,"17100202","OCR","RaDFHEwt_fwn_OCR","RaDFHEwt","RaDFHEwt_fwn",32,"fwn","RaDFHEwt","RaDFHEwt_fwn","Douglas-fir Hemlock-Wet Mesic",5
"0_41_57_86056",3,108,605,2314,1822,1710020306,"17100202","OCR","RaSSHE_fss_OCR","RaSSHE","RaSSHE_fss",60,"fss","RaSSHE","RaSSHE_fss","Sitka Spruce - Western Hemlock",5
"0_41_57_89132",3,108,602,2314,1373,1710020303,"17100202","OCR","RaSSHE_fss_OCR","RaSSHE","RaSSHE_fss",60,"fss","RaSSHE","RaSSHE_fss","Sitka Spruce - Western Hemlock",5
"0_41_57_81930",3,108,601,2315,722,1710020302,"17100202","OCR","RaDFHEwt_fwn_OCR","RaDFHEwt","RaDFHEwt_fwn",32,"fwn","RaDFHEwt","RaDFHEwt_fwn","Douglas-fir Hemlock-Wet Mesic",5
"0_41_57_54507",3,108,601,2314,1492,1710020302,"17100202","OCR","RaSSHE_fss_OCR","RaSSHE","RaSSHE_fss",60,"fss","RaSSHE","RaSSHE_fss","Sitka Spruce - Western Hemlock",5
"0_41_57_88498",3,108,601,2315,1075,1710020302,"17100202","OCR","RaDFHEwt_fwn_OCR","RaDFHEwt","RaDFHEwt_fwn",32,"fwn","RaDFHEwt","RaDFHEwt_fwn","Douglas-fir Hemlock-Wet Mesic",5
"0_41_57_54442",3,108,601,2315,1161,1710020302,"17100202","OCR","RaDFHEwt_fwn_OCR","RaDFHEwt","RaDFHEwt_fwn",32,"fwn","RaDFHEwt","RaDFHEwt_fwn","Douglas-fir Hemlock-Wet Mesic",5
"0_41_71_67653",3,108,601,2315,1700,1710020302,"17100202","OCR","RaDFHEwt_fwn_OCR","RaDFHEwt","RaDFHEwt_fwn",32,"fwn","RaDFHEwt","RaDFHEwt_fwn","Douglas-fir Hemlock-Wet Mesic",5
"0_41_71_89985",3,108,601,2314,1217,1710020302,"17100202","OCR","RaSSHE_fss_OCR","RaSSHE","RaSSHE_fss",60,"fss","RaSSHE","RaSSHE_fss","Sitka Spruce - Western Hemlock",5
"0_41_71_96362",3,108,600,2315,1284,1710020301,"17100202","OCR","RaDFHEwt_fwn_OCR","RaDFHEwt","RaDFHEwt_fwn",32,"fwn","RaDFHEwt","RaDFHEwt_fwn","Douglas-fir Hemlock-Wet Mesic",5
"0_41_57_57417",3,108,600,2314,1021,1710020301,"17100202","OCR","RaSSHE_fss_OCR","RaSSHE","RaSSHE_fss",60,"fss","RaSSHE","RaSSHE_fss","Sitka Spruce - Western Hemlock",5
"0_41_71_74364",3,108,600,2315,2177,1710020301,"17100202","OCR","RaDFHEwt_fwn_OCR","RaDFHEwt","RaDFHEwt_fwn",32,"fwn","RaDFHEwt","RaDFHEwt_fwn","Douglas-fir Hemlock-Wet Mesic",5
"1_41_41_75367",3,109,616,2315,1813,1710020408,"17100203","OCR","RaDFHEwt_fwn_OCR","RaDFHEwt","RaDFHEwt_fwn",32,"fwn","RaDFHEwt","RaDFHEwt_fwn","Douglas-fir Hemlock-Wet Mesic",5
"1_41_41_73641",3,109,613,2315,1458,1710020405,"17100203","OCR","RaDFHEwt_fwn_OCR","RaDFHEwt","RaDFHEwt_fwn",32,"fwn","RaDFHEwt","RaDFHEwt_fwn","Douglas-fir Hemlock-Wet Mesic",5
"1_41_41_53171",3,109,609,2316,1111,1710020401,"17100203","OCR","RaDFHEwt_fww_OCR","RaDFHEwt","RaDFHEwt_fww",34,"fww","RaDFHEwt","RaDFHEwt_fww","Douglas-fir Hemlock-Wet Mesic",5
"1_41_41_93456",3,109,609,2316,1186,1710020401,"17100203","OCR","RaDFHEwt_fww_OCR","RaDFHEwt","RaDFHEwt_fww",34,"fww","RaDFHEwt","RaDFHEwt_fww","Douglas-fir Hemlock-Wet Mesic",5
"1_41_41_71044",3,109,610,2316,946,1710020402,"17100203","OCR","RaDFHEwt_fww_OCR","RaDFHEwt","RaDFHEwt_fww",34,"fww","RaDFHEwt","RaDFHEwt_fww","Douglas-fir Hemlock-Wet Mesic",5
"1_41_41_92119",3,109,610,2316,959,1710020402,"17100203","OCR","RaDFHEwt_fww_OCR","RaDFHEwt","RaDFHEwt_fww",34,"fww","RaDFHEwt","RaDFHEwt_fww","Douglas-fir Hemlock-Wet Mesic",5
"1_41_41_68159",3,109,610,2315,966,1710020402,"17100203","OCR","RaDFHEwt_fwn_OCR","RaDFHEwt","RaDFHEwt_fwn",32,"fwn","RaDFHEwt","RaDFHEwt_fwn","Douglas-fir Hemlock-Wet Mesic",5
"1_41_3_92452",3,110,621,2315,1091,1710020504,"17100204","OCR","RaDFHEwt_fwn_OCR","RaDFHEwt","RaDFHEwt_fwn",32,"fwn","RaDFHEwt","RaDFHEwt_fwn","Douglas-fir Hemlock-Wet Mesic",5
"1_41_3_88931",3,110,621,2315,1728,1710020504,"17100204","OCR","RaDFHEwt_fwn_OCR","RaDFHEwt","RaDFHEwt_fwn",32,"fwn","RaDFHEwt","RaDFHEwt_fwn","Douglas-fir Hemlock-Wet Mesic",5
"1_41_3_90987",3,110,619,2315,1008,1710020502,"17100204","OCR","RaDFHEwt_fwn_OCR","RaDFHEwt","RaDFHEwt_fwn",32,"fwn","RaDFHEwt","RaDFHEwt_fwn","Douglas-fir Hemlock-Wet Mesic",5
"1_41_39_70427",3,110,619,2315,985,1710020502,"17100204","OCR","RaDFHEwt_fwn_OCR","RaDFHEwt","RaDFHEwt_fwn",32,"fwn","RaDFHEwt","RaDFHEwt_fwn","Douglas-fir Hemlock-Wet Mesic",5
"1_41_39_75356",3,111,628,2315,862,1710020604,"17100205","OCR","RaDFHEwt_fwn_OCR","RaDFHEwt","RaDFHEwt_fwn",32,"fwn","RaDFHEwt","RaDFHEwt_fwn","Douglas-fir Hemlock-Wet Mesic",5
"1_41_39_78934",3,111,628,2315,1163,1710020604,"17100205","OCR","RaDFHEwt_fwn_OCR","RaDFHEwt","RaDFHEwt_fwn",32,"fwn","RaDFHEwt","RaDFHEwt_fwn","Douglas-fir Hemlock-Wet Mesic",5
"1_41_39_86672",3,111,628,2315,1466,1710020604,"17100205","OCR","RaDFHEwt_fwn_OCR","RaDFHEwt","RaDFHEwt_fwn",32,"fwn","RaDFHEwt","RaDFHEwt_fwn","Douglas-fir Hemlock-Wet Mesic",5
"1_41_39_52979",3,111,628,2122,537,1710020604,"17100205","OCR","RaDFHEdy_fwi_17100206","RaDFHEdy","RaDFHEdy_fwi",31,"fwi","RaDFHEdy","RaDFHEdy_fwi","Douglas-fir Hemlock-Dry Mesic",3
"1_41_39_99740",3,111,628,2122,672,1710020604,"17100205","OCR","RaDFHEdy_fwi_17100206","RaDFHEdy","RaDFHEdy_fwi",31,"fwi","RaDFHEdy","RaDFHEdy_fwi","Douglas-fir Hemlock-Dry Mesic",3
"1_41_39_67726",3,111,632,2315,1229,1710020608,"17100205","OCR","RaDFHEwt_fwn_OCR","RaDFHEwt","RaDFHEwt_fwn",32,"fwn","RaDFHEwt","RaDFHEwt_fwn","Douglas-fir Hemlock-Wet Mesic",5
"1_41_39_89828",3,111,632,2315,2478,1710020608,"17100205","OCR","RaDFHEwt_fwn_OCR","RaDFHEwt","RaDFHEwt_fwn",32,"fwn","RaDFHEwt","RaDFHEwt_fwn","Douglas-fir Hemlock-Wet Mesic",5
"1_41_39_87289",3,111,627,2315,1831,1710020603,"17100205","OCR","RaDFHEwt_fwn_OCR","RaDFHEwt","RaDFHEwt_fwn",32,"fwn","RaDFHEwt","RaDFHEwt_fwn","Douglas-fir Hemlock-Wet Mesic",5
"2_41_19_53972",3,111,627,2334,1554,1710020603,"17100205","OCR","RaDFHEwt_fhc_OCR","RaDFHEwt","RaDFHEwt_fhc",30,"fhc","RaDFHEwt","RaDFHEwt_fhc","Douglas-fir Hemlock-Wet Mesic",5
"2_41_19_66347",3,116,664,2315,659,1710030307,"17100303B","OCR","RaDFHEwt_fwn_OCR","RaDFHEwt","RaDFHEwt_fwn",32,"fwn","RaDFHEwt","RaDFHEwt_fwn","Douglas-fir Hemlock-Wet Mesic",5
"2_41_19_98486",3,111,627,2315,621,1710020603,"17100205","OCR","RaDFHEwt_fwn_OCR","RaDFHEwt","RaDFHEwt_fwn",32,"fwn","RaDFHEwt","RaDFHEwt_fwn","Douglas-fir Hemlock-Wet Mesic",5
"2_41_19_66655",3,116,664,2315,1406,1710030307,"17100303B","OCR","RaDFHEwt_fwn_OCR","RaDFHEwt","RaDFHEwt_fwn",32,"fwn","RaDFHEwt","RaDFHEwt_fwn","Douglas-fir Hemlock-Wet Mesic",5
"2_41_19_96109",3,116,663,2315,1389,1710030306,"17100303B","OCR","RaDFHEwt_fwn_OCR","RaDFHEwt","RaDFHEwt_fwn",32,"fwn","RaDFHEwt","RaDFHEwt_fwn","Douglas-fir Hemlock-Wet Mesic",5
"2_41_19_56238",3,116,663,2315,1135,1710030306,"17100303B","OCR","RaDFHEwt_fwn_OCR","RaDFHEwt","RaDFHEwt_fwn",32,"fwn","RaDFHEwt","RaDFHEwt_fwn","Douglas-fir Hemlock-Wet Mesic",5
"2_41_19_86647",3,116,663,2147,1323,1710030306,"17100303B","OCR","RaDFHEdy_fwi_17100303A","RaDFHEdy","RaDFHEdy_fwi",31,"fwi","RaDFHEdy","RaDFHEdy_fwi","Douglas-fir Hemlock-Dry Mesic",3
"2_41_19_61489",3,116,661,1052,791,1710030304,"17100303B","OCR","RaDFWV_fwx_1710030304","RaDFWV","RaDFWV_fwx",37,"fwx","RaDFWV","RaDFWV_fwx","Douglas-fir Willamatte Valley Foothills",1
"2_41_19_99433",3,116,661,2147,858,1710030304,"17100303B","OCR","RaDFHEdy_fwi_17100303A","RaDFHEdy","RaDFHEdy_fwi",31,"fwi","RaDFHEdy","RaDFHEdy_fwi","Douglas-fir Hemlock-Dry Mesic",3
"2_41_19_61938",3,116,661,1052,1281,1710030304,"17100303B","OCR","RaDFWV_fwx_1710030304","RaDFWV","RaDFWV_fwx",37,"fwx","RaDFWV","RaDFWV_fwx","Douglas-fir Willamatte Valley Foothills",1
"2_41_19_94131",3,116,659,2150,671,1710030302,"17100303B","OCR","Na0210350_fvg_17100303A","Na0210350","Na0210350_fvg",25,"fvg","Na0210350","Na0210350_fvg","North Pacific Dry Douglas-fir Forest and Woodland",3
"2_41_19_70046",3,117,666,2334,1181,1710030401,"17100303A","OCR","RaDFHEwt_fhc_OCR","RaDFHEwt","RaDFHEwt_fhc",30,"fhc","RaDFHEwt","RaDFHEwt_fhc","Douglas-fir Hemlock-Wet Mesic",5
"2_41_19_90273",3,117,666,2171,973,1710030401,"17100303A","OCR","RaDFHEdy_fwi_17100304","RaDFHEdy","RaDFHEdy_fwi",31,"fwi","RaDFHEdy","RaDFHEdy_fwi","Douglas-fir Hemlock-Dry Mesic",3
"2_41_19_97676",3,117,666,2334,820,1710030401,"17100303A","OCR","RaDFHEwt_fhc_OCR","RaDFHEwt","RaDFHEwt_fhc",30,"fhc","RaDFHEwt","RaDFHEwt_fhc","Douglas-fir Hemlock-Wet Mesic",5
"2_41_19_61803",3,117,666,2334,1334,1710030401,"17100303A","OCR","RaDFHEwt_fhc_OCR","RaDFHEwt","RaDFHEwt_fhc",30,"fhc","RaDFHEwt","RaDFHEwt_fhc","Douglas-fir Hemlock-Wet Mesic",5
"2_41_19_96599",3,117,666,2334,1945,1710030401,"17100303A","OCR","RaDFHEwt_fhc_OCR","RaDFHEwt","RaDFHEwt_fhc",30,"fhc","RaDFHEwt","RaDFHEwt_fhc","Douglas-fir Hemlock-Wet Mesic",5
"2_41_19_62715",6,114,656,1175,1496,1710030212,"17100301","OSW","RaMCONsw_fiw_1710030212","RaMCONsw","RaMCONsw_fiw",20,"fiw","RaMCONsw","RaMCONsw_fiw","Mixed Conifer - Southwest Oregon",1
"2_41_19_78789",6,114,656,1175,2238,1710030212,"17100301","OSW","RaMCONsw_fiw_1710030212","RaMCONsw","RaMCONsw_fiw",20,"fiw","RaMCONsw","RaMCONsw_fiw","Mixed Conifer - Southwest Oregon",1
"2_41_19_59362",6,114,656,1178,566,1710030212,"17100301","OSW","RaMCONsw_fvw_1710030212","RaMCONsw","RaMCONsw_fvw",21,"fvw","RaMCONsw","RaMCONsw_fvw","Mixed Conifer - Southwest Oregon",1
"2_41_19_75463",6,114,656,1175,371,1710030212,"17100301","OSW","RaMCONsw_fiw_1710030212","RaMCONsw","RaMCONsw_fiw",20,"fiw","RaMCONsw","RaMCONsw_fiw","Mixed Conifer - Southwest Oregon",1
"2_41_19_55185",6,114,656,1177,1618,1710030212,"17100301","OSW","Na0710270_fdd_1710030212","Na0710270","Na0710270_fdd",43,"fdd","Na0710270","Na0710270_fdd","Mediterranean California Dry-Mesic Mixed Conifer Forest and Woodland",1
"2_41_19_90698",6,114,653,1266,830,1710030209,"17100301","OSW","RaMCONsw_fdm_1710030209","RaMCONsw","RaMCONsw_fdm",41,"fdm","RaMCONsw","RaMCONsw_fdm","Mixed Conifer - Southwest Oregon",1
"2_41_19_67107",6,114,653,1262,437,1710030209,"17100301","OSW","Na0710270_fdd_1710030209","Na0710270","Na0710270_fdd",43,"fdd","Na0710270","Na0710270_fdd","Mediterranean California Dry-Mesic Mixed Conifer Forest and Woodland",1
"2_41_19_60121",6,114,652,1302,1718,1710030208,"17100301","OSW","RaMEVG_ftd_1710030208","RaMEVG","RaMEVG_ftd",48,"ftd","RaMEVG","RaMEVG_ftd","California Mixed Evergreen North",1
"2_41_33_64229",6,114,651,1315,664,1710030207,"17100301","OSW","RaMCONsw_fdm_1710030207","RaMCONsw","RaMCONsw_fdm",41,"fdm","RaMCONsw","RaMCONsw_fdm","Mixed Conifer - Southwest Oregon",1
"2_41_33_67564",6,123,698,1446,1495,1710031002,"17100309","OSW","Na0710270_fdd_1710031002","Na0710270","Na0710270_fdd",43,"fdd","Na0710270","Na0710270_fdd","Mediterranean California Dry-Mesic Mixed Conifer Forest and Woodland",1
"2_41_33_87620",6,123,698,1445,1361,1710031002,"17100309","OSW","RaMEVG_ftd_1710031002","RaMEVG","RaMEVG_ftd",48,"ftd","RaMEVG","RaMEVG_ftd","California Mixed Evergreen North",1
"2_41_33_56102",6,123,698,1446,525,1710031002,"17100309","OSW","Na0710270_fdd_1710031002","Na0710270","Na0710270_fdd",43,"fdd","Na0710270","Na0710270_fdd","Mediterranean California Dry-Mesic Mixed Conifer Forest and Woodland",1
"2_41_33_55489",6,123,698,1445,2601,1710031002,"17100309","OSW","RaMEVG_ftd_1710031002","RaMEVG","RaMEVG_ftd",48,"ftd","RaMEVG","RaMEVG_ftd","California Mixed Evergreen North",1
"2_41_33_78902",6,123,698,1469,557,1710031002,"17100309","OSW","RaMCONsw_fiw_1710031002","RaMCONsw","RaMCONsw_fiw",20,"fiw","RaMCONsw","RaMCONsw_fiw","Mixed Conifer - Southwest Oregon",1
"2_41_33_75415",6,122,696,1558,911,1710030906,"17100308","OSW","Na0710270_fdd_1710030906","Na0710270","Na0710270_fdd",43,"fdd","Na0710270","Na0710270_fdd","Mediterranean California Dry-Mesic Mixed Conifer Forest and Woodland",1
"2_41_33_82720",6,122,696,1555,1399,1710030906,"17100308","OSW","RaPIJEsp_fjp_1710030906","RaPIJEsp","RaPIJEsp_fjp",61,"fjp","RaPIJEsp","RaPIJEsp_fjp","Pine Savannah - Ultramafic",1
"2_41_33_90660",6,122,696,1558,1442,1710030906,"17100308","OSW","Na0710270_fdd_1710030906","Na0710270","Na0710270_fdd",43,"fdd","Na0710270","Na0710270_fdd","Mediterranean California Dry-Mesic Mixed Conifer Forest and Woodland",1
"2_41_33_74306",6,122,696,1558,1238,1710030906,"17100308","OSW","Na0710270_fdd_1710030906","Na0710270","Na0710270_fdd",43,"fdd","Na0710270","Na0710270_fdd","Mediterranean California Dry-Mesic Mixed Conifer Forest and Woodland",1
"2_41_33_83152",6,122,696,1558,2181,1710030906,"17100308","OSW","Na0710270_fdd_1710030906","Na0710270","Na0710270_fdd",43,"fdd","Na0710270","Na0710270_fdd","Mediterranean California Dry-Mesic Mixed Conifer Forest and Woodland",1
"2_41_33_95579",6,124,709,1604,2887,1710031105,"17100310","OSW","Na0710270_fdd_1710031105","Na0710270","Na0710270_fdd",43,"fdd","Na0710270","Na0710270_fdd","Mediterranean California Dry-Mesic Mixed Conifer Forest and Woodland",1
"2_41_33_78009",6,124,709,1604,1570,1710031105,"17100310","OSW","Na0710270_fdd_1710031105","Na0710270","Na0710270_fdd",43,"fdd","Na0710270","Na0710270_fdd","Mediterranean California Dry-Mesic Mixed Conifer Forest and Woodland",1
"2_41_33_51471",6,124,709,1604,586,1710031105,"17100310","OSW","Na0710270_fdd_1710031105","Na0710270","Na0710270_fdd",43,"fdd","Na0710270","Na0710270_fdd","Mediterranean California Dry-Mesic Mixed Conifer Forest and Woodland",1
"2_41_33_85574",6,124,705,1712,829,1710031101,"17100310","OSW","Na0710270_fdd_1710031101","Na0710270","Na0710270_fdd",43,"fdd","Na0710270","Na0710270_fdd","Mediterranean California Dry-Mesic Mixed Conifer Forest and Woodland",1
"2_41_33_50685",6,124,707,1671,1692,1710031103,"17100310","OSW","RaMEVG_ftd_1710031103","RaMEVG","RaMEVG_ftd",48,"ftd","RaMEVG","RaMEVG_ftd","California Mixed Evergreen North",1
"2_41_33_67088",6,124,707,1685,1532,1710031103,"17100310","OSW","RaMCONsw_fiw_1710031103","RaMCONsw","RaMCONsw_fiw",20,"fiw","RaMCONsw","RaMCONsw_fiw","Mixed Conifer - Southwest Oregon",1
"2_41_33_77062",6,124,707,1671,1673,1710031103,"17100310","OSW","RaMEVG_ftd_1710031103","RaMEVG","RaMEVG_ftd",48,"ftd","RaMEVG","RaMEVG_ftd","California Mixed Evergreen North",1
"6_53_9_89901",9,146,809,2295,1391,1711002103,"17110020","WCR","RaSSHE_fss_WCR","RaSSHE","RaSSHE_fss",60,"fss","RaSSHE","RaSSHE_fss","Sitka Spruce - Western Hemlock",5
"6_53_9_99591",9,146,809,2296,1526,1711002103,"17110020","WCR","RaDFHEwt_fwn_WCR","RaDFHEwt","RaDFHEwt_fwn",32,"fwn","RaDFHEwt","RaDFHEwt_fwn","Douglas-fir Hemlock-Wet Mesic",5
"6_53_9_63944",9,146,809,1824,699,1711002103,"17110020","WCR","RaABAMlw_fsi_17110021","RaABAMlw","RaABAMlw_fsi",14,"fsi","RaABAMlw","RaABAMlw_fsi","Pacific Silver Fir - Low Elevation",3
"6_53_9_79221",9,100,567,1820,681,1710010106,"17090012A","WCR","RaDFHEdy_fdg_17100101","RaDFHEdy","RaDFHEdy_fdg",24,"fdg","RaDFHEdy","RaDFHEdy_fdg","Douglas-fir Hemlock-Dry Mesic",3
"6_53_9_83757",9,100,567,2296,1878,1710010106,"17090012A","WCR","RaDFHEwt_fwn_WCR","RaDFHEwt","RaDFHEwt_fwn",32,"fwn","RaDFHEwt","RaDFHEwt_fwn","Douglas-fir Hemlock-Wet Mesic",5
"6_53_9_87234",9,100,567,1825,1572,1710010106,"17090012A","WCR","RaABAMlw_fsi_17100101","RaABAMlw","RaABAMlw_fsi",14,"fsi","RaABAMlw","RaABAMlw_fsi","Pacific Silver Fir - Low Elevation",3
"6_53_9_71165",9,100,567,1825,1405,1710010106,"17090012A","WCR","RaABAMlw_fsi_17100101","RaABAMlw","RaABAMlw_fsi",14,"fsi","RaABAMlw","RaABAMlw_fsi","Pacific Silver Fir - Low Elevation",3
"6_53_9_96608",9,100,567,2297,987,1710010106,"17090012A","WCR","RaABAMup_fst_WCR","RaABAMup","RaABAMup_fst",13,"fst","RaABAMup","RaABAMup_fst","Pacific Silver Fir - High Elevation",5
"6_53_9_72213",9,100,566,2297,2315,1710010105,"17090012A","WCR","RaABAMup_fst_WCR","RaABAMup","RaABAMup_fst",13,"fst","RaABAMup","RaABAMup_fst","Pacific Silver Fir - High Elevation",5
"6_53_31_88234",9,100,568,2297,536,1710010107,"17090012A","WCR","RaABAMup_fst_WCR","RaABAMup","RaABAMup_fst",13,"fst","RaABAMup","RaABAMup_fst","Pacific Silver Fir - High Elevation",5
"6_53_31_97347",9,100,568,2296,793,1710010107,"17090012A","WCR","RaDFHEwt_fwn_WCR","RaDFHEwt","RaDFHEwt_fwn",32,"fwn","RaDFHEwt","RaDFHEwt_fwn","Douglas-fir Hemlock-Wet Mesic",5
"6_53_31_60214",9,100,568,2297,2277,1710010107,"17090012A","WCR","RaABAMup_fst_WCR","RaABAMup","RaABAMup_fst",13,"fst","RaABAMup","RaABAMup_fst","Pacific Silver Fir - High Elevation",5
"6_53_31_63958",9,100,568,2297,2581,1710010107,"17090012A","WCR","RaABAMup_fst_WCR","RaABAMup","RaABAMup_fst",13,"fst","RaABAMup","RaABAMup_fst","Pacific Silver Fir - High Elevation",5
"6_53_31_81650",9,101,570,2297,2841,1710010201,"17100101","WCR","RaABAMup_fst_WCR","RaABAMup","RaABAMup_fst",13,"fst","RaABAMup","RaABAMup_fst","Pacific Silver Fir - High Elevation",5
"6_53_31_74807",9,101,571,2297,1196,1710010202,"17100101","WCR","RaABAMup_fst_WCR","RaABAMup","RaABAMup_fst",13,"fst","RaABAMup","RaABAMup_fst","Pacific Silver Fir - High Elevation",5
"6_53_31_60542",9,101,571,2296,1194,1710010202,"17100101","WCR","RaDFHEwt_fwn_WCR","RaDFHEwt","RaDFHEwt_fwn",32,"fwn","RaDFHEwt","RaDFHEwt_fwn","Douglas-fir Hemlock-Wet Mesic",5
"6_53_31_76293",9,101,571,2297,1526,1710010202,"17100101","WCR","RaABAMup_fst_WCR","RaABAMup","RaABAMup_fst",13,"fst","RaABAMup","RaABAMup_fst","Pacific Silver Fir - High Elevation",5
"6_53_31_59525",9,101,571,2297,1177,1710010202,"17100101","WCR","RaABAMup_fst_WCR","RaABAMup","RaABAMup_fst",13,"fst","RaABAMup","RaABAMup_fst","Pacific Silver Fir - High Elevation",5
"6_53_31_76538",9,101,571,2297,2127,1710010202,"17100101","WCR","RaABAMup_fst_WCR","RaABAMup","RaABAMup_fst",13,"fst","RaABAMup","RaABAMup_fst","Pacific Silver Fir - High Elevation",5
"6_53_31_85628",9,101,571,2297,2713,1710010202,"17100101","WCR","RaABAMup_fst_WCR","RaABAMup","RaABAMup_fst",13,"fst","RaABAMup","RaABAMup_fst","Pacific Silver Fir - High Elevation",5
"6_53_27_76727",9,101,574,1880,2720,1710010205,"17100101","WCR","RaDFHEdy_fwi_17100102","RaDFHEdy","RaDFHEdy_fwi",31,"fwi","RaDFHEdy","RaDFHEdy_fwi","Douglas-fir Hemlock-Dry Mesic",3
"6_53_27_55608",9,101,574,1880,1289,1710010205,"17100101","WCR","RaDFHEdy_fwi_17100102","RaDFHEdy","RaDFHEdy_fwi",31,"fwi","RaDFHEdy","RaDFHEdy_fwi","Douglas-fir Hemlock-Dry Mesic",3
"6_53_27_97246",9,104,585,2295,1801,1710010501,"17100104","WCR","RaSSHE_fss_WCR","RaSSHE","RaSSHE_fss",60,"fss","RaSSHE","RaSSHE_fss","Sitka Spruce - Western Hemlock",5
"6_53_27_57225",9,104,585,2295,2918,1710010501,"17100104","WCR","RaSSHE_fss_WCR","RaSSHE","RaSSHE_fss",60,"fss","RaSSHE","RaSSHE_fss","Sitka Spruce - Western Hemlock",5
"6_53_27_65674",9,104,586,2295,971,1710010502,"17100104","WCR","RaSSHE_fss_WCR","RaSSHE","RaSSHE_fss",60,"fss","RaSSHE","RaSSHE_fss","Sitka Spruce - Western Hemlock",5
"6_53_27_50342",9,104,586,2295,729,1710010502,"17100104","WCR","RaSSHE_fss_WCR","RaSSHE","RaSSHE_fss",60,"fss","RaSSHE","RaSSHE_fss","Sitka Spruce - Western Hemlock",5
"6_53_27_69249",9,104,587,2296,1286,1710010503,"17100104","WCR","RaDFHEwt_fwn_WCR","RaDFHEwt","RaDFHEwt_fwn",32,"fwn","RaDFHEwt","RaDFHEwt_fwn","Douglas-fir Hemlock-Wet Mesic",5
"6_53_27_66813",9,104,587,2296,1047,1710010503,"17100104","WCR","RaDFHEwt_fwn_WCR","RaDFHEwt","RaDFHEwt_fwn",32,"fwn","RaDFHEwt","RaDFHEwt_fwn","Douglas-fir Hemlock-Wet Mesic",5
"7_53_49_99486",9,105,588,1934,865,1710010601,"17100105","WCR","RaDFHEdy_fwi_17100106","RaDFHEdy","RaDFHEdy_fwi",31,"fwi","RaDFHEdy","RaDFHEdy_fwi","Douglas-fir Hemlock-Dry Mesic",3
"7_53_49_98987",9,105,591,2295,1897,1710010604,"17100105","WCR","RaSSHE_fss_WCR","RaSSHE","RaSSHE_fss",60,"fss","RaSSHE","RaSSHE_fss","Sitka Spruce - Western Hemlock",5
"7_53_49_89991",9,105,591,2295,1663,1710010604,"17100105","WCR","RaSSHE_fss_WCR","RaSSHE","RaSSHE_fss",60,"fss","RaSSHE","RaSSHE_fss","Sitka Spruce - Western Hemlock",5
"7_53_49_65944",9,105,591,2295,1852,1710010604,"17100105","WCR","RaSSHE_fss_WCR","RaSSHE","RaSSHE_fss",60,"fss","RaSSHE","RaSSHE_fss","Sitka Spruce - Western Hemlock",5
"7_53_49_67908",9,105,591,2295,1720,1710010604,"17100105","WCR","RaSSHE_fss_WCR","RaSSHE","RaSSHE_fss",60,"fss","RaSSHE","RaSSHE_fss","Sitka Spruce - Western Hemlock",5
"7_53_49_63660",9,105,591,2295,1042,1710010604,"17100105","WCR","RaSSHE_fss_WCR","RaSSHE","RaSSHE_fss",60,"fss","RaSSHE","RaSSHE_fss","Sitka Spruce - Western Hemlock",5
"0_41_7_55353",3,84,486,2314,1253,1708000602,"17080005","OCR","RaSSHE_fss_OCR","RaSSHE","RaSSHE_fss",60,"fss","RaSSHE","RaSSHE_fss","Sitka Spruce - Western Hemlock",5
"0_41_7_68379",3,84,486,2314,2560,1708000602,"17080005","OCR","RaSSHE_fss_OCR","RaSSHE","RaSSHE_fss",60,"fss","RaSSHE","RaSSHE_fss","Sitka Spruce - Western Hemlock",5
"0_41_7_96496",3,84,486,2314,1693,1708000602,"17080005","OCR","RaSSHE_fss_OCR","RaSSHE","RaSSHE_fss",60,"fss","RaSSHE","RaSSHE_fss","Sitka Spruce - Western Hemlock",5
"0_41_7_92937",3,106,593,2314,1198,1710020101,"17100106","OCR","RaSSHE_fss_OCR","RaSSHE","RaSSHE_fss",60,"fss","RaSSHE","RaSSHE_fss","Sitka Spruce - Western Hemlock",5
"0_41_57_75676",3,107,598,2314,1926,1710020205,"17100201","OCR","RaSSHE_fss_OCR","RaSSHE","RaSSHE_fss",60,"fss","RaSSHE","RaSSHE_fss","Sitka Spruce - Western Hemlock",5
"0_41_57_78184",3,108,602,2315,2002,1710020303,"17100202","OCR","RaDFHEwt_fwn_OCR","RaDFHEwt","RaDFHEwt_fwn",32,"fwn","RaDFHEwt","RaDFHEwt_fwn","Douglas-fir Hemlock-Wet Mesic",5
"0_41_57_68382",3,108,601,2315,599,1710020302,"17100202","OCR","RaDFHEwt_fwn_OCR","RaDFHEwt","RaDFHEwt_fwn",32,"fwn","RaDFHEwt","RaDFHEwt_fwn","Douglas-fir Hemlock-Wet Mesic",5
"0_41_57_87608",3,108,601,2314,1511,1710020302,"17100202","OCR","RaSSHE_fss_OCR","RaSSHE","RaSSHE_fss",60,"fss","RaSSHE","RaSSHE_fss","Sitka Spruce - Western Hemlock",5
"0_41_57_75031",3,108,601,2315,1372,1710020302,"17100202","OCR","RaDFHEwt_fwn_OCR","RaDFHEwt","RaDFHEwt_fwn",32,"fwn","RaDFHEwt","RaDFHEwt_fwn","Douglas-fir Hemlock-Wet Mesic",5
"0_41_71_98752",3,108,601,2315,1544,1710020302,"17100202","OCR","RaDFHEwt_fwn_OCR","RaDFHEwt","RaDFHEwt_fwn",32,"fwn","RaDFHEwt","RaDFHEwt_fwn","Douglas-fir Hemlock-Wet Mesic",5
"0_41_71_51616",3,108,601,2315,1612,1710020302,"17100202","OCR","RaDFHEwt_fwn_OCR","RaDFHEwt","RaDFHEwt_fwn",32,"fwn","RaDFHEwt","RaDFHEwt_fwn","Douglas-fir Hemlock-Wet Mesic",5
"0_41_71_97223",3,108,601,2315,973,1710020302,"17100202","OCR","RaDFHEwt_fwn_OCR","RaDFHEwt","RaDFHEwt_fwn",32,"fwn","RaDFHEwt","RaDFHEwt_fwn","Douglas-fir Hemlock-Wet Mesic",5
"0_41_71_68223",3,94,535,2315,1415,1709000802,"17090007","OCR","RaDFHEwt_fwn_OCR","RaDFHEwt","RaDFHEwt_fwn",32,"fwn","RaDFHEwt","RaDFHEwt_fwn","Douglas-fir Hemlock-Wet Mesic",5
"0_41_71_54895",3,94,535,2315,1683,1709000802,"17090007","OCR","RaDFHEwt_fwn_OCR","RaDFHEwt","RaDFHEwt_fwn",32,"fwn","RaDFHEwt","RaDFHEwt_fwn","Douglas-fir Hemlock-Wet Mesic",5
"0_41_53_78535",3,109,616,2315,1361,1710020408,"17100203","OCR","RaDFHEwt_fwn_OCR","RaDFHEwt","RaDFHEwt_fwn",32,"fwn","RaDFHEwt","RaDFHEwt_fwn","Douglas-fir Hemlock-Wet Mesic",5
"0_41_53_96923",3,109,612,2315,1570,1710020404,"17100203","OCR","RaDFHEwt_fwn_OCR","RaDFHEwt","RaDFHEwt_fwn",32,"fwn","RaDFHEwt","RaDFHEwt_fwn","Douglas-fir Hemlock-Wet Mesic",5
"0_41_53_88490",3,109,613,2315,1334,1710020405,"17100203","OCR","RaDFHEwt_fwn_OCR","RaDFHEwt","RaDFHEwt_fwn",32,"fwn","RaDFHEwt","RaDFHEwt_fwn","Douglas-fir Hemlock-Wet Mesic",5
"0_41_53_60966",3,109,613,2315,1773,1710020405,"17100203","OCR","RaDFHEwt_fwn_OCR","RaDFHEwt","RaDFHEwt_fwn",32,"fwn","RaDFHEwt","RaDFHEwt_fwn","Douglas-fir Hemlock-Wet Mesic",5
"0_41_53_76779",3,109,613,2315,1341,1710020405,"17100203","OCR","RaDFHEwt_fwn_OCR","RaDFHEwt","RaDFHEwt_fwn",32,"fwn","RaDFHEwt","RaDFHEwt_fwn","Douglas-fir Hemlock-Wet Mesic",5
"1_41_41_98784",3,109,614,2316,1186,1710020406,"17100203","OCR","RaDFHEwt_fww_OCR","RaDFHEwt","RaDFHEwt_fww",34,"fww","RaDFHEwt","RaDFHEwt_fww","Douglas-fir Hemlock-Wet Mesic",5
"1_41_41_82385",3,109,609,2316,1507,1710020401,"17100203","OCR","RaDFHEwt_fww_OCR","RaDFHEwt","RaDFHEwt_fww",34,"fww","RaDFHEwt","RaDFHEwt_fww","Douglas-fir Hemlock-Wet Mesic",5
"1_41_41_63000",3,109,610,2316,1033,1710020402,"17100203","OCR","RaDFHEwt_fww_OCR","RaDFHEwt","RaDFHEwt_fww",34,"fww","RaDFHEwt","RaDFHEwt_fww","Douglas-fir Hemlock-Wet Mesic",5
"1_41_41_85772",3,109,610,2315,1190,1710020402,"17100203","OCR","RaDFHEwt_fwn_OCR","RaDFHEwt","RaDFHEwt_fwn",32,"fwn","RaDFHEwt","RaDFHEwt_fwn","Douglas-fir Hemlock-Wet Mesic",5
"1_41_41_89689",3,110,621,2101,802,1710020504,"17100204","OCR","RaDFHEdy_fwi_17100205","RaDFHEdy","RaDFHEdy_fwi",31,"fwi","RaDFHEdy","RaDFHEdy_fwi","Douglas-fir Hemlock-Dry Mesic",3
"1_41_41_73823",3,110,621,2315,857,1710020504,"17100204","OCR","RaDFHEwt_fwn_OCR","RaDFHEwt","RaDFHEwt_fwn",32,"fwn","RaDFHEwt","RaDFHEwt_fwn","Douglas-fir Hemlock-Wet Mesic",5
"1_41_3_75390",3,110,621,2315,1687,1710020504,"17100204","OCR","RaDFHEwt_fwn_OCR","RaDFHEwt","RaDFHEwt_fwn",32,"fwn","RaDFHEwt","RaDFHEwt_fwn","Douglas-fir Hemlock-Wet Mesic",5
"1_41_3_99610",3,110,619,2315,1283,1710020502,"17100204","OCR","RaDFHEwt_fwn_OCR","RaDFHEwt","RaDFHEwt_fwn",32,"fwn","RaDFHEwt","RaDFHEwt_fwn","Douglas-fir Hemlock-Wet Mesic",5
"1_41_39_60443",3,110,619,2315,1842,1710020502,"17100204","OCR","RaDFHEwt_fwn_OCR","RaDFHEwt","RaDFHEwt_fwn",32,"fwn","RaDFHEwt","RaDFHEwt_fwn","Douglas-fir Hemlock-Wet Mesic",5
"1_41_39_75339",3,111,628,2122,1303,1710020604,"17100205","OCR","RaDFHEdy_fwi_17100206","RaDFHEdy","RaDFHEdy_fwi",31,"fwi","RaDFHEdy","RaDFHEdy_fwi","Douglas-fir Hemlock-Dry Mesic",3
"1_41_39_89447",3,111,628,2122,1433,1710020604,"17100205","OCR","RaDFHEdy_fwi_17100206","RaDFHEdy","RaDFHEdy_fwi",31,"fwi","RaDFHEdy","RaDFHEdy_fwi","Douglas-fir Hemlock-Dry Mesic",3
"1_41_39_72444",3,111,628,2122,1930,1710020604,"17100205","OCR","RaDFHEdy_fwi_17100206","RaDFHEdy","RaDFHEdy_fwi",31,"fwi","RaDFHEdy","RaDFHEdy_fwi","Douglas-fir Hemlock-Dry Mesic",3
"1_41_39_59400",3,111,627,2315,2100,1710020603,"17100205","OCR","RaDFHEwt_fwn_OCR","RaDFHEwt","RaDFHEwt_fwn",32,"fwn","RaDFHEwt","RaDFHEwt_fwn","Douglas-fir Hemlock-Wet Mesic",5
"2_41_19_95716",3,111,627,2315,1256,1710020603,"17100205","OCR","RaDFHEwt_fwn_OCR","RaDFHEwt","RaDFHEwt_fwn",32,"fwn","RaDFHEwt","RaDFHEwt_fwn","Douglas-fir Hemlock-Wet Mesic",5
"2_41_19_91604",3,116,663,1017,1050,1710030306,"17100303B","OCR","RaDFWV_fwx_1710030306","RaDFWV","RaDFWV_fwx",37,"fwx","RaDFWV","RaDFWV_fwx","Douglas-fir Willamatte Valley Foothills",1
"2_41_19_83793",3,116,661,1052,1527,1710030304,"17100303B","OCR","RaDFWV_fwx_1710030304","RaDFWV","RaDFWV_fwx",37,"fwx","RaDFWV","RaDFWV_fwx","Douglas-fir Willamatte Valley Foothills",1
"2_41_19_61789",3,116,661,1052,894,1710030304,"17100303B","OCR","RaDFWV_fwx_1710030304","RaDFWV","RaDFWV_fwx",37,"fwx","RaDFWV","RaDFWV_fwx","Douglas-fir Willamatte Valley Foothills",1
"2_41_19_71561",3,116,659,1077,1082,1710030302,"17100303B","OCR","RaDFWV_fwx_1710030302","RaDFWV","RaDFWV_fwx",37,"fwx","RaDFWV","RaDFWV_fwx","Douglas-fir Willamatte Valley Foothills",1
"2_41_19_81203",3,116,659,2147,273,1710030302,"17100303B","OCR","RaDFHEdy_fwi_17100303A","RaDFHEdy","RaDFHEdy_fwi",31,"fwi","RaDFHEdy","RaDFHEdy_fwi","Douglas-fir Hemlock-Dry Mesic",3
"2_41_19_61326",3,116,659,1077,926,1710030302,"17100303B","OCR","RaDFWV_fwx_1710030302","RaDFWV","RaDFWV_fwx",37,"fwx","RaDFWV","RaDFWV_fwx","Douglas-fir Willamatte Valley Foothills",1
"2_41_19_98200",3,116,659,2147,1079,1710030302,"17100303B","OCR","RaDFHEdy_fwi_17100303A","RaDFHEdy","RaDFHEdy_fwi",31,"fwi","RaDFHEdy","RaDFHEdy_fwi","Douglas-fir Hemlock-Dry Mesic",3
"2_41_19_58466",3,116,659,2147,762,1710030302,"17100303B","OCR","RaDFHEdy_fwi_17100303A","RaDFHEdy","RaDFHEdy_fwi",31,"fwi","RaDFHEdy","RaDFHEdy_fwi","Douglas-fir Hemlock-Dry Mesic",3
"2_41_19_97068",3,117,666,2334,1908,1710030401,"17100303A","OCR","RaDFHEwt_fhc_OCR","RaDFHEwt","RaDFHEwt_fhc",30,"fhc","RaDFHEwt","RaDFHEwt_fhc","Douglas-fir Hemlock-Wet Mesic",5
"2_41_19_53340",6,114,656,1178,1145,1710030212,"17100301","OSW","RaMCONsw_fvw_1710030212","RaMCONsw","RaMCONsw_fvw",21,"fvw","RaMCONsw","RaMCONsw_fvw","Mixed Conifer - Southwest Oregon",1
"2_41_19_81914",6,114,656,1177,1202,1710030212,"17100301","OSW","Na0710270_fdd_1710030212","Na0710270","Na0710270_fdd",43,"fdd","Na0710270","Na0710270_fdd","Mediterranean California Dry-Mesic Mixed Conifer Forest and Woodland",1
"2_41_19_99511",6,114,653,1262,621,1710030209,"17100301","OSW","Na0710270_fdd_1710030209","Na0710270","Na0710270_fdd",43,"fdd","Na0710270","Na0710270_fdd","Mediterranean California Dry-Mesic Mixed Conifer Forest and Woodland",1
"2_41_19_82454",6,114,653,1262,823,1710030209,"17100301","OSW","Na0710270_fdd_1710030209","Na0710270","Na0710270_fdd",43,"fdd","Na0710270","Na0710270_fdd","Mediterranean California Dry-Mesic Mixed Conifer Forest and Woodland",1
"2_41_19_91919",6,114,653,1262,1868,1710030209,"17100301","OSW","Na0710270_fdd_1710030209","Na0710270","Na0710270_fdd",43,"fdd","Na0710270","Na0710270_fdd","Mediterranean California Dry-Mesic Mixed Conifer Forest and Woodland",1
"2_41_19_57318",6,114,651,1315,882,1710030207,"17100301","OSW","RaMCONsw_fdm_1710030207","RaMCONsw","RaMCONsw_fdm",41,"fdm","RaMCONsw","RaMCONsw_fdm","Mixed Conifer - Southwest Oregon",1
"2_41_19_86774",6,114,651,1336,1199,1710030207,"17100301","OSW","RaMEVG_ftd_1710030207","RaMEVG","RaMEVG_ftd",48,"ftd","RaMEVG","RaMEVG_ftd","California Mixed Evergreen North",1
"2_41_33_93446",6,123,699,1386,717,1710031003,"17100309","OSW","RaMCONsw_fdm_1710031003","RaMCONsw","RaMCONsw_fdm",41,"fdm","RaMCONsw","RaMCONsw_fdm","Mixed Conifer - Southwest Oregon",1
"2_41_33_98335",6,123,699,1394,1144,1710031003,"17100309","OSW","RaMEVG_ftd_1710031003","RaMEVG","RaMEVG_ftd",48,"ftd","RaMEVG","RaMEVG_ftd","California Mixed Evergreen North",1
"2_41_33_75917",6,123,699,1394,994,1710031003,"17100309","OSW","RaMEVG_ftd_1710031003","RaMEVG","RaMEVG_ftd",48,"ftd","RaMEVG","RaMEVG_ftd","California Mixed Evergreen North",1
"2_41_33_83732",6,123,700,1346,1522,1710031004,"17100309","OSW","Na0710270_fdd_1710031004","Na0710270","Na0710270_fdd",43,"fdd","Na0710270","Na0710270_fdd","Mediterranean California Dry-Mesic Mixed Conifer Forest and Woodland",1
"2_41_33_70387",6,123,698,1446,1612,1710031002,"17100309","OSW","Na0710270_fdd_1710031002","Na0710270","Na0710270_fdd",43,"fdd","Na0710270","Na0710270_fdd","Mediterranean California Dry-Mesic Mixed Conifer Forest and Woodland",1
"2_41_33_91825",6,123,698,1446,1304,1710031002,"17100309","OSW","Na0710270_fdd_1710031002","Na0710270","Na0710270_fdd",43,"fdd","Na0710270","Na0710270_fdd","Mediterranean California Dry-Mesic Mixed Conifer Forest and Woodland",1
"2_41_33_70862",6,123,698,1445,1971,1710031002,"17100309","OSW","RaMEVG_ftd_1710031002","RaMEVG","RaMEVG_ftd",48,"ftd","RaMEVG","RaMEVG_ftd","California Mixed Evergreen North",1
"2_41_33_77353",6,123,698,1445,1160,1710031002,"17100309","OSW","RaMEVG_ftd_1710031002","RaMEVG","RaMEVG_ftd",48,"ftd","RaMEVG","RaMEVG_ftd","California Mixed Evergreen North",1
"2_41_33_68645",6,123,698,1445,1846,1710031002,"17100309","OSW","RaMEVG_ftd_1710031002","RaMEVG","RaMEVG_ftd",48,"ftd","RaMEVG","RaMEVG_ftd","California Mixed Evergreen North",1
"2_41_33_54497",6,124,709,1613,888,1710031105,"17100310","OSW","RaMEVG_ftd_1710031105","RaMEVG","RaMEVG_ftd",48,"ftd","RaMEVG","RaMEVG_ftd","California Mixed Evergreen North",1
"2_41_33_82825",6,124,705,1712,1300,1710031101,"17100310","OSW","Na0710270_fdd_1710031101","Na0710270","Na0710270_fdd",43,"fdd","Na0710270","Na0710270_fdd","Mediterranean California Dry-Mesic Mixed Conifer Forest and Woodland",1
"2_41_33_55623",6,124,707,1671,1515,1710031103,"17100310","OSW","RaMEVG_ftd_1710031103","RaMEVG","RaMEVG_ftd",48,"ftd","RaMEVG","RaMEVG_ftd","California Mixed Evergreen North",1
"2_41_33_58764",6,124,705,1716,813,1710031101,"17100310","OSW","RaPIJEsp_fjp_1710031101","RaPIJEsp","RaPIJEsp_fjp",61,"fjp","RaPIJEsp","RaPIJEsp_fjp","Pine Savannah - Ultramafic",1
"2_41_33_88094",6,124,707,1671,1377,1710031103,"17100310","OSW","RaMEVG_ftd_1710031103","RaMEVG","RaMEVG_ftd",48,"ftd","RaMEVG","RaMEVG_ftd","California Mixed Evergreen North",1
"2_41_33_50954",6,124,705,1711,1429,1710031101,"17100310","OSW","RaMEVG_ftd_1710031101","RaMEVG","RaMEVG_ftd",48,"ftd","RaMEVG","RaMEVG_ftd","California Mixed Evergreen North",1
"2_41_33_57290",6,124,705,1717,1785,1710031101,"17100310","OSW","RaMCONsw_fiw_1710031101","RaMCONsw","RaMCONsw_fiw",20,"fiw","RaMCONsw","RaMCONsw_fiw","Mixed Conifer - Southwest Oregon",1
"6_53_9_82591",9,146,809,2295,2654,1711002103,"17110020","WCR","RaSSHE_fss_WCR","RaSSHE","RaSSHE_fss",60,"fss","RaSSHE","RaSSHE_fss","Sitka Spruce - Western Hemlock",5
"6_53_9_65706",9,146,809,2296,930,1711002103,"17110020","WCR","RaDFHEwt_fwn_WCR","RaDFHEwt","RaDFHEwt_fwn",32,"fwn","RaDFHEwt","RaDFHEwt_fwn","Douglas-fir Hemlock-Wet Mesic",5
"6_53_9_93694",9,146,808,1819,368,1711002102,"17110020","WCR","RaDFHEdy_fdg_17110021","RaDFHEdy","RaDFHEdy_fdg",24,"fdg","RaDFHEdy","RaDFHEdy_fdg","Douglas-fir Hemlock-Dry Mesic",3
"6_53_9_85742",9,100,567,1818,1370,1710010106,"17090012A","WCR","RaDFHEdy_fwi_17100101","RaDFHEdy","RaDFHEdy_fwi",31,"fwi","RaDFHEdy","RaDFHEdy_fwi","Douglas-fir Hemlock-Dry Mesic",3
"6_53_9_93075",9,100,567,2296,1041,1710010106,"17090012A","WCR","RaDFHEwt_fwn_WCR","RaDFHEwt","RaDFHEwt_fwn",32,"fwn","RaDFHEwt","RaDFHEwt_fwn","Douglas-fir Hemlock-Wet Mesic",5
"6_53_9_97882",9,100,567,2297,1541,1710010106,"17090012A","WCR","RaABAMup_fst_WCR","RaABAMup","RaABAMup_fst",13,"fst","RaABAMup","RaABAMup_fst","Pacific Silver Fir - High Elevation",5
"6_53_31_74786",9,100,568,2296,1415,1710010107,"17090012A","WCR","RaDFHEwt_fwn_WCR","RaDFHEwt","RaDFHEwt_fwn",32,"fwn","RaDFHEwt","RaDFHEwt_fwn","Douglas-fir Hemlock-Wet Mesic",5
"6_53_31_51611",9,101,571,2297,1599,1710010202,"17100101","WCR","RaABAMup_fst_WCR","RaABAMup","RaABAMup_fst",13,"fst","RaABAMup","RaABAMup_fst","Pacific Silver Fir - High Elevation",5
"6_53_31_75867",9,101,571,2297,2489,1710010202,"17100101","WCR","RaABAMup_fst_WCR","RaABAMup","RaABAMup_fst",13,"fst","RaABAMup","RaABAMup_fst","Pacific Silver Fir - High Elevation",5
"6_53_31_96952",9,101,571,2297,2661,1710010202,"17100101","WCR","RaABAMup_fst_WCR","RaABAMup","RaABAMup_fst",13,"fst","RaABAMup","RaABAMup_fst","Pacific Silver Fir - High Elevation",5
"6_53_31_59310",9,101,571,2297,2012,1710010202,"17100101","WCR","RaABAMup_fst_WCR","RaABAMup","RaABAMup_fst",13,"fst","RaABAMup","RaABAMup_fst","Pacific Silver Fir - High Elevation",5
"6_53_31_92999",9,101,571,2297,1680,1710010202,"17100101","WCR","RaABAMup_fst_WCR","RaABAMup","RaABAMup_fst",13,"fst","RaABAMup","RaABAMup_fst","Pacific Silver Fir - High Elevation",5
"6_53_27_79006",9,101,574,2295,1092,1710010205,"17100101","WCR","RaSSHE_fss_WCR","RaSSHE","RaSSHE_fss",60,"fss","RaSSHE","RaSSHE_fss","Sitka Spruce - Western Hemlock",5
"6_53_27_66643",9,101,574,1880,1006,1710010205,"17100101","WCR","RaDFHEdy_fwi_17100102","RaDFHEdy","RaDFHEdy_fwi",31,"fwi","RaDFHEdy","RaDFHEdy_fwi","Douglas-fir Hemlock-Dry Mesic",3
"6_53_27_99814",9,101,574,1880,1826,1710010205,"17100101","WCR","RaDFHEdy_fwi_17100102","RaDFHEdy","RaDFHEdy_fwi",31,"fwi","RaDFHEdy","RaDFHEdy_fwi","Douglas-fir Hemlock-Dry Mesic",3
"6_53_27_69538",9,101,574,2296,994,1710010205,"17100101","WCR","RaDFHEwt_fwn_WCR","RaDFHEwt","RaDFHEwt_fwn",32,"fwn","RaDFHEwt","RaDFHEwt_fwn","Douglas-fir Hemlock-Wet Mesic",5
"6_53_27_86332",9,104,585,2296,598,1710010501,"17100104","WCR","RaDFHEwt_fwn_WCR","RaDFHEwt","RaDFHEwt_fwn",32,"fwn","RaDFHEwt","RaDFHEwt_fwn","Douglas-fir Hemlock-Wet Mesic",5
"6_53_27_90903",9,104,585,2296,1365,1710010501,"17100104","WCR","RaDFHEwt_fwn_WCR","RaDFHEwt","RaDFHEwt_fwn",32,"fwn","RaDFHEwt","RaDFHEwt_fwn","Douglas-fir Hemlock-Wet Mesic",5
"6_53_27_76841",9,104,585,2295,2355,1710010501,"17100104","WCR","RaSSHE_fss_WCR","RaSSHE","RaSSHE_fss",60,"fss","RaSSHE","RaSSHE_fss","Sitka Spruce - Western Hemlock",5
"6_53_27_96127",9,104,585,2295,1831,1710010501,"17100104","WCR","RaSSHE_fss_WCR","RaSSHE","RaSSHE_fss",60,"fss","RaSSHE","RaSSHE_fss","Sitka Spruce - Western Hemlock",5
"6_53_27_73242",9,104,585,2295,1762,1710010501,"17100104","WCR","RaSSHE_fss_WCR","RaSSHE","RaSSHE_fss",60,"fss","RaSSHE","RaSSHE_fss","Sitka Spruce - Western Hemlock",5
"6_53_27_79973",9,104,586,2295,1200,1710010502,"17100104","WCR","RaSSHE_fss_WCR","RaSSHE","RaSSHE_fss",60,"fss","RaSSHE","RaSSHE_fss","Sitka Spruce - Western Hemlock",5
"6_53_27_77642",9,104,586,2295,892,1710010502,"17100104","WCR","RaSSHE_fss_WCR","RaSSHE","RaSSHE_fss",60,"fss","RaSSHE","RaSSHE_fss","Sitka Spruce - Western Hemlock",5
"6_53_27_87257",9,104,587,2295,2015,1710010503,"17100104","WCR","RaSSHE_fss_WCR","RaSSHE","RaSSHE_fss",60,"fss","RaSSHE","RaSSHE_fss","Sitka Spruce - Western Hemlock",5
"6_53_27_77816",9,104,587,2296,639,1710010503,"17100104","WCR","RaDFHEwt_fwn_WCR","RaDFHEwt","RaDFHEwt_fwn",32,"fwn","RaDFHEwt","RaDFHEwt_fwn","Douglas-fir Hemlock-Wet Mesic",5
"7_53_49_84663",9,105,589,2295,638,1710010602,"17100105","WCR","RaSSHE_fss_WCR","RaSSHE","RaSSHE_fss",60,"fss","RaSSHE","RaSSHE_fss","Sitka Spruce - Western Hemlock",5
"7_53_49_62887",9,105,591,2296,1585,1710010604,"17100105","WCR","RaDFHEwt_fwn_WCR","RaDFHEwt","RaDFHEwt_fwn",32,"fwn","RaDFHEwt","RaDFHEwt_fwn","Douglas-fir Hemlock-Wet Mesic",5
"7_53_49_71092",9,105,591,2295,861,1710010604,"17100105","WCR","RaSSHE_fss_WCR","RaSSHE","RaSSHE_fss",60,"fss","RaSSHE","RaSSHE_fss","Sitka Spruce - Western Hemlock",5
"7_53_49_57584",9,105,591,2296,1581,1710010604,"17100105","WCR","RaDFHEwt_fwn_WCR","RaDFHEwt","RaDFHEwt_fwn",32,"fwn","RaDFHEwt","RaDFHEwt_fwn","Douglas-fir Hemlock-Wet Mesic",5
"7_53_49_63419",9,105,592,2295,1559,1710010605,"17100105","WCR","RaSSHE_fss_WCR","RaSSHE","RaSSHE_fss",60,"fss","RaSSHE","RaSSHE_fss","Sitka Spruce - Western Hemlock",5
"7_53_49_65899",9,105,592,2295,1335,1710010605,"17100105","WCR","RaSSHE_fss_WCR","RaSSHE","RaSSHE_fss",60,"fss","RaSSHE","RaSSHE_fss","Sitka Spruce - Western Hemlock",5
"7_53_49_98189",9,105,592,2295,2710,1710010605,"17100105","WCR","RaSSHE_fss_WCR","RaSSHE","RaSSHE_fss",60,"fss","RaSSHE","RaSSHE_fss","Sitka Spruce - Western Hemlock",5
"0_41_7_93437",3,84,486,2314,2288,1708000602,"17080005","OCR","RaSSHE_fss_OCR","RaSSHE","RaSSHE_fss",60,"fss","RaSSHE","RaSSHE_fss","Sitka Spruce - Western Hemlock",5
"0_41_7_72584",3,84,486,2314,2051,1708000602,"17080005","OCR","RaSSHE_fss_OCR","RaSSHE","RaSSHE_fss",60,"fss","RaSSHE","RaSSHE_fss","Sitka Spruce - Western Hemlock",5
"0_41_7_79126",3,84,486,2314,1447,1708000602,"17080005","OCR","RaSSHE_fss_OCR","RaSSHE","RaSSHE_fss",60,"fss","RaSSHE","RaSSHE_fss","Sitka Spruce - Western Hemlock",5
"0_41_7_53034",3,106,593,2314,2092,1710020101,"17100106","OCR","RaSSHE_fss_OCR","RaSSHE","RaSSHE_fss",60,"fss","RaSSHE","RaSSHE_fss","Sitka Spruce - Western Hemlock",5
"0_41_7_65852",3,107,598,2314,2230,1710020205,"17100201","OCR","RaSSHE_fss_OCR","RaSSHE","RaSSHE_fss",60,"fss","RaSSHE","RaSSHE_fss","Sitka Spruce - Western Hemlock",5
"0_41_7_53959",3,107,598,2314,1310,1710020205,"17100201","OCR","RaSSHE_fss_OCR","RaSSHE","RaSSHE_fss",60,"fss","RaSSHE","RaSSHE_fss","Sitka Spruce - Western Hemlock",5
"0_41_7_56405",3,107,598,2314,1810,1710020205,"17100201","OCR","RaSSHE_fss_OCR","RaSSHE","RaSSHE_fss",60,"fss","RaSSHE","RaSSHE_fss","Sitka Spruce - Western Hemlock",5
"0_41_57_87998",3,107,599,2315,1530,1710020206,"17100201","OCR","RaDFHEwt_fwn_OCR","RaDFHEwt","RaDFHEwt_fwn",32,"fwn","RaDFHEwt","RaDFHEwt_fwn","Douglas-fir Hemlock-Wet Mesic",5
"0_41_57_66264",3,107,599,2315,1695,1710020206,"17100201","OCR","RaDFHEwt_fwn_OCR","RaDFHEwt","RaDFHEwt_fwn",32,"fwn","RaDFHEwt","RaDFHEwt_fwn","Douglas-fir Hemlock-Wet Mesic",5
"0_41_57_67940",3,108,606,2020,1701,1710020307,"17100202","OCR","RaDFHEdy_fwi_17100203","RaDFHEdy","RaDFHEdy_fwi",31,"fwi","RaDFHEdy","RaDFHEdy_fwi","Douglas-fir Hemlock-Dry Mesic",3
"0_41_57_86788",3,108,605,2315,1143,1710020306,"17100202","OCR","RaDFHEwt_fwn_OCR","RaDFHEwt","RaDFHEwt_fwn",32,"fwn","RaDFHEwt","RaDFHEwt_fwn","Douglas-fir Hemlock-Wet Mesic",5
"0_41_57_87641",3,108,605,2315,1337,1710020306,"17100202","OCR","RaDFHEwt_fwn_OCR","RaDFHEwt","RaDFHEwt_fwn",32,"fwn","RaDFHEwt","RaDFHEwt_fwn","Douglas-fir Hemlock-Wet Mesic",5
"0_41_57_77773",3,108,604,2315,961,1710020305,"17100202","OCR","RaDFHEwt_fwn_OCR","RaDFHEwt","RaDFHEwt_fwn",32,"fwn","RaDFHEwt","RaDFHEwt_fwn","Douglas-fir Hemlock-Wet Mesic",5
"0_41_57_69036",3,108,603,2315,1143,1710020304,"17100202","OCR","RaDFHEwt_fwn_OCR","RaDFHEwt","RaDFHEwt_fwn",32,"fwn","RaDFHEwt","RaDFHEwt_fwn","Douglas-fir Hemlock-Wet Mesic",5
"0_41_57_53007",3,108,602,2315,958,1710020303,"17100202","OCR","RaDFHEwt_fwn_OCR","RaDFHEwt","RaDFHEwt_fwn",32,"fwn","RaDFHEwt","RaDFHEwt_fwn","Douglas-fir Hemlock-Wet Mesic",5
"0_41_57_94727",3,108,602,2315,1101,1710020303,"17100202","OCR","RaDFHEwt_fwn_OCR","RaDFHEwt","RaDFHEwt_fwn",32,"fwn","RaDFHEwt","RaDFHEwt_fwn","Douglas-fir Hemlock-Wet Mesic",5
"0_41_57_91924",3,108,601,2315,565,1710020302,"17100202","OCR","RaDFHEwt_fwn_OCR","RaDFHEwt","RaDFHEwt_fwn",32,"fwn","RaDFHEwt","RaDFHEwt_fwn","Douglas-fir Hemlock-Wet Mesic",5
"0_41_57_78849",3,108,601,2315,1077,1710020302,"17100202","OCR","RaDFHEwt_fwn_OCR","RaDFHEwt","RaDFHEwt_fwn",32,"fwn","RaDFHEwt","RaDFHEwt_fwn","Douglas-fir Hemlock-Wet Mesic",5
"0_41_57_58811",3,108,601,2315,2260,1710020302,"17100202","OCR","RaDFHEwt_fwn_OCR","RaDFHEwt","RaDFHEwt_fwn",32,"fwn","RaDFHEwt","RaDFHEwt_fwn","Douglas-fir Hemlock-Wet Mesic",5
"0_41_71_65913",3,108,601,2315,1024,1710020302,"17100202","OCR","RaDFHEwt_fwn_OCR","RaDFHEwt","RaDFHEwt_fwn",32,"fwn","RaDFHEwt","RaDFHEwt_fwn","Douglas-fir Hemlock-Wet Mesic",5
"0_41_71_72313",3,94,535,2315,1547,1709000802,"17090007","OCR","RaDFHEwt_fwn_OCR","RaDFHEwt","RaDFHEwt_fwn",32,"fwn","RaDFHEwt","RaDFHEwt_fwn","Douglas-fir Hemlock-Wet Mesic",5
"0_41_71_87675",3,94,535,2315,1813,1709000802,"17090007","OCR","RaDFHEwt_fwn_OCR","RaDFHEwt","RaDFHEwt_fwn",32,"fwn","RaDFHEwt","RaDFHEwt_fwn","Douglas-fir Hemlock-Wet Mesic",5
"0_41_53_86167",3,109,612,2063,1388,1710020404,"17100203","OCR","RaDFHEdy_fwi_17100204","RaDFHEdy","RaDFHEdy_fwi",31,"fwi","RaDFHEdy","RaDFHEdy_fwi","Douglas-fir Hemlock-Dry Mesic",3
"0_41_53_68915",3,109,612,2315,2041,1710020404,"17100203","OCR","RaDFHEwt_fwn_OCR","RaDFHEwt","RaDFHEwt_fwn",32,"fwn","RaDFHEwt","RaDFHEwt_fwn","Douglas-fir Hemlock-Wet Mesic",5
"0_41_53_88776",3,109,614,2315,557,1710020406,"17100203","OCR","RaDFHEwt_fwn_OCR","RaDFHEwt","RaDFHEwt_fwn",32,"fwn","RaDFHEwt","RaDFHEwt_fwn","Douglas-fir Hemlock-Wet Mesic",5
"1_41_41_61506",3,109,609,2316,969,1710020401,"17100203","OCR","RaDFHEwt_fww_OCR","RaDFHEwt","RaDFHEwt_fww",34,"fww","RaDFHEwt","RaDFHEwt_fww","Douglas-fir Hemlock-Wet Mesic",5
"1_41_41_51088",3,109,609,2316,1833,1710020401,"17100203","OCR","RaDFHEwt_fww_OCR","RaDFHEwt","RaDFHEwt_fww",34,"fww","RaDFHEwt","RaDFHEwt_fww","Douglas-fir Hemlock-Wet Mesic",5
"1_41_41_76418",3,110,618,2315,1529,1710020501,"17100204","OCR","RaDFHEwt_fwn_OCR","RaDFHEwt","RaDFHEwt_fwn",32,"fwn","RaDFHEwt","RaDFHEwt_fwn","Douglas-fir Hemlock-Wet Mesic",5
"1_41_41_59491",3,110,618,2101,1508,1710020501,"17100204","OCR","RaDFHEdy_fwi_17100205","RaDFHEdy","RaDFHEdy_fwi",31,"fwi","RaDFHEdy","RaDFHEdy_fwi","Douglas-fir Hemlock-Dry Mesic",3
"1_41_3_53996",3,110,621,2315,1540,1710020504,"17100204","OCR","RaDFHEwt_fwn_OCR","RaDFHEwt","RaDFHEwt_fwn",32,"fwn","RaDFHEwt","RaDFHEwt_fwn","Douglas-fir Hemlock-Wet Mesic",5
"1_41_3_72328",3,110,621,2315,648,1710020504,"17100204","OCR","RaDFHEwt_fwn_OCR","RaDFHEwt","RaDFHEwt_fwn",32,"fwn","RaDFHEwt","RaDFHEwt_fwn","Douglas-fir Hemlock-Wet Mesic",5
"1_41_39_72631",3,110,619,2315,1524,1710020502,"17100204","OCR","RaDFHEwt_fwn_OCR","RaDFHEwt","RaDFHEwt_fwn",32,"fwn","RaDFHEwt","RaDFHEwt_fwn","Douglas-fir Hemlock-Wet Mesic",5
"1_41_39_56389",3,111,628,2122,564,1710020604,"17100205","OCR","RaDFHEdy_fwi_17100206","RaDFHEdy","RaDFHEdy_fwi",31,"fwi","RaDFHEdy","RaDFHEdy_fwi","Douglas-fir Hemlock-Dry Mesic",3
"1_41_39_90024",3,111,630,2122,1386,1710020606,"17100205","OCR","RaDFHEdy_fwi_17100206","RaDFHEdy","RaDFHEdy_fwi",31,"fwi","RaDFHEdy","RaDFHEdy_fwi","Douglas-fir Hemlock-Dry Mesic",3
"1_41_39_71176",3,111,630,2315,1140,1710020606,"17100205","OCR","RaDFHEwt_fwn_OCR","RaDFHEwt","RaDFHEwt_fwn",32,"fwn","RaDFHEwt","RaDFHEwt_fwn","Douglas-fir Hemlock-Wet Mesic",5
"1_41_39_91852",3,111,630,2315,1048,1710020606,"17100205","OCR","RaDFHEwt_fwn_OCR","RaDFHEwt","RaDFHEwt_fwn",32,"fwn","RaDFHEwt","RaDFHEwt_fwn","Douglas-fir Hemlock-Wet Mesic",5
"1_41_39_74005",3,111,630,2315,1897,1710020606,"17100205","OCR","RaDFHEwt_fwn_OCR","RaDFHEwt","RaDFHEwt_fwn",32,"fwn","RaDFHEwt","RaDFHEwt_fwn","Douglas-fir Hemlock-Wet Mesic",5
"1_41_39_73938",3,111,630,2122,921,1710020606,"17100205","OCR","RaDFHEdy_fwi_17100206","RaDFHEdy","RaDFHEdy_fwi",31,"fwi","RaDFHEdy","RaDFHEdy_fwi","Douglas-fir Hemlock-Dry Mesic",3
"1_41_39_71547",3,111,626,2315,1075,1710020602,"17100205","OCR","RaDFHEwt_fwn_OCR","RaDFHEwt","RaDFHEwt_fwn",32,"fwn","RaDFHEwt","RaDFHEwt_fwn","Douglas-fir Hemlock-Wet Mesic",5
"1_41_39_92765",3,111,632,2122,972,1710020608,"17100205","OCR","RaDFHEdy_fwi_17100206","RaDFHEdy","RaDFHEdy_fwi",31,"fwi","RaDFHEdy","RaDFHEdy_fwi","Douglas-fir Hemlock-Dry Mesic",3
"1_41_39_67678",3,111,627,2315,944,1710020603,"17100205","OCR","RaDFHEwt_fwn_OCR","RaDFHEwt","RaDFHEwt_fwn",32,"fwn","RaDFHEwt","RaDFHEwt_fwn","Douglas-fir Hemlock-Wet Mesic",5
"1_41_39_85692",3,111,627,2315,1868,1710020603,"17100205","OCR","RaDFHEwt_fwn_OCR","RaDFHEwt","RaDFHEwt_fwn",32,"fwn","RaDFHEwt","RaDFHEwt_fwn","Douglas-fir Hemlock-Wet Mesic",5
"2_41_19_98694",3,111,627,2315,1949,1710020603,"17100205","OCR","RaDFHEwt_fwn_OCR","RaDFHEwt","RaDFHEwt_fwn",32,"fwn","RaDFHEwt","RaDFHEwt_fwn","Douglas-fir Hemlock-Wet Mesic",5
"2_41_19_64905",3,116,663,2315,1631,1710030306,"17100303B","OCR","RaDFHEwt_fwn_OCR","RaDFHEwt","RaDFHEwt_fwn",32,"fwn","RaDFHEwt","RaDFHEwt_fwn","Douglas-fir Hemlock-Wet Mesic",5
"2_41_19_55254",3,116,663,2147,778,1710030306,"17100303B","OCR","RaDFHEdy_fwi_17100303A","RaDFHEdy","RaDFHEdy_fwi",31,"fwi","RaDFHEdy","RaDFHEdy_fwi","Douglas-fir Hemlock-Dry Mesic",3
"2_41_19_86888",3,116,663,2147,1068,1710030306,"17100303B","OCR","RaDFHEdy_fwi_17100303A","RaDFHEdy","RaDFHEdy_fwi",31,"fwi","RaDFHEdy","RaDFHEdy_fwi","Douglas-fir Hemlock-Dry Mesic",3
"2_41_19_69399",3,116,661,1052,1203,1710030304,"17100303B","OCR","RaDFWV_fwx_1710030304","RaDFWV","RaDFWV_fwx",37,"fwx","RaDFWV","RaDFWV_fwx","Douglas-fir Willamatte Valley Foothills",1
"2_41_19_51817",3,116,659,1077,422,1710030302,"17100303B","OCR","RaDFWV_fwx_1710030302","RaDFWV","RaDFWV_fwx",37,"fwx","RaDFWV","RaDFWV_fwx","Douglas-fir Willamatte Valley Foothills",1
"2_41_19_54514",3,116,659,1077,568,1710030302,"17100303B","OCR","RaDFWV_fwx_1710030302","RaDFWV","RaDFWV_fwx",37,"fwx","RaDFWV","RaDFWV_fwx","Douglas-fir Willamatte Valley Foothills",1
"2_41_19_91904",3,116,659,1077,820,1710030302,"17100303B","OCR","RaDFWV_fwx_1710030302","RaDFWV","RaDFWV_fwx",37,"fwx","RaDFWV","RaDFWV_fwx","Douglas-fir Willamatte Valley Foothills",1
"2_41_19_72884",3,116,659,2147,659,1710030302,"17100303B","OCR","RaDFHEdy_fwi_17100303A","RaDFHEdy","RaDFHEdy_fwi",31,"fwi","RaDFHEdy","RaDFHEdy_fwi","Douglas-fir Hemlock-Dry Mesic",3
"2_41_19_82580",3,116,659,2147,564,1710030302,"17100303B","OCR","RaDFHEdy_fwi_17100303A","RaDFHEdy","RaDFHEdy_fwi",31,"fwi","RaDFHEdy","RaDFHEdy_fwi","Douglas-fir Hemlock-Dry Mesic",3
"2_41_19_60508",3,116,659,2147,1046,1710030302,"17100303B","OCR","RaDFHEdy_fwi_17100303A","RaDFHEdy","RaDFHEdy_fwi",31,"fwi","RaDFHEdy","RaDFHEdy_fwi","Douglas-fir Hemlock-Dry Mesic",3
"2_41_19_71301",3,117,666,2334,1502,1710030401,"17100303A","OCR","RaDFHEwt_fhc_OCR","RaDFHEwt","RaDFHEwt_fhc",30,"fhc","RaDFHEwt","RaDFHEwt_fhc","Douglas-fir Hemlock-Wet Mesic",5
"2_41_19_83818",6,114,656,1175,1148,1710030212,"17100301","OSW","RaMCONsw_fiw_1710030212","RaMCONsw","RaMCONsw_fiw",20,"fiw","RaMCONsw","RaMCONsw_fiw","Mixed Conifer - Southwest Oregon",1
"2_41_19_90304",6,114,656,1177,756,1710030212,"17100301","OSW","Na0710270_fdd_1710030212","Na0710270","Na0710270_fdd",43,"fdd","Na0710270","Na0710270_fdd","Mediterranean California Dry-Mesic Mixed Conifer Forest and Woodland",1
"2_41_19_74491",6,114,656,1175,2002,1710030212,"17100301","OSW","RaMCONsw_fiw_1710030212","RaMCONsw","RaMCONsw_fiw",20,"fiw","RaMCONsw","RaMCONsw_fiw","Mixed Conifer - Southwest Oregon",1
"2_41_33_87392",6,123,698,1446,2822,1710031002,"17100309","OSW","Na0710270_fdd_1710031002","Na0710270","Na0710270_fdd",43,"fdd","Na0710270","Na0710270_fdd","Mediterranean California Dry-Mesic Mixed Conifer Forest and Woodland",1
"2_41_33_98882",6,123,698,1446,2404,1710031002,"17100309","OSW","Na0710270_fdd_1710031002","Na0710270","Na0710270_fdd",43,"fdd","Na0710270","Na0710270_fdd","Mediterranean California Dry-Mesic Mixed Conifer Forest and Woodland",1
"2_41_33_67707",6,123,698,1446,1120,1710031002,"17100309","OSW","Na0710270_fdd_1710031002","Na0710270","Na0710270_fdd",43,"fdd","Na0710270","Na0710270_fdd","Mediterranean California Dry-Mesic Mixed Conifer Forest and Woodland",1
"2_41_33_62863",6,123,698,1446,1929,1710031002,"17100309","OSW","Na0710270_fdd_1710031002","Na0710270","Na0710270_fdd",43,"fdd","Na0710270","Na0710270_fdd","Mediterranean California Dry-Mesic Mixed Conifer Forest and Woodland",1
"2_41_33_88589",6,122,696,1558,1257,1710030906,"17100308","OSW","Na0710270_fdd_1710030906","Na0710270","Na0710270_fdd",43,"fdd","Na0710270","Na0710270_fdd","Mediterranean California Dry-Mesic Mixed Conifer Forest and Woodland",1
"2_41_33_82021",6,122,696,1568,1534,1710030906,"17100308","OSW","RaMEVG_ftd_1710030906","RaMEVG","RaMEVG_ftd",48,"ftd","RaMEVG","RaMEVG_ftd","California Mixed Evergreen North",1
"2_41_33_85076",6,124,709,1604,1472,1710031105,"17100310","OSW","Na0710270_fdd_1710031105","Na0710270","Na0710270_fdd",43,"fdd","Na0710270","Na0710270_fdd","Mediterranean California Dry-Mesic Mixed Conifer Forest and Woodland",1
"2_41_33_77328",6,124,709,1604,2277,1710031105,"17100310","OSW","Na0710270_fdd_1710031105","Na0710270","Na0710270_fdd",43,"fdd","Na0710270","Na0710270_fdd","Mediterranean California Dry-Mesic Mixed Conifer Forest and Woodland",1
"2_41_33_69180",6,124,709,1604,2745,1710031105,"17100310","OSW","Na0710270_fdd_1710031105","Na0710270","Na0710270_fdd",43,"fdd","Na0710270","Na0710270_fdd","Mediterranean California Dry-Mesic Mixed Conifer Forest and Woodland",1
"2_41_33_73689",6,124,709,1604,755,1710031105,"17100310","OSW","Na0710270_fdd_1710031105","Na0710270","Na0710270_fdd",43,"fdd","Na0710270","Na0710270_fdd","Mediterranean California Dry-Mesic Mixed Conifer Forest and Woodland",1
"2_41_33_79053",6,124,709,1613,1351,1710031105,"17100310","OSW","RaMEVG_ftd_1710031105","RaMEVG","RaMEVG_ftd",48,"ftd","RaMEVG","RaMEVG_ftd","California Mixed Evergreen North",1
"2_41_33_71710",6,124,706,1668,1432,1710031102,"17100310","OSW","Na0710270_fdd_1710031102","Na0710270","Na0710270_fdd",43,"fdd","Na0710270","Na0710270_fdd","Mediterranean California Dry-Mesic Mixed Conifer Forest and Woodland",1
"2_41_33_57627",6,124,705,1712,2279,1710031101,"17100310","OSW","Na0710270_fdd_1710031101","Na0710270","Na0710270_fdd",43,"fdd","Na0710270","Na0710270_fdd","Mediterranean California Dry-Mesic Mixed Conifer Forest and Woodland",1
"2_41_33_83723",6,124,705,1712,2219,1710031101,"17100310","OSW","Na0710270_fdd_1710031101","Na0710270","Na0710270_fdd",43,"fdd","Na0710270","Na0710270_fdd","Mediterranean California Dry-Mesic Mixed Conifer Forest and Woodland",1
"2_41_33_66080",6,124,705,2245,1841,1710031101,"17100310","OSW","RaREFI_fcw_17100311","RaREFI","RaREFI_fcw",19,"fcw","RaREFI","RaREFI_fcw","Red Fir",3
"2_41_33_89859",6,124,705,2245,1441,1710031101,"17100310","OSW","RaREFI_fcw_17100311","RaREFI","RaREFI_fcw",19,"fcw","RaREFI","RaREFI_fcw","Red Fir",3
"6_53_9_80591",9,146,809,2297,1072,1711002103,"17110020","WCR","RaABAMup_fst_WCR","RaABAMup","RaABAMup_fst",13,"fst","RaABAMup","RaABAMup_fst","Pacific Silver Fir - High Elevation",5
"6_53_9_81057",9,100,567,1818,1325,1710010106,"17090012A","WCR","RaDFHEdy_fwi_17100101","RaDFHEdy","RaDFHEdy_fwi",31,"fwi","RaDFHEdy","RaDFHEdy_fwi","Douglas-fir Hemlock-Dry Mesic",3
"6_53_9_84004",9,100,567,1825,961,1710010106,"17090012A","WCR","RaABAMlw_fsi_17100101","RaABAMlw","RaABAMlw_fsi",14,"fsi","RaABAMlw","RaABAMlw_fsi","Pacific Silver Fir - Low Elevation",3
"6_53_9_57526",9,100,566,2297,1390,1710010105,"17090012A","WCR","RaABAMup_fst_WCR","RaABAMup","RaABAMup_fst",13,"fst","RaABAMup","RaABAMup_fst","Pacific Silver Fir - High Elevation",5
"6_53_31_85435",9,100,568,2295,973,1710010107,"17090012A","WCR","RaSSHE_fss_WCR","RaSSHE","RaSSHE_fss",60,"fss","RaSSHE","RaSSHE_fss","Sitka Spruce - Western Hemlock",5
"6_53_31_62862",9,100,568,2297,2558,1710010107,"17090012A","WCR","RaABAMup_fst_WCR","RaABAMup","RaABAMup_fst",13,"fst","RaABAMup","RaABAMup_fst","Pacific Silver Fir - High Elevation",5
"6_53_31_94016",9,101,571,2296,699,1710010202,"17100101","WCR","RaDFHEwt_fwn_WCR","RaDFHEwt","RaDFHEwt_fwn",32,"fwn","RaDFHEwt","RaDFHEwt_fwn","Douglas-fir Hemlock-Wet Mesic",5
"6_53_31_81803",9,101,571,2296,1235,1710010202,"17100101","WCR","RaDFHEwt_fwn_WCR","RaDFHEwt","RaDFHEwt_fwn",32,"fwn","RaDFHEwt","RaDFHEwt_fwn","Douglas-fir Hemlock-Wet Mesic",5
"6_53_31_88065",9,101,571,2297,1692,1710010202,"17100101","WCR","RaABAMup_fst_WCR","RaABAMup","RaABAMup_fst",13,"fst","RaABAMup","RaABAMup_fst","Pacific Silver Fir - High Elevation",5
"6_53_31_71811",9,101,571,2297,1972,1710010202,"17100101","WCR","RaABAMup_fst_WCR","RaABAMup","RaABAMup_fst",13,"fst","RaABAMup","RaABAMup_fst","Pacific Silver Fir - High Elevation",5
"6_53_31_88999",9,101,573,2297,1902,1710010204,"17100101","WCR","RaABAMup_fst_WCR","RaABAMup","RaABAMup_fst",13,"fst","RaABAMup","RaABAMup_fst","Pacific Silver Fir - High Elevation",5
"6_53_27_68121",9,101,573,2295,1655,1710010204,"17100101","WCR","RaSSHE_fss_WCR","RaSSHE","RaSSHE_fss",60,"fss","RaSSHE","RaSSHE_fss","Sitka Spruce - Western Hemlock",5
"6_53_27_85646",9,101,574,2295,1672,1710010205,"17100101","WCR","RaSSHE_fss_WCR","RaSSHE","RaSSHE_fss",60,"fss","RaSSHE","RaSSHE_fss","Sitka Spruce - Western Hemlock",5
"6_53_27_56268",9,101,574,2297,1830,1710010205,"17100101","WCR","RaABAMup_fst_WCR","RaABAMup","RaABAMup_fst",13,"fst","RaABAMup","RaABAMup_fst","Pacific Silver Fir - High Elevation",5
"6_53_27_94501",9,104,585,2297,801,1710010501,"17100104","WCR","RaABAMup_fst_WCR","RaABAMup","RaABAMup_fst",13,"fst","RaABAMup","RaABAMup_fst","Pacific Silver Fir - High Elevation",5
"6_53_27_91671",9,104,585,2297,1047,1710010501,"17100104","WCR","RaABAMup_fst_WCR","RaABAMup","RaABAMup_fst",13,"fst","RaABAMup","RaABAMup_fst","Pacific Silver Fir - High Elevation",5
"6_53_27_56759",9,101,574,2297,925,1710010205,"17100101","WCR","RaABAMup_fst_WCR","RaABAMup","RaABAMup_fst",13,"fst","RaABAMup","RaABAMup_fst","Pacific Silver Fir - High Elevation",5
"6_53_27_81721",9,104,585,2295,1069,1710010501,"17100104","WCR","RaSSHE_fss_WCR","RaSSHE","RaSSHE_fss",60,"fss","RaSSHE","RaSSHE_fss","Sitka Spruce - Western Hemlock",5
"6_53_27_95900",9,104,586,2295,1611,1710010502,"17100104","WCR","RaSSHE_fss_WCR","RaSSHE","RaSSHE_fss",60,"fss","RaSSHE","RaSSHE_fss","Sitka Spruce - Western Hemlock",5
"6_53_27_73189",9,104,586,2295,1205,1710010502,"17100104","WCR","RaSSHE_fss_WCR","RaSSHE","RaSSHE_fss",60,"fss","RaSSHE","RaSSHE_fss","Sitka Spruce - Western Hemlock",5
"6_53_27_67786",9,104,586,2295,855,1710010502,"17100104","WCR","RaSSHE_fss_WCR","RaSSHE","RaSSHE_fss",60,"fss","RaSSHE","RaSSHE_fss","Sitka Spruce - Western Hemlock",5
"6_53_27_71528",9,104,587,2296,1669,1710010503,"17100104","WCR","RaDFHEwt_fwn_WCR","RaDFHEwt","RaDFHEwt_fwn",32,"fwn","RaDFHEwt","RaDFHEwt_fwn","Douglas-fir Hemlock-Wet Mesic",5
"6_53_27_91938",9,105,588,1934,3161,1710010601,"17100105","WCR","RaDFHEdy_fwi_17100106","RaDFHEdy","RaDFHEdy_fwi",31,"fwi","RaDFHEdy","RaDFHEdy_fwi","Douglas-fir Hemlock-Dry Mesic",3
"7_53_49_64217",9,105,588,2296,1469,1710010601,"17100105","WCR","RaDFHEwt_fwn_WCR","RaDFHEwt","RaDFHEwt_fwn",32,"fwn","RaDFHEwt","RaDFHEwt_fwn","Douglas-fir Hemlock-Wet Mesic",5
"7_53_49_51029",9,105,589,2296,1528,1710010602,"17100105","WCR","RaDFHEwt_fwn_WCR","RaDFHEwt","RaDFHEwt_fwn",32,"fwn","RaDFHEwt","RaDFHEwt_fwn","Douglas-fir Hemlock-Wet Mesic",5
"7_53_49_59056",9,105,591,2296,1251,1710010604,"17100105","WCR","RaDFHEwt_fwn_WCR","RaDFHEwt","RaDFHEwt_fwn",32,"fwn","RaDFHEwt","RaDFHEwt_fwn","Douglas-fir Hemlock-Wet Mesic",5
"7_53_49_50864",9,105,591,2296,1519,1710010604,"17100105","WCR","RaDFHEwt_fwn_WCR","RaDFHEwt","RaDFHEwt_fwn",32,"fwn","RaDFHEwt","RaDFHEwt_fwn","Douglas-fir Hemlock-Wet Mesic",5
"7_53_49_57874",9,105,591,2297,2403,1710010604,"17100105","WCR","RaABAMup_fst_WCR","RaABAMup","RaABAMup_fst",13,"fst","RaABAMup","RaABAMup_fst","Pacific Silver Fir - High Elevation",5
"0_41_7_54564",3,84,486,2314,1213,1708000602,"17080005","OCR","RaSSHE_fss_OCR","RaSSHE","RaSSHE_fss",60,"fss","RaSSHE","RaSSHE_fss","Sitka Spruce - Western Hemlock",5
"0_41_7_89152",3,84,486,2314,2517,1708000602,"17080005","OCR","RaSSHE_fss_OCR","RaSSHE","RaSSHE_fss",60,"fss","RaSSHE","RaSSHE_fss","Sitka Spruce - Western Hemlock",5
"0_41_57_62395",3,108,605,2315,1381,1710020306,"17100202","OCR","RaDFHEwt_fwn_OCR","RaDFHEwt","RaDFHEwt_fwn",32,"fwn","RaDFHEwt","RaDFHEwt_fwn","Douglas-fir Hemlock-Wet Mesic",5
"0_41_57_68816",3,108,605,2315,905,1710020306,"17100202","OCR","RaDFHEwt_fwn_OCR","RaDFHEwt","RaDFHEwt_fwn",32,"fwn","RaDFHEwt","RaDFHEwt_fwn","Douglas-fir Hemlock-Wet Mesic",5
"0_41_57_79071",3,108,601,2315,2403,1710020302,"17100202","OCR","RaDFHEwt_fwn_OCR","RaDFHEwt","RaDFHEwt_fwn",32,"fwn","RaDFHEwt","RaDFHEwt_fwn","Douglas-fir Hemlock-Wet Mesic",5
"0_41_57_80940",3,108,601,2315,1773,1710020302,"17100202","OCR","RaDFHEwt_fwn_OCR","RaDFHEwt","RaDFHEwt_fwn",32,"fwn","RaDFHEwt","RaDFHEwt_fwn","Douglas-fir Hemlock-Wet Mesic",5
"0_41_57_95909",3,108,601,2315,1312,1710020302,"17100202","OCR","RaDFHEwt_fwn_OCR","RaDFHEwt","RaDFHEwt_fwn",32,"fwn","RaDFHEwt","RaDFHEwt_fwn","Douglas-fir Hemlock-Wet Mesic",5
"0_41_71_62493",3,108,601,2315,1896,1710020302,"17100202","OCR","RaDFHEwt_fwn_OCR","RaDFHEwt","RaDFHEwt_fwn",32,"fwn","RaDFHEwt","RaDFHEwt_fwn","Douglas-fir Hemlock-Wet Mesic",5
"0_41_71_70523",3,108,601,2314,1223,1710020302,"17100202","OCR","RaSSHE_fss_OCR","RaSSHE","RaSSHE_fss",60,"fss","RaSSHE","RaSSHE_fss","Sitka Spruce - Western Hemlock",5
"0_41_71_61466",3,94,535,2315,1531,1709000802,"17090007","OCR","RaDFHEwt_fwn_OCR","RaDFHEwt","RaDFHEwt_fwn",32,"fwn","RaDFHEwt","RaDFHEwt_fwn","Douglas-fir Hemlock-Wet Mesic",5
"0_41_71_91842",3,94,535,2315,1957,1709000802,"17090007","OCR","RaDFHEwt_fwn_OCR","RaDFHEwt","RaDFHEwt_fwn",32,"fwn","RaDFHEwt","RaDFHEwt_fwn","Douglas-fir Hemlock-Wet Mesic",5
"0_41_53_60411",3,94,535,2315,1832,1709000802,"17090007","OCR","RaDFHEwt_fwn_OCR","RaDFHEwt","RaDFHEwt_fwn",32,"fwn","RaDFHEwt","RaDFHEwt_fwn","Douglas-fir Hemlock-Wet Mesic",5
"0_41_53_63358",3,94,535,2315,2167,1709000802,"17090007","OCR","RaDFHEwt_fwn_OCR","RaDFHEwt","RaDFHEwt_fwn",32,"fwn","RaDFHEwt","RaDFHEwt_fwn","Douglas-fir Hemlock-Wet Mesic",5
"0_41_53_70806",3,109,612,2063,870,1710020404,"17100203","OCR","RaDFHEdy_fwi_17100204","RaDFHEdy","RaDFHEdy_fwi",31,"fwi","RaDFHEdy","RaDFHEdy_fwi","Douglas-fir Hemlock-Dry Mesic",3
"0_41_53_94121",3,109,612,2315,1063,1710020404,"17100203","OCR","RaDFHEwt_fwn_OCR","RaDFHEwt","RaDFHEwt_fwn",32,"fwn","RaDFHEwt","RaDFHEwt_fwn","Douglas-fir Hemlock-Wet Mesic",5
"0_41_53_59173",3,109,612,2315,1737,1710020404,"17100203","OCR","RaDFHEwt_fwn_OCR","RaDFHEwt","RaDFHEwt_fwn",32,"fwn","RaDFHEwt","RaDFHEwt_fwn","Douglas-fir Hemlock-Wet Mesic",5
"0_41_53_97304",3,109,614,2315,1743,1710020406,"17100203","OCR","RaDFHEwt_fwn_OCR","RaDFHEwt","RaDFHEwt_fwn",32,"fwn","RaDFHEwt","RaDFHEwt_fwn","Douglas-fir Hemlock-Wet Mesic",5
"0_41_53_57056",3,109,614,2315,1631,1710020406,"17100203","OCR","RaDFHEwt_fwn_OCR","RaDFHEwt","RaDFHEwt_fwn",32,"fwn","RaDFHEwt","RaDFHEwt_fwn","Douglas-fir Hemlock-Wet Mesic",5
"1_41_41_56867",3,88,504,2315,1626,1709000302,"17090002","OCR","RaDFHEwt_fwn_OCR","RaDFHEwt","RaDFHEwt_fwn",32,"fwn","RaDFHEwt","RaDFHEwt_fwn","Douglas-fir Hemlock-Wet Mesic",5
"1_41_41_89627",3,109,610,2315,1264,1710020402,"17100203","OCR","RaDFHEwt_fwn_OCR","RaDFHEwt","RaDFHEwt_fwn",32,"fwn","RaDFHEwt","RaDFHEwt_fwn","Douglas-fir Hemlock-Wet Mesic",5
"1_41_41_70100",3,109,610,2315,2005,1710020402,"17100203","OCR","RaDFHEwt_fwn_OCR","RaDFHEwt","RaDFHEwt_fwn",32,"fwn","RaDFHEwt","RaDFHEwt_fwn","Douglas-fir Hemlock-Wet Mesic",5
"1_41_3_86448",3,110,621,2315,1037,1710020504,"17100204","OCR","RaDFHEwt_fwn_OCR","RaDFHEwt","RaDFHEwt_fwn",32,"fwn","RaDFHEwt","RaDFHEwt_fwn","Douglas-fir Hemlock-Wet Mesic",5
"1_41_3_82938",3,110,618,2315,694,1710020501,"17100204","OCR","RaDFHEwt_fwn_OCR","RaDFHEwt","RaDFHEwt_fwn",32,"fwn","RaDFHEwt","RaDFHEwt_fwn","Douglas-fir Hemlock-Wet Mesic",5
"1_41_39_85285",3,110,619,2315,1572,1710020502,"17100204","OCR","RaDFHEwt_fwn_OCR","RaDFHEwt","RaDFHEwt_fwn",32,"fwn","RaDFHEwt","RaDFHEwt_fwn","Douglas-fir Hemlock-Wet Mesic",5
"1_41_39_70333",3,111,625,2122,1055,1710020601,"17100205","OCR","RaDFHEdy_fwi_17100206","RaDFHEdy","RaDFHEdy_fwi",31,"fwi","RaDFHEdy","RaDFHEdy_fwi","Douglas-fir Hemlock-Dry Mesic",3
"1_41_39_88902",3,111,625,2122,974,1710020601,"17100205","OCR","RaDFHEdy_fwi_17100206","RaDFHEdy","RaDFHEdy_fwi",31,"fwi","RaDFHEdy","RaDFHEdy_fwi","Douglas-fir Hemlock-Dry Mesic",3
"1_41_39_83519",3,111,625,2122,640,1710020601,"17100205","OCR","RaDFHEdy_fwi_17100206","RaDFHEdy","RaDFHEdy_fwi",31,"fwi","RaDFHEdy","RaDFHEdy_fwi","Douglas-fir Hemlock-Dry Mesic",3
"1_41_39_62769",3,111,627,2122,895,1710020603,"17100205","OCR","RaDFHEdy_fwi_17100206","RaDFHEdy","RaDFHEdy_fwi",31,"fwi","RaDFHEdy","RaDFHEdy_fwi","Douglas-fir Hemlock-Dry Mesic",3
"2_41_19_67984",3,116,663,2147,1221,1710030306,"17100303B","OCR","RaDFHEdy_fwi_17100303A","RaDFHEdy","RaDFHEdy_fwi",31,"fwi","RaDFHEdy","RaDFHEdy_fwi","Douglas-fir Hemlock-Dry Mesic",3
"2_41_19_88712",3,116,663,2147,1376,1710030306,"17100303B","OCR","RaDFHEdy_fwi_17100303A","RaDFHEdy","RaDFHEdy_fwi",31,"fwi","RaDFHEdy","RaDFHEdy_fwi","Douglas-fir Hemlock-Dry Mesic",3
"2_41_19_64186",3,116,661,2150,967,1710030304,"17100303B","OCR","Na0210350_fvg_17100303A","Na0210350","Na0210350_fvg",25,"fvg","Na0210350","Na0210350_fvg","North Pacific Dry Douglas-fir Forest and Woodland",3
"2_41_19_59821",3,116,661,1052,839,1710030304,"17100303B","OCR","RaDFWV_fwx_1710030304","RaDFWV","RaDFWV_fwx",37,"fwx","RaDFWV","RaDFWV_fwx","Douglas-fir Willamatte Valley Foothills",1
"2_41_19_97472",3,116,659,2147,1009,1710030302,"17100303B","OCR","RaDFHEdy_fwi_17100303A","RaDFHEdy","RaDFHEdy_fwi",31,"fwi","RaDFHEdy","RaDFHEdy_fwi","Douglas-fir Hemlock-Dry Mesic",3
"2_41_19_96647",3,116,659,1077,1194,1710030302,"17100303B","OCR","RaDFWV_fwx_1710030302","RaDFWV","RaDFWV_fwx",37,"fwx","RaDFWV","RaDFWV_fwx","Douglas-fir Willamatte Valley Foothills",1
"2_41_19_65998",3,116,659,2334,1249,1710030302,"17100303B","OCR","RaDFHEwt_fhc_OCR","RaDFHEwt","RaDFHEwt_fhc",30,"fhc","RaDFHEwt","RaDFHEwt_fhc","Douglas-fir Hemlock-Wet Mesic",5
"2_41_19_65307",6,114,656,1177,2404,1710030212,"17100301","OSW","Na0710270_fdd_1710030212","Na0710270","Na0710270_fdd",43,"fdd","Na0710270","Na0710270_fdd","Mediterranean California Dry-Mesic Mixed Conifer Forest and Woodland",1
"2_41_19_98457",6,114,656,1177,1085,1710030212,"17100301","OSW","Na0710270_fdd_1710030212","Na0710270","Na0710270_fdd",43,"fdd","Na0710270","Na0710270_fdd","Mediterranean California Dry-Mesic Mixed Conifer Forest and Woodland",1
"2_41_19_92139",6,114,653,1262,620,1710030209,"17100301","OSW","Na0710270_fdd_1710030209","Na0710270","Na0710270_fdd",43,"fdd","Na0710270","Na0710270_fdd","Mediterranean California Dry-Mesic Mixed Conifer Forest and Woodland",1
"2_41_19_50258",6,114,653,1262,1605,1710030209,"17100301","OSW","Na0710270_fdd_1710030209","Na0710270","Na0710270_fdd",43,"fdd","Na0710270","Na0710270_fdd","Mediterranean California Dry-Mesic Mixed Conifer Forest and Woodland",1
"2_41_19_59501",6,114,653,1266,1346,1710030209,"17100301","OSW","RaMCONsw_fdm_1710030209","RaMCONsw","RaMCONsw_fdm",41,"fdm","RaMCONsw","RaMCONsw_fdm","Mixed Conifer - Southwest Oregon",1
"2_41_19_88077",6,114,653,1262,975,1710030209,"17100301","OSW","Na0710270_fdd_1710030209","Na0710270","Na0710270_fdd",43,"fdd","Na0710270","Na0710270_fdd","Mediterranean California Dry-Mesic Mixed Conifer Forest and Woodland",1
"2_41_19_74598",6,114,651,1316,2325,1710030207,"17100301","OSW","Na0710270_fdd_1710030207","Na0710270","Na0710270_fdd",43,"fdd","Na0710270","Na0710270_fdd","Mediterranean California Dry-Mesic Mixed Conifer Forest and Woodland",1
"2_41_19_83745",6,114,651,1316,2497,1710030207,"17100301","OSW","Na0710270_fdd_1710030207","Na0710270","Na0710270_fdd",43,"fdd","Na0710270","Na0710270_fdd","Mediterranean California Dry-Mesic Mixed Conifer Forest and Woodland",1
"2_41_33_62124",6,123,699,1379,2149,1710031003,"17100309","OSW","Na0710270_fdd_1710031003","Na0710270","Na0710270_fdd",43,"fdd","Na0710270","Na0710270_fdd","Mediterranean California Dry-Mesic Mixed Conifer Forest and Woodland",1
"2_41_33_56383",6,123,699,1379,2554,1710031003,"17100309","OSW","Na0710270_fdd_1710031003","Na0710270","Na0710270_fdd",43,"fdd","Na0710270","Na0710270_fdd","Mediterranean California Dry-Mesic Mixed Conifer Forest and Woodland",1
"2_41_33_99532",6,123,698,1446,1665,1710031002,"17100309","OSW","Na0710270_fdd_1710031002","Na0710270","Na0710270_fdd",43,"fdd","Na0710270","Na0710270_fdd","Mediterranean California Dry-Mesic Mixed Conifer Forest and Woodland",1
"2_41_33_79799",6,123,698,1446,1211,1710031002,"17100309","OSW","Na0710270_fdd_1710031002","Na0710270","Na0710270_fdd",43,"fdd","Na0710270","Na0710270_fdd","Mediterranean California Dry-Mesic Mixed Conifer Forest and Woodland",1
"2_41_33_51148",6,123,698,1446,2317,1710031002,"17100309","OSW","Na0710270_fdd_1710031002","Na0710270","Na0710270_fdd",43,"fdd","Na0710270","Na0710270_fdd","Mediterranean California Dry-Mesic Mixed Conifer Forest and Woodland",1
"2_41_33_56913",6,123,698,1446,1436,1710031002,"17100309","OSW","Na0710270_fdd_1710031002","Na0710270","Na0710270_fdd",43,"fdd","Na0710270","Na0710270_fdd","Mediterranean California Dry-Mesic Mixed Conifer Forest and Woodland",1
"2_41_33_96299",6,122,696,1558,1215,1710030906,"17100308","OSW","Na0710270_fdd_1710030906","Na0710270","Na0710270_fdd",43,"fdd","Na0710270","Na0710270_fdd","Mediterranean California Dry-Mesic Mixed Conifer Forest and Woodland",1
"2_41_33_91747",6,124,709,1604,3093,1710031105,"17100310","OSW","Na0710270_fdd_1710031105","Na0710270","Na0710270_fdd",43,"fdd","Na0710270","Na0710270_fdd","Mediterranean California Dry-Mesic Mixed Conifer Forest and Woodland",1
"2_41_33_94242",6,124,706,1670,810,1710031102,"17100310","OSW","RaMEVG_ftd_1710031102","RaMEVG","RaMEVG_ftd",48,"ftd","RaMEVG","RaMEVG_ftd","California Mixed Evergreen North",1
"2_41_33_65386",6,124,705,1716,686,1710031101,"17100310","OSW","RaPIJEsp_fjp_1710031101","RaPIJEsp","RaPIJEsp_fjp",61,"fjp","RaPIJEsp","RaPIJEsp_fjp","Pine Savannah - Ultramafic",1
"2_41_33_82647",6,124,706,1670,1824,1710031102,"17100310","OSW","RaMEVG_ftd_1710031102","RaMEVG","RaMEVG_ftd",48,"ftd","RaMEVG","RaMEVG_ftd","California Mixed Evergreen North",1
"2_41_33_60163",6,124,706,1670,1944,1710031102,"17100310","OSW","RaMEVG_ftd_1710031102","RaMEVG","RaMEVG_ftd",48,"ftd","RaMEVG","RaMEVG_ftd","California Mixed Evergreen North",1
"2_41_33_60832",6,124,706,1670,1125,1710031102,"17100310","OSW","RaMEVG_ftd_1710031102","RaMEVG","RaMEVG_ftd",48,"ftd","RaMEVG","RaMEVG_ftd","California Mixed Evergreen North",1
"2_41_33_62442",6,124,705,2245,1068,1710031101,"17100310","OSW","RaREFI_fcw_17100311","RaREFI","RaREFI_fcw",19,"fcw","RaREFI","RaREFI_fcw","Red Fir",3
"2_41_33_52028",6,124,706,2245,1425,1710031102,"17100310","OSW","RaREFI_fcw_17100311","RaREFI","RaREFI_fcw",19,"fcw","RaREFI","RaREFI_fcw","Red Fir",3
"2_41_33_95640",6,124,706,2245,1289,1710031102,"17100310","OSW","RaREFI_fcw_17100311","RaREFI","RaREFI_fcw",19,"fcw","RaREFI","RaREFI_fcw","Red Fir",3
"6_53_9_94238",9,146,809,2296,711,1711002103,"17110020","WCR","RaDFHEwt_fwn_WCR","RaDFHEwt","RaDFHEwt_fwn",32,"fwn","RaDFHEwt","RaDFHEwt_fwn","Douglas-fir Hemlock-Wet Mesic",5
"6_53_9_70971",9,146,808,1819,505,1711002102,"17110020","WCR","RaDFHEdy_fdg_17110021","RaDFHEdy","RaDFHEdy_fdg",24,"fdg","RaDFHEdy","RaDFHEdy_fdg","Douglas-fir Hemlock-Dry Mesic",3
"6_53_9_70341",9,146,808,1817,1193,1711002102,"17110020","WCR","RaDFHEdy_fwi_17110021","RaDFHEdy","RaDFHEdy_fwi",31,"fwi","RaDFHEdy","RaDFHEdy_fwi","Douglas-fir Hemlock-Dry Mesic",3
"6_53_31_96387",9,100,568,2300,531,1710010107,"17090012A","WCR","Na0710411_fmt_WCR","Na0710411","Na0710411_fmt",5,"fmt","Na0710411","Na0710411_fmt","North Pacific Mountain Hemlock Forest - Wet",5
"6_53_31_62229",9,101,571,2297,1183,1710010202,"17100101","WCR","RaABAMup_fst_WCR","RaABAMup","RaABAMup_fst",13,"fst","RaABAMup","RaABAMup_fst","Pacific Silver Fir - High Elevation",5
"6_53_31_92468",9,101,571,2297,1525,1710010202,"17100101","WCR","RaABAMup_fst_WCR","RaABAMup","RaABAMup_fst",13,"fst","RaABAMup","RaABAMup_fst","Pacific Silver Fir - High Elevation",5
"6_53_31_99911",9,101,573,2297,967,1710010204,"17100101","WCR","RaABAMup_fst_WCR","RaABAMup","RaABAMup_fst",13,"fst","RaABAMup","RaABAMup_fst","Pacific Silver Fir - High Elevation",5
"6_53_31_96835",9,101,571,2297,1233,1710010202,"17100101","WCR","RaABAMup_fst_WCR","RaABAMup","RaABAMup_fst",13,"fst","RaABAMup","RaABAMup_fst","Pacific Silver Fir - High Elevation",5
"6_53_31_57748",9,101,573,2296,2085,1710010204,"17100101","WCR","RaDFHEwt_fwn_WCR","RaDFHEwt","RaDFHEwt_fwn",32,"fwn","RaDFHEwt","RaDFHEwt_fwn","Douglas-fir Hemlock-Wet Mesic",5
"6_53_27_68194",9,101,573,2297,1579,1710010204,"17100101","WCR","RaABAMup_fst_WCR","RaABAMup","RaABAMup_fst",13,"fst","RaABAMup","RaABAMup_fst","Pacific Silver Fir - High Elevation",5
"6_53_27_64313",9,101,573,2297,1394,1710010204,"17100101","WCR","RaABAMup_fst_WCR","RaABAMup","RaABAMup_fst",13,"fst","RaABAMup","RaABAMup_fst","Pacific Silver Fir - High Elevation",5
"6_53_27_55407",9,104,585,2297,1321,1710010501,"17100104","WCR","RaABAMup_fst_WCR","RaABAMup","RaABAMup_fst",13,"fst","RaABAMup","RaABAMup_fst","Pacific Silver Fir - High Elevation",5
"6_53_27_68786",9,101,573,2297,1033,1710010204,"17100101","WCR","RaABAMup_fst_WCR","RaABAMup","RaABAMup_fst",13,"fst","RaABAMup","RaABAMup_fst","Pacific Silver Fir - High Elevation",5
"6_53_27_99437",9,104,585,2297,1081,1710010501,"17100104","WCR","RaABAMup_fst_WCR","RaABAMup","RaABAMup_fst",13,"fst","RaABAMup","RaABAMup_fst","Pacific Silver Fir - High Elevation",5
"6_53_27_59640",9,104,585,2296,1065,1710010501,"17100104","WCR","RaDFHEwt_fwn_WCR","RaDFHEwt","RaDFHEwt_fwn",32,"fwn","RaDFHEwt","RaDFHEwt_fwn","Douglas-fir Hemlock-Wet Mesic",5
"6_53_27_65406",9,104,585,2296,1868,1710010501,"17100104","WCR","RaDFHEwt_fwn_WCR","RaDFHEwt","RaDFHEwt_fwn",32,"fwn","RaDFHEwt","RaDFHEwt_fwn","Douglas-fir Hemlock-Wet Mesic",5
"6_53_27_84989",9,104,585,2296,1471,1710010501,"17100104","WCR","RaDFHEwt_fwn_WCR","RaDFHEwt","RaDFHEwt_fwn",32,"fwn","RaDFHEwt","RaDFHEwt_fwn","Douglas-fir Hemlock-Wet Mesic",5
"6_53_27_99788",9,103,583,2295,1192,1710010403,"17100103","WCR","RaSSHE_fss_WCR","RaSSHE","RaSSHE_fss",60,"fss","RaSSHE","RaSSHE_fss","Sitka Spruce - Western Hemlock",5
"6_53_27_97745",9,104,586,2295,1751,1710010502,"17100104","WCR","RaSSHE_fss_WCR","RaSSHE","RaSSHE_fss",60,"fss","RaSSHE","RaSSHE_fss","Sitka Spruce - Western Hemlock",5
"6_53_27_91579",9,104,586,1910,1232,1710010502,"17100104","WCR","RaDFHEdy_fdg_17100105","RaDFHEdy","RaDFHEdy_fdg",24,"fdg","RaDFHEdy","RaDFHEdy_fdg","Douglas-fir Hemlock-Dry Mesic",3
"6_53_27_64683",9,103,583,2295,1270,1710010403,"17100103","WCR","RaSSHE_fss_WCR","RaSSHE","RaSSHE_fss",60,"fss","RaSSHE","RaSSHE_fss","Sitka Spruce - Western Hemlock",5
"6_53_27_81600",9,104,587,2295,846,1710010503,"17100104","WCR","RaSSHE_fss_WCR","RaSSHE","RaSSHE_fss",60,"fss","RaSSHE","RaSSHE_fss","Sitka Spruce - Western Hemlock",5
"7_53_49_77165",9,105,589,1934,855,1710010602,"17100105","WCR","RaDFHEdy_fwi_17100106","RaDFHEdy","RaDFHEdy_fwi",31,"fwi","RaDFHEdy","RaDFHEdy_fwi","Douglas-fir Hemlock-Dry Mesic",3
"7_53_49_70984",9,105,590,2296,1542,1710010603,"17100105","WCR","RaDFHEwt_fwn_WCR","RaDFHEwt","RaDFHEwt_fwn",32,"fwn","RaDFHEwt","RaDFHEwt_fwn","Douglas-fir Hemlock-Wet Mesic",5
"7_53_49_82319",9,105,591,2296,1629,1710010604,"17100105","WCR","RaDFHEwt_fwn_WCR","RaDFHEwt","RaDFHEwt_fwn",32,"fwn","RaDFHEwt","RaDFHEwt_fwn","Douglas-fir Hemlock-Wet Mesic",5
"7_53_49_61889",9,105,591,2296,1307,1710010604,"17100105","WCR","RaDFHEwt_fwn_WCR","RaDFHEwt","RaDFHEwt_fwn",32,"fwn","RaDFHEwt","RaDFHEwt_fwn","Douglas-fir Hemlock-Wet Mesic",5
"7_53_49_71276",9,105,592,2295,1731,1710010605,"17100105","WCR","RaSSHE_fss_WCR","RaSSHE","RaSSHE_fss",60,"fss","RaSSHE","RaSSHE_fss","Sitka Spruce - Western Hemlock",5
"7_53_49_97329",9,105,592,2295,2711,1710010605,"17100105","WCR","RaSSHE_fss_WCR","RaSSHE","RaSSHE_fss",60,"fss","RaSSHE","RaSSHE_fss","Sitka Spruce - Western Hemlock",5
"7_53_49_71762",9,85,488,2295,2410,1708000604,"17080006B","WCR","RaSSHE_fss_WCR","RaSSHE","RaSSHE_fss",60,"fss","RaSSHE","RaSSHE_fss","Sitka Spruce - Western Hemlock",5
"0_41_7_88746",3,84,485,2314,1406,1708000601,"17080005","OCR","RaSSHE_fss_OCR","RaSSHE","RaSSHE_fss",60,"fss","RaSSHE","RaSSHE_fss","Sitka Spruce - Western Hemlock",5
"0_41_7_76136",3,84,486,2314,2706,1708000602,"17080005","OCR","RaSSHE_fss_OCR","RaSSHE","RaSSHE_fss",60,"fss","RaSSHE","RaSSHE_fss","Sitka Spruce - Western Hemlock",5
"0_41_7_85634",3,84,486,2314,1676,1708000602,"17080005","OCR","RaSSHE_fss_OCR","RaSSHE","RaSSHE_fss",60,"fss","RaSSHE","RaSSHE_fss","Sitka Spruce - Western Hemlock",5
"0_41_7_61705",3,84,486,2314,1518,1708000602,"17080005","OCR","RaSSHE_fss_OCR","RaSSHE","RaSSHE_fss",60,"fss","RaSSHE","RaSSHE_fss","Sitka Spruce - Western Hemlock",5
"0_41_7_83039",3,84,486,2314,2287,1708000602,"17080005","OCR","RaSSHE_fss_OCR","RaSSHE","RaSSHE_fss",60,"fss","RaSSHE","RaSSHE_fss","Sitka Spruce - Western Hemlock",5
"0_41_7_60914",3,84,486,2315,911,1708000602,"17080005","OCR","RaDFHEwt_fwn_OCR","RaDFHEwt","RaDFHEwt_fwn",32,"fwn","RaDFHEwt","RaDFHEwt_fwn","Douglas-fir Hemlock-Wet Mesic",5
"0_41_7_50614",3,107,596,2314,2028,1710020203,"17100201","OCR","RaSSHE_fss_OCR","RaSSHE","RaSSHE_fss",60,"fss","RaSSHE","RaSSHE_fss","Sitka Spruce - Western Hemlock",5
"0_41_7_74059",3,107,598,2315,1534,1710020205,"17100201","OCR","RaDFHEwt_fwn_OCR","RaDFHEwt","RaDFHEwt_fwn",32,"fwn","RaDFHEwt","RaDFHEwt_fwn","Douglas-fir Hemlock-Wet Mesic",5
"0_41_7_83258",3,107,598,2315,1007,1710020205,"17100201","OCR","RaDFHEwt_fwn_OCR","RaDFHEwt","RaDFHEwt_fwn",32,"fwn","RaDFHEwt","RaDFHEwt_fwn","Douglas-fir Hemlock-Wet Mesic",5
"0_41_57_97766",3,107,599,2315,780,1710020206,"17100201","OCR","RaDFHEwt_fwn_OCR","RaDFHEwt","RaDFHEwt_fwn",32,"fwn","RaDFHEwt","RaDFHEwt_fwn","Douglas-fir Hemlock-Wet Mesic",5
"0_41_57_99921",3,107,599,2315,1271,1710020206,"17100201","OCR","RaDFHEwt_fwn_OCR","RaDFHEwt","RaDFHEwt_fwn",32,"fwn","RaDFHEwt","RaDFHEwt_fwn","Douglas-fir Hemlock-Wet Mesic",5
"0_41_57_67329",3,107,599,2315,1739,1710020206,"17100201","OCR","RaDFHEwt_fwn_OCR","RaDFHEwt","RaDFHEwt_fwn",32,"fwn","RaDFHEwt","RaDFHEwt_fwn","Douglas-fir Hemlock-Wet Mesic",5
"0_41_57_52280",3,108,605,2020,1940,1710020306,"17100202","OCR","RaDFHEdy_fwi_17100203","RaDFHEdy","RaDFHEdy_fwi",31,"fwi","RaDFHEdy","RaDFHEdy_fwi","Douglas-fir Hemlock-Dry Mesic",3
"0_41_57_65272",3,108,604,2315,1701,1710020305,"17100202","OCR","RaDFHEwt_fwn_OCR","RaDFHEwt","RaDFHEwt_fwn",32,"fwn","RaDFHEwt","RaDFHEwt_fwn","Douglas-fir Hemlock-Wet Mesic",5
"0_41_57_92014",3,108,604,2315,1127,1710020305,"17100202","OCR","RaDFHEwt_fwn_OCR","RaDFHEwt","RaDFHEwt_fwn",32,"fwn","RaDFHEwt","RaDFHEwt_fwn","Douglas-fir Hemlock-Wet Mesic",5
"0_41_57_51875",3,108,603,2315,1808,1710020304,"17100202","OCR","RaDFHEwt_fwn_OCR","RaDFHEwt","RaDFHEwt_fwn",32,"fwn","RaDFHEwt","RaDFHEwt_fwn","Douglas-fir Hemlock-Wet Mesic",5
"0_41_57_97795",3,108,603,2315,967,1710020304,"17100202","OCR","RaDFHEwt_fwn_OCR","RaDFHEwt","RaDFHEwt_fwn",32,"fwn","RaDFHEwt","RaDFHEwt_fwn","Douglas-fir Hemlock-Wet Mesic",5
"0_41_57_69864",3,108,603,2315,826,1710020304,"17100202","OCR","RaDFHEwt_fwn_OCR","RaDFHEwt","RaDFHEwt_fwn",32,"fwn","RaDFHEwt","RaDFHEwt_fwn","Douglas-fir Hemlock-Wet Mesic",5
"0_41_57_67079",3,108,601,2315,830,1710020302,"17100202","OCR","RaDFHEwt_fwn_OCR","RaDFHEwt","RaDFHEwt_fwn",32,"fwn","RaDFHEwt","RaDFHEwt_fwn","Douglas-fir Hemlock-Wet Mesic",5
"0_41_57_81111",3,108,601,2315,499,1710020302,"17100202","OCR","RaDFHEwt_fwn_OCR","RaDFHEwt","RaDFHEwt_fwn",32,"fwn","RaDFHEwt","RaDFHEwt_fwn","Douglas-fir Hemlock-Wet Mesic",5
"0_41_71_71246",3,108,601,2315,1865,1710020302,"17100202","OCR","RaDFHEwt_fwn_OCR","RaDFHEwt","RaDFHEwt_fwn",32,"fwn","RaDFHEwt","RaDFHEwt_fwn","Douglas-fir Hemlock-Wet Mesic",5
"0_41_71_54730",3,94,534,2315,869,1709000801,"17090007","OCR","RaDFHEwt_fwn_OCR","RaDFHEwt","RaDFHEwt_fwn",32,"fwn","RaDFHEwt","RaDFHEwt_fwn","Douglas-fir Hemlock-Wet Mesic",5
"0_41_53_97305",3,94,535,2315,2004,1709000802,"17090007","OCR","RaDFHEwt_fwn_OCR","RaDFHEwt","RaDFHEwt_fwn",32,"fwn","RaDFHEwt","RaDFHEwt_fwn","Douglas-fir Hemlock-Wet Mesic",5
"0_41_53_65612",3,109,612,2315,565,1710020404,"17100203","OCR","RaDFHEwt_fwn_OCR","RaDFHEwt","RaDFHEwt_fwn",32,"fwn","RaDFHEwt","RaDFHEwt_fwn","Douglas-fir Hemlock-Wet Mesic",5
"0_41_53_83353",3,88,507,2315,1405,1709000305,"17090002","OCR","RaDFHEwt_fwn_OCR","RaDFHEwt","RaDFHEwt_fwn",32,"fwn","RaDFHEwt","RaDFHEwt_fwn","Douglas-fir Hemlock-Wet Mesic",5
"1_41_3_58560",3,109,609,2315,1017,1710020401,"17100203","OCR","RaDFHEwt_fwn_OCR","RaDFHEwt","RaDFHEwt_fwn",32,"fwn","RaDFHEwt","RaDFHEwt_fwn","Douglas-fir Hemlock-Wet Mesic",5
"1_41_41_55419",3,109,609,2316,1406,1710020401,"17100203","OCR","RaDFHEwt_fww_OCR","RaDFHEwt","RaDFHEwt_fww",34,"fww","RaDFHEwt","RaDFHEwt_fww","Douglas-fir Hemlock-Wet Mesic",5
"1_41_3_70396",3,88,504,2315,1592,1709000302,"17090002","OCR","RaDFHEwt_fwn_OCR","RaDFHEwt","RaDFHEwt_fwn",32,"fwn","RaDFHEwt","RaDFHEwt_fwn","Douglas-fir Hemlock-Wet Mesic",5
"1_41_3_54372",3,88,504,2315,2241,1709000302,"17090002","OCR","RaDFHEwt_fwn_OCR","RaDFHEwt","RaDFHEwt_fwn",32,"fwn","RaDFHEwt","RaDFHEwt_fwn","Douglas-fir Hemlock-Wet Mesic",5
"1_41_3_78447",3,88,504,2315,973,1709000302,"17090002","OCR","RaDFHEwt_fwn_OCR","RaDFHEwt","RaDFHEwt_fwn",32,"fwn","RaDFHEwt","RaDFHEwt_fwn","Douglas-fir Hemlock-Wet Mesic",5
"1_41_3_59682",3,110,618,2101,1558,1710020501,"17100204","OCR","RaDFHEdy_fwi_17100205","RaDFHEdy","RaDFHEdy_fwi",31,"fwi","RaDFHEdy","RaDFHEdy_fwi","Douglas-fir Hemlock-Dry Mesic",3
"1_41_3_81295",3,110,618,2315,870,1710020501,"17100204","OCR","RaDFHEwt_fwn_OCR","RaDFHEwt","RaDFHEwt_fwn",32,"fwn","RaDFHEwt","RaDFHEwt_fwn","Douglas-fir Hemlock-Wet Mesic",5
"1_41_3_82390",3,110,618,2101,1440,1710020501,"17100204","OCR","RaDFHEdy_fwi_17100205","RaDFHEdy","RaDFHEdy_fwi",31,"fwi","RaDFHEdy","RaDFHEdy_fwi","Douglas-fir Hemlock-Dry Mesic",3
"1_41_3_73862",3,110,618,2315,1854,1710020501,"17100204","OCR","RaDFHEwt_fwn_OCR","RaDFHEwt","RaDFHEwt_fwn",32,"fwn","RaDFHEwt","RaDFHEwt_fwn","Douglas-fir Hemlock-Wet Mesic",5
"1_41_3_60765",3,110,618,2315,1235,1710020501,"17100204","OCR","RaDFHEwt_fwn_OCR","RaDFHEwt","RaDFHEwt_fwn",32,"fwn","RaDFHEwt","RaDFHEwt_fwn","Douglas-fir Hemlock-Wet Mesic",5
"1_41_3_84794",3,110,618,2315,1800,1710020501,"17100204","OCR","RaDFHEwt_fwn_OCR","RaDFHEwt","RaDFHEwt_fwn",32,"fwn","RaDFHEwt","RaDFHEwt_fwn","Douglas-fir Hemlock-Wet Mesic",5
"1_41_3_99140",3,110,618,2315,1525,1710020501,"17100204","OCR","RaDFHEwt_fwn_OCR","RaDFHEwt","RaDFHEwt_fwn",32,"fwn","RaDFHEwt","RaDFHEwt_fwn","Douglas-fir Hemlock-Wet Mesic",5
"1_41_39_94750",3,110,619,2101,1257,1710020502,"17100204","OCR","RaDFHEdy_fwi_17100205","RaDFHEdy","RaDFHEdy_fwi",31,"fwi","RaDFHEdy","RaDFHEdy_fwi","Douglas-fir Hemlock-Dry Mesic",3
"1_41_39_79364",3,111,630,2122,1756,1710020606,"17100205","OCR","RaDFHEdy_fwi_17100206","RaDFHEdy","RaDFHEdy_fwi",31,"fwi","RaDFHEdy","RaDFHEdy_fwi","Douglas-fir Hemlock-Dry Mesic",3
"1_41_39_69022",3,111,630,2315,676,1710020606,"17100205","OCR","RaDFHEwt_fwn_OCR","RaDFHEwt","RaDFHEwt_fwn",32,"fwn","RaDFHEwt","RaDFHEwt_fwn","Douglas-fir Hemlock-Wet Mesic",5
"1_41_39_87196",3,111,630,2315,1278,1710020606,"17100205","OCR","RaDFHEwt_fwn_OCR","RaDFHEwt","RaDFHEwt_fwn",32,"fwn","RaDFHEwt","RaDFHEwt_fwn","Douglas-fir Hemlock-Wet Mesic",5
"1_41_39_86157",3,111,626,2315,1197,1710020602,"17100205","OCR","RaDFHEwt_fwn_OCR","RaDFHEwt","RaDFHEwt_fwn",32,"fwn","RaDFHEwt","RaDFHEwt_fwn","Douglas-fir Hemlock-Wet Mesic",5
"1_41_39_91269",3,111,626,2122,728,1710020602,"17100205","OCR","RaDFHEdy_fwi_17100206","RaDFHEdy","RaDFHEdy_fwi",31,"fwi","RaDFHEdy","RaDFHEdy_fwi","Douglas-fir Hemlock-Dry Mesic",3
"1_41_39_58766",3,111,626,2122,1051,1710020602,"17100205","OCR","RaDFHEdy_fwi_17100206","RaDFHEdy","RaDFHEdy_fwi",31,"fwi","RaDFHEdy","RaDFHEdy_fwi","Douglas-fir Hemlock-Dry Mesic",3
"1_41_39_85516",3,111,626,2122,1405,1710020602,"17100205","OCR","RaDFHEdy_fwi_17100206","RaDFHEdy","RaDFHEdy_fwi",31,"fwi","RaDFHEdy","RaDFHEdy_fwi","Douglas-fir Hemlock-Dry Mesic",3
"1_41_39_62414",3,111,625,2122,1182,1710020601,"17100205","OCR","RaDFHEdy_fwi_17100206","RaDFHEdy","RaDFHEdy_fwi",31,"fwi","RaDFHEdy","RaDFHEdy_fwi","Douglas-fir Hemlock-Dry Mesic",3
"2_41_19_84682",3,116,663,2147,1291,1710030306,"17100303B","OCR","RaDFHEdy_fwi_17100303A","RaDFHEdy","RaDFHEdy_fwi",31,"fwi","RaDFHEdy","RaDFHEdy_fwi","Douglas-fir Hemlock-Dry Mesic",3
"2_41_19_53583",3,116,659,1077,598,1710030302,"17100303B","OCR","RaDFWV_fwx_1710030302","RaDFWV","RaDFWV_fwx",37,"fwx","RaDFWV","RaDFWV_fwx","Douglas-fir Willamatte Valley Foothills",1
"2_41_19_87783",3,116,659,1077,808,1710030302,"17100303B","OCR","RaDFWV_fwx_1710030302","RaDFWV","RaDFWV_fwx",37,"fwx","RaDFWV","RaDFWV_fwx","Douglas-fir Willamatte Valley Foothills",1
"2_41_19_53717",3,116,659,1077,573,1710030302,"17100303B","OCR","RaDFWV_fwx_1710030302","RaDFWV","RaDFWV_fwx",37,"fwx","RaDFWV","RaDFWV_fwx","Douglas-fir Willamatte Valley Foothills",1
"2_41_19_81294",3,116,659,2147,508,1710030302,"17100303B","OCR","RaDFHEdy_fwi_17100303A","RaDFHEdy","RaDFHEdy_fwi",31,"fwi","RaDFHEdy","RaDFHEdy_fwi","Douglas-fir Hemlock-Dry Mesic",3
"2_41_19_66304",3,116,659,2150,786,1710030302,"17100303B","OCR","Na0210350_fvg_17100303A","Na0210350","Na0210350_fvg",25,"fvg","Na0210350","Na0210350_fvg","North Pacific Dry Douglas-fir Forest and Woodland",3
"2_41_19_70561",3,116,659,2150,1385,1710030302,"17100303B","OCR","Na0210350_fvg_17100303A","Na0210350","Na0210350_fvg",25,"fvg","Na0210350","Na0210350_fvg","North Pacific Dry Douglas-fir Forest and Woodland",3
"2_41_19_83778",3,116,659,2147,911,1710030302,"17100303B","OCR","RaDFHEdy_fwi_17100303A","RaDFHEdy","RaDFHEdy_fwi",31,"fwi","RaDFHEdy","RaDFHEdy_fwi","Douglas-fir Hemlock-Dry Mesic",3
"2_41_19_58522",6,114,657,1146,663,1710030213,"17100301","OSW","Na0710270_fdd_1710030213","Na0710270","Na0710270_fdd",43,"fdd","Na0710270","Na0710270_fdd","Mediterranean California Dry-Mesic Mixed Conifer Forest and Woodland",1
"2_41_19_74666",6,114,656,1177,2272,1710030212,"17100301","OSW","Na0710270_fdd_1710030212","Na0710270","Na0710270_fdd",43,"fdd","Na0710270","Na0710270_fdd","Mediterranean California Dry-Mesic Mixed Conifer Forest and Woodland",1
"2_41_19_79045",6,114,656,1177,2005,1710030212,"17100301","OSW","Na0710270_fdd_1710030212","Na0710270","Na0710270_fdd",43,"fdd","Na0710270","Na0710270_fdd","Mediterranean California Dry-Mesic Mixed Conifer Forest and Woodland",1
"2_41_19_94516",6,114,656,1177,911,1710030212,"17100301","OSW","Na0710270_fdd_1710030212","Na0710270","Na0710270_fdd",43,"fdd","Na0710270","Na0710270_fdd","Mediterranean California Dry-Mesic Mixed Conifer Forest and Woodland",1
"2_41_19_90442",6,114,656,1177,1644,1710030212,"17100301","OSW","Na0710270_fdd_1710030212","Na0710270","Na0710270_fdd",43,"fdd","Na0710270","Na0710270_fdd","Mediterranean California Dry-Mesic Mixed Conifer Forest and Woodland",1
"2_41_19_86694",6,114,653,1262,1342,1710030209,"17100301","OSW","Na0710270_fdd_1710030209","Na0710270","Na0710270_fdd",43,"fdd","Na0710270","Na0710270_fdd","Mediterranean California Dry-Mesic Mixed Conifer Forest and Woodland",1
"2_41_19_68931",6,114,653,1266,1597,1710030209,"17100301","OSW","RaMCONsw_fdm_1710030209","RaMCONsw","RaMCONsw_fdm",41,"fdm","RaMCONsw","RaMCONsw_fdm","Mixed Conifer - Southwest Oregon",1
"2_41_19_99900",6,114,653,1262,2153,1710030209,"17100301","OSW","Na0710270_fdd_1710030209","Na0710270","Na0710270_fdd",43,"fdd","Na0710270","Na0710270_fdd","Mediterranean California Dry-Mesic Mixed Conifer Forest and Woodland",1
"2_41_19_95115",6,114,651,1316,2798,1710030207,"17100301","OSW","Na0710270_fdd_1710030207","Na0710270","Na0710270_fdd",43,"fdd","Na0710270","Na0710270_fdd","Mediterranean California Dry-Mesic Mixed Conifer Forest and Woodland",1
"2_41_33_53154",6,123,699,1379,1465,1710031003,"17100309","OSW","Na0710270_fdd_1710031003","Na0710270","Na0710270_fdd",43,"fdd","Na0710270","Na0710270_fdd","Mediterranean California Dry-Mesic Mixed Conifer Forest and Woodland",1
"2_41_33_53350",6,123,699,1379,1145,1710031003,"17100309","OSW","Na0710270_fdd_1710031003","Na0710270","Na0710270_fdd",43,"fdd","Na0710270","Na0710270_fdd","Mediterranean California Dry-Mesic Mixed Conifer Forest and Woodland",1
"2_41_33_96674",6,123,697,1464,1585,1710031001,"17100309","OSW","Na0710270_fdd_1710031001","Na0710270","Na0710270_fdd",43,"fdd","Na0710270","Na0710270_fdd","Mediterranean California Dry-Mesic Mixed Conifer Forest and Woodland",1
"2_41_33_59854",6,123,697,1464,2376,1710031001,"17100309","OSW","Na0710270_fdd_1710031001","Na0710270","Na0710270_fdd",43,"fdd","Na0710270","Na0710270_fdd","Mediterranean California Dry-Mesic Mixed Conifer Forest and Woodland",1
"2_41_33_88465",6,123,698,1474,1345,1710031002,"17100309","OSW","RaPIPOm_fpd_1710031002","RaPIPOm","RaPIPOm_fpd",51,"fpd","RaPIPOm","RaPIPOm_fpd","Dry Ponderosa Pine - Mesic",1
"2_41_33_71751",6,122,696,1558,520,1710030906,"17100308","OSW","Na0710270_fdd_1710030906","Na0710270","Na0710270_fdd",43,"fdd","Na0710270","Na0710270_fdd","Mediterranean California Dry-Mesic Mixed Conifer Forest and Woodland",1
"2_41_33_75178",6,122,696,1558,965,1710030906,"17100308","OSW","Na0710270_fdd_1710030906","Na0710270","Na0710270_fdd",43,"fdd","Na0710270","Na0710270_fdd","Mediterranean California Dry-Mesic Mixed Conifer Forest and Woodland",1
"2_41_33_63345",6,124,709,1604,2000,1710031105,"17100310","OSW","Na0710270_fdd_1710031105","Na0710270","Na0710270_fdd",43,"fdd","Na0710270","Na0710270_fdd","Mediterranean California Dry-Mesic Mixed Conifer Forest and Woodland",1
"2_41_33_88260",6,124,709,1604,1281,1710031105,"17100310","OSW","Na0710270_fdd_1710031105","Na0710270","Na0710270_fdd",43,"fdd","Na0710270","Na0710270_fdd","Mediterranean California Dry-Mesic Mixed Conifer Forest and Woodland",1
"2_41_33_99105",6,124,709,1604,1995,1710031105,"17100310","OSW","Na0710270_fdd_1710031105","Na0710270","Na0710270_fdd",43,"fdd","Na0710270","Na0710270_fdd","Mediterranean California Dry-Mesic Mixed Conifer Forest and Woodland",1
"2_41_33_86224",6,124,709,1604,754,1710031105,"17100310","OSW","Na0710270_fdd_1710031105","Na0710270","Na0710270_fdd",43,"fdd","Na0710270","Na0710270_fdd","Mediterranean California Dry-Mesic Mixed Conifer Forest and Woodland",1
"2_41_33_95758",6,124,706,1669,662,1710031102,"17100310","OSW","RaMCONsw_fiw_1710031102","RaMCONsw","RaMCONsw_fiw",20,"fiw","RaMCONsw","RaMCONsw_fiw","Mixed Conifer - Southwest Oregon",1
"2_41_33_78008",6,124,706,1670,938,1710031102,"17100310","OSW","RaMEVG_ftd_1710031102","RaMEVG","RaMEVG_ftd",48,"ftd","RaMEVG","RaMEVG_ftd","California Mixed Evergreen North",1
"2_41_33_98604",6,124,706,1670,1298,1710031102,"17100310","OSW","RaMEVG_ftd_1710031102","RaMEVG","RaMEVG_ftd",48,"ftd","RaMEVG","RaMEVG_ftd","California Mixed Evergreen North",1
"2_41_33_53646",6,124,706,1670,1670,1710031102,"17100310","OSW","RaMEVG_ftd_1710031102","RaMEVG","RaMEVG_ftd",48,"ftd","RaMEVG","RaMEVG_ftd","California Mixed Evergreen North",1
"2_41_33_82699",6,124,706,1670,1374,1710031102,"17100310","OSW","RaMEVG_ftd_1710031102","RaMEVG","RaMEVG_ftd",48,"ftd","RaMEVG","RaMEVG_ftd","California Mixed Evergreen North",1
"2_41_33_82848",6,124,706,1669,2515,1710031102,"17100310","OSW","RaMCONsw_fiw_1710031102","RaMCONsw","RaMCONsw_fiw",20,"fiw","RaMCONsw","RaMCONsw_fiw","Mixed Conifer - Southwest Oregon",1
"2_41_33_98050",6,124,706,1670,2405,1710031102,"17100310","OSW","RaMEVG_ftd_1710031102","RaMEVG","RaMEVG_ftd",48,"ftd","RaMEVG","RaMEVG_ftd","California Mixed Evergreen North",1
"2_41_33_94805",6,124,706,1669,2911,1710031102,"17100310","OSW","RaMCONsw_fiw_1710031102","RaMCONsw","RaMCONsw_fiw",20,"fiw","RaMCONsw","RaMCONsw_fiw","Mixed Conifer - Southwest Oregon",1
"2_41_33_58275",6,124,706,2245,1464,1710031102,"17100310","OSW","RaREFI_fcw_17100311","RaREFI","RaREFI_fcw",19,"fcw","RaREFI","RaREFI_fcw","Red Fir",3
"6_53_9_88578",9,146,808,2296,923,1711002102,"17110020","WCR","RaDFHEwt_fwn_WCR","RaDFHEwt","RaDFHEwt_fwn",32,"fwn","RaDFHEwt","RaDFHEwt_fwn","Douglas-fir Hemlock-Wet Mesic",5
"6_53_9_91874",9,146,808,1819,777,1711002102,"17110020","WCR","RaDFHEdy_fdg_17110021","RaDFHEdy","RaDFHEdy_fdg",24,"fdg","RaDFHEdy","RaDFHEdy_fdg","Douglas-fir Hemlock-Dry Mesic",3
"6_53_9_66096",9,100,567,2296,992,1710010106,"17090012A","WCR","RaDFHEwt_fwn_WCR","RaDFHEwt","RaDFHEwt_fwn",32,"fwn","RaDFHEwt","RaDFHEwt_fwn","Douglas-fir Hemlock-Wet Mesic",5
"6_53_9_92789",9,100,567,1825,1435,1710010106,"17090012A","WCR","RaABAMlw_fsi_17100101","RaABAMlw","RaABAMlw_fsi",14,"fsi","RaABAMlw","RaABAMlw_fsi","Pacific Silver Fir - Low Elevation",3
"6_53_9_50514",9,100,567,1818,847,1710010106,"17090012A","WCR","RaDFHEdy_fwi_17100101","RaDFHEdy","RaDFHEdy_fwi",31,"fwi","RaDFHEdy","RaDFHEdy_fwi","Douglas-fir Hemlock-Dry Mesic",3
"6_53_9_63692",9,100,567,2300,1181,1710010106,"17090012A","WCR","Na0710411_fmt_WCR","Na0710411","Na0710411_fmt",5,"fmt","Na0710411","Na0710411_fmt","North Pacific Mountain Hemlock Forest - Wet",5
"6_53_31_97407",9,100,568,2297,625,1710010107,"17090012A","WCR","RaABAMup_fst_WCR","RaABAMup","RaABAMup_fst",13,"fst","RaABAMup","RaABAMup_fst","Pacific Silver Fir - High Elevation",5
"6_53_31_89559",9,101,571,2297,1292,1710010202,"17100101","WCR","RaABAMup_fst_WCR","RaABAMup","RaABAMup_fst",13,"fst","RaABAMup","RaABAMup_fst","Pacific Silver Fir - High Elevation",5
"6_53_31_79664",9,101,573,2296,2152,1710010204,"17100101","WCR","RaDFHEwt_fwn_WCR","RaDFHEwt","RaDFHEwt_fwn",32,"fwn","RaDFHEwt","RaDFHEwt_fwn","Douglas-fir Hemlock-Wet Mesic",5
"6_53_27_64624",9,104,585,2297,1369,1710010501,"17100104","WCR","RaABAMup_fst_WCR","RaABAMup","RaABAMup_fst",13,"fst","RaABAMup","RaABAMup_fst","Pacific Silver Fir - High Elevation",5
"6_53_27_72767",9,104,585,2296,1355,1710010501,"17100104","WCR","RaDFHEwt_fwn_WCR","RaDFHEwt","RaDFHEwt_fwn",32,"fwn","RaDFHEwt","RaDFHEwt_fwn","Douglas-fir Hemlock-Wet Mesic",5
"6_53_27_72146",9,104,585,2296,1176,1710010501,"17100104","WCR","RaDFHEwt_fwn_WCR","RaDFHEwt","RaDFHEwt_fwn",32,"fwn","RaDFHEwt","RaDFHEwt_fwn","Douglas-fir Hemlock-Wet Mesic",5
"6_53_27_67370",9,104,585,2296,1205,1710010501,"17100104","WCR","RaDFHEwt_fwn_WCR","RaDFHEwt","RaDFHEwt_fwn",32,"fwn","RaDFHEwt","RaDFHEwt_fwn","Douglas-fir Hemlock-Wet Mesic",5
"6_53_27_89153",9,104,585,2297,1446,1710010501,"17100104","WCR","RaABAMup_fst_WCR","RaABAMup","RaABAMup_fst",13,"fst","RaABAMup","RaABAMup_fst","Pacific Silver Fir - High Elevation",5
"6_53_27_68321",9,104,585,2296,1636,1710010501,"17100104","WCR","RaDFHEwt_fwn_WCR","RaDFHEwt","RaDFHEwt_fwn",32,"fwn","RaDFHEwt","RaDFHEwt_fwn","Douglas-fir Hemlock-Wet Mesic",5
"6_53_27_77216",9,103,583,2295,1047,1710010403,"17100103","WCR","RaSSHE_fss_WCR","RaSSHE","RaSSHE_fss",60,"fss","RaSSHE","RaSSHE_fss","Sitka Spruce - Western Hemlock",5
"6_53_27_74058",9,103,583,2295,1211,1710010403,"17100103","WCR","RaSSHE_fss_WCR","RaSSHE","RaSSHE_fss",60,"fss","RaSSHE","RaSSHE_fss","Sitka Spruce - Western Hemlock",5
"6_53_27_95533",9,103,583,1909,1099,1710010403,"17100103","WCR","RaDFHEdy_fdg_17100104","RaDFHEdy","RaDFHEdy_fdg",24,"fdg","RaDFHEdy","RaDFHEdy_fdg","Douglas-fir Hemlock-Dry Mesic",3
"6_53_27_51237",9,103,583,2295,1644,1710010403,"17100103","WCR","RaSSHE_fss_WCR","RaSSHE","RaSSHE_fss",60,"fss","RaSSHE","RaSSHE_fss","Sitka Spruce - Western Hemlock",5
"6_53_27_70576",9,103,582,2296,1504,1710010402,"17100103","WCR","RaDFHEwt_fwn_WCR","RaDFHEwt","RaDFHEwt_fwn",32,"fwn","RaDFHEwt","RaDFHEwt_fwn","Douglas-fir Hemlock-Wet Mesic",5
"6_53_27_98989",9,103,584,2295,881,1710010404,"17100103","WCR","RaSSHE_fss_WCR","RaSSHE","RaSSHE_fss",60,"fss","RaSSHE","RaSSHE_fss","Sitka Spruce - Western Hemlock",5
"6_53_27_65346",9,103,584,2295,992,1710010404,"17100103","WCR","RaSSHE_fss_WCR","RaSSHE","RaSSHE_fss",60,"fss","RaSSHE","RaSSHE_fss","Sitka Spruce - Western Hemlock",5
"6_53_27_90069",9,103,584,2296,566,1710010404,"17100103","WCR","RaDFHEwt_fwn_WCR","RaDFHEwt","RaDFHEwt_fwn",32,"fwn","RaDFHEwt","RaDFHEwt_fwn","Douglas-fir Hemlock-Wet Mesic",5
"6_53_27_71737",9,105,588,2296,1337,1710010601,"17100105","WCR","RaDFHEwt_fwn_WCR","RaDFHEwt","RaDFHEwt_fwn",32,"fwn","RaDFHEwt","RaDFHEwt_fwn","Douglas-fir Hemlock-Wet Mesic",5
"6_53_27_73023",9,105,588,2296,1620,1710010601,"17100105","WCR","RaDFHEwt_fwn_WCR","RaDFHEwt","RaDFHEwt_fwn",32,"fwn","RaDFHEwt","RaDFHEwt_fwn","Douglas-fir Hemlock-Wet Mesic",5
"7_53_49_75052",9,105,589,1934,1431,1710010602,"17100105","WCR","RaDFHEdy_fwi_17100106","RaDFHEdy","RaDFHEdy_fwi",31,"fwi","RaDFHEdy","RaDFHEdy_fwi","Douglas-fir Hemlock-Dry Mesic",3
"7_53_49_74921",9,105,589,2296,1012,1710010602,"17100105","WCR","RaDFHEwt_fwn_WCR","RaDFHEwt","RaDFHEwt_fwn",32,"fwn","RaDFHEwt","RaDFHEwt_fwn","Douglas-fir Hemlock-Wet Mesic",5
"7_53_49_67517",9,105,589,2296,1201,1710010602,"17100105","WCR","RaDFHEwt_fwn_WCR","RaDFHEwt","RaDFHEwt_fwn",32,"fwn","RaDFHEwt","RaDFHEwt_fwn","Douglas-fir Hemlock-Wet Mesic",5
"7_53_49_88568",9,105,590,2295,1355,1710010603,"17100105","WCR","RaSSHE_fss_WCR","RaSSHE","RaSSHE_fss",60,"fss","RaSSHE","RaSSHE_fss","Sitka Spruce - Western Hemlock",5
"7_53_49_61158",9,105,590,2296,828,1710010603,"17100105","WCR","RaDFHEwt_fwn_WCR","RaDFHEwt","RaDFHEwt_fwn",32,"fwn","RaDFHEwt","RaDFHEwt_fwn","Douglas-fir Hemlock-Wet Mesic",5
"7_53_49_83316",9,105,590,2296,1277,1710010603,"17100105","WCR","RaDFHEwt_fwn_WCR","RaDFHEwt","RaDFHEwt_fwn",32,"fwn","RaDFHEwt","RaDFHEwt_fwn","Douglas-fir Hemlock-Wet Mesic",5
"7_53_49_70080",9,105,592,2296,1158,1710010605,"17100105","WCR","RaDFHEwt_fwn_WCR","RaDFHEwt","RaDFHEwt_fwn",32,"fwn","RaDFHEwt","RaDFHEwt_fwn","Douglas-fir Hemlock-Wet Mesic",5
"0_41_7_59138",3,84,485,2314,2365,1708000601,"17080005","OCR","RaSSHE_fss_OCR","RaSSHE","RaSSHE_fss",60,"fss","RaSSHE","RaSSHE_fss","Sitka Spruce - Western Hemlock",5
"0_41_7_74604",3,107,596,2314,1928,1710020203,"17100201","OCR","RaSSHE_fss_OCR","RaSSHE","RaSSHE_fss",60,"fss","RaSSHE","RaSSHE_fss","Sitka Spruce - Western Hemlock",5
"0_41_7_87361",3,107,596,2314,1197,1710020203,"17100201","OCR","RaSSHE_fss_OCR","RaSSHE","RaSSHE_fss",60,"fss","RaSSHE","RaSSHE_fss","Sitka Spruce - Western Hemlock",5
"0_41_57_92135",3,108,604,2315,594,1710020305,"17100202","OCR","RaDFHEwt_fwn_OCR","RaDFHEwt","RaDFHEwt_fwn",32,"fwn","RaDFHEwt","RaDFHEwt_fwn","Douglas-fir Hemlock-Wet Mesic",5
"0_41_57_89116",3,108,603,2315,1019,1710020304,"17100202","OCR","RaDFHEwt_fwn_OCR","RaDFHEwt","RaDFHEwt_fwn",32,"fwn","RaDFHEwt","RaDFHEwt_fwn","Douglas-fir Hemlock-Wet Mesic",5
"0_41_57_81507",3,108,603,2315,1708,1710020304,"17100202","OCR","RaDFHEwt_fwn_OCR","RaDFHEwt","RaDFHEwt_fwn",32,"fwn","RaDFHEwt","RaDFHEwt_fwn","Douglas-fir Hemlock-Wet Mesic",5
"0_41_57_63051",3,108,603,2315,1204,1710020304,"17100202","OCR","RaDFHEwt_fwn_OCR","RaDFHEwt","RaDFHEwt_fwn",32,"fwn","RaDFHEwt","RaDFHEwt_fwn","Douglas-fir Hemlock-Wet Mesic",5
"0_41_57_55952",3,108,603,2315,2113,1710020304,"17100202","OCR","RaDFHEwt_fwn_OCR","RaDFHEwt","RaDFHEwt_fwn",32,"fwn","RaDFHEwt","RaDFHEwt_fwn","Douglas-fir Hemlock-Wet Mesic",5
"0_41_57_90778",3,108,601,2315,1073,1710020302,"17100202","OCR","RaDFHEwt_fwn_OCR","RaDFHEwt","RaDFHEwt_fwn",32,"fwn","RaDFHEwt","RaDFHEwt_fwn","Douglas-fir Hemlock-Wet Mesic",5
"0_41_57_67764",3,108,601,2315,1735,1710020302,"17100202","OCR","RaDFHEwt_fwn_OCR","RaDFHEwt","RaDFHEwt_fwn",32,"fwn","RaDFHEwt","RaDFHEwt_fwn","Douglas-fir Hemlock-Wet Mesic",5
"0_41_57_95984",3,108,601,2315,1597,1710020302,"17100202","OCR","RaDFHEwt_fwn_OCR","RaDFHEwt","RaDFHEwt_fwn",32,"fwn","RaDFHEwt","RaDFHEwt_fwn","Douglas-fir Hemlock-Wet Mesic",5
"0_41_57_87703",3,108,601,2315,1576,1710020302,"17100202","OCR","RaDFHEwt_fwn_OCR","RaDFHEwt","RaDFHEwt_fwn",32,"fwn","RaDFHEwt","RaDFHEwt_fwn","Douglas-fir Hemlock-Wet Mesic",5
"0_41_71_58692",3,94,534,2315,2253,1709000801,"17090007","OCR","RaDFHEwt_fwn_OCR","RaDFHEwt","RaDFHEwt_fwn",32,"fwn","RaDFHEwt","RaDFHEwt_fwn","Douglas-fir Hemlock-Wet Mesic",5
"0_41_71_77610",3,94,534,2315,1989,1709000801,"17090007","OCR","RaDFHEwt_fwn_OCR","RaDFHEwt","RaDFHEwt_fwn",32,"fwn","RaDFHEwt","RaDFHEwt_fwn","Douglas-fir Hemlock-Wet Mesic",5
"0_41_71_82006",3,94,535,2315,2350,1709000802,"17090007","OCR","RaDFHEwt_fwn_OCR","RaDFHEwt","RaDFHEwt_fwn",32,"fwn","RaDFHEwt","RaDFHEwt_fwn","Douglas-fir Hemlock-Wet Mesic",5
"0_41_53_88787",3,94,535,2315,1536,1709000802,"17090007","OCR","RaDFHEwt_fwn_OCR","RaDFHEwt","RaDFHEwt_fwn",32,"fwn","RaDFHEwt","RaDFHEwt_fwn","Douglas-fir Hemlock-Wet Mesic",5
"0_41_53_57011",3,94,535,2315,1238,1709000802,"17090007","OCR","RaDFHEwt_fwn_OCR","RaDFHEwt","RaDFHEwt_fwn",32,"fwn","RaDFHEwt","RaDFHEwt_fwn","Douglas-fir Hemlock-Wet Mesic",5
"0_41_53_79297",3,94,536,2315,1880,1709000803,"17090007","OCR","RaDFHEwt_fwn_OCR","RaDFHEwt","RaDFHEwt_fwn",32,"fwn","RaDFHEwt","RaDFHEwt_fwn","Douglas-fir Hemlock-Wet Mesic",5
"0_41_53_98566",3,93,530,2315,720,1709000701,"17090006","OCR","RaDFHEwt_fwn_OCR","RaDFHEwt","RaDFHEwt_fwn",32,"fwn","RaDFHEwt","RaDFHEwt_fwn","Douglas-fir Hemlock-Wet Mesic",5
"0_41_53_70267",3,93,530,2315,1338,1709000701,"17090006","OCR","RaDFHEwt_fwn_OCR","RaDFHEwt","RaDFHEwt_fwn",32,"fwn","RaDFHEwt","RaDFHEwt_fwn","Douglas-fir Hemlock-Wet Mesic",5
"0_41_53_99913",3,88,507,2315,997,1709000305,"17090002","OCR","RaDFHEwt_fwn_OCR","RaDFHEwt","RaDFHEwt_fwn",32,"fwn","RaDFHEwt","RaDFHEwt_fwn","Douglas-fir Hemlock-Wet Mesic",5
"0_41_53_82092",3,88,507,2315,1655,1709000305,"17090002","OCR","RaDFHEwt_fwn_OCR","RaDFHEwt","RaDFHEwt_fwn",32,"fwn","RaDFHEwt","RaDFHEwt_fwn","Douglas-fir Hemlock-Wet Mesic",5
"0_41_53_61051",3,88,507,2315,1713,1709000305,"17090002","OCR","RaDFHEwt_fwn_OCR","RaDFHEwt","RaDFHEwt_fwn",32,"fwn","RaDFHEwt","RaDFHEwt_fwn","Douglas-fir Hemlock-Wet Mesic",5
"1_41_3_71413",3,88,504,2315,1664,1709000302,"17090002","OCR","RaDFHEwt_fwn_OCR","RaDFHEwt","RaDFHEwt_fwn",32,"fwn","RaDFHEwt","RaDFHEwt_fwn","Douglas-fir Hemlock-Wet Mesic",5
"1_41_3_63021",3,110,618,2101,1942,1710020501,"17100204","OCR","RaDFHEdy_fwi_17100205","RaDFHEdy","RaDFHEdy_fwi",31,"fwi","RaDFHEdy","RaDFHEdy_fwi","Douglas-fir Hemlock-Dry Mesic",3
"1_41_3_94774",3,110,618,2315,1310,1710020501,"17100204","OCR","RaDFHEwt_fwn_OCR","RaDFHEwt","RaDFHEwt_fwn",32,"fwn","RaDFHEwt","RaDFHEwt_fwn","Douglas-fir Hemlock-Wet Mesic",5
"1_41_3_63575",3,110,618,2101,1454,1710020501,"17100204","OCR","RaDFHEdy_fwi_17100205","RaDFHEdy","RaDFHEdy_fwi",31,"fwi","RaDFHEdy","RaDFHEdy_fwi","Douglas-fir Hemlock-Dry Mesic",3
"1_41_39_80400",3,111,630,2122,734,1710020606,"17100205","OCR","RaDFHEdy_fwi_17100206","RaDFHEdy","RaDFHEdy_fwi",31,"fwi","RaDFHEdy","RaDFHEdy_fwi","Douglas-fir Hemlock-Dry Mesic",3
"1_41_39_60068",3,111,630,2315,906,1710020606,"17100205","OCR","RaDFHEwt_fwn_OCR","RaDFHEwt","RaDFHEwt_fwn",32,"fwn","RaDFHEwt","RaDFHEwt_fwn","Douglas-fir Hemlock-Wet Mesic",5
"1_41_39_99423",3,88,503,2315,1264,1709000301,"17090002","OCR","RaDFHEwt_fwn_OCR","RaDFHEwt","RaDFHEwt_fwn",32,"fwn","RaDFHEwt","RaDFHEwt_fwn","Douglas-fir Hemlock-Wet Mesic",5
"1_41_39_81146",3,88,503,840,1653,1709000301,"17090002","OCR","RaDFWV_fwx_1709000301","RaDFWV","RaDFWV_fwx",37,"fwx","RaDFWV","RaDFWV_fwx","Douglas-fir Willamatte Valley Foothills",1
"1_41_39_62482",3,111,626,2122,1121,1710020602,"17100205","OCR","RaDFHEdy_fwi_17100206","RaDFHEdy","RaDFHEdy_fwi",31,"fwi","RaDFHEdy","RaDFHEdy_fwi","Douglas-fir Hemlock-Dry Mesic",3
"1_41_39_62465",3,111,626,2122,640,1710020602,"17100205","OCR","RaDFHEdy_fwi_17100206","RaDFHEdy","RaDFHEdy_fwi",31,"fwi","RaDFHEdy","RaDFHEdy_fwi","Douglas-fir Hemlock-Dry Mesic",3
"1_41_39_66469",3,111,625,2122,1578,1710020601,"17100205","OCR","RaDFHEdy_fwi_17100206","RaDFHEdy","RaDFHEdy_fwi",31,"fwi","RaDFHEdy","RaDFHEdy_fwi","Douglas-fir Hemlock-Dry Mesic",3
"1_41_39_65833",3,111,627,2122,1215,1710020603,"17100205","OCR","RaDFHEdy_fwi_17100206","RaDFHEdy","RaDFHEdy_fwi",31,"fwi","RaDFHEdy","RaDFHEdy_fwi","Douglas-fir Hemlock-Dry Mesic",3
"2_41_19_72817",3,116,663,2147,1643,1710030306,"17100303B","OCR","RaDFHEdy_fwi_17100303A","RaDFHEdy","RaDFHEdy_fwi",31,"fwi","RaDFHEdy","RaDFHEdy_fwi","Douglas-fir Hemlock-Dry Mesic",3
"2_41_19_71047",3,116,663,2150,635,1710030306,"17100303B","OCR","Na0210350_fvg_17100303A","Na0210350","Na0210350_fvg",25,"fvg","Na0210350","Na0210350_fvg","North Pacific Dry Douglas-fir Forest and Woodland",3
"2_41_19_57699",3,116,660,2150,527,1710030303,"17100303B","OCR","Na0210350_fvg_17100303A","Na0210350","Na0210350_fvg",25,"fvg","Na0210350","Na0210350_fvg","North Pacific Dry Douglas-fir Forest and Woodland",3
"2_41_19_97601",3,116,660,1042,1402,1710030303,"17100303B","OCR","RaDFWV_fwx_1710030303","RaDFWV","RaDFWV_fwx",37,"fwx","RaDFWV","RaDFWV_fwx","Douglas-fir Willamatte Valley Foothills",1
"2_41_19_71840",3,116,660,2150,372,1710030303,"17100303B","OCR","Na0210350_fvg_17100303A","Na0210350","Na0210350_fvg",25,"fvg","Na0210350","Na0210350_fvg","North Pacific Dry Douglas-fir Forest and Woodland",3
"2_41_19_66385",3,116,659,2150,1518,1710030302,"17100303B","OCR","Na0210350_fvg_17100303A","Na0210350","Na0210350_fvg",25,"fvg","Na0210350","Na0210350_fvg","North Pacific Dry Douglas-fir Forest and Woodland",3
"2_41_19_54472",6,114,655,1217,2034,1710030211,"17100301","OSW","Na0710270_fdd_1710030211","Na0710270","Na0710270_fdd",43,"fdd","Na0710270","Na0710270_fdd","Mediterranean California Dry-Mesic Mixed Conifer Forest and Woodland",1
"2_41_19_63167",6,114,656,1177,1118,1710030212,"17100301","OSW","Na0710270_fdd_1710030212","Na0710270","Na0710270_fdd",43,"fdd","Na0710270","Na0710270_fdd","Mediterranean California Dry-Mesic Mixed Conifer Forest and Woodland",1
"2_41_19_83327",6,114,656,1177,658,1710030212,"17100301","OSW","Na0710270_fdd_1710030212","Na0710270","Na0710270_fdd",43,"fdd","Na0710270","Na0710270_fdd","Mediterranean California Dry-Mesic Mixed Conifer Forest and Woodland",1
"2_41_19_95878",6,114,653,1262,1467,1710030209,"17100301","OSW","Na0710270_fdd_1710030209","Na0710270","Na0710270_fdd",43,"fdd","Na0710270","Na0710270_fdd","Mediterranean California Dry-Mesic Mixed Conifer Forest and Woodland",1
"2_41_19_69724",6,114,653,1262,1805,1710030209,"17100301","OSW","Na0710270_fdd_1710030209","Na0710270","Na0710270_fdd",43,"fdd","Na0710270","Na0710270_fdd","Mediterranean California Dry-Mesic Mixed Conifer Forest and Woodland",1
"2_41_19_82899",6,114,653,1266,974,1710030209,"17100301","OSW","RaMCONsw_fdm_1710030209","RaMCONsw","RaMCONsw_fdm",41,"fdm","RaMCONsw","RaMCONsw_fdm","Mixed Conifer - Southwest Oregon",1
"2_41_19_77023",6,114,651,1316,1789,1710030207,"17100301","OSW","Na0710270_fdd_1710030207","Na0710270","Na0710270_fdd",43,"fdd","Na0710270","Na0710270_fdd","Mediterranean California Dry-Mesic Mixed Conifer Forest and Woodland",1
"2_41_19_54065",6,114,651,1316,1365,1710030207,"17100301","OSW","Na0710270_fdd_1710030207","Na0710270","Na0710270_fdd",43,"fdd","Na0710270","Na0710270_fdd","Mediterranean California Dry-Mesic Mixed Conifer Forest and Woodland",1
"2_41_33_62627",6,123,699,1379,1611,1710031003,"17100309","OSW","Na0710270_fdd_1710031003","Na0710270","Na0710270_fdd",43,"fdd","Na0710270","Na0710270_fdd","Mediterranean California Dry-Mesic Mixed Conifer Forest and Woodland",1
"2_41_33_85679",6,122,696,1558,1431,1710030906,"17100308","OSW","Na0710270_fdd_1710030906","Na0710270","Na0710270_fdd",43,"fdd","Na0710270","Na0710270_fdd","Mediterranean California Dry-Mesic Mixed Conifer Forest and Woodland",1
"2_41_33_82197",6,122,696,1558,1290,1710030906,"17100308","OSW","Na0710270_fdd_1710030906","Na0710270","Na0710270_fdd",43,"fdd","Na0710270","Na0710270_fdd","Mediterranean California Dry-Mesic Mixed Conifer Forest and Woodland",1
"2_41_33_90728",6,124,709,1604,1122,1710031105,"17100310","OSW","Na0710270_fdd_1710031105","Na0710270","Na0710270_fdd",43,"fdd","Na0710270","Na0710270_fdd","Mediterranean California Dry-Mesic Mixed Conifer Forest and Woodland",1
"2_41_33_83233",6,124,709,1604,1030,1710031105,"17100310","OSW","Na0710270_fdd_1710031105","Na0710270","Na0710270_fdd",43,"fdd","Na0710270","Na0710270_fdd","Mediterranean California Dry-Mesic Mixed Conifer Forest and Woodland",1
"2_41_33_91533",6,124,706,1670,1251,1710031102,"17100310","OSW","RaMEVG_ftd_1710031102","RaMEVG","RaMEVG_ftd",48,"ftd","RaMEVG","RaMEVG_ftd","California Mixed Evergreen North",1
"2_41_33_90344",6,122,695,1641,573,1710030905,"17100308","OSW","RaMCONsw_fiw_1710030905","RaMCONsw","RaMCONsw_fiw",20,"fiw","RaMCONsw","RaMCONsw_fiw","Mixed Conifer - Southwest Oregon",1
"2_41_33_83458",6,124,706,1670,1659,1710031102,"17100310","OSW","RaMEVG_ftd_1710031102","RaMEVG","RaMEVG_ftd",48,"ftd","RaMEVG","RaMEVG_ftd","California Mixed Evergreen North",1
"2_41_33_92875",6,124,706,1669,1688,1710031102,"17100310","OSW","RaMCONsw_fiw_1710031102","RaMCONsw","RaMCONsw_fiw",20,"fiw","RaMCONsw","RaMCONsw_fiw","Mixed Conifer - Southwest Oregon",1
"2_41_33_92377",6,124,706,2245,1730,1710031102,"17100310","OSW","RaREFI_fcw_17100311","RaREFI","RaREFI_fcw",19,"fcw","RaREFI","RaREFI_fcw","Red Fir",3
"2_41_33_94980",6,124,706,1669,2379,1710031102,"17100310","OSW","RaMCONsw_fiw_1710031102","RaMCONsw","RaMCONsw_fiw",20,"fiw","RaMCONsw","RaMCONsw_fiw","Mixed Conifer - Southwest Oregon",1
"2_41_33_84902",6,124,706,1669,2916,1710031102,"17100310","OSW","RaMCONsw_fiw_1710031102","RaMCONsw","RaMCONsw_fiw",20,"fiw","RaMCONsw","RaMCONsw_fiw","Mixed Conifer - Southwest Oregon",1
"6_53_9_53060",9,100,567,1825,1500,1710010106,"17090012A","WCR","RaABAMlw_fsi_17100101","RaABAMlw","RaABAMlw_fsi",14,"fsi","RaABAMlw","RaABAMlw_fsi","Pacific Silver Fir - Low Elevation",3
"6_53_9_68515",9,100,567,1825,878,1710010106,"17090012A","WCR","RaABAMlw_fsi_17100101","RaABAMlw","RaABAMlw_fsi",14,"fsi","RaABAMlw","RaABAMlw_fsi","Pacific Silver Fir - Low Elevation",3
"6_53_31_66026",9,101,571,2297,1056,1710010202,"17100101","WCR","RaABAMup_fst_WCR","RaABAMup","RaABAMup_fst",13,"fst","RaABAMup","RaABAMup_fst","Pacific Silver Fir - High Elevation",5
"6_53_31_56787",9,101,571,2300,1251,1710010202,"17100101","WCR","Na0710411_fmt_WCR","Na0710411","Na0710411_fmt",5,"fmt","Na0710411","Na0710411_fmt","North Pacific Mountain Hemlock Forest - Wet",5
"6_53_31_57980",9,101,573,2297,2040,1710010204,"17100101","WCR","RaABAMup_fst_WCR","RaABAMup","RaABAMup_fst",13,"fst","RaABAMup","RaABAMup_fst","Pacific Silver Fir - High Elevation",5
"6_53_27_78325",9,104,585,2296,1475,1710010501,"17100104","WCR","RaDFHEwt_fwn_WCR","RaDFHEwt","RaDFHEwt_fwn",32,"fwn","RaDFHEwt","RaDFHEwt_fwn","Douglas-fir Hemlock-Wet Mesic",5
"6_53_27_85901",9,104,585,2297,1210,1710010501,"17100104","WCR","RaABAMup_fst_WCR","RaABAMup","RaABAMup_fst",13,"fst","RaABAMup","RaABAMup_fst","Pacific Silver Fir - High Elevation",5
"6_53_27_59055",9,104,585,2297,1454,1710010501,"17100104","WCR","RaABAMup_fst_WCR","RaABAMup","RaABAMup_fst",13,"fst","RaABAMup","RaABAMup_fst","Pacific Silver Fir - High Elevation",5
"6_53_27_86349",9,104,585,2296,1401,1710010501,"17100104","WCR","RaDFHEwt_fwn_WCR","RaDFHEwt","RaDFHEwt_fwn",32,"fwn","RaDFHEwt","RaDFHEwt_fwn","Douglas-fir Hemlock-Wet Mesic",5
"6_53_27_89360",9,104,585,2296,1195,1710010501,"17100104","WCR","RaDFHEwt_fwn_WCR","RaDFHEwt","RaDFHEwt_fwn",32,"fwn","RaDFHEwt","RaDFHEwt_fwn","Douglas-fir Hemlock-Wet Mesic",5
"6_53_27_93663",9,104,585,2295,1124,1710010501,"17100104","WCR","RaSSHE_fss_WCR","RaSSHE","RaSSHE_fss",60,"fss","RaSSHE","RaSSHE_fss","Sitka Spruce - Western Hemlock",5
"6_53_27_97031",9,103,583,2296,1547,1710010403,"17100103","WCR","RaDFHEwt_fwn_WCR","RaDFHEwt","RaDFHEwt_fwn",32,"fwn","RaDFHEwt","RaDFHEwt_fwn","Douglas-fir Hemlock-Wet Mesic",5
"6_53_27_51039",9,103,583,2296,731,1710010403,"17100103","WCR","RaDFHEwt_fwn_WCR","RaDFHEwt","RaDFHEwt_fwn",32,"fwn","RaDFHEwt","RaDFHEwt_fwn","Douglas-fir Hemlock-Wet Mesic",5
"6_53_27_65058",9,103,583,2295,1302,1710010403,"17100103","WCR","RaSSHE_fss_WCR","RaSSHE","RaSSHE_fss",60,"fss","RaSSHE","RaSSHE_fss","Sitka Spruce - Western Hemlock",5
"6_53_27_71050",9,103,582,2296,1484,1710010402,"17100103","WCR","RaDFHEwt_fwn_WCR","RaDFHEwt","RaDFHEwt_fwn",32,"fwn","RaDFHEwt","RaDFHEwt_fwn","Douglas-fir Hemlock-Wet Mesic",5
"6_53_27_91129",9,105,588,1934,807,1710010601,"17100105","WCR","RaDFHEdy_fwi_17100106","RaDFHEdy","RaDFHEdy_fwi",31,"fwi","RaDFHEdy","RaDFHEdy_fwi","Douglas-fir Hemlock-Dry Mesic",3
"6_53_27_94225",9,105,589,2296,1602,1710010602,"17100105","WCR","RaDFHEwt_fwn_WCR","RaDFHEwt","RaDFHEwt_fwn",32,"fwn","RaDFHEwt","RaDFHEwt_fwn","Douglas-fir Hemlock-Wet Mesic",5
"7_53_49_61853",9,105,589,2296,1176,1710010602,"17100105","WCR","RaDFHEwt_fwn_WCR","RaDFHEwt","RaDFHEwt_fwn",32,"fwn","RaDFHEwt","RaDFHEwt_fwn","Douglas-fir Hemlock-Wet Mesic",5
"7_53_49_60014",9,105,590,2296,1777,1710010603,"17100105","WCR","RaDFHEwt_fwn_WCR","RaDFHEwt","RaDFHEwt_fwn",32,"fwn","RaDFHEwt","RaDFHEwt_fwn","Douglas-fir Hemlock-Wet Mesic",5
"7_53_49_80368",9,105,590,1934,1466,1710010603,"17100105","WCR","RaDFHEdy_fwi_17100106","RaDFHEdy","RaDFHEdy_fwi",31,"fwi","RaDFHEdy","RaDFHEdy_fwi","Douglas-fir Hemlock-Dry Mesic",3
"7_53_49_76305",9,105,592,2296,549,1710010605,"17100105","WCR","RaDFHEwt_fwn_WCR","RaDFHEwt","RaDFHEwt_fwn",32,"fwn","RaDFHEwt","RaDFHEwt_fwn","Douglas-fir Hemlock-Wet Mesic",5
"7_53_49_83494",9,105,592,2296,843,1710010605,"17100105","WCR","RaDFHEwt_fwn_WCR","RaDFHEwt","RaDFHEwt_fwn",32,"fwn","RaDFHEwt","RaDFHEwt_fwn","Douglas-fir Hemlock-Wet Mesic",5
"7_53_49_85466",9,105,592,2296,2128,1710010605,"17100105","WCR","RaDFHEwt_fwn_WCR","RaDFHEwt","RaDFHEwt_fwn",32,"fwn","RaDFHEwt","RaDFHEwt_fwn","Douglas-fir Hemlock-Wet Mesic",5
"7_53_69_92637",9,85,488,2295,2126,1708000604,"17080006B","WCR","RaSSHE_fss_WCR","RaSSHE","RaSSHE_fss",60,"fss","RaSSHE","RaSSHE_fss","Sitka Spruce - Western Hemlock",5
"7_53_69_80487",9,85,488,2295,2609,1708000604,"17080006B","WCR","RaSSHE_fss_WCR","RaSSHE","RaSSHE_fss",60,"fss","RaSSHE","RaSSHE_fss","Sitka Spruce - Western Hemlock",5
"2_41_11_92652",6,119,675,2350,2174,1710030601,"17100305","OSW","RaDFHEwt_fwn_OSW","RaDFHEwt","RaDFHEwt_fwn",32,"fwn","RaDFHEwt","RaDFHEwt_fwn","Douglas-fir Hemlock-Wet Mesic",5
"2_41_15_54976",6,119,675,2350,1122,1710030601,"17100305","OSW","RaDFHEwt_fwn_OSW","RaDFHEwt","RaDFHEwt_fwn",32,"fwn","RaDFHEwt","RaDFHEwt_fwn","Douglas-fir Hemlock-Wet Mesic",5
"2_41_15_87807",6,119,677,1311,597,1710030603,"17100305","OSW","RaTAOAco_ftm_1710030603","RaTAOAco","RaTAOAco_ftm",47,"ftm","RaTAOAco","RaTAOAco_ftm","Oregon Coastal Tanoak",1
"2_41_15_55364",6,119,678,2347,1268,1710030604,"17100305","OSW","RaDFHEwt_fwm_OSW","RaDFHEwt","RaDFHEwt_fwm",33,"fwm","RaDFHEwt","RaDFHEwt_fwm","Douglas-fir Hemlock-Wet Mesic",5
"2_41_15_82687",6,125,718,1552,1873,1710031203,"17100311","OSW","RaTAOAco_ftm_1710031203","RaTAOAco","RaTAOAco_ftm",47,"ftm","RaTAOAco","RaTAOAco_ftm","Oregon Coastal Tanoak",1
"2_41_15_75870",6,125,720,1557,795,1710031205,"17100311","OSW","RaTAOAco_ftm_1710031205","RaTAOAco","RaTAOAco_ftm",47,"ftm","RaTAOAco","RaTAOAco_ftm","Oregon Coastal Tanoak",1
"2_41_15_65603",6,125,719,2354,250,1710031204,"17100311","OSW","RaSSHE_fss_OSW","RaSSHE","RaSSHE_fss",60,"fss","RaSSHE","RaSSHE_fss","Sitka Spruce - Western Hemlock",5
"2_41_15_63083",6,125,719,1575,778,1710031204,"17100311","OSW","RaTAOAco_ftm_1710031204","RaTAOAco","RaTAOAco_ftm",47,"ftm","RaTAOAco","RaTAOAco_ftm","Oregon Coastal Tanoak",1
"0_41_7_92503",3,84,485,2314,2830,1708000601,"17080005","OCR","RaSSHE_fss_OCR","RaSSHE","RaSSHE_fss",60,"fss","RaSSHE","RaSSHE_fss","Sitka Spruce - Western Hemlock",5
"0_41_7_57711",3,84,485,2315,1635,1708000601,"17080005","OCR","RaDFHEwt_fwn_OCR","RaDFHEwt","RaDFHEwt_fwn",32,"fwn","RaDFHEwt","RaDFHEwt_fwn","Douglas-fir Hemlock-Wet Mesic",5
"0_41_7_77283",3,84,486,2314,1539,1708000602,"17080005","OCR","RaSSHE_fss_OCR","RaSSHE","RaSSHE_fss",60,"fss","RaSSHE","RaSSHE_fss","Sitka Spruce - Western Hemlock",5
"0_41_7_61624",3,84,486,2315,927,1708000602,"17080005","OCR","RaDFHEwt_fwn_OCR","RaDFHEwt","RaDFHEwt_fwn",32,"fwn","RaDFHEwt","RaDFHEwt_fwn","Douglas-fir Hemlock-Wet Mesic",5
"0_41_7_95388",3,107,596,2315,1382,1710020203,"17100201","OCR","RaDFHEwt_fwn_OCR","RaDFHEwt","RaDFHEwt_fwn",32,"fwn","RaDFHEwt","RaDFHEwt_fwn","Douglas-fir Hemlock-Wet Mesic",5
"0_41_7_65662",3,107,596,2314,2025,1710020203,"17100201","OCR","RaSSHE_fss_OCR","RaSSHE","RaSSHE_fss",60,"fss","RaSSHE","RaSSHE_fss","Sitka Spruce - Western Hemlock",5
"0_41_7_65055",3,107,596,2314,1939,1710020203,"17100201","OCR","RaSSHE_fss_OCR","RaSSHE","RaSSHE_fss",60,"fss","RaSSHE","RaSSHE_fss","Sitka Spruce - Western Hemlock",5
"0_41_7_78301",3,107,596,2315,2183,1710020203,"17100201","OCR","RaDFHEwt_fwn_OCR","RaDFHEwt","RaDFHEwt_fwn",32,"fwn","RaDFHEwt","RaDFHEwt_fwn","Douglas-fir Hemlock-Wet Mesic",5
"0_41_57_71778",3,107,596,2315,1794,1710020203,"17100201","OCR","RaDFHEwt_fwn_OCR","RaDFHEwt","RaDFHEwt_fwn",32,"fwn","RaDFHEwt","RaDFHEwt_fwn","Douglas-fir Hemlock-Wet Mesic",5
"0_41_57_52269",3,107,597,2315,597,1710020204,"17100201","OCR","RaDFHEwt_fwn_OCR","RaDFHEwt","RaDFHEwt_fwn",32,"fwn","RaDFHEwt","RaDFHEwt_fwn","Douglas-fir Hemlock-Wet Mesic",5
"0_41_57_89494",3,108,604,2020,882,1710020305,"17100202","OCR","RaDFHEdy_fwi_17100203","RaDFHEdy","RaDFHEdy_fwi",31,"fwi","RaDFHEdy","RaDFHEdy_fwi","Douglas-fir Hemlock-Dry Mesic",3
"0_41_57_50739",3,108,604,2020,797,1710020305,"17100202","OCR","RaDFHEdy_fwi_17100203","RaDFHEdy","RaDFHEdy_fwi",31,"fwi","RaDFHEdy","RaDFHEdy_fwi","Douglas-fir Hemlock-Dry Mesic",3
"0_41_57_89978",3,108,604,2315,1496,1710020305,"17100202","OCR","RaDFHEwt_fwn_OCR","RaDFHEwt","RaDFHEwt_fwn",32,"fwn","RaDFHEwt","RaDFHEwt_fwn","Douglas-fir Hemlock-Wet Mesic",5
"0_41_57_51187",3,108,604,2315,1459,1710020305,"17100202","OCR","RaDFHEwt_fwn_OCR","RaDFHEwt","RaDFHEwt_fwn",32,"fwn","RaDFHEwt","RaDFHEwt_fwn","Douglas-fir Hemlock-Wet Mesic",5
"0_41_57_66267",3,108,603,2020,1405,1710020304,"17100202","OCR","RaDFHEdy_fwi_17100203","RaDFHEdy","RaDFHEdy_fwi",31,"fwi","RaDFHEdy","RaDFHEdy_fwi","Douglas-fir Hemlock-Dry Mesic",3
"0_41_57_81222",3,108,601,2315,1105,1710020302,"17100202","OCR","RaDFHEwt_fwn_OCR","RaDFHEwt","RaDFHEwt_fwn",32,"fwn","RaDFHEwt","RaDFHEwt_fwn","Douglas-fir Hemlock-Wet Mesic",5
"0_41_57_71028",3,108,601,2315,704,1710020302,"17100202","OCR","RaDFHEwt_fwn_OCR","RaDFHEwt","RaDFHEwt_fwn",32,"fwn","RaDFHEwt","RaDFHEwt_fwn","Douglas-fir Hemlock-Wet Mesic",5
"0_41_71_70187",3,94,534,2315,2242,1709000801,"17090007","OCR","RaDFHEwt_fwn_OCR","RaDFHEwt","RaDFHEwt_fwn",32,"fwn","RaDFHEwt","RaDFHEwt_fwn","Douglas-fir Hemlock-Wet Mesic",5
"0_41_53_72868",3,94,536,2031,1895,1709000803,"17090007","OCR","RaDFHEdy_fwi_17090008","RaDFHEdy","RaDFHEdy_fwi",31,"fwi","RaDFHEdy","RaDFHEdy_fwi","Douglas-fir Hemlock-Dry Mesic",3
"0_41_53_52394",3,93,530,2315,470,1709000701,"17090006","OCR","RaDFHEwt_fwn_OCR","RaDFHEwt","RaDFHEwt_fwn",32,"fwn","RaDFHEwt","RaDFHEwt_fwn","Douglas-fir Hemlock-Wet Mesic",5
"0_41_53_51787",3,88,507,2315,779,1709000305,"17090002","OCR","RaDFHEwt_fwn_OCR","RaDFHEwt","RaDFHEwt_fwn",32,"fwn","RaDFHEwt","RaDFHEwt_fwn","Douglas-fir Hemlock-Wet Mesic",5
"0_41_53_60776",3,88,507,2073,919,1709000305,"17090002","OCR","RaDFHEdy_fwi_17090003A","RaDFHEdy","RaDFHEdy_fwi",31,"fwi","RaDFHEdy","RaDFHEdy_fwi","Douglas-fir Hemlock-Dry Mesic",3
"0_41_53_60925",3,88,507,2315,871,1709000305,"17090002","OCR","RaDFHEwt_fwn_OCR","RaDFHEwt","RaDFHEwt_fwn",32,"fwn","RaDFHEwt","RaDFHEwt_fwn","Douglas-fir Hemlock-Wet Mesic",5
"0_41_53_81365",3,88,507,2315,1995,1709000305,"17090002","OCR","RaDFHEwt_fwn_OCR","RaDFHEwt","RaDFHEwt_fwn",32,"fwn","RaDFHEwt","RaDFHEwt_fwn","Douglas-fir Hemlock-Wet Mesic",5
"0_41_53_86844",3,88,507,2315,1397,1709000305,"17090002","OCR","RaDFHEwt_fwn_OCR","RaDFHEwt","RaDFHEwt_fwn",32,"fwn","RaDFHEwt","RaDFHEwt_fwn","Douglas-fir Hemlock-Wet Mesic",5
"1_41_3_77159",3,88,507,2316,999,1709000305,"17090002","OCR","RaDFHEwt_fww_OCR","RaDFHEwt","RaDFHEwt_fww",34,"fww","RaDFHEwt","RaDFHEwt_fww","Douglas-fir Hemlock-Wet Mesic",5
"1_41_3_60641",3,88,507,2315,1332,1709000305,"17090002","OCR","RaDFHEwt_fwn_OCR","RaDFHEwt","RaDFHEwt_fwn",32,"fwn","RaDFHEwt","RaDFHEwt_fwn","Douglas-fir Hemlock-Wet Mesic",5
"1_41_3_74443",3,88,504,2315,1131,1709000302,"17090002","OCR","RaDFHEwt_fwn_OCR","RaDFHEwt","RaDFHEwt_fwn",32,"fwn","RaDFHEwt","RaDFHEwt_fwn","Douglas-fir Hemlock-Wet Mesic",5
"1_41_3_54623",3,88,504,2315,755,1709000302,"17090002","OCR","RaDFHEwt_fwn_OCR","RaDFHEwt","RaDFHEwt_fwn",32,"fwn","RaDFHEwt","RaDFHEwt_fwn","Douglas-fir Hemlock-Wet Mesic",5
"1_41_3_59033",3,88,504,2315,2151,1709000302,"17090002","OCR","RaDFHEwt_fwn_OCR","RaDFHEwt","RaDFHEwt_fwn",32,"fwn","RaDFHEwt","RaDFHEwt_fwn","Douglas-fir Hemlock-Wet Mesic",5
"1_41_3_83086",3,88,504,2073,137,1709000302,"17090002","OCR","RaDFHEdy_fwi_17090003A","RaDFHEdy","RaDFHEdy_fwi",31,"fwi","RaDFHEdy","RaDFHEdy_fwi","Douglas-fir Hemlock-Dry Mesic",3
"1_41_3_91100",3,88,504,2073,1225,1709000302,"17090002","OCR","RaDFHEdy_fwi_17090003A","RaDFHEdy","RaDFHEdy_fwi",31,"fwi","RaDFHEdy","RaDFHEdy_fwi","Douglas-fir Hemlock-Dry Mesic",3
"1_41_3_55859",3,110,618,2101,2544,1710020501,"17100204","OCR","RaDFHEdy_fwi_17100205","RaDFHEdy","RaDFHEdy_fwi",31,"fwi","RaDFHEdy","RaDFHEdy_fwi","Douglas-fir Hemlock-Dry Mesic",3
"1_41_3_58267",3,110,618,2315,1524,1710020501,"17100204","OCR","RaDFHEwt_fwn_OCR","RaDFHEwt","RaDFHEwt_fwn",32,"fwn","RaDFHEwt","RaDFHEwt_fwn","Douglas-fir Hemlock-Wet Mesic",5
"1_41_3_65606",3,110,618,2315,1127,1710020501,"17100204","OCR","RaDFHEwt_fwn_OCR","RaDFHEwt","RaDFHEwt_fwn",32,"fwn","RaDFHEwt","RaDFHEwt_fwn","Douglas-fir Hemlock-Wet Mesic",5
"1_41_39_52136",3,111,630,2122,1191,1710020606,"17100205","OCR","RaDFHEdy_fwi_17100206","RaDFHEdy","RaDFHEdy_fwi",31,"fwi","RaDFHEdy","RaDFHEdy_fwi","Douglas-fir Hemlock-Dry Mesic",3
"1_41_39_86598",3,111,625,2122,1037,1710020601,"17100205","OCR","RaDFHEdy_fwi_17100206","RaDFHEdy","RaDFHEdy_fwi",31,"fwi","RaDFHEdy","RaDFHEdy_fwi","Douglas-fir Hemlock-Dry Mesic",3
"1_41_39_52947",3,111,627,2122,678,1710020603,"17100205","OCR","RaDFHEdy_fwi_17100206","RaDFHEdy","RaDFHEdy_fwi",31,"fwi","RaDFHEdy","RaDFHEdy_fwi","Douglas-fir Hemlock-Dry Mesic",3
"1_41_39_66574",3,111,627,2122,484,1710020603,"17100205","OCR","RaDFHEdy_fwi_17100206","RaDFHEdy","RaDFHEdy_fwi",31,"fwi","RaDFHEdy","RaDFHEdy_fwi","Douglas-fir Hemlock-Dry Mesic",3
"1_41_39_82965",3,111,627,2122,871,1710020603,"17100205","OCR","RaDFHEdy_fwi_17100206","RaDFHEdy","RaDFHEdy_fwi",31,"fwi","RaDFHEdy","RaDFHEdy_fwi","Douglas-fir Hemlock-Dry Mesic",3
"2_41_19_96430",3,116,663,1017,1049,1710030306,"17100303B","OCR","RaDFWV_fwx_1710030306","RaDFWV","RaDFWV_fwx",37,"fwx","RaDFWV","RaDFWV_fwx","Douglas-fir Willamatte Valley Foothills",1
"2_41_19_75071",3,116,660,1042,803,1710030303,"17100303B","OCR","RaDFWV_fwx_1710030303","RaDFWV","RaDFWV_fwx",37,"fwx","RaDFWV","RaDFWV_fwx","Douglas-fir Willamatte Valley Foothills",1
"2_41_19_51735",3,116,660,2150,1051,1710030303,"17100303B","OCR","Na0210350_fvg_17100303A","Na0210350","Na0210350_fvg",25,"fvg","Na0210350","Na0210350_fvg","North Pacific Dry Douglas-fir Forest and Woodland",3
"2_41_19_69271",3,116,660,1042,917,1710030303,"17100303B","OCR","RaDFWV_fwx_1710030303","RaDFWV","RaDFWV_fwx",37,"fwx","RaDFWV","RaDFWV_fwx","Douglas-fir Willamatte Valley Foothills",1
"2_41_19_52034",3,116,659,2150,1097,1710030302,"17100303B","OCR","Na0210350_fvg_17100303A","Na0210350","Na0210350_fvg",25,"fvg","Na0210350","Na0210350_fvg","North Pacific Dry Douglas-fir Forest and Woodland",3
"2_41_19_94866",6,115,658,1090,1640,1710030301,"17100302","OSW","RaMCONsw_fvw_1710030301","RaMCONsw","RaMCONsw_fvw",21,"fvw","RaMCONsw","RaMCONsw_fvw","Mixed Conifer - Southwest Oregon",1
"2_41_19_85735",3,116,659,1077,1201,1710030302,"17100303B","OCR","RaDFWV_fwx_1710030302","RaDFWV","RaDFWV_fwx",37,"fwx","RaDFWV","RaDFWV_fwx","Douglas-fir Willamatte Valley Foothills",1
"2_41_19_82361",3,116,659,1077,1344,1710030302,"17100303B","OCR","RaDFWV_fwx_1710030302","RaDFWV","RaDFWV_fwx",37,"fwx","RaDFWV","RaDFWV_fwx","Douglas-fir Willamatte Valley Foothills",1
"2_41_19_66816",6,114,653,1262,1844,1710030209,"17100301","OSW","Na0710270_fdd_1710030209","Na0710270","Na0710270_fdd",43,"fdd","Na0710270","Na0710270_fdd","Mediterranean California Dry-Mesic Mixed Conifer Forest and Woodland",1
"2_41_19_61911",6,114,653,1262,1283,1710030209,"17100301","OSW","Na0710270_fdd_1710030209","Na0710270","Na0710270_fdd",43,"fdd","Na0710270","Na0710270_fdd","Mediterranean California Dry-Mesic Mixed Conifer Forest and Woodland",1
"2_41_19_82502",6,114,651,1316,1953,1710030207,"17100301","OSW","Na0710270_fdd_1710030207","Na0710270","Na0710270_fdd",43,"fdd","Na0710270","Na0710270_fdd","Mediterranean California Dry-Mesic Mixed Conifer Forest and Woodland",1
"2_41_33_84767",6,123,699,1379,1099,1710031003,"17100309","OSW","Na0710270_fdd_1710031003","Na0710270","Na0710270_fdd",43,"fdd","Na0710270","Na0710270_fdd","Mediterranean California Dry-Mesic Mixed Conifer Forest and Woodland",1
"2_41_33_66871",6,123,699,1379,1742,1710031003,"17100309","OSW","Na0710270_fdd_1710031003","Na0710270","Na0710270_fdd",43,"fdd","Na0710270","Na0710270_fdd","Mediterranean California Dry-Mesic Mixed Conifer Forest and Woodland",1
"2_41_33_71150",6,123,699,1379,1398,1710031003,"17100309","OSW","Na0710270_fdd_1710031003","Na0710270","Na0710270_fdd",43,"fdd","Na0710270","Na0710270_fdd","Mediterranean California Dry-Mesic Mixed Conifer Forest and Woodland",1
"2_41_33_86445",6,123,699,1379,1629,1710031003,"17100309","OSW","Na0710270_fdd_1710031003","Na0710270","Na0710270_fdd",43,"fdd","Na0710270","Na0710270_fdd","Mediterranean California Dry-Mesic Mixed Conifer Forest and Woodland",1
"2_41_33_79924",6,123,697,1464,1385,1710031001,"17100309","OSW","Na0710270_fdd_1710031001","Na0710270","Na0710270_fdd",43,"fdd","Na0710270","Na0710270_fdd","Mediterranean California Dry-Mesic Mixed Conifer Forest and Woodland",1
"2_41_33_75378",6,121,690,1535,1152,1710030804,"17100307","OSW","RaPIPOm_fpd_1710030804","RaPIPOm","RaPIPOm_fpd",51,"fpd","RaPIPOm","RaPIPOm_fpd","Dry Ponderosa Pine - Mesic",1
"2_41_33_96649",6,122,696,1558,795,1710030906,"17100308","OSW","Na0710270_fdd_1710030906","Na0710270","Na0710270_fdd",43,"fdd","Na0710270","Na0710270_fdd","Mediterranean California Dry-Mesic Mixed Conifer Forest and Woodland",1
"2_41_33_54395",6,122,696,1558,1857,1710030906,"17100308","OSW","Na0710270_fdd_1710030906","Na0710270","Na0710270_fdd",43,"fdd","Na0710270","Na0710270_fdd","Mediterranean California Dry-Mesic Mixed Conifer Forest and Woodland",1
"2_41_33_51692",6,122,695,1641,1207,1710030905,"17100308","OSW","RaMCONsw_fiw_1710030905","RaMCONsw","RaMCONsw_fiw",20,"fiw","RaMCONsw","RaMCONsw_fiw","Mixed Conifer - Southwest Oregon",1
"2_41_33_52954",6,124,706,2245,1420,1710031102,"17100310","OSW","RaREFI_fcw_17100311","RaREFI","RaREFI_fcw",19,"fcw","RaREFI","RaREFI_fcw","Red Fir",3
"2_41_33_70421",6,124,706,2245,2363,1710031102,"17100310","OSW","RaREFI_fcw_17100311","RaREFI","RaREFI_fcw",19,"fcw","RaREFI","RaREFI_fcw","Red Fir",3
"2_41_33_96786",6,124,706,2245,1593,1710031102,"17100310","OSW","RaREFI_fcw_17100311","RaREFI","RaREFI_fcw",19,"fcw","RaREFI","RaREFI_fcw","Red Fir",3
"2_41_33_70452",6,124,706,1669,1634,1710031102,"17100310","OSW","RaMCONsw_fiw_1710031102","RaMCONsw","RaMCONsw_fiw",20,"fiw","RaMCONsw","RaMCONsw_fiw","Mixed Conifer - Southwest Oregon",1
"6_53_9_95085",9,146,809,1817,815,1711002103,"17110020","WCR","RaDFHEdy_fwi_17110021","RaDFHEdy","RaDFHEdy_fwi",31,"fwi","RaDFHEdy","RaDFHEdy_fwi","Douglas-fir Hemlock-Dry Mesic",3
"6_53_9_53144",9,146,809,2296,845,1711002103,"17110020","WCR","RaDFHEwt_fwn_WCR","RaDFHEwt","RaDFHEwt_fwn",32,"fwn","RaDFHEwt","RaDFHEwt_fwn","Douglas-fir Hemlock-Wet Mesic",5
"6_53_9_75436",9,145,807,2296,1278,1711002005,"17110019","WCR","RaDFHEwt_fwn_WCR","RaDFHEwt","RaDFHEwt_fwn",32,"fwn","RaDFHEwt","RaDFHEwt_fwn","Douglas-fir Hemlock-Wet Mesic",5
"6_53_31_56793",9,101,573,2295,925,1710010204,"17100101","WCR","RaSSHE_fss_WCR","RaSSHE","RaSSHE_fss",60,"fss","RaSSHE","RaSSHE_fss","Sitka Spruce - Western Hemlock",5
"6_53_27_90637",9,104,585,2296,1353,1710010501,"17100104","WCR","RaDFHEwt_fwn_WCR","RaDFHEwt","RaDFHEwt_fwn",32,"fwn","RaDFHEwt","RaDFHEwt_fwn","Douglas-fir Hemlock-Wet Mesic",5
"6_53_27_82260",9,104,585,2297,1439,1710010501,"17100104","WCR","RaABAMup_fst_WCR","RaABAMup","RaABAMup_fst",13,"fst","RaABAMup","RaABAMup_fst","Pacific Silver Fir - High Elevation",5
"6_53_27_53587",9,104,585,2297,990,1710010501,"17100104","WCR","RaABAMup_fst_WCR","RaABAMup","RaABAMup_fst",13,"fst","RaABAMup","RaABAMup_fst","Pacific Silver Fir - High Elevation",5
"6_53_27_93932",9,104,585,2296,871,1710010501,"17100104","WCR","RaDFHEwt_fwn_WCR","RaDFHEwt","RaDFHEwt_fwn",32,"fwn","RaDFHEwt","RaDFHEwt_fwn","Douglas-fir Hemlock-Wet Mesic",5
"6_53_27_92103",9,103,582,2296,707,1710010402,"17100103","WCR","RaDFHEwt_fwn_WCR","RaDFHEwt","RaDFHEwt_fwn",32,"fwn","RaDFHEwt","RaDFHEwt_fwn","Douglas-fir Hemlock-Wet Mesic",5
"6_53_27_90424",9,104,585,2296,1289,1710010501,"17100104","WCR","RaDFHEwt_fwn_WCR","RaDFHEwt","RaDFHEwt_fwn",32,"fwn","RaDFHEwt","RaDFHEwt_fwn","Douglas-fir Hemlock-Wet Mesic",5
"6_53_27_58417",9,103,583,2295,1272,1710010403,"17100103","WCR","RaSSHE_fss_WCR","RaSSHE","RaSSHE_fss",60,"fss","RaSSHE","RaSSHE_fss","Sitka Spruce - Western Hemlock",5
"6_53_27_64523",9,103,582,2296,1240,1710010402,"17100103","WCR","RaDFHEwt_fwn_WCR","RaDFHEwt","RaDFHEwt_fwn",32,"fwn","RaDFHEwt","RaDFHEwt_fwn","Douglas-fir Hemlock-Wet Mesic",5
"6_53_27_63904",9,103,582,2296,2015,1710010402,"17100103","WCR","RaDFHEwt_fwn_WCR","RaDFHEwt","RaDFHEwt_fwn",32,"fwn","RaDFHEwt","RaDFHEwt_fwn","Douglas-fir Hemlock-Wet Mesic",5
"6_53_27_71157",9,103,582,2296,1558,1710010402,"17100103","WCR","RaDFHEwt_fwn_WCR","RaDFHEwt","RaDFHEwt_fwn",32,"fwn","RaDFHEwt","RaDFHEwt_fwn","Douglas-fir Hemlock-Wet Mesic",5
"6_53_27_73566",9,103,582,2296,1025,1710010402,"17100103","WCR","RaDFHEwt_fwn_WCR","RaDFHEwt","RaDFHEwt_fwn",32,"fwn","RaDFHEwt","RaDFHEwt_fwn","Douglas-fir Hemlock-Wet Mesic",5
"6_53_27_77244",9,103,584,2295,1068,1710010404,"17100103","WCR","RaSSHE_fss_WCR","RaSSHE","RaSSHE_fss",60,"fss","RaSSHE","RaSSHE_fss","Sitka Spruce - Western Hemlock",5
"6_53_27_60868",9,105,588,1934,1665,1710010601,"17100105","WCR","RaDFHEdy_fwi_17100106","RaDFHEdy","RaDFHEdy_fwi",31,"fwi","RaDFHEdy","RaDFHEdy_fwi","Douglas-fir Hemlock-Dry Mesic",3
"6_53_27_57479",9,105,588,2296,1648,1710010601,"17100105","WCR","RaDFHEwt_fwn_WCR","RaDFHEwt","RaDFHEwt_fwn",32,"fwn","RaDFHEwt","RaDFHEwt_fwn","Douglas-fir Hemlock-Wet Mesic",5
"7_53_49_93046",9,105,589,2296,1688,1710010602,"17100105","WCR","RaDFHEwt_fwn_WCR","RaDFHEwt","RaDFHEwt_fwn",32,"fwn","RaDFHEwt","RaDFHEwt_fwn","Douglas-fir Hemlock-Wet Mesic",5
"7_53_49_82916",9,105,590,2295,399,1710010603,"17100105","WCR","RaSSHE_fss_WCR","RaSSHE","RaSSHE_fss",60,"fss","RaSSHE","RaSSHE_fss","Sitka Spruce - Western Hemlock",5
"7_53_49_71082",9,105,590,2296,1819,1710010603,"17100105","WCR","RaDFHEwt_fwn_WCR","RaDFHEwt","RaDFHEwt_fwn",32,"fwn","RaDFHEwt","RaDFHEwt_fwn","Douglas-fir Hemlock-Wet Mesic",5
"0_41_7_58305",3,107,596,2314,2134,1710020203,"17100201","OCR","RaSSHE_fss_OCR","RaSSHE","RaSSHE_fss",60,"fss","RaSSHE","RaSSHE_fss","Sitka Spruce - Western Hemlock",5
"0_41_57_99667",3,107,597,2319,1083,1710020204,"17100201","OCR","RaABAMup_fsi_OCR","RaABAMup","RaABAMup_fsi",15,"fsi","RaABAMup","RaABAMup_fsi","Pacific Silver Fir - High Elevation",5
"0_41_57_50516",3,107,597,2315,2526,1710020204,"17100201","OCR","RaDFHEwt_fwn_OCR","RaDFHEwt","RaDFHEwt_fwn",32,"fwn","RaDFHEwt","RaDFHEwt_fwn","Douglas-fir Hemlock-Wet Mesic",5
"0_41_57_79227",3,107,597,1986,916,1710020204,"17100201","OCR","RaDFHEdy_fwi_17100202","RaDFHEdy","RaDFHEdy_fwi",31,"fwi","RaDFHEdy","RaDFHEdy_fwi","Douglas-fir Hemlock-Dry Mesic",3
"0_41_57_84915",3,108,604,2020,920,1710020305,"17100202","OCR","RaDFHEdy_fwi_17100203","RaDFHEdy","RaDFHEdy_fwi",31,"fwi","RaDFHEdy","RaDFHEdy_fwi","Douglas-fir Hemlock-Dry Mesic",3
"0_41_57_83275",3,108,604,2315,1166,1710020305,"17100202","OCR","RaDFHEwt_fwn_OCR","RaDFHEwt","RaDFHEwt_fwn",32,"fwn","RaDFHEwt","RaDFHEwt_fwn","Douglas-fir Hemlock-Wet Mesic",5
"0_41_57_88518",3,108,604,2020,1329,1710020305,"17100202","OCR","RaDFHEdy_fwi_17100203","RaDFHEdy","RaDFHEdy_fwi",31,"fwi","RaDFHEdy","RaDFHEdy_fwi","Douglas-fir Hemlock-Dry Mesic",3
"0_41_57_92780",3,108,603,2020,1197,1710020304,"17100202","OCR","RaDFHEdy_fwi_17100203","RaDFHEdy","RaDFHEdy_fwi",31,"fwi","RaDFHEdy","RaDFHEdy_fwi","Douglas-fir Hemlock-Dry Mesic",3
"0_41_57_51746",3,108,603,2315,815,1710020304,"17100202","OCR","RaDFHEwt_fwn_OCR","RaDFHEwt","RaDFHEwt_fwn",32,"fwn","RaDFHEwt","RaDFHEwt_fwn","Douglas-fir Hemlock-Wet Mesic",5
"0_41_57_93393",3,108,603,2315,876,1710020304,"17100202","OCR","RaDFHEwt_fwn_OCR","RaDFHEwt","RaDFHEwt_fwn",32,"fwn","RaDFHEwt","RaDFHEwt_fwn","Douglas-fir Hemlock-Wet Mesic",5
"0_41_57_87791",3,108,603,2315,1716,1710020304,"17100202","OCR","RaDFHEwt_fwn_OCR","RaDFHEwt","RaDFHEwt_fwn",32,"fwn","RaDFHEwt","RaDFHEwt_fwn","Douglas-fir Hemlock-Wet Mesic",5
"0_41_57_57958",3,108,601,2315,1661,1710020302,"17100202","OCR","RaDFHEwt_fwn_OCR","RaDFHEwt","RaDFHEwt_fwn",32,"fwn","RaDFHEwt","RaDFHEwt_fwn","Douglas-fir Hemlock-Wet Mesic",5
"0_41_57_56006",3,108,601,2315,1214,1710020302,"17100202","OCR","RaDFHEwt_fwn_OCR","RaDFHEwt","RaDFHEwt_fwn",32,"fwn","RaDFHEwt","RaDFHEwt_fwn","Douglas-fir Hemlock-Wet Mesic",5
"0_41_57_79969",3,108,601,2315,1045,1710020302,"17100202","OCR","RaDFHEwt_fwn_OCR","RaDFHEwt","RaDFHEwt_fwn",32,"fwn","RaDFHEwt","RaDFHEwt_fwn","Douglas-fir Hemlock-Wet Mesic",5
"0_41_71_98999",3,94,534,2315,2359,1709000801,"17090007","OCR","RaDFHEwt_fwn_OCR","RaDFHEwt","RaDFHEwt_fwn",32,"fwn","RaDFHEwt","RaDFHEwt_fwn","Douglas-fir Hemlock-Wet Mesic",5
"0_41_71_87064",3,94,534,2315,1707,1709000801,"17090007","OCR","RaDFHEwt_fwn_OCR","RaDFHEwt","RaDFHEwt_fwn",32,"fwn","RaDFHEwt","RaDFHEwt_fwn","Douglas-fir Hemlock-Wet Mesic",5
"0_41_53_91583",3,94,535,562,1541,1709000802,"17090007","OCR","RaDFWV_fwx_1709000802","RaDFWV","RaDFWV_fwx",37,"fwx","RaDFWV","RaDFWV_fwx","Douglas-fir Willamatte Valley Foothills",1
"0_41_53_95690",3,94,536,575,1888,1709000803,"17090007","OCR","RaDFWV_fwx_1709000803","RaDFWV","RaDFWV_fwx",37,"fwx","RaDFWV","RaDFWV_fwx","Douglas-fir Willamatte Valley Foothills",1
"0_41_53_94670",3,94,535,562,1069,1709000802,"17090007","OCR","RaDFWV_fwx_1709000802","RaDFWV","RaDFWV_fwx",37,"fwx","RaDFWV","RaDFWV_fwx","Douglas-fir Willamatte Valley Foothills",1
"0_41_53_68149",3,94,536,2031,709,1709000803,"17090007","OCR","RaDFHEdy_fwi_17090008","RaDFHEdy","RaDFHEdy_fwi",31,"fwi","RaDFHEdy","RaDFHEdy_fwi","Douglas-fir Hemlock-Dry Mesic",3
"0_41_53_76444",3,94,536,2031,912,1709000803,"17090007","OCR","RaDFHEdy_fwi_17090008","RaDFHEdy","RaDFHEdy_fwi",31,"fwi","RaDFHEdy","RaDFHEdy_fwi","Douglas-fir Hemlock-Dry Mesic",3
"1_41_3_67697",3,88,504,708,1289,1709000302,"17090002","OCR","RaDFWV_fwx_1709000302","RaDFWV","RaDFWV_fwx",37,"fwx","RaDFWV","RaDFWV_fwx","Douglas-fir Willamatte Valley Foothills",1
"1_41_3_57893",3,88,504,2315,1544,1709000302,"17090002","OCR","RaDFHEwt_fwn_OCR","RaDFHEwt","RaDFHEwt_fwn",32,"fwn","RaDFHEwt","RaDFHEwt_fwn","Douglas-fir Hemlock-Wet Mesic",5
"1_41_3_71229",3,88,504,2315,888,1709000302,"17090002","OCR","RaDFHEwt_fwn_OCR","RaDFHEwt","RaDFHEwt_fwn",32,"fwn","RaDFHEwt","RaDFHEwt_fwn","Douglas-fir Hemlock-Wet Mesic",5
"1_41_3_94011",3,110,618,789,549,1710020501,"17100204","OCR","RaDFWV_fwx_1710020501","RaDFWV","RaDFWV_fwx",37,"fwx","RaDFWV","RaDFWV_fwx","Douglas-fir Willamatte Valley Foothills",1
"1_41_39_96478",3,111,630,2122,844,1710020606,"17100205","OCR","RaDFHEdy_fwi_17100206","RaDFHEdy","RaDFHEdy_fwi",31,"fwi","RaDFHEdy","RaDFHEdy_fwi","Douglas-fir Hemlock-Dry Mesic",3
"1_41_39_79304",3,88,503,2073,648,1709000301,"17090002","OCR","RaDFHEdy_fwi_17090003A","RaDFHEdy","RaDFHEdy_fwi",31,"fwi","RaDFHEdy","RaDFHEdy_fwi","Douglas-fir Hemlock-Dry Mesic",3
"1_41_39_54560",3,88,503,840,1413,1709000301,"17090002","OCR","RaDFWV_fwx_1709000301","RaDFWV","RaDFWV_fwx",37,"fwx","RaDFWV","RaDFWV_fwx","Douglas-fir Willamatte Valley Foothills",1
"1_41_39_89021",3,88,503,840,2486,1709000301,"17090002","OCR","RaDFWV_fwx_1709000301","RaDFWV","RaDFWV_fwx",37,"fwx","RaDFWV","RaDFWV_fwx","Douglas-fir Willamatte Valley Foothills",1
"1_41_39_56430",3,88,503,840,3151,1709000301,"17090002","OCR","RaDFWV_fwx_1709000301","RaDFWV","RaDFWV_fwx",37,"fwx","RaDFWV","RaDFWV_fwx","Douglas-fir Willamatte Valley Foothills",1
"1_41_39_92587",3,111,625,2122,1555,1710020601,"17100205","OCR","RaDFHEdy_fwi_17100206","RaDFHEdy","RaDFHEdy_fwi",31,"fwi","RaDFHEdy","RaDFHEdy_fwi","Douglas-fir Hemlock-Dry Mesic",3
"1_41_39_58751",3,111,625,2122,1419,1710020601,"17100205","OCR","RaDFHEdy_fwi_17100206","RaDFHEdy","RaDFHEdy_fwi",31,"fwi","RaDFHEdy","RaDFHEdy_fwi","Douglas-fir Hemlock-Dry Mesic",3
"1_41_39_79048",3,111,627,2122,1181,1710020603,"17100205","OCR","RaDFHEdy_fwi_17100206","RaDFHEdy","RaDFHEdy_fwi",31,"fwi","RaDFHEdy","RaDFHEdy_fwi","Douglas-fir Hemlock-Dry Mesic",3
"1_41_39_91335",3,111,627,974,973,1710020603,"17100205","OCR","RaDFWV_fwx_1710020603","RaDFWV","RaDFWV_fwx",37,"fwx","RaDFWV","RaDFWV_fwx","Douglas-fir Willamatte Valley Foothills",1
"2_41_19_86841",3,116,663,2150,511,1710030306,"17100303B","OCR","Na0210350_fvg_17100303A","Na0210350","Na0210350_fvg",25,"fvg","Na0210350","Na0210350_fvg","North Pacific Dry Douglas-fir Forest and Woodland",3
"2_41_19_67189",3,116,663,1017,701,1710030306,"17100303B","OCR","RaDFWV_fwx_1710030306","RaDFWV","RaDFWV_fwx",37,"fwx","RaDFWV","RaDFWV_fwx","Douglas-fir Willamatte Valley Foothills",1
"2_41_19_93334",3,116,660,2150,735,1710030303,"17100303B","OCR","Na0210350_fvg_17100303A","Na0210350","Na0210350_fvg",25,"fvg","Na0210350","Na0210350_fvg","North Pacific Dry Douglas-fir Forest and Woodland",3
"2_41_19_61556",3,116,660,2150,765,1710030303,"17100303B","OCR","Na0210350_fvg_17100303A","Na0210350","Na0210350_fvg",25,"fvg","Na0210350","Na0210350_fvg","North Pacific Dry Douglas-fir Forest and Woodland",3
"2_41_19_87574",3,116,660,1041,989,1710030303,"17100303B","OCR","Na0210290_fdw_1710030303","Na0210290","Na0210290_fdw",44,"fdw","Na0210290","Na0210290_fdw","Mediterranean California Mixed Oak Woodland",1
"2_41_19_94171",3,116,660,1041,718,1710030303,"17100303B","OCR","Na0210290_fdw_1710030303","Na0210290","Na0210290_fdw",44,"fdw","Na0210290","Na0210290_fdw","Mediterranean California Mixed Oak Woodland",1
"2_41_19_62011",3,116,659,2150,955,1710030302,"17100303B","OCR","Na0210350_fvg_17100303A","Na0210350","Na0210350_fvg",25,"fvg","Na0210350","Na0210350_fvg","North Pacific Dry Douglas-fir Forest and Woodland",3
"2_41_19_58700",6,114,655,1217,2462,1710030211,"17100301","OSW","Na0710270_fdd_1710030211","Na0710270","Na0710270_fdd",43,"fdd","Na0710270","Na0710270_fdd","Mediterranean California Dry-Mesic Mixed Conifer Forest and Woodland",1
"2_41_19_96088",6,114,655,1217,1480,1710030211,"17100301","OSW","Na0710270_fdd_1710030211","Na0710270","Na0710270_fdd",43,"fdd","Na0710270","Na0710270_fdd","Mediterranean California Dry-Mesic Mixed Conifer Forest and Woodland",1
"2_41_19_84345",6,114,655,1217,1691,1710030211,"17100301","OSW","Na0710270_fdd_1710030211","Na0710270","Na0710270_fdd",43,"fdd","Na0710270","Na0710270_fdd","Mediterranean California Dry-Mesic Mixed Conifer Forest and Woodland",1
"2_41_19_84466",6,114,653,1262,1145,1710030209,"17100301","OSW","Na0710270_fdd_1710030209","Na0710270","Na0710270_fdd",43,"fdd","Na0710270","Na0710270_fdd","Mediterranean California Dry-Mesic Mixed Conifer Forest and Woodland",1
"2_41_19_53146",6,114,653,1262,1765,1710030209,"17100301","OSW","Na0710270_fdd_1710030209","Na0710270","Na0710270_fdd",43,"fdd","Na0710270","Na0710270_fdd","Mediterranean California Dry-Mesic Mixed Conifer Forest and Woodland",1
"2_41_19_72221",6,114,653,1266,1401,1710030209,"17100301","OSW","RaMCONsw_fdm_1710030209","RaMCONsw","RaMCONsw_fdm",41,"fdm","RaMCONsw","RaMCONsw_fdm","Mixed Conifer - Southwest Oregon",1
"2_41_19_96950",6,114,653,1266,1548,1710030209,"17100301","OSW","RaMCONsw_fdm_1710030209","RaMCONsw","RaMCONsw_fdm",41,"fdm","RaMCONsw","RaMCONsw_fdm","Mixed Conifer - Southwest Oregon",1
"2_41_19_56507",6,114,651,1316,1635,1710030207,"17100301","OSW","Na0710270_fdd_1710030207","Na0710270","Na0710270_fdd",43,"fdd","Na0710270","Na0710270_fdd","Mediterranean California Dry-Mesic Mixed Conifer Forest and Woodland",1
"2_41_33_53932",6,123,699,1379,1502,1710031003,"17100309","OSW","Na0710270_fdd_1710031003","Na0710270","Na0710270_fdd",43,"fdd","Na0710270","Na0710270_fdd","Mediterranean California Dry-Mesic Mixed Conifer Forest and Woodland",1
"2_41_33_81932",6,122,696,1558,716,1710030906,"17100308","OSW","Na0710270_fdd_1710030906","Na0710270","Na0710270_fdd",43,"fdd","Na0710270","Na0710270_fdd","Mediterranean California Dry-Mesic Mixed Conifer Forest and Woodland",1
"2_41_33_71987",6,122,695,1639,946,1710030905,"17100308","OSW","Na0710270_fdd_1710030905","Na0710270","Na0710270_fdd",43,"fdd","Na0710270","Na0710270_fdd","Mediterranean California Dry-Mesic Mixed Conifer Forest and Woodland",1
"2_41_33_90007",6,122,695,1639,2286,1710030905,"17100308","OSW","Na0710270_fdd_1710030905","Na0710270","Na0710270_fdd",43,"fdd","Na0710270","Na0710270_fdd","Mediterranean California Dry-Mesic Mixed Conifer Forest and Woodland",1
"2_41_33_53097",6,122,695,1641,825,1710030905,"17100308","OSW","RaMCONsw_fiw_1710030905","RaMCONsw","RaMCONsw_fiw",20,"fiw","RaMCONsw","RaMCONsw_fiw","Mixed Conifer - Southwest Oregon",1
"2_41_33_82095",6,124,706,2245,1197,1710031102,"17100310","OSW","RaREFI_fcw_17100311","RaREFI","RaREFI_fcw",19,"fcw","RaREFI","RaREFI_fcw","Red Fir",3
"2_41_33_75478",6,124,706,1669,1202,1710031102,"17100310","OSW","RaMCONsw_fiw_1710031102","RaMCONsw","RaMCONsw_fiw",20,"fiw","RaMCONsw","RaMCONsw_fiw","Mixed Conifer - Southwest Oregon",1
"2_41_33_99650",6,122,691,2259,1703,1710030901,"17100308","OSW","RaREFI_fcw_17100309","RaREFI","RaREFI_fcw",19,"fcw","RaREFI","RaREFI_fcw","Red Fir",3
"2_41_33_91473",6,122,691,2259,2643,1710030901,"17100308","OSW","RaREFI_fcw_17100309","RaREFI","RaREFI_fcw",19,"fcw","RaREFI","RaREFI_fcw","Red Fir",3
"2_41_33_64078",6,122,691,1727,2406,1710030901,"17100308","OSW","RaMCONsw_fiw_1710030901","RaMCONsw","RaMCONsw_fiw",20,"fiw","RaMCONsw","RaMCONsw_fiw","Mixed Conifer - Southwest Oregon",1
"2_41_33_74390",6,122,691,1727,2255,1710030901,"17100308","OSW","RaMCONsw_fiw_1710030901","RaMCONsw","RaMCONsw_fiw",20,"fiw","RaMCONsw","RaMCONsw_fiw","Mixed Conifer - Southwest Oregon",1
"6_53_9_87562",9,145,807,2296,1539,1711002005,"17110019","WCR","RaDFHEwt_fwn_WCR","RaDFHEwt","RaDFHEwt_fwn",32,"fwn","RaDFHEwt","RaDFHEwt_fwn","Douglas-fir Hemlock-Wet Mesic",5
"6_53_9_76856",9,145,807,1837,746,1711002005,"17110019","WCR","RaDFHEdy_fdg_17110020","RaDFHEdy","RaDFHEdy_fdg",24,"fdg","RaDFHEdy","RaDFHEdy_fdg","Douglas-fir Hemlock-Dry Mesic",3
"6_53_31_76200",9,101,573,2300,1819,1710010204,"17100101","WCR","Na0710411_fmt_WCR","Na0710411","Na0710411_fmt",5,"fmt","Na0710411","Na0710411_fmt","North Pacific Mountain Hemlock Forest - Wet",5
"6_53_31_69762",9,101,573,2300,989,1710010204,"17100101","WCR","Na0710411_fmt_WCR","Na0710411","Na0710411_fmt",5,"fmt","Na0710411","Na0710411_fmt","North Pacific Mountain Hemlock Forest - Wet",5
"6_53_31_83490",9,101,573,2300,2360,1710010204,"17100101","WCR","Na0710411_fmt_WCR","Na0710411","Na0710411_fmt",5,"fmt","Na0710411","Na0710411_fmt","North Pacific Mountain Hemlock Forest - Wet",5
"6_53_31_82896",9,101,573,2297,1433,1710010204,"17100101","WCR","RaABAMup_fst_WCR","RaABAMup","RaABAMup_fst",13,"fst","RaABAMup","RaABAMup_fst","Pacific Silver Fir - High Elevation",5
"6_53_31_80272",9,101,573,2297,2189,1710010204,"17100101","WCR","RaABAMup_fst_WCR","RaABAMup","RaABAMup_fst",13,"fst","RaABAMup","RaABAMup_fst","Pacific Silver Fir - High Elevation",5
"6_53_27_80970",9,104,585,2300,659,1710010501,"17100104","WCR","Na0710411_fmt_WCR","Na0710411","Na0710411_fmt",5,"fmt","Na0710411","Na0710411_fmt","North Pacific Mountain Hemlock Forest - Wet",5
"6_53_27_87406",9,103,582,2296,900,1710010402,"17100103","WCR","RaDFHEwt_fwn_WCR","RaDFHEwt","RaDFHEwt_fwn",32,"fwn","RaDFHEwt","RaDFHEwt_fwn","Douglas-fir Hemlock-Wet Mesic",5
"6_53_27_83174",9,104,585,2297,687,1710010501,"17100104","WCR","RaABAMup_fst_WCR","RaABAMup","RaABAMup_fst",13,"fst","RaABAMup","RaABAMup_fst","Pacific Silver Fir - High Elevation",5
"6_53_27_84179",9,103,582,2296,1270,1710010402,"17100103","WCR","RaDFHEwt_fwn_WCR","RaDFHEwt","RaDFHEwt_fwn",32,"fwn","RaDFHEwt","RaDFHEwt_fwn","Douglas-fir Hemlock-Wet Mesic",5
"6_53_27_93400",9,103,582,2296,1606,1710010402,"17100103","WCR","RaDFHEwt_fwn_WCR","RaDFHEwt","RaDFHEwt_fwn",32,"fwn","RaDFHEwt","RaDFHEwt_fwn","Douglas-fir Hemlock-Wet Mesic",5
"6_53_27_53650",9,103,582,2296,1169,1710010402,"17100103","WCR","RaDFHEwt_fwn_WCR","RaDFHEwt","RaDFHEwt_fwn",32,"fwn","RaDFHEwt","RaDFHEwt_fwn","Douglas-fir Hemlock-Wet Mesic",5
"6_53_27_77502",9,103,582,2295,694,1710010402,"17100103","WCR","RaSSHE_fss_WCR","RaSSHE","RaSSHE_fss",60,"fss","RaSSHE","RaSSHE_fss","Sitka Spruce - Western Hemlock",5
"6_53_27_52529",9,103,582,2296,1744,1710010402,"17100103","WCR","RaDFHEwt_fwn_WCR","RaDFHEwt","RaDFHEwt_fwn",32,"fwn","RaDFHEwt","RaDFHEwt_fwn","Douglas-fir Hemlock-Wet Mesic",5
"6_53_27_68093",9,105,588,1934,1855,1710010601,"17100105","WCR","RaDFHEdy_fwi_17100106","RaDFHEdy","RaDFHEdy_fwi",31,"fwi","RaDFHEdy","RaDFHEdy_fwi","Douglas-fir Hemlock-Dry Mesic",3
"7_53_49_82117",9,105,590,2296,1010,1710010603,"17100105","WCR","RaDFHEwt_fwn_WCR","RaDFHEwt","RaDFHEwt_fwn",32,"fwn","RaDFHEwt","RaDFHEwt_fwn","Douglas-fir Hemlock-Wet Mesic",5
"7_53_49_86076",9,105,590,1934,521,1710010603,"17100105","WCR","RaDFHEdy_fwi_17100106","RaDFHEdy","RaDFHEdy_fwi",31,"fwi","RaDFHEdy","RaDFHEdy_fwi","Douglas-fir Hemlock-Dry Mesic",3
"7_53_49_64672",9,105,590,2296,1694,1710010603,"17100105","WCR","RaDFHEwt_fwn_WCR","RaDFHEwt","RaDFHEwt_fwn",32,"fwn","RaDFHEwt","RaDFHEwt_fwn","Douglas-fir Hemlock-Wet Mesic",5
"7_53_49_82467",9,105,590,2296,1942,1710010603,"17100105","WCR","RaDFHEwt_fwn_WCR","RaDFHEwt","RaDFHEwt_fwn",32,"fwn","RaDFHEwt","RaDFHEwt_fwn","Douglas-fir Hemlock-Wet Mesic",5
"7_53_49_69562",9,105,590,2296,1083,1710010603,"17100105","WCR","RaDFHEwt_fwn_WCR","RaDFHEwt","RaDFHEwt_fwn",32,"fwn","RaDFHEwt","RaDFHEwt_fwn","Douglas-fir Hemlock-Wet Mesic",5
"7_53_49_51871",9,105,590,2296,2402,1710010603,"17100105","WCR","RaDFHEwt_fwn_WCR","RaDFHEwt","RaDFHEwt_fwn",32,"fwn","RaDFHEwt","RaDFHEwt_fwn","Douglas-fir Hemlock-Wet Mesic",5
"7_53_49_89379",9,105,590,2296,1003,1710010603,"17100105","WCR","RaDFHEwt_fwn_WCR","RaDFHEwt","RaDFHEwt_fwn",32,"fwn","RaDFHEwt","RaDFHEwt_fwn","Douglas-fir Hemlock-Wet Mesic",5
"7_53_49_54371",9,85,487,2296,1998,1708000603,"17080006B","WCR","RaDFHEwt_fwn_WCR","RaDFHEwt","RaDFHEwt_fwn",32,"fwn","RaDFHEwt","RaDFHEwt_fwn","Douglas-fir Hemlock-Wet Mesic",5
"7_53_49_53321",9,85,487,2295,980,1708000603,"17080006B","WCR","RaSSHE_fss_WCR","RaSSHE","RaSSHE_fss",60,"fss","RaSSHE","RaSSHE_fss","Sitka Spruce - Western Hemlock",5
"7_53_69_58666",9,85,487,2296,1250,1708000603,"17080006B","WCR","RaDFHEwt_fwn_WCR","RaDFHEwt","RaDFHEwt_fwn",32,"fwn","RaDFHEwt","RaDFHEwt_fwn","Douglas-fir Hemlock-Wet Mesic",5
"7_53_69_60407",9,85,488,2295,2692,1708000604,"17080006B","WCR","RaSSHE_fss_WCR","RaSSHE","RaSSHE_fss",60,"fss","RaSSHE","RaSSHE_fss","Sitka Spruce - Western Hemlock",5
"0_41_7_84847",3,84,485,2314,2158,1708000601,"17080005","OCR","RaSSHE_fss_OCR","RaSSHE","RaSSHE_fss",60,"fss","RaSSHE","RaSSHE_fss","Sitka Spruce - Western Hemlock",5
"0_41_7_56407",3,84,485,2314,2872,1708000601,"17080005","OCR","RaSSHE_fss_OCR","RaSSHE","RaSSHE_fss",60,"fss","RaSSHE","RaSSHE_fss","Sitka Spruce - Western Hemlock",5
"0_41_7_59081",3,84,485,2315,1917,1708000601,"17080005","OCR","RaDFHEwt_fwn_OCR","RaDFHEwt","RaDFHEwt_fwn",32,"fwn","RaDFHEwt","RaDFHEwt_fwn","Douglas-fir Hemlock-Wet Mesic",5
"0_41_7_69960",3,84,485,2314,1323,1708000601,"17080005","OCR","RaSSHE_fss_OCR","RaSSHE","RaSSHE_fss",60,"fss","RaSSHE","RaSSHE_fss","Sitka Spruce - Western Hemlock",5
"0_41_7_91851",3,84,485,2314,1223,1708000601,"17080005","OCR","RaSSHE_fss_OCR","RaSSHE","RaSSHE_fss",60,"fss","RaSSHE","RaSSHE_fss","Sitka Spruce - Western Hemlock",5
"0_41_7_98696",3,84,485,2315,1206,1708000601,"17080005","OCR","RaDFHEwt_fwn_OCR","RaDFHEwt","RaDFHEwt_fwn",32,"fwn","RaDFHEwt","RaDFHEwt_fwn","Douglas-fir Hemlock-Wet Mesic",5
"0_41_7_91340",3,107,596,2315,1415,1710020203,"17100201","OCR","RaDFHEwt_fwn_OCR","RaDFHEwt","RaDFHEwt_fwn",32,"fwn","RaDFHEwt","RaDFHEwt_fwn","Douglas-fir Hemlock-Wet Mesic",5
"0_41_7_51466",3,107,596,2314,1250,1710020203,"17100201","OCR","RaSSHE_fss_OCR","RaSSHE","RaSSHE_fss",60,"fss","RaSSHE","RaSSHE_fss","Sitka Spruce - Western Hemlock",5
"0_41_7_82736",3,107,596,2315,2146,1710020203,"17100201","OCR","RaDFHEwt_fwn_OCR","RaDFHEwt","RaDFHEwt_fwn",32,"fwn","RaDFHEwt","RaDFHEwt_fwn","Douglas-fir Hemlock-Wet Mesic",5
"0_41_7_82960",3,107,597,1986,1424,1710020204,"17100201","OCR","RaDFHEdy_fwi_17100202","RaDFHEdy","RaDFHEdy_fwi",31,"fwi","RaDFHEdy","RaDFHEdy_fwi","Douglas-fir Hemlock-Dry Mesic",3
"0_41_57_55566",3,108,604,2020,780,1710020305,"17100202","OCR","RaDFHEdy_fwi_17100203","RaDFHEdy","RaDFHEdy_fwi",31,"fwi","RaDFHEdy","RaDFHEdy_fwi","Douglas-fir Hemlock-Dry Mesic",3
"0_41_57_74871",3,108,603,2020,856,1710020304,"17100202","OCR","RaDFHEdy_fwi_17100203","RaDFHEdy","RaDFHEdy_fwi",31,"fwi","RaDFHEdy","RaDFHEdy_fwi","Douglas-fir Hemlock-Dry Mesic",3
"0_41_57_87496",3,108,603,2315,2049,1710020304,"17100202","OCR","RaDFHEwt_fwn_OCR","RaDFHEwt","RaDFHEwt_fwn",32,"fwn","RaDFHEwt","RaDFHEwt_fwn","Douglas-fir Hemlock-Wet Mesic",5
"0_41_71_78716",3,94,534,2315,1526,1709000801,"17090007","OCR","RaDFHEwt_fwn_OCR","RaDFHEwt","RaDFHEwt_fwn",32,"fwn","RaDFHEwt","RaDFHEwt_fwn","Douglas-fir Hemlock-Wet Mesic",5
"0_41_53_84881",3,94,536,575,1090,1709000803,"17090007","OCR","RaDFWV_fwx_1709000803","RaDFWV","RaDFWV_fwx",37,"fwx","RaDFWV","RaDFWV_fwx","Douglas-fir Willamatte Valley Foothills",1
"0_41_53_72057",3,94,536,575,521,1709000803,"17090007","OCR","RaDFWV_fwx_1709000803","RaDFWV","RaDFWV_fwx",37,"fwx","RaDFWV","RaDFWV_fwx","Douglas-fir Willamatte Valley Foothills",1
"0_41_53_76309",3,93,530,606,1294,1709000701,"17090006","OCR","RaDFWV_fwx_1709000701","RaDFWV","RaDFWV_fwx",37,"fwx","RaDFWV","RaDFWV_fwx","Douglas-fir Willamatte Valley Foothills",1
"0_41_53_59466",3,88,507,639,1052,1709000305,"17090002","OCR","RaDFWV_fwx_1709000305","RaDFWV","RaDFWV_fwx",37,"fwx","RaDFWV","RaDFWV_fwx","Douglas-fir Willamatte Valley Foothills",1
"0_41_53_95857",3,88,507,2315,2404,1709000305,"17090002","OCR","RaDFHEwt_fwn_OCR","RaDFHEwt","RaDFHEwt_fwn",32,"fwn","RaDFHEwt","RaDFHEwt_fwn","Douglas-fir Hemlock-Wet Mesic",5
"0_41_53_94919",3,88,507,2315,973,1709000305,"17090002","OCR","RaDFHEwt_fwn_OCR","RaDFHEwt","RaDFHEwt_fwn",32,"fwn","RaDFHEwt","RaDFHEwt_fwn","Douglas-fir Hemlock-Wet Mesic",5
"0_41_53_66333",3,88,507,2315,1317,1709000305,"17090002","OCR","RaDFHEwt_fwn_OCR","RaDFHEwt","RaDFHEwt_fwn",32,"fwn","RaDFHEwt","RaDFHEwt_fwn","Douglas-fir Hemlock-Wet Mesic",5
"1_41_3_84111",3,88,507,2315,1494,1709000305,"17090002","OCR","RaDFHEwt_fwn_OCR","RaDFHEwt","RaDFHEwt_fwn",32,"fwn","RaDFHEwt","RaDFHEwt_fwn","Douglas-fir Hemlock-Wet Mesic",5
"1_41_3_58789",3,88,507,639,1299,1709000305,"17090002","OCR","RaDFWV_fwx_1709000305","RaDFWV","RaDFWV_fwx",37,"fwx","RaDFWV","RaDFWV_fwx","Douglas-fir Willamatte Valley Foothills",1
"1_41_3_89893",3,88,504,708,1149,1709000302,"17090002","OCR","RaDFWV_fwx_1709000302","RaDFWV","RaDFWV_fwx",37,"fwx","RaDFWV","RaDFWV_fwx","Douglas-fir Willamatte Valley Foothills",1
"1_41_3_99409",3,88,504,708,2046,1709000302,"17090002","OCR","RaDFWV_fwx_1709000302","RaDFWV","RaDFWV_fwx",37,"fwx","RaDFWV","RaDFWV_fwx","Douglas-fir Willamatte Valley Foothills",1
"1_41_3_65152",3,88,504,708,2728,1709000302,"17090002","OCR","RaDFWV_fwx_1709000302","RaDFWV","RaDFWV_fwx",37,"fwx","RaDFWV","RaDFWV_fwx","Douglas-fir Willamatte Valley Foothills",1
"1_41_3_56306",3,88,504,2315,1405,1709000302,"17090002","OCR","RaDFHEwt_fwn_OCR","RaDFHEwt","RaDFHEwt_fwn",32,"fwn","RaDFHEwt","RaDFHEwt_fwn","Douglas-fir Hemlock-Wet Mesic",5
"1_41_3_62323",3,88,504,2073,550,1709000302,"17090002","OCR","RaDFHEdy_fwi_17090003A","RaDFHEdy","RaDFHEdy_fwi",31,"fwi","RaDFHEdy","RaDFHEdy_fwi","Douglas-fir Hemlock-Dry Mesic",3
"1_41_3_70620",3,88,504,708,1535,1709000302,"17090002","OCR","RaDFWV_fwx_1709000302","RaDFWV","RaDFWV_fwx",37,"fwx","RaDFWV","RaDFWV_fwx","Douglas-fir Willamatte Valley Foothills",1
"1_41_3_72239",3,88,504,2073,504,1709000302,"17090002","OCR","RaDFHEdy_fwi_17090003A","RaDFHEdy","RaDFHEdy_fwi",31,"fwi","RaDFHEdy","RaDFHEdy_fwi","Douglas-fir Hemlock-Dry Mesic",3
"1_41_39_89307",3,111,627,2122,866,1710020603,"17100205","OCR","RaDFHEdy_fwi_17100206","RaDFHEdy","RaDFHEdy_fwi",31,"fwi","RaDFHEdy","RaDFHEdy_fwi","Douglas-fir Hemlock-Dry Mesic",3
"1_41_39_52714",3,111,627,974,1592,1710020603,"17100205","OCR","RaDFWV_fwx_1710020603","RaDFWV","RaDFWV_fwx",37,"fwx","RaDFWV","RaDFWV_fwx","Douglas-fir Willamatte Valley Foothills",1
"2_41_19_72643",3,116,663,2147,542,1710030306,"17100303B","OCR","RaDFHEdy_fwi_17100303A","RaDFHEdy","RaDFHEdy_fwi",31,"fwi","RaDFHEdy","RaDFHEdy_fwi","Douglas-fir Hemlock-Dry Mesic",3
"2_41_19_60405",3,116,660,1042,670,1710030303,"17100303B","OCR","RaDFWV_fwx_1710030303","RaDFWV","RaDFWV_fwx",37,"fwx","RaDFWV","RaDFWV_fwx","Douglas-fir Willamatte Valley Foothills",1
"2_41_19_64024",3,116,660,2147,976,1710030303,"17100303B","OCR","RaDFHEdy_fwi_17100303A","RaDFHEdy","RaDFHEdy_fwi",31,"fwi","RaDFHEdy","RaDFHEdy_fwi","Douglas-fir Hemlock-Dry Mesic",3
"2_41_19_84418",6,115,658,1090,644,1710030301,"17100302","OSW","RaMCONsw_fvw_1710030301","RaMCONsw","RaMCONsw_fvw",21,"fvw","RaMCONsw","RaMCONsw_fvw","Mixed Conifer - Southwest Oregon",1
"2_41_19_80723",6,115,658,1096,1237,1710030301,"17100302","OSW","Na0210290_fwo_1710030301","Na0210290","Na0210290_fwo",57,"fwo","Na0210290","Na0210290_fwo","Mediterranean California Mixed Oak Woodland",1
"2_41_19_76694",6,113,644,1125,1255,1710030111,"17100207","OSW","Na0210290_fwo_1710030111","Na0210290","Na0210290_fwo",57,"fwo","Na0210290","Na0210290_fwo","Mediterranean California Mixed Oak Woodland",1
"2_41_19_71447",6,114,657,1156,178,1710030213,"17100301","OSW","Na0210290_fwo_1710030213","Na0210290","Na0210290_fwo",57,"fwo","Na0210290","Na0210290_fwo","Mediterranean California Mixed Oak Woodland",1
"2_41_19_72340",6,114,653,1262,678,1710030209,"17100301","OSW","Na0710270_fdd_1710030209","Na0710270","Na0710270_fdd",43,"fdd","Na0710270","Na0710270_fdd","Mediterranean California Dry-Mesic Mixed Conifer Forest and Woodland",1
"2_41_19_68785",6,114,651,1316,1047,1710030207,"17100301","OSW","Na0710270_fdd_1710030207","Na0710270","Na0710270_fdd",43,"fdd","Na0710270","Na0710270_fdd","Mediterranean California Dry-Mesic Mixed Conifer Forest and Woodland",1
"2_41_19_55048",6,114,651,1316,1583,1710030207,"17100301","OSW","Na0710270_fdd_1710030207","Na0710270","Na0710270_fdd",43,"fdd","Na0710270","Na0710270_fdd","Mediterranean California Dry-Mesic Mixed Conifer Forest and Woodland",1
"2_41_33_51281",6,123,699,1379,2848,1710031003,"17100309","OSW","Na0710270_fdd_1710031003","Na0710270","Na0710270_fdd",43,"fdd","Na0710270","Na0710270_fdd","Mediterranean California Dry-Mesic Mixed Conifer Forest and Woodland",1
"2_41_33_80758",6,123,697,1464,920,1710031001,"17100309","OSW","Na0710270_fdd_1710031001","Na0710270","Na0710270_fdd",43,"fdd","Na0710270","Na0710270_fdd","Mediterranean California Dry-Mesic Mixed Conifer Forest and Woodland",1
"2_41_33_90737",6,123,697,1464,1036,1710031001,"17100309","OSW","Na0710270_fdd_1710031001","Na0710270","Na0710270_fdd",43,"fdd","Na0710270","Na0710270_fdd","Mediterranean California Dry-Mesic Mixed Conifer Forest and Woodland",1
"2_41_33_85179",6,123,697,1464,2228,1710031001,"17100309","OSW","Na0710270_fdd_1710031001","Na0710270","Na0710270_fdd",43,"fdd","Na0710270","Na0710270_fdd","Mediterranean California Dry-Mesic Mixed Conifer Forest and Woodland",1
"2_41_33_69072",6,123,697,1484,1220,1710031001,"17100309","OSW","Na0210290_fwo_1710031001","Na0210290","Na0210290_fwo",57,"fwo","Na0210290","Na0210290_fwo","Mediterranean California Mixed Oak Woodland",1
"2_41_33_91458",6,121,690,1534,700,1710030804,"17100307","OSW","Na0710270_fdd_1710030804","Na0710270","Na0710270_fdd",43,"fdd","Na0710270","Na0710270_fdd","Mediterranean California Dry-Mesic Mixed Conifer Forest and Woodland",1
"2_41_33_75650",6,122,696,1558,861,1710030906,"17100308","OSW","Na0710270_fdd_1710030906","Na0710270","Na0710270_fdd",43,"fdd","Na0710270","Na0710270_fdd","Mediterranean California Dry-Mesic Mixed Conifer Forest and Woodland",1
"2_41_33_63934",6,122,695,1639,1192,1710030905,"17100308","OSW","Na0710270_fdd_1710030905","Na0710270","Na0710270_fdd",43,"fdd","Na0710270","Na0710270_fdd","Mediterranean California Dry-Mesic Mixed Conifer Forest and Woodland",1
"2_41_33_86808",6,122,695,1639,2835,1710030905,"17100308","OSW","Na0710270_fdd_1710030905","Na0710270","Na0710270_fdd",43,"fdd","Na0710270","Na0710270_fdd","Mediterranean California Dry-Mesic Mixed Conifer Forest and Woodland",1
"2_41_33_86563",6,122,691,1727,2380,1710030901,"17100308","OSW","RaMCONsw_fiw_1710030901","RaMCONsw","RaMCONsw_fiw",20,"fiw","RaMCONsw","RaMCONsw_fiw","Mixed Conifer - Southwest Oregon",1
"2_41_33_84193",6,122,691,2259,1592,1710030901,"17100308","OSW","RaREFI_fcw_17100309","RaREFI","RaREFI_fcw",19,"fcw","RaREFI","RaREFI_fcw","Red Fir",3
"2_41_33_55525",6,122,691,1727,1357,1710030901,"17100308","OSW","RaMCONsw_fiw_1710030901","RaMCONsw","RaMCONsw_fiw",20,"fiw","RaMCONsw","RaMCONsw_fiw","Mixed Conifer - Southwest Oregon",1
"2_41_33_96211",6,122,691,1727,2807,1710030901,"17100308","OSW","RaMCONsw_fiw_1710030901","RaMCONsw","RaMCONsw_fiw",20,"fiw","RaMCONsw","RaMCONsw_fiw","Mixed Conifer - Southwest Oregon",1
"2_41_33_60082",6,122,691,2259,2049,1710030901,"17100308","OSW","RaREFI_fcw_17100309","RaREFI","RaREFI_fcw",19,"fcw","RaREFI","RaREFI_fcw","Red Fir",3
"6_53_9_70837",9,146,809,2296,1123,1711002103,"17110020","WCR","RaDFHEwt_fwn_WCR","RaDFHEwt","RaDFHEwt_fwn",32,"fwn","RaDFHEwt","RaDFHEwt_fwn","Douglas-fir Hemlock-Wet Mesic",5
"6_53_9_92180",9,146,809,1817,892,1711002103,"17110020","WCR","RaDFHEdy_fwi_17110021","RaDFHEdy","RaDFHEdy_fwi",31,"fwi","RaDFHEdy","RaDFHEdy_fwi","Douglas-fir Hemlock-Dry Mesic",3
"6_53_9_73826",9,145,807,2296,1540,1711002005,"17110019","WCR","RaDFHEwt_fwn_WCR","RaDFHEwt","RaDFHEwt_fwn",32,"fwn","RaDFHEwt","RaDFHEwt_fwn","Douglas-fir Hemlock-Wet Mesic",5
"6_53_9_75764",9,145,807,1853,1015,1711002005,"17110019","WCR","RaABAMlw_fsi_17110020","RaABAMlw","RaABAMlw_fsi",14,"fsi","RaABAMlw","RaABAMlw_fsi","Pacific Silver Fir - Low Elevation",3
"6_53_9_67338",9,145,807,1836,1545,1711002005,"17110019","WCR","RaDFHEdy_fwi_17110020","RaDFHEdy","RaDFHEdy_fwi",31,"fwi","RaDFHEdy","RaDFHEdy_fwi","Douglas-fir Hemlock-Dry Mesic",3
"6_53_31_80746",9,101,573,2296,942,1710010204,"17100101","WCR","RaDFHEwt_fwn_WCR","RaDFHEwt","RaDFHEwt_fwn",32,"fwn","RaDFHEwt","RaDFHEwt_fwn","Douglas-fir Hemlock-Wet Mesic",5
"6_53_27_65806",9,103,582,2297,1524,1710010402,"17100103","WCR","RaABAMup_fst_WCR","RaABAMup","RaABAMup_fst",13,"fst","RaABAMup","RaABAMup_fst","Pacific Silver Fir - High Elevation",5
"6_53_27_86862",9,103,582,2297,1168,1710010402,"17100103","WCR","RaABAMup_fst_WCR","RaABAMup","RaABAMup_fst",13,"fst","RaABAMup","RaABAMup_fst","Pacific Silver Fir - High Elevation",5
"6_53_27_88656",9,103,582,2297,1233,1710010402,"17100103","WCR","RaABAMup_fst_WCR","RaABAMup","RaABAMup_fst",13,"fst","RaABAMup","RaABAMup_fst","Pacific Silver Fir - High Elevation",5
"6_53_27_53481",9,103,582,2296,1400,1710010402,"17100103","WCR","RaDFHEwt_fwn_WCR","RaDFHEwt","RaDFHEwt_fwn",32,"fwn","RaDFHEwt","RaDFHEwt_fwn","Douglas-fir Hemlock-Wet Mesic",5
"6_53_27_94711",9,103,582,1909,1576,1710010402,"17100103","WCR","RaDFHEdy_fdg_17100104","RaDFHEdy","RaDFHEdy_fdg",24,"fdg","RaDFHEdy","RaDFHEdy_fdg","Douglas-fir Hemlock-Dry Mesic",3
"6_53_27_89350",9,103,582,2296,1288,1710010402,"17100103","WCR","RaDFHEwt_fwn_WCR","RaDFHEwt","RaDFHEwt_fwn",32,"fwn","RaDFHEwt","RaDFHEwt_fwn","Douglas-fir Hemlock-Wet Mesic",5
"6_53_27_88966",9,103,582,2296,1230,1710010402,"17100103","WCR","RaDFHEwt_fwn_WCR","RaDFHEwt","RaDFHEwt_fwn",32,"fwn","RaDFHEwt","RaDFHEwt_fwn","Douglas-fir Hemlock-Wet Mesic",5
"6_53_27_70131",9,103,582,2296,1491,1710010402,"17100103","WCR","RaDFHEwt_fwn_WCR","RaDFHEwt","RaDFHEwt_fwn",32,"fwn","RaDFHEwt","RaDFHEwt_fwn","Douglas-fir Hemlock-Wet Mesic",5
"6_53_27_77470",9,103,581,2296,1889,1710010401,"17100103","WCR","RaDFHEwt_fwn_WCR","RaDFHEwt","RaDFHEwt_fwn",32,"fwn","RaDFHEwt","RaDFHEwt_fwn","Douglas-fir Hemlock-Wet Mesic",5
"6_53_27_78792",9,103,581,2296,1863,1710010401,"17100103","WCR","RaDFHEwt_fwn_WCR","RaDFHEwt","RaDFHEwt_fwn",32,"fwn","RaDFHEwt","RaDFHEwt_fwn","Douglas-fir Hemlock-Wet Mesic",5
"6_53_27_80718",9,103,582,2296,1974,1710010402,"17100103","WCR","RaDFHEwt_fwn_WCR","RaDFHEwt","RaDFHEwt_fwn",32,"fwn","RaDFHEwt","RaDFHEwt_fwn","Douglas-fir Hemlock-Wet Mesic",5
"6_53_27_72835",9,105,588,2296,1175,1710010601,"17100105","WCR","RaDFHEwt_fwn_WCR","RaDFHEwt","RaDFHEwt_fwn",32,"fwn","RaDFHEwt","RaDFHEwt_fwn","Douglas-fir Hemlock-Wet Mesic",5
"6_53_27_83216",9,105,588,2296,1208,1710010601,"17100105","WCR","RaDFHEwt_fwn_WCR","RaDFHEwt","RaDFHEwt_fwn",32,"fwn","RaDFHEwt","RaDFHEwt_fwn","Douglas-fir Hemlock-Wet Mesic",5
"6_53_27_51633",9,105,588,2296,1640,1710010601,"17100105","WCR","RaDFHEwt_fwn_WCR","RaDFHEwt","RaDFHEwt_fwn",32,"fwn","RaDFHEwt","RaDFHEwt_fwn","Douglas-fir Hemlock-Wet Mesic",5
"7_53_49_89993",9,105,589,2296,1337,1710010602,"17100105","WCR","RaDFHEwt_fwn_WCR","RaDFHEwt","RaDFHEwt_fwn",32,"fwn","RaDFHEwt","RaDFHEwt_fwn","Douglas-fir Hemlock-Wet Mesic",5
"7_53_69_63680",9,85,487,2295,1915,1708000603,"17080006B","WCR","RaSSHE_fss_WCR","RaSSHE","RaSSHE_fss",60,"fss","RaSSHE","RaSSHE_fss","Sitka Spruce - Western Hemlock",5
"7_53_69_67774",9,85,488,2296,1110,1708000604,"17080006B","WCR","RaDFHEwt_fwn_WCR","RaDFHEwt","RaDFHEwt_fwn",32,"fwn","RaDFHEwt","RaDFHEwt_fwn","Douglas-fir Hemlock-Wet Mesic",5
"0_41_7_96120",3,107,596,2315,644,1710020203,"17100201","OCR","RaDFHEwt_fwn_OCR","RaDFHEwt","RaDFHEwt_fwn",32,"fwn","RaDFHEwt","RaDFHEwt_fwn","Douglas-fir Hemlock-Wet Mesic",5
"0_41_7_66132",3,107,596,2314,1411,1710020203,"17100201","OCR","RaSSHE_fss_OCR","RaSSHE","RaSSHE_fss",60,"fss","RaSSHE","RaSSHE_fss","Sitka Spruce - Western Hemlock",5
"0_41_7_79264",3,107,596,2315,1558,1710020203,"17100201","OCR","RaDFHEwt_fwn_OCR","RaDFHEwt","RaDFHEwt_fwn",32,"fwn","RaDFHEwt","RaDFHEwt_fwn","Douglas-fir Hemlock-Wet Mesic",5
"0_41_57_78030",3,107,597,1986,892,1710020204,"17100201","OCR","RaDFHEdy_fwi_17100202","RaDFHEdy","RaDFHEdy_fwi",31,"fwi","RaDFHEdy","RaDFHEdy_fwi","Douglas-fir Hemlock-Dry Mesic",3
"0_41_57_69902",3,107,597,2315,1178,1710020204,"17100201","OCR","RaDFHEwt_fwn_OCR","RaDFHEwt","RaDFHEwt_fwn",32,"fwn","RaDFHEwt","RaDFHEwt_fwn","Douglas-fir Hemlock-Wet Mesic",5
"0_41_67_98926",3,107,597,2315,1009,1710020204,"17100201","OCR","RaDFHEwt_fwn_OCR","RaDFHEwt","RaDFHEwt_fwn",32,"fwn","RaDFHEwt","RaDFHEwt_fwn","Douglas-fir Hemlock-Wet Mesic",5
"0_41_57_73524",3,108,604,2020,1983,1710020305,"17100202","OCR","RaDFHEdy_fwi_17100203","RaDFHEdy","RaDFHEdy_fwi",31,"fwi","RaDFHEdy","RaDFHEdy_fwi","Douglas-fir Hemlock-Dry Mesic",3
"0_41_57_54921",3,108,604,2315,1171,1710020305,"17100202","OCR","RaDFHEwt_fwn_OCR","RaDFHEwt","RaDFHEwt_fwn",32,"fwn","RaDFHEwt","RaDFHEwt_fwn","Douglas-fir Hemlock-Wet Mesic",5
"0_41_57_69601",3,108,604,2319,964,1710020305,"17100202","OCR","RaABAMup_fsi_OCR","RaABAMup","RaABAMup_fsi",15,"fsi","RaABAMup","RaABAMup_fsi","Pacific Silver Fir - High Elevation",5
"0_41_67_98538",3,108,603,2020,893,1710020304,"17100202","OCR","RaDFHEdy_fwi_17100203","RaDFHEdy","RaDFHEdy_fwi",31,"fwi","RaDFHEdy","RaDFHEdy_fwi","Douglas-fir Hemlock-Dry Mesic",3
"0_41_67_70400",3,108,603,2020,1722,1710020304,"17100202","OCR","RaDFHEdy_fwi_17100203","RaDFHEdy","RaDFHEdy_fwi",31,"fwi","RaDFHEdy","RaDFHEdy_fwi","Douglas-fir Hemlock-Dry Mesic",3
"0_41_71_94772",3,108,603,2020,85,1710020304,"17100202","OCR","RaDFHEdy_fwi_17100203","RaDFHEdy","RaDFHEdy_fwi",31,"fwi","RaDFHEdy","RaDFHEdy_fwi","Douglas-fir Hemlock-Dry Mesic",3
"0_41_71_97815",3,108,603,2020,2234,1710020304,"17100202","OCR","RaDFHEdy_fwi_17100203","RaDFHEdy","RaDFHEdy_fwi",31,"fwi","RaDFHEdy","RaDFHEdy_fwi","Douglas-fir Hemlock-Dry Mesic",3
"0_41_71_89592",3,108,603,2020,936,1710020304,"17100202","OCR","RaDFHEdy_fwi_17100203","RaDFHEdy","RaDFHEdy_fwi",31,"fwi","RaDFHEdy","RaDFHEdy_fwi","Douglas-fir Hemlock-Dry Mesic",3
"0_41_71_70888",3,108,601,2020,1843,1710020302,"17100202","OCR","RaDFHEdy_fwi_17100203","RaDFHEdy","RaDFHEdy_fwi",31,"fwi","RaDFHEdy","RaDFHEdy_fwi","Douglas-fir Hemlock-Dry Mesic",3
"0_41_71_63683",3,94,534,2031,878,1709000801,"17090007","OCR","RaDFHEdy_fwi_17090008","RaDFHEdy","RaDFHEdy_fwi",31,"fwi","RaDFHEdy","RaDFHEdy_fwi","Douglas-fir Hemlock-Dry Mesic",3
"0_41_71_82692",3,108,601,2319,952,1710020302,"17100202","OCR","RaABAMup_fsi_OCR","RaABAMup","RaABAMup_fsi",15,"fsi","RaABAMup","RaABAMup_fsi","Pacific Silver Fir - High Elevation",5
"0_41_71_70954",3,94,534,2031,1588,1709000801,"17090007","OCR","RaDFHEdy_fwi_17090008","RaDFHEdy","RaDFHEdy_fwi",31,"fwi","RaDFHEdy","RaDFHEdy_fwi","Douglas-fir Hemlock-Dry Mesic",3
"0_41_71_64901",3,94,534,2315,1917,1709000801,"17090007","OCR","RaDFHEwt_fwn_OCR","RaDFHEwt","RaDFHEwt_fwn",32,"fwn","RaDFHEwt","RaDFHEwt_fwn","Douglas-fir Hemlock-Wet Mesic",5
"0_41_71_52362",3,94,537,2315,937,1709000804,"17090007","OCR","RaDFHEwt_fwn_OCR","RaDFHEwt","RaDFHEwt_fwn",32,"fwn","RaDFHEwt","RaDFHEwt_fwn","Douglas-fir Hemlock-Wet Mesic",5
"0_41_53_89145",3,94,536,575,317,1709000803,"17090007","OCR","RaDFWV_fwx_1709000803","RaDFWV","RaDFWV_fwx",37,"fwx","RaDFWV","RaDFWV_fwx","Douglas-fir Willamatte Valley Foothills",1
"0_41_53_76048",3,93,530,2035,852,1709000701,"17090006","OCR","RaDFHEdy_fwi_17090007","RaDFHEdy","RaDFHEdy_fwi",31,"fwi","RaDFHEdy","RaDFHEdy_fwi","Douglas-fir Hemlock-Dry Mesic",3
"0_41_53_89346",3,93,530,606,1557,1709000701,"17090006","OCR","RaDFWV_fwx_1709000701","RaDFWV","RaDFWV_fwx",37,"fwx","RaDFWV","RaDFWV_fwx","Douglas-fir Willamatte Valley Foothills",1
"1_41_3_52244",3,88,504,708,1833,1709000302,"17090002","OCR","RaDFWV_fwx_1709000302","RaDFWV","RaDFWV_fwx",37,"fwx","RaDFWV","RaDFWV_fwx","Douglas-fir Willamatte Valley Foothills",1
"1_41_3_78041",3,88,504,708,866,1709000302,"17090002","OCR","RaDFWV_fwx_1709000302","RaDFWV","RaDFWV_fwx",37,"fwx","RaDFWV","RaDFWV_fwx","Douglas-fir Willamatte Valley Foothills",1
"1_41_39_84207",3,88,503,840,2138,1709000301,"17090002","OCR","RaDFWV_fwx_1709000301","RaDFWV","RaDFWV_fwx",37,"fwx","RaDFWV","RaDFWV_fwx","Douglas-fir Willamatte Valley Foothills",1
"1_41_39_93957",3,88,503,840,2244,1709000301,"17090002","OCR","RaDFWV_fwx_1709000301","RaDFWV","RaDFWV_fwx",37,"fwx","RaDFWV","RaDFWV_fwx","Douglas-fir Willamatte Valley Foothills",1
"1_41_39_81815",3,88,503,840,2597,1709000301,"17090002","OCR","RaDFWV_fwx_1709000301","RaDFWV","RaDFWV_fwx",37,"fwx","RaDFWV","RaDFWV_fwx","Douglas-fir Willamatte Valley Foothills",1
"1_41_39_62781",3,88,503,840,1771,1709000301,"17090002","OCR","RaDFWV_fwx_1709000301","RaDFWV","RaDFWV_fwx",37,"fwx","RaDFWV","RaDFWV_fwx","Douglas-fir Willamatte Valley Foothills",1
"1_41_39_59898",3,111,625,2122,1217,1710020601,"17100205","OCR","RaDFHEdy_fwi_17100206","RaDFHEdy","RaDFHEdy_fwi",31,"fwi","RaDFHEdy","RaDFHEdy_fwi","Douglas-fir Hemlock-Dry Mesic",3
"1_41_39_61136",3,111,627,974,1269,1710020603,"17100205","OCR","RaDFWV_fwx_1710020603","RaDFWV","RaDFWV_fwx",37,"fwx","RaDFWV","RaDFWV_fwx","Douglas-fir Willamatte Valley Foothills",1
"1_41_39_66247",3,111,627,2128,895,1710020603,"17100205","OCR","Na0210350_fvg_17100206","Na0210350","Na0210350_fvg",25,"fvg","Na0210350","Na0210350_fvg","North Pacific Dry Douglas-fir Forest and Woodland",3
"2_41_19_54842",3,116,660,1042,677,1710030303,"17100303B","OCR","RaDFWV_fwx_1710030303","RaDFWV","RaDFWV_fwx",37,"fwx","RaDFWV","RaDFWV_fwx","Douglas-fir Willamatte Valley Foothills",1
"2_41_19_87874",3,116,660,2150,794,1710030303,"17100303B","OCR","Na0210350_fvg_17100303A","Na0210350","Na0210350_fvg",25,"fvg","Na0210350","Na0210350_fvg","North Pacific Dry Douglas-fir Forest and Woodland",3
"2_41_19_94036",6,114,657,1146,1549,1710030213,"17100301","OSW","Na0710270_fdd_1710030213","Na0710270","Na0710270_fdd",43,"fdd","Na0710270","Na0710270_fdd","Mediterranean California Dry-Mesic Mixed Conifer Forest and Woodland",1
"2_41_19_73034",6,114,657,1146,717,1710030213,"17100301","OSW","Na0710270_fdd_1710030213","Na0710270","Na0710270_fdd",43,"fdd","Na0710270","Na0710270_fdd","Mediterranean California Dry-Mesic Mixed Conifer Forest and Woodland",1
"2_41_19_89480",6,114,655,1217,1112,1710030211,"17100301","OSW","Na0710270_fdd_1710030211","Na0710270","Na0710270_fdd",43,"fdd","Na0710270","Na0710270_fdd","Mediterranean California Dry-Mesic Mixed Conifer Forest and Woodland",1
"2_41_19_51208",6,114,655,1217,2070,1710030211,"17100301","OSW","Na0710270_fdd_1710030211","Na0710270","Na0710270_fdd",43,"fdd","Na0710270","Na0710270_fdd","Mediterranean California Dry-Mesic Mixed Conifer Forest and Woodland",1
"2_41_19_78018",6,114,649,1241,1417,1710030205,"17100301","OSW","Na0710270_fdd_1710030205","Na0710270","Na0710270_fdd",43,"fdd","Na0710270","Na0710270_fdd","Mediterranean California Dry-Mesic Mixed Conifer Forest and Woodland",1
"2_41_19_59881",6,114,649,1241,1898,1710030205,"17100301","OSW","Na0710270_fdd_1710030205","Na0710270","Na0710270_fdd",43,"fdd","Na0710270","Na0710270_fdd","Mediterranean California Dry-Mesic Mixed Conifer Forest and Woodland",1
"2_41_19_61039",6,114,649,1241,655,1710030205,"17100301","OSW","Na0710270_fdd_1710030205","Na0710270","Na0710270_fdd",43,"fdd","Na0710270","Na0710270_fdd","Mediterranean California Dry-Mesic Mixed Conifer Forest and Woodland",1
"2_41_19_76609",6,114,651,1316,2124,1710030207,"17100301","OSW","Na0710270_fdd_1710030207","Na0710270","Na0710270_fdd",43,"fdd","Na0710270","Na0710270_fdd","Mediterranean California Dry-Mesic Mixed Conifer Forest and Woodland",1
"2_41_33_92960",6,123,699,1379,1615,1710031003,"17100309","OSW","Na0710270_fdd_1710031003","Na0710270","Na0710270_fdd",43,"fdd","Na0710270","Na0710270_fdd","Mediterranean California Dry-Mesic Mixed Conifer Forest and Woodland",1
"2_41_33_91999",6,123,699,1379,1048,1710031003,"17100309","OSW","Na0710270_fdd_1710031003","Na0710270","Na0710270_fdd",43,"fdd","Na0710270","Na0710270_fdd","Mediterranean California Dry-Mesic Mixed Conifer Forest and Woodland",1
"2_41_33_72856",6,123,699,1379,1155,1710031003,"17100309","OSW","Na0710270_fdd_1710031003","Na0710270","Na0710270_fdd",43,"fdd","Na0710270","Na0710270_fdd","Mediterranean California Dry-Mesic Mixed Conifer Forest and Woodland",1
"2_41_33_80344",6,122,696,1558,1520,1710030906,"17100308","OSW","Na0710270_fdd_1710030906","Na0710270","Na0710270_fdd",43,"fdd","Na0710270","Na0710270_fdd","Mediterranean California Dry-Mesic Mixed Conifer Forest and Woodland",1
"2_41_33_50598",6,122,695,1639,650,1710030905,"17100308","OSW","Na0710270_fdd_1710030905","Na0710270","Na0710270_fdd",43,"fdd","Na0710270","Na0710270_fdd","Mediterranean California Dry-Mesic Mixed Conifer Forest and Woodland",1
"2_41_33_94800",6,122,695,1639,1031,1710030905,"17100308","OSW","Na0710270_fdd_1710030905","Na0710270","Na0710270_fdd",43,"fdd","Na0710270","Na0710270_fdd","Mediterranean California Dry-Mesic Mixed Conifer Forest and Woodland",1
"2_41_33_54441",6,122,695,1639,1097,1710030905,"17100308","OSW","Na0710270_fdd_1710030905","Na0710270","Na0710270_fdd",43,"fdd","Na0710270","Na0710270_fdd","Mediterranean California Dry-Mesic Mixed Conifer Forest and Woodland",1
"2_41_33_98150",6,122,695,1639,2130,1710030905,"17100308","OSW","Na0710270_fdd_1710030905","Na0710270","Na0710270_fdd",43,"fdd","Na0710270","Na0710270_fdd","Mediterranean California Dry-Mesic Mixed Conifer Forest and Woodland",1
"2_41_33_89864",6,122,691,1727,1449,1710030901,"17100308","OSW","RaMCONsw_fiw_1710030901","RaMCONsw","RaMCONsw_fiw",20,"fiw","RaMCONsw","RaMCONsw_fiw","Mixed Conifer - Southwest Oregon",1
"2_41_33_54711",6,122,691,1727,1323,1710030901,"17100308","OSW","RaMCONsw_fiw_1710030901","RaMCONsw","RaMCONsw_fiw",20,"fiw","RaMCONsw","RaMCONsw_fiw","Mixed Conifer - Southwest Oregon",1
"2_41_33_65894",6,122,691,1727,1949,1710030901,"17100308","OSW","RaMCONsw_fiw_1710030901","RaMCONsw","RaMCONsw_fiw",20,"fiw","RaMCONsw","RaMCONsw_fiw","Mixed Conifer - Southwest Oregon",1
"2_41_33_73312",6,122,691,1727,1478,1710030901,"17100308","OSW","RaMCONsw_fiw_1710030901","RaMCONsw","RaMCONsw_fiw",20,"fiw","RaMCONsw","RaMCONsw_fiw","Mixed Conifer - Southwest Oregon",1
"2_41_33_70196",6,122,691,1727,1480,1710030901,"17100308","OSW","RaMCONsw_fiw_1710030901","RaMCONsw","RaMCONsw_fiw",20,"fiw","RaMCONsw","RaMCONsw_fiw","Mixed Conifer - Southwest Oregon",1
"6_53_9_83406",9,145,807,1836,653,1711002005,"17110019","WCR","RaDFHEdy_fwi_17110020","RaDFHEdy","RaDFHEdy_fwi",31,"fwi","RaDFHEdy","RaDFHEdy_fwi","Douglas-fir Hemlock-Dry Mesic",3
"6_53_9_92383",9,145,807,2296,1150,1711002005,"17110019","WCR","RaDFHEwt_fwn_WCR","RaDFHEwt","RaDFHEwt_fwn",32,"fwn","RaDFHEwt","RaDFHEwt_fwn","Douglas-fir Hemlock-Wet Mesic",5
"6_53_9_78883",9,145,807,1836,941,1711002005,"17110019","WCR","RaDFHEdy_fwi_17110020","RaDFHEdy","RaDFHEdy_fwi",31,"fwi","RaDFHEdy","RaDFHEdy_fwi","Douglas-fir Hemlock-Dry Mesic",3
"6_53_9_69954",9,145,807,1836,1834,1711002005,"17110019","WCR","RaDFHEdy_fwi_17110020","RaDFHEdy","RaDFHEdy_fwi",31,"fwi","RaDFHEdy","RaDFHEdy_fwi","Douglas-fir Hemlock-Dry Mesic",3
"6_53_9_95319",9,145,807,1853,1413,1711002005,"17110019","WCR","RaABAMlw_fsi_17110020","RaABAMlw","RaABAMlw_fsi",14,"fsi","RaABAMlw","RaABAMlw_fsi","Pacific Silver Fir - Low Elevation",3
"6_53_31_90501",9,101,573,2297,1280,1710010204,"17100101","WCR","RaABAMup_fst_WCR","RaABAMup","RaABAMup_fst",13,"fst","RaABAMup","RaABAMup_fst","Pacific Silver Fir - High Elevation",5
"6_53_31_83031",9,101,573,2297,1178,1710010204,"17100101","WCR","RaABAMup_fst_WCR","RaABAMup","RaABAMup_fst",13,"fst","RaABAMup","RaABAMup_fst","Pacific Silver Fir - High Elevation",5
"6_53_31_54555",9,101,573,2297,1360,1710010204,"17100101","WCR","RaABAMup_fst_WCR","RaABAMup","RaABAMup_fst",13,"fst","RaABAMup","RaABAMup_fst","Pacific Silver Fir - High Elevation",5
"6_53_27_60571",9,103,582,2300,1111,1710010402,"17100103","WCR","Na0710411_fmt_WCR","Na0710411","Na0710411_fmt",5,"fmt","Na0710411","Na0710411_fmt","North Pacific Mountain Hemlock Forest - Wet",5
"6_53_27_98147",9,103,582,2300,974,1710010402,"17100103","WCR","Na0710411_fmt_WCR","Na0710411","Na0710411_fmt",5,"fmt","Na0710411","Na0710411_fmt","North Pacific Mountain Hemlock Forest - Wet",5
"6_53_27_77033",9,103,582,2297,1919,1710010402,"17100103","WCR","RaABAMup_fst_WCR","RaABAMup","RaABAMup_fst",13,"fst","RaABAMup","RaABAMup_fst","Pacific Silver Fir - High Elevation",5
"6_53_27_96558",9,103,582,1905,1350,1710010402,"17100103","WCR","RaDFHEdy_fwi_17100104","RaDFHEdy","RaDFHEdy_fwi",31,"fwi","RaDFHEdy","RaDFHEdy_fwi","Douglas-fir Hemlock-Dry Mesic",3
"6_53_27_57923",9,103,582,2296,639,1710010402,"17100103","WCR","RaDFHEwt_fwn_WCR","RaDFHEwt","RaDFHEwt_fwn",32,"fwn","RaDFHEwt","RaDFHEwt_fwn","Douglas-fir Hemlock-Wet Mesic",5
"6_53_27_76707",9,103,582,1905,1206,1710010402,"17100103","WCR","RaDFHEdy_fwi_17100104","RaDFHEdy","RaDFHEdy_fwi",31,"fwi","RaDFHEdy","RaDFHEdy_fwi","Douglas-fir Hemlock-Dry Mesic",3
"6_53_27_90123",9,103,581,1905,1315,1710010401,"17100103","WCR","RaDFHEdy_fwi_17100104","RaDFHEdy","RaDFHEdy_fwi",31,"fwi","RaDFHEdy","RaDFHEdy_fwi","Douglas-fir Hemlock-Dry Mesic",3
"6_53_27_83732",9,103,581,2296,1759,1710010401,"17100103","WCR","RaDFHEwt_fwn_WCR","RaDFHEwt","RaDFHEwt_fwn",32,"fwn","RaDFHEwt","RaDFHEwt_fwn","Douglas-fir Hemlock-Wet Mesic",5
"6_53_27_98252",9,103,581,2296,1729,1710010401,"17100103","WCR","RaDFHEwt_fwn_WCR","RaDFHEwt","RaDFHEwt_fwn",32,"fwn","RaDFHEwt","RaDFHEwt_fwn","Douglas-fir Hemlock-Wet Mesic",5
"6_53_27_60833",9,103,581,2296,1301,1710010401,"17100103","WCR","RaDFHEwt_fwn_WCR","RaDFHEwt","RaDFHEwt_fwn",32,"fwn","RaDFHEwt","RaDFHEwt_fwn","Douglas-fir Hemlock-Wet Mesic",5
"6_53_27_93987",9,103,584,2296,454,1710010404,"17100103","WCR","RaDFHEwt_fwn_WCR","RaDFHEwt","RaDFHEwt_fwn",32,"fwn","RaDFHEwt","RaDFHEwt_fwn","Douglas-fir Hemlock-Wet Mesic",5
"6_53_27_55814",9,105,588,2296,959,1710010601,"17100105","WCR","RaDFHEwt_fwn_WCR","RaDFHEwt","RaDFHEwt_fwn",32,"fwn","RaDFHEwt","RaDFHEwt_fwn","Douglas-fir Hemlock-Wet Mesic",5
"7_53_49_88542",9,105,588,1934,1865,1710010601,"17100105","WCR","RaDFHEdy_fwi_17100106","RaDFHEdy","RaDFHEdy_fwi",31,"fwi","RaDFHEdy","RaDFHEdy_fwi","Douglas-fir Hemlock-Dry Mesic",3
"7_53_49_74387",9,105,588,2296,1790,1710010601,"17100105","WCR","RaDFHEwt_fwn_WCR","RaDFHEwt","RaDFHEwt_fwn",32,"fwn","RaDFHEwt","RaDFHEwt_fwn","Douglas-fir Hemlock-Wet Mesic",5
"7_53_49_89900",9,105,590,2296,1094,1710010603,"17100105","WCR","RaDFHEwt_fwn_WCR","RaDFHEwt","RaDFHEwt_fwn",32,"fwn","RaDFHEwt","RaDFHEwt_fwn","Douglas-fir Hemlock-Wet Mesic",5
"7_53_49_92584",9,105,590,2296,1077,1710010603,"17100105","WCR","RaDFHEwt_fwn_WCR","RaDFHEwt","RaDFHEwt_fwn",32,"fwn","RaDFHEwt","RaDFHEwt_fwn","Douglas-fir Hemlock-Wet Mesic",5
"7_53_49_58429",9,105,590,2296,1485,1710010603,"17100105","WCR","RaDFHEwt_fwn_WCR","RaDFHEwt","RaDFHEwt_fwn",32,"fwn","RaDFHEwt","RaDFHEwt_fwn","Douglas-fir Hemlock-Wet Mesic",5
"7_53_49_97817",9,105,590,2296,1588,1710010603,"17100105","WCR","RaDFHEwt_fwn_WCR","RaDFHEwt","RaDFHEwt_fwn",32,"fwn","RaDFHEwt","RaDFHEwt_fwn","Douglas-fir Hemlock-Wet Mesic",5
"7_53_49_68919",9,105,590,2296,980,1710010603,"17100105","WCR","RaDFHEwt_fwn_WCR","RaDFHEwt","RaDFHEwt_fwn",32,"fwn","RaDFHEwt","RaDFHEwt_fwn","Douglas-fir Hemlock-Wet Mesic",5
"7_53_49_73555",9,105,590,2297,984,1710010603,"17100105","WCR","RaABAMup_fst_WCR","RaABAMup","RaABAMup_fst",13,"fst","RaABAMup","RaABAMup_fst","Pacific Silver Fir - High Elevation",5
"7_53_49_66578",9,85,487,1959,886,1708000603,"17080006B","WCR","RaABAMlw_fsi_17080006A","RaABAMlw","RaABAMlw_fsi",14,"fsi","RaABAMlw","RaABAMlw_fsi","Pacific Silver Fir - Low Elevation",3
"7_53_49_71624",9,85,487,1957,1194,1708000603,"17080006B","WCR","RaDFHEdy_fwi_17080006A","RaDFHEdy","RaDFHEdy_fwi",31,"fwi","RaDFHEdy","RaDFHEdy_fwi","Douglas-fir Hemlock-Dry Mesic",3
"7_53_69_92761",9,85,487,1957,834,1708000603,"17080006B","WCR","RaDFHEdy_fwi_17080006A","RaDFHEdy","RaDFHEdy_fwi",31,"fwi","RaDFHEdy","RaDFHEdy_fwi","Douglas-fir Hemlock-Dry Mesic",3
"7_53_69_70417",9,85,487,2296,2038,1708000603,"17080006B","WCR","RaDFHEwt_fwn_WCR","RaDFHEwt","RaDFHEwt_fwn",32,"fwn","RaDFHEwt","RaDFHEwt_fwn","Douglas-fir Hemlock-Wet Mesic",5
"7_53_69_57411",9,81,469,2295,519,1708000305,"17080003B","WCR","RaSSHE_fss_WCR","RaSSHE","RaSSHE_fss",60,"fss","RaSSHE","RaSSHE_fss","Sitka Spruce - Western Hemlock",5
"0_41_7_67469",1,0,65535,2312,653,NA,NA,"ZoneNull","RaSSHE_fss_ZoneNull","RaSSHE","RaSSHE_fss",60,"fss","RaSSHE","RaSSHE_fss","Sitka Spruce - Western Hemlock",5
"0_41_7_55687",3,80,470,2314,2233,1708000306,"17080003C","OCR","RaSSHE_fss_OCR","RaSSHE","RaSSHE_fss",60,"fss","RaSSHE","RaSSHE_fss","Sitka Spruce - Western Hemlock",5
"0_41_7_69425",3,80,470,2315,1731,1708000306,"17080003C","OCR","RaDFHEwt_fwn_OCR","RaDFHEwt","RaDFHEwt_fwn",32,"fwn","RaDFHEwt","RaDFHEwt_fwn","Douglas-fir Hemlock-Wet Mesic",5
"0_41_7_62953",3,84,485,2315,2243,1708000601,"17080005","OCR","RaDFHEwt_fwn_OCR","RaDFHEwt","RaDFHEwt_fwn",32,"fwn","RaDFHEwt","RaDFHEwt_fwn","Douglas-fir Hemlock-Wet Mesic",5
"0_41_7_82982",3,107,595,2315,1139,1710020202,"17100201","OCR","RaDFHEwt_fwn_OCR","RaDFHEwt","RaDFHEwt_fwn",32,"fwn","RaDFHEwt","RaDFHEwt_fwn","Douglas-fir Hemlock-Wet Mesic",5
"0_41_7_65429",3,107,594,1986,1067,1710020201,"17100201","OCR","RaDFHEdy_fwi_17100202","RaDFHEdy","RaDFHEdy_fwi",31,"fwi","RaDFHEdy","RaDFHEdy_fwi","Douglas-fir Hemlock-Dry Mesic",3
"0_41_7_54428",3,107,594,1986,940,1710020201,"17100201","OCR","RaDFHEdy_fwi_17100202","RaDFHEdy","RaDFHEdy_fwi",31,"fwi","RaDFHEdy","RaDFHEdy_fwi","Douglas-fir Hemlock-Dry Mesic",3
"0_41_57_65770",3,107,597,1986,736,1710020204,"17100201","OCR","RaDFHEdy_fwi_17100202","RaDFHEdy","RaDFHEdy_fwi",31,"fwi","RaDFHEdy","RaDFHEdy_fwi","Douglas-fir Hemlock-Dry Mesic",3
"0_41_67_93676",3,108,603,2020,1082,1710020304,"17100202","OCR","RaDFHEdy_fwi_17100203","RaDFHEdy","RaDFHEdy_fwi",31,"fwi","RaDFHEdy","RaDFHEdy_fwi","Douglas-fir Hemlock-Dry Mesic",3
"0_41_71_70330",3,94,539,2315,1249,1709000806,"17090007","OCR","RaDFHEwt_fwn_OCR","RaDFHEwt","RaDFHEwt_fwn",32,"fwn","RaDFHEwt","RaDFHEwt_fwn","Douglas-fir Hemlock-Wet Mesic",5
"0_41_71_80137",3,94,537,2315,763,1709000804,"17090007","OCR","RaDFHEwt_fwn_OCR","RaDFHEwt","RaDFHEwt_fwn",32,"fwn","RaDFHEwt","RaDFHEwt_fwn","Douglas-fir Hemlock-Wet Mesic",5
"0_41_71_73509",3,94,537,516,686,1709000804,"17090007","OCR","RaDFWV_fwx_1709000804","RaDFWV","RaDFWV_fwx",37,"fwx","RaDFWV","RaDFWV_fwx","Douglas-fir Willamatte Valley Foothills",1
"0_41_53_82465",3,94,537,516,595,1709000804,"17090007","OCR","RaDFWV_fwx_1709000804","RaDFWV","RaDFWV_fwx",37,"fwx","RaDFWV","RaDFWV_fwx","Douglas-fir Willamatte Valley Foothills",1
"0_41_53_87823",3,94,538,552,777,1709000805,"17090007","OCR","RaDFWV_fwx_1709000805","RaDFWV","RaDFWV_fwx",37,"fwx","RaDFWV","RaDFWV_fwx","Douglas-fir Willamatte Valley Foothills",1
"0_41_53_83566",3,88,507,639,1608,1709000305,"17090002","OCR","RaDFWV_fwx_1709000305","RaDFWV","RaDFWV_fwx",37,"fwx","RaDFWV","RaDFWV_fwx","Douglas-fir Willamatte Valley Foothills",1
"1_41_3_64719",3,88,507,639,2044,1709000305,"17090002","OCR","RaDFWV_fwx_1709000305","RaDFWV","RaDFWV_fwx",37,"fwx","RaDFWV","RaDFWV_fwx","Douglas-fir Willamatte Valley Foothills",1
"1_41_3_66828",3,88,504,708,1029,1709000302,"17090002","OCR","RaDFWV_fwx_1709000302","RaDFWV","RaDFWV_fwx",37,"fwx","RaDFWV","RaDFWV_fwx","Douglas-fir Willamatte Valley Foothills",1
"1_41_3_88586",3,88,504,708,2200,1709000302,"17090002","OCR","RaDFWV_fwx_1709000302","RaDFWV","RaDFWV_fwx",37,"fwx","RaDFWV","RaDFWV_fwx","Douglas-fir Willamatte Valley Foothills",1
"1_41_3_54604",3,88,504,708,2244,1709000302,"17090002","OCR","RaDFWV_fwx_1709000302","RaDFWV","RaDFWV_fwx",37,"fwx","RaDFWV","RaDFWV_fwx","Douglas-fir Willamatte Valley Foothills",1
"1_41_3_69892",3,88,504,708,355,1709000302,"17090002","OCR","RaDFWV_fwx_1709000302","RaDFWV","RaDFWV_fwx",37,"fwx","RaDFWV","RaDFWV_fwx","Douglas-fir Willamatte Valley Foothills",1
"1_41_3_97359",3,88,504,708,600,1709000302,"17090002","OCR","RaDFWV_fwx_1709000302","RaDFWV","RaDFWV_fwx",37,"fwx","RaDFWV","RaDFWV_fwx","Douglas-fir Willamatte Valley Foothills",1
"1_41_39_87490",3,88,503,840,763,1709000301,"17090002","OCR","RaDFWV_fwx_1709000301","RaDFWV","RaDFWV_fwx",37,"fwx","RaDFWV","RaDFWV_fwx","Douglas-fir Willamatte Valley Foothills",1
"1_41_39_71714",3,111,627,974,1315,1710020603,"17100205","OCR","RaDFWV_fwx_1710020603","RaDFWV","RaDFWV_fwx",37,"fwx","RaDFWV","RaDFWV_fwx","Douglas-fir Willamatte Valley Foothills",1
"2_41_19_68048",3,116,660,1042,1072,1710030303,"17100303B","OCR","RaDFWV_fwx_1710030303","RaDFWV","RaDFWV_fwx",37,"fwx","RaDFWV","RaDFWV_fwx","Douglas-fir Willamatte Valley Foothills",1
"2_41_19_81715",3,116,660,1042,958,1710030303,"17100303B","OCR","RaDFWV_fwx_1710030303","RaDFWV","RaDFWV_fwx",37,"fwx","RaDFWV","RaDFWV_fwx","Douglas-fir Willamatte Valley Foothills",1
"2_41_19_76802",3,116,660,1042,986,1710030303,"17100303B","OCR","RaDFWV_fwx_1710030303","RaDFWV","RaDFWV_fwx",37,"fwx","RaDFWV","RaDFWV_fwx","Douglas-fir Willamatte Valley Foothills",1
"2_41_19_55278",3,116,660,1042,750,1710030303,"17100303B","OCR","RaDFWV_fwx_1710030303","RaDFWV","RaDFWV_fwx",37,"fwx","RaDFWV","RaDFWV_fwx","Douglas-fir Willamatte Valley Foothills",1
"2_41_19_50148",6,115,658,1096,721,1710030301,"17100302","OSW","Na0210290_fwo_1710030301","Na0210290","Na0210290_fwo",57,"fwo","Na0210290","Na0210290_fwo","Mediterranean California Mixed Oak Woodland",1
"2_41_19_62015",6,113,644,1124,1691,1710030111,"17100207","OSW","Na0710270_fdd_1710030111","Na0710270","Na0710270_fdd",43,"fdd","Na0710270","Na0710270_fdd","Mediterranean California Dry-Mesic Mixed Conifer Forest and Woodland",1
"2_41_19_87566",6,114,655,1217,914,1710030211,"17100301","OSW","Na0710270_fdd_1710030211","Na0710270","Na0710270_fdd",43,"fdd","Na0710270","Na0710270_fdd","Mediterranean California Dry-Mesic Mixed Conifer Forest and Woodland",1
"2_41_19_86642",6,114,649,1241,1368,1710030205,"17100301","OSW","Na0710270_fdd_1710030205","Na0710270","Na0710270_fdd",43,"fdd","Na0710270","Na0710270_fdd","Mediterranean California Dry-Mesic Mixed Conifer Forest and Woodland",1
"2_41_19_54250",6,114,649,1241,1214,1710030205,"17100301","OSW","Na0710270_fdd_1710030205","Na0710270","Na0710270_fdd",43,"fdd","Na0710270","Na0710270_fdd","Mediterranean California Dry-Mesic Mixed Conifer Forest and Woodland",1
"2_41_19_93557",6,114,649,1241,1288,1710030205,"17100301","OSW","Na0710270_fdd_1710030205","Na0710270","Na0710270_fdd",43,"fdd","Na0710270","Na0710270_fdd","Mediterranean California Dry-Mesic Mixed Conifer Forest and Woodland",1
"2_41_19_88748",6,114,651,1315,965,1710030207,"17100301","OSW","RaMCONsw_fdm_1710030207","RaMCONsw","RaMCONsw_fdm",41,"fdm","RaMCONsw","RaMCONsw_fdm","Mixed Conifer - Southwest Oregon",1
"2_41_33_68952",6,123,699,1379,1414,1710031003,"17100309","OSW","Na0710270_fdd_1710031003","Na0710270","Na0710270_fdd",43,"fdd","Na0710270","Na0710270_fdd","Mediterranean California Dry-Mesic Mixed Conifer Forest and Woodland",1
"2_41_33_82252",6,123,699,1386,787,1710031003,"17100309","OSW","RaMCONsw_fdm_1710031003","RaMCONsw","RaMCONsw_fdm",41,"fdm","RaMCONsw","RaMCONsw_fdm","Mixed Conifer - Southwest Oregon",1
"2_41_33_55144",6,123,699,1379,1162,1710031003,"17100309","OSW","Na0710270_fdd_1710031003","Na0710270","Na0710270_fdd",43,"fdd","Na0710270","Na0710270_fdd","Mediterranean California Dry-Mesic Mixed Conifer Forest and Woodland",1
"2_41_33_83223",6,123,697,1463,800,1710031001,"17100309","OSW","RaMCONsw_fiw_1710031001","RaMCONsw","RaMCONsw_fiw",20,"fiw","RaMCONsw","RaMCONsw_fiw","Mixed Conifer - Southwest Oregon",1
"2_41_33_59568",6,123,697,1464,1687,1710031001,"17100309","OSW","Na0710270_fdd_1710031001","Na0710270","Na0710270_fdd",43,"fdd","Na0710270","Na0710270_fdd","Mediterranean California Dry-Mesic Mixed Conifer Forest and Woodland",1
"2_41_33_90901",6,123,697,1464,2009,1710031001,"17100309","OSW","Na0710270_fdd_1710031001","Na0710270","Na0710270_fdd",43,"fdd","Na0710270","Na0710270_fdd","Mediterranean California Dry-Mesic Mixed Conifer Forest and Woodland",1
"2_41_33_90134",6,121,690,1534,1915,1710030804,"17100307","OSW","Na0710270_fdd_1710030804","Na0710270","Na0710270_fdd",43,"fdd","Na0710270","Na0710270_fdd","Mediterranean California Dry-Mesic Mixed Conifer Forest and Woodland",1
"2_41_33_60722",6,121,690,1534,449,1710030804,"17100307","OSW","Na0710270_fdd_1710030804","Na0710270","Na0710270_fdd",43,"fdd","Na0710270","Na0710270_fdd","Mediterranean California Dry-Mesic Mixed Conifer Forest and Woodland",1
"2_41_33_98850",6,121,690,1534,2150,1710030804,"17100307","OSW","Na0710270_fdd_1710030804","Na0710270","Na0710270_fdd",43,"fdd","Na0710270","Na0710270_fdd","Mediterranean California Dry-Mesic Mixed Conifer Forest and Woodland",1
"2_41_33_63565",6,121,690,1534,2926,1710030804,"17100307","OSW","Na0710270_fdd_1710030804","Na0710270","Na0710270_fdd",43,"fdd","Na0710270","Na0710270_fdd","Mediterranean California Dry-Mesic Mixed Conifer Forest and Woodland",1
"2_41_33_70295",6,122,696,1558,1066,1710030906,"17100308","OSW","Na0710270_fdd_1710030906","Na0710270","Na0710270_fdd",43,"fdd","Na0710270","Na0710270_fdd","Mediterranean California Dry-Mesic Mixed Conifer Forest and Woodland",1
"2_41_33_95453",6,122,695,1639,935,1710030905,"17100308","OSW","Na0710270_fdd_1710030905","Na0710270","Na0710270_fdd",43,"fdd","Na0710270","Na0710270_fdd","Mediterranean California Dry-Mesic Mixed Conifer Forest and Woodland",1
"2_41_33_97809",6,122,695,1639,2239,1710030905,"17100308","OSW","Na0710270_fdd_1710030905","Na0710270","Na0710270_fdd",43,"fdd","Na0710270","Na0710270_fdd","Mediterranean California Dry-Mesic Mixed Conifer Forest and Woodland",1
"2_41_29_95062",6,122,691,1726,1709,1710030901,"17100308","OSW","Na0710270_fdd_1710030901","Na0710270","Na0710270_fdd",43,"fdd","Na0710270","Na0710270_fdd","Mediterranean California Dry-Mesic Mixed Conifer Forest and Woodland",1
"2_41_33_76504",6,122,691,1726,1054,1710030901,"17100308","OSW","Na0710270_fdd_1710030901","Na0710270","Na0710270_fdd",43,"fdd","Na0710270","Na0710270_fdd","Mediterranean California Dry-Mesic Mixed Conifer Forest and Woodland",1
"2_41_29_73058",6,122,691,1727,1079,1710030901,"17100308","OSW","RaMCONsw_fiw_1710030901","RaMCONsw","RaMCONsw_fiw",20,"fiw","RaMCONsw","RaMCONsw_fiw","Mixed Conifer - Southwest Oregon",1
"2_41_29_67900",6,122,691,1727,2242,1710030901,"17100308","OSW","RaMCONsw_fiw_1710030901","RaMCONsw","RaMCONsw_fiw",20,"fiw","RaMCONsw","RaMCONsw_fiw","Mixed Conifer - Southwest Oregon",1
"2_41_29_57514",6,122,691,1727,2264,1710030901,"17100308","OSW","RaMCONsw_fiw_1710030901","RaMCONsw","RaMCONsw_fiw",20,"fiw","RaMCONsw","RaMCONsw_fiw","Mixed Conifer - Southwest Oregon",1
"6_53_9_50332",9,146,809,1819,1425,1711002103,"17110020","WCR","RaDFHEdy_fdg_17110021","RaDFHEdy","RaDFHEdy_fdg",24,"fdg","RaDFHEdy","RaDFHEdy_fdg","Douglas-fir Hemlock-Dry Mesic",3
"6_53_9_79445",9,146,809,2296,1529,1711002103,"17110020","WCR","RaDFHEwt_fwn_WCR","RaDFHEwt","RaDFHEwt_fwn",32,"fwn","RaDFHEwt","RaDFHEwt_fwn","Douglas-fir Hemlock-Wet Mesic",5
"6_53_9_97146",9,145,807,1836,1269,1711002005,"17110019","WCR","RaDFHEdy_fwi_17110020","RaDFHEdy","RaDFHEdy_fwi",31,"fwi","RaDFHEdy","RaDFHEdy_fwi","Douglas-fir Hemlock-Dry Mesic",3
"6_53_9_67082",9,145,807,1836,2123,1711002005,"17110019","WCR","RaDFHEdy_fwi_17110020","RaDFHEdy","RaDFHEdy_fwi",31,"fwi","RaDFHEdy","RaDFHEdy_fwi","Douglas-fir Hemlock-Dry Mesic",3
"6_53_9_84196",9,145,807,2297,1100,1711002005,"17110019","WCR","RaABAMup_fst_WCR","RaABAMup","RaABAMup_fst",13,"fst","RaABAMup","RaABAMup_fst","Pacific Silver Fir - High Elevation",5
"6_53_27_98729",9,103,582,2297,1312,1710010402,"17100103","WCR","RaABAMup_fst_WCR","RaABAMup","RaABAMup_fst",13,"fst","RaABAMup","RaABAMup_fst","Pacific Silver Fir - High Elevation",5
"6_53_31_73179",9,103,582,2297,751,1710010402,"17100103","WCR","RaABAMup_fst_WCR","RaABAMup","RaABAMup_fst",13,"fst","RaABAMup","RaABAMup_fst","Pacific Silver Fir - High Elevation",5
"6_53_27_71032",9,103,582,2296,1222,1710010402,"17100103","WCR","RaDFHEwt_fwn_WCR","RaDFHEwt","RaDFHEwt_fwn",32,"fwn","RaDFHEwt","RaDFHEwt_fwn","Douglas-fir Hemlock-Wet Mesic",5
"6_53_27_70809",9,103,582,2296,741,1710010402,"17100103","WCR","RaDFHEwt_fwn_WCR","RaDFHEwt","RaDFHEwt_fwn",32,"fwn","RaDFHEwt","RaDFHEwt_fwn","Douglas-fir Hemlock-Wet Mesic",5
"6_53_27_81349",9,103,582,1909,1190,1710010402,"17100103","WCR","RaDFHEdy_fdg_17100104","RaDFHEdy","RaDFHEdy_fdg",24,"fdg","RaDFHEdy","RaDFHEdy_fdg","Douglas-fir Hemlock-Dry Mesic",3
"6_53_27_63450",9,103,581,1905,1307,1710010401,"17100103","WCR","RaDFHEdy_fwi_17100104","RaDFHEdy","RaDFHEdy_fwi",31,"fwi","RaDFHEdy","RaDFHEdy_fwi","Douglas-fir Hemlock-Dry Mesic",3
"6_53_27_98661",9,103,581,1905,1156,1710010401,"17100103","WCR","RaDFHEdy_fwi_17100104","RaDFHEdy","RaDFHEdy_fwi",31,"fwi","RaDFHEdy","RaDFHEdy_fwi","Douglas-fir Hemlock-Dry Mesic",3
"6_53_27_81599",9,103,581,1905,1160,1710010401,"17100103","WCR","RaDFHEdy_fwi_17100104","RaDFHEdy","RaDFHEdy_fwi",31,"fwi","RaDFHEdy","RaDFHEdy_fwi","Douglas-fir Hemlock-Dry Mesic",3
"6_53_27_66097",9,103,581,2296,1858,1710010401,"17100103","WCR","RaDFHEwt_fwn_WCR","RaDFHEwt","RaDFHEwt_fwn",32,"fwn","RaDFHEwt","RaDFHEwt_fwn","Douglas-fir Hemlock-Wet Mesic",5
"6_53_27_69162",9,103,581,1905,1213,1710010401,"17100103","WCR","RaDFHEdy_fwi_17100104","RaDFHEdy","RaDFHEdy_fwi",31,"fwi","RaDFHEdy","RaDFHEdy_fwi","Douglas-fir Hemlock-Dry Mesic",3
"6_53_27_66074",9,103,581,2296,1436,1710010401,"17100103","WCR","RaDFHEwt_fwn_WCR","RaDFHEwt","RaDFHEwt_fwn",32,"fwn","RaDFHEwt","RaDFHEwt_fwn","Douglas-fir Hemlock-Wet Mesic",5
"6_53_27_89874",9,103,581,2296,1375,1710010401,"17100103","WCR","RaDFHEwt_fwn_WCR","RaDFHEwt","RaDFHEwt_fwn",32,"fwn","RaDFHEwt","RaDFHEwt_fwn","Douglas-fir Hemlock-Wet Mesic",5
"6_53_27_73344",9,103,581,2296,1246,1710010401,"17100103","WCR","RaDFHEwt_fwn_WCR","RaDFHEwt","RaDFHEwt_fwn",32,"fwn","RaDFHEwt","RaDFHEwt_fwn","Douglas-fir Hemlock-Wet Mesic",5
"6_53_27_95293",9,103,581,2296,757,1710010401,"17100103","WCR","RaDFHEwt_fwn_WCR","RaDFHEwt","RaDFHEwt_fwn",32,"fwn","RaDFHEwt","RaDFHEwt_fwn","Douglas-fir Hemlock-Wet Mesic",5
"6_53_27_95144",9,105,588,2296,734,1710010601,"17100105","WCR","RaDFHEwt_fwn_WCR","RaDFHEwt","RaDFHEwt_fwn",32,"fwn","RaDFHEwt","RaDFHEwt_fwn","Douglas-fir Hemlock-Wet Mesic",5
"6_53_27_58899",9,105,588,2296,670,1710010601,"17100105","WCR","RaDFHEwt_fwn_WCR","RaDFHEwt","RaDFHEwt_fwn",32,"fwn","RaDFHEwt","RaDFHEwt_fwn","Douglas-fir Hemlock-Wet Mesic",5
"7_53_49_63641",9,105,588,2296,2060,1710010601,"17100105","WCR","RaDFHEwt_fwn_WCR","RaDFHEwt","RaDFHEwt_fwn",32,"fwn","RaDFHEwt","RaDFHEwt_fwn","Douglas-fir Hemlock-Wet Mesic",5
"7_53_49_90688",9,105,590,2296,849,1710010603,"17100105","WCR","RaDFHEwt_fwn_WCR","RaDFHEwt","RaDFHEwt_fwn",32,"fwn","RaDFHEwt","RaDFHEwt_fwn","Douglas-fir Hemlock-Wet Mesic",5
"7_53_49_61831",9,85,487,1957,488,1708000603,"17080006B","WCR","RaDFHEdy_fwi_17080006A","RaDFHEdy","RaDFHEdy_fwi",31,"fwi","RaDFHEdy","RaDFHEdy_fwi","Douglas-fir Hemlock-Dry Mesic",3
"7_53_69_93488",9,81,469,1966,1075,1708000305,"17080003B","WCR","RaDFHEdy_fwi_17080003A","RaDFHEdy","RaDFHEdy_fwi",31,"fwi","RaDFHEdy","RaDFHEdy_fwi","Douglas-fir Hemlock-Dry Mesic",3
"0_41_7_76186",3,107,595,2314,647,1710020202,"17100201","OCR","RaSSHE_fss_OCR","RaSSHE","RaSSHE_fss",60,"fss","RaSSHE","RaSSHE_fss","Sitka Spruce - Western Hemlock",5
"0_41_7_74564",3,107,594,1986,1477,1710020201,"17100201","OCR","RaDFHEdy_fwi_17100202","RaDFHEdy","RaDFHEdy_fwi",31,"fwi","RaDFHEdy","RaDFHEdy_fwi","Douglas-fir Hemlock-Dry Mesic",3
"0_41_57_66300",3,107,594,1986,1375,1710020201,"17100201","OCR","RaDFHEdy_fwi_17100202","RaDFHEdy","RaDFHEdy_fwi",31,"fwi","RaDFHEdy","RaDFHEdy_fwi","Douglas-fir Hemlock-Dry Mesic",3
"0_41_67_62495",3,107,594,1986,1350,1710020201,"17100201","OCR","RaDFHEdy_fwi_17100202","RaDFHEdy","RaDFHEdy_fwi",31,"fwi","RaDFHEdy","RaDFHEdy_fwi","Douglas-fir Hemlock-Dry Mesic",3
"0_41_67_87575",3,96,547,2006,1232,1709001001,"17090009","OCR","RaDFHEdy_fwi_17090010","RaDFHEdy","RaDFHEdy_fwi",31,"fwi","RaDFHEdy","RaDFHEdy_fwi","Douglas-fir Hemlock-Dry Mesic",3
"0_41_57_74202",3,108,604,2020,2500,1710020305,"17100202","OCR","RaDFHEdy_fwi_17100203","RaDFHEdy","RaDFHEdy_fwi",31,"fwi","RaDFHEdy","RaDFHEdy_fwi","Douglas-fir Hemlock-Dry Mesic",3
"0_41_57_89858",3,108,604,2319,1566,1710020305,"17100202","OCR","RaABAMup_fsi_OCR","RaABAMup","RaABAMup_fsi",15,"fsi","RaABAMup","RaABAMup_fsi","Pacific Silver Fir - High Elevation",5
"0_41_67_65376",3,96,548,2006,2258,1709001002,"17090009","OCR","RaDFHEdy_fwi_17090010","RaDFHEdy","RaDFHEdy_fwi",31,"fwi","RaDFHEdy","RaDFHEdy_fwi","Douglas-fir Hemlock-Dry Mesic",3
"0_41_67_58138",3,96,548,2006,1287,1709001002,"17090009","OCR","RaDFHEdy_fwi_17090010","RaDFHEdy","RaDFHEdy_fwi",31,"fwi","RaDFHEdy","RaDFHEdy_fwi","Douglas-fir Hemlock-Dry Mesic",3
"0_41_71_83146",3,94,539,2031,1020,1709000806,"17090007","OCR","RaDFHEdy_fwi_17090008","RaDFHEdy","RaDFHEdy_fwi",31,"fwi","RaDFHEdy","RaDFHEdy_fwi","Douglas-fir Hemlock-Dry Mesic",3
"0_41_71_59822",3,94,539,2315,1466,1709000806,"17090007","OCR","RaDFHEwt_fwn_OCR","RaDFHEwt","RaDFHEwt_fwn",32,"fwn","RaDFHEwt","RaDFHEwt_fwn","Douglas-fir Hemlock-Wet Mesic",5
"0_41_71_62540",3,94,539,2031,886,1709000806,"17090007","OCR","RaDFHEdy_fwi_17090008","RaDFHEdy","RaDFHEdy_fwi",31,"fwi","RaDFHEdy","RaDFHEdy_fwi","Douglas-fir Hemlock-Dry Mesic",3
"0_41_71_97754",3,94,539,2315,1745,1709000806,"17090007","OCR","RaDFHEwt_fwn_OCR","RaDFHEwt","RaDFHEwt_fwn",32,"fwn","RaDFHEwt","RaDFHEwt_fwn","Douglas-fir Hemlock-Wet Mesic",5
"0_41_71_72315",3,94,539,2315,1326,1709000806,"17090007","OCR","RaDFHEwt_fwn_OCR","RaDFHEwt","RaDFHEwt_fwn",32,"fwn","RaDFHEwt","RaDFHEwt_fwn","Douglas-fir Hemlock-Wet Mesic",5
"1_41_3_87398",3,88,504,708,1491,1709000302,"17090002","OCR","RaDFWV_fwx_1709000302","RaDFWV","RaDFWV_fwx",37,"fwx","RaDFWV","RaDFWV_fwx","Douglas-fir Willamatte Valley Foothills",1
"1_41_3_97694",3,88,504,708,537,1709000302,"17090002","OCR","RaDFWV_fwx_1709000302","RaDFWV","RaDFWV_fwx",37,"fwx","RaDFWV","RaDFWV_fwx","Douglas-fir Willamatte Valley Foothills",1
"1_41_39_70494",3,88,503,840,1586,1709000301,"17090002","OCR","RaDFWV_fwx_1709000301","RaDFWV","RaDFWV_fwx",37,"fwx","RaDFWV","RaDFWV_fwx","Douglas-fir Willamatte Valley Foothills",1
"1_41_39_70595",3,88,503,840,1730,1709000301,"17090002","OCR","RaDFWV_fwx_1709000301","RaDFWV","RaDFWV_fwx",37,"fwx","RaDFWV","RaDFWV_fwx","Douglas-fir Willamatte Valley Foothills",1
"1_41_39_77318",3,88,503,840,2037,1709000301,"17090002","OCR","RaDFWV_fwx_1709000301","RaDFWV","RaDFWV_fwx",37,"fwx","RaDFWV","RaDFWV_fwx","Douglas-fir Willamatte Valley Foothills",1
"1_41_39_68039",3,111,627,2128,879,1710020603,"17100205","OCR","Na0210350_fvg_17100206","Na0210350","Na0210350_fvg",25,"fvg","Na0210350","Na0210350_fvg","North Pacific Dry Douglas-fir Forest and Woodland",3
"1_41_39_65869",3,111,627,974,1471,1710020603,"17100205","OCR","RaDFWV_fwx_1710020603","RaDFWV","RaDFWV_fwx",37,"fwx","RaDFWV","RaDFWV_fwx","Douglas-fir Willamatte Valley Foothills",1
"1_41_39_57499",3,111,627,974,1614,1710020603,"17100205","OCR","RaDFWV_fwx_1710020603","RaDFWV","RaDFWV_fwx",37,"fwx","RaDFWV","RaDFWV_fwx","Douglas-fir Willamatte Valley Foothills",1
"2_41_19_91027",3,116,660,1042,505,1710030303,"17100303B","OCR","RaDFWV_fwx_1710030303","RaDFWV","RaDFWV_fwx",37,"fwx","RaDFWV","RaDFWV_fwx","Douglas-fir Willamatte Valley Foothills",1
"2_41_19_71610",3,116,660,1042,2130,1710030303,"17100303B","OCR","RaDFWV_fwx_1710030303","RaDFWV","RaDFWV_fwx",37,"fwx","RaDFWV","RaDFWV_fwx","Douglas-fir Willamatte Valley Foothills",1
"2_41_19_64625",3,116,660,1042,2919,1710030303,"17100303B","OCR","RaDFWV_fwx_1710030303","RaDFWV","RaDFWV_fwx",37,"fwx","RaDFWV","RaDFWV_fwx","Douglas-fir Willamatte Valley Foothills",1
"2_41_19_96122",6,114,657,1146,1425,1710030213,"17100301","OSW","Na0710270_fdd_1710030213","Na0710270","Na0710270_fdd",43,"fdd","Na0710270","Na0710270_fdd","Mediterranean California Dry-Mesic Mixed Conifer Forest and Woodland",1
"2_41_19_95011",6,114,654,1190,1756,1710030210,"17100301","OSW","Na0710270_fdd_1710030210","Na0710270","Na0710270_fdd",43,"fdd","Na0710270","Na0710270_fdd","Mediterranean California Dry-Mesic Mixed Conifer Forest and Woodland",1
"2_41_19_51018",6,114,654,1190,1781,1710030210,"17100301","OSW","Na0710270_fdd_1710030210","Na0710270","Na0710270_fdd",43,"fdd","Na0710270","Na0710270_fdd","Mediterranean California Dry-Mesic Mixed Conifer Forest and Woodland",1
"2_41_19_90520",6,114,649,1241,1036,1710030205,"17100301","OSW","Na0710270_fdd_1710030205","Na0710270","Na0710270_fdd",43,"fdd","Na0710270","Na0710270_fdd","Mediterranean California Dry-Mesic Mixed Conifer Forest and Woodland",1
"2_41_19_93687",6,114,649,1241,392,1710030205,"17100301","OSW","Na0710270_fdd_1710030205","Na0710270","Na0710270_fdd",43,"fdd","Na0710270","Na0710270_fdd","Mediterranean California Dry-Mesic Mixed Conifer Forest and Woodland",1
"2_41_19_75017",6,114,649,1241,1813,1710030205,"17100301","OSW","Na0710270_fdd_1710030205","Na0710270","Na0710270_fdd",43,"fdd","Na0710270","Na0710270_fdd","Mediterranean California Dry-Mesic Mixed Conifer Forest and Woodland",1
"2_41_19_75565",6,114,649,1241,2191,1710030205,"17100301","OSW","Na0710270_fdd_1710030205","Na0710270","Na0710270_fdd",43,"fdd","Na0710270","Na0710270_fdd","Mediterranean California Dry-Mesic Mixed Conifer Forest and Woodland",1
"2_41_19_72283",6,114,649,1241,1243,1710030205,"17100301","OSW","Na0710270_fdd_1710030205","Na0710270","Na0710270_fdd",43,"fdd","Na0710270","Na0710270_fdd","Mediterranean California Dry-Mesic Mixed Conifer Forest and Woodland",1
"2_41_19_66952",6,114,651,1316,1641,1710030207,"17100301","OSW","Na0710270_fdd_1710030207","Na0710270","Na0710270_fdd",43,"fdd","Na0710270","Na0710270_fdd","Mediterranean California Dry-Mesic Mixed Conifer Forest and Woodland",1
"2_41_29_96358",6,121,689,1374,1096,1710030803,"17100307","OSW","Na0710270_fdd_1710030803","Na0710270","Na0710270_fdd",43,"fdd","Na0710270","Na0710270_fdd","Mediterranean California Dry-Mesic Mixed Conifer Forest and Woodland",1
"2_41_29_67105",6,121,689,1374,2295,1710030803,"17100307","OSW","Na0710270_fdd_1710030803","Na0710270","Na0710270_fdd",43,"fdd","Na0710270","Na0710270_fdd","Mediterranean California Dry-Mesic Mixed Conifer Forest and Woodland",1
"2_41_29_86300",6,121,690,1534,996,1710030804,"17100307","OSW","Na0710270_fdd_1710030804","Na0710270","Na0710270_fdd",43,"fdd","Na0710270","Na0710270_fdd","Mediterranean California Dry-Mesic Mixed Conifer Forest and Woodland",1
"2_41_29_89380",6,122,696,1558,1605,1710030906,"17100308","OSW","Na0710270_fdd_1710030906","Na0710270","Na0710270_fdd",43,"fdd","Na0710270","Na0710270_fdd","Mediterranean California Dry-Mesic Mixed Conifer Forest and Woodland",1
"2_41_29_57390",6,122,694,1626,1898,1710030904,"17100308","OSW","Na0710270_fdd_1710030904","Na0710270","Na0710270_fdd",43,"fdd","Na0710270","Na0710270_fdd","Mediterranean California Dry-Mesic Mixed Conifer Forest and Woodland",1
"2_41_29_70881",6,122,694,1626,1148,1710030904,"17100308","OSW","Na0710270_fdd_1710030904","Na0710270","Na0710270_fdd",43,"fdd","Na0710270","Na0710270_fdd","Mediterranean California Dry-Mesic Mixed Conifer Forest and Woodland",1
"2_41_29_61929",6,122,694,1626,2212,1710030904,"17100308","OSW","Na0710270_fdd_1710030904","Na0710270","Na0710270_fdd",43,"fdd","Na0710270","Na0710270_fdd","Mediterranean California Dry-Mesic Mixed Conifer Forest and Woodland",1
"2_41_29_72599",6,122,694,1626,2757,1710030904,"17100308","OSW","Na0710270_fdd_1710030904","Na0710270","Na0710270_fdd",43,"fdd","Na0710270","Na0710270_fdd","Mediterranean California Dry-Mesic Mixed Conifer Forest and Woodland",1
"2_41_29_70283",6,122,691,1726,1178,1710030901,"17100308","OSW","Na0710270_fdd_1710030901","Na0710270","Na0710270_fdd",43,"fdd","Na0710270","Na0710270_fdd","Mediterranean California Dry-Mesic Mixed Conifer Forest and Woodland",1
"2_41_29_99626",6,122,691,1726,1878,1710030901,"17100308","OSW","Na0710270_fdd_1710030901","Na0710270","Na0710270_fdd",43,"fdd","Na0710270","Na0710270_fdd","Mediterranean California Dry-Mesic Mixed Conifer Forest and Woodland",1
"2_41_29_90692",6,122,691,1726,782,1710030901,"17100308","OSW","Na0710270_fdd_1710030901","Na0710270","Na0710270_fdd",43,"fdd","Na0710270","Na0710270_fdd","Mediterranean California Dry-Mesic Mixed Conifer Forest and Woodland",1
"2_41_29_86182",6,122,691,1726,1272,1710030901,"17100308","OSW","Na0710270_fdd_1710030901","Na0710270","Na0710270_fdd",43,"fdd","Na0710270","Na0710270_fdd","Mediterranean California Dry-Mesic Mixed Conifer Forest and Woodland",1
"2_41_29_82278",6,122,691,1726,1645,1710030901,"17100308","OSW","Na0710270_fdd_1710030901","Na0710270","Na0710270_fdd",43,"fdd","Na0710270","Na0710270_fdd","Mediterranean California Dry-Mesic Mixed Conifer Forest and Woodland",1
"6_53_31_55498",9,145,807,1853,1306,1711002005,"17110019","WCR","RaABAMlw_fsi_17110020","RaABAMlw","RaABAMlw_fsi",14,"fsi","RaABAMlw","RaABAMlw_fsi","Pacific Silver Fir - Low Elevation",3
"6_53_45_78137",9,101,573,2297,1741,1710010204,"17100101","WCR","RaABAMup_fst_WCR","RaABAMup","RaABAMup_fst",13,"fst","RaABAMup","RaABAMup_fst","Pacific Silver Fir - High Elevation",5
"6_53_27_64670",9,142,786,2300,578,1711001701,"17110016","WCR","Na0710411_fmt_WCR","Na0710411","Na0710411_fmt",5,"fmt","Na0710411","Na0710411_fmt","North Pacific Mountain Hemlock Forest - Wet",5
"6_53_27_76214",9,103,582,2297,699,1710010402,"17100103","WCR","RaABAMup_fst_WCR","RaABAMup","RaABAMup_fst",13,"fst","RaABAMup","RaABAMup_fst","Pacific Silver Fir - High Elevation",5
"6_53_27_94405",9,142,786,2297,769,1711001701,"17110016","WCR","RaABAMup_fst_WCR","RaABAMup","RaABAMup_fst",13,"fst","RaABAMup","RaABAMup_fst","Pacific Silver Fir - High Elevation",5
"6_53_27_86935",9,103,581,2297,1074,1710010401,"17100103","WCR","RaABAMup_fst_WCR","RaABAMup","RaABAMup_fst",13,"fst","RaABAMup","RaABAMup_fst","Pacific Silver Fir - High Elevation",5
"6_53_27_92770",9,103,581,1909,1035,1710010401,"17100103","WCR","RaDFHEdy_fdg_17100104","RaDFHEdy","RaDFHEdy_fdg",24,"fdg","RaDFHEdy","RaDFHEdy_fdg","Douglas-fir Hemlock-Dry Mesic",3
"6_53_27_62271",9,103,581,1905,1035,1710010401,"17100103","WCR","RaDFHEdy_fwi_17100104","RaDFHEdy","RaDFHEdy_fwi",31,"fwi","RaDFHEdy","RaDFHEdy_fwi","Douglas-fir Hemlock-Dry Mesic",3
"6_53_27_61901",9,103,581,1905,1129,1710010401,"17100103","WCR","RaDFHEdy_fwi_17100104","RaDFHEdy","RaDFHEdy_fwi",31,"fwi","RaDFHEdy","RaDFHEdy_fwi","Douglas-fir Hemlock-Dry Mesic",3
"6_53_27_63522",9,103,581,1909,920,1710010401,"17100103","WCR","RaDFHEdy_fdg_17100104","RaDFHEdy","RaDFHEdy_fdg",24,"fdg","RaDFHEdy","RaDFHEdy_fdg","Douglas-fir Hemlock-Dry Mesic",3
"6_53_45_52791",9,103,581,2296,1684,1710010401,"17100103","WCR","RaDFHEwt_fwn_WCR","RaDFHEwt","RaDFHEwt_fwn",32,"fwn","RaDFHEwt","RaDFHEwt_fwn","Douglas-fir Hemlock-Wet Mesic",5
"6_53_45_59149",9,103,581,1905,715,1710010401,"17100103","WCR","RaDFHEdy_fwi_17100104","RaDFHEdy","RaDFHEdy_fwi",31,"fwi","RaDFHEdy","RaDFHEdy_fwi","Douglas-fir Hemlock-Dry Mesic",3
"6_53_27_77660",9,103,581,2296,1620,1710010401,"17100103","WCR","RaDFHEwt_fwn_WCR","RaDFHEwt","RaDFHEwt_fwn",32,"fwn","RaDFHEwt","RaDFHEwt_fwn","Douglas-fir Hemlock-Wet Mesic",5
"6_53_27_59930",9,103,584,2296,1319,1710010404,"17100103","WCR","RaDFHEwt_fwn_WCR","RaDFHEwt","RaDFHEwt_fwn",32,"fwn","RaDFHEwt","RaDFHEwt_fwn","Douglas-fir Hemlock-Wet Mesic",5
"6_53_27_90158",9,105,588,1934,1070,1710010601,"17100105","WCR","RaDFHEdy_fwi_17100106","RaDFHEdy","RaDFHEdy_fwi",31,"fwi","RaDFHEdy","RaDFHEdy_fwi","Douglas-fir Hemlock-Dry Mesic",3
"7_53_49_96104",9,105,588,1934,1491,1710010601,"17100105","WCR","RaDFHEdy_fwi_17100106","RaDFHEdy","RaDFHEdy_fwi",31,"fwi","RaDFHEdy","RaDFHEdy_fwi","Douglas-fir Hemlock-Dry Mesic",3
"7_53_49_96138",9,105,588,1934,1781,1710010601,"17100105","WCR","RaDFHEdy_fwi_17100106","RaDFHEdy","RaDFHEdy_fwi",31,"fwi","RaDFHEdy","RaDFHEdy_fwi","Douglas-fir Hemlock-Dry Mesic",3
"7_53_49_96365",9,102,576,1932,968,1710010301,"17100102","WCR","RaDFHEdy_fwi_17100103","RaDFHEdy","RaDFHEdy_fwi",31,"fwi","RaDFHEdy","RaDFHEdy_fwi","Douglas-fir Hemlock-Dry Mesic",3
"7_53_49_94781",9,102,576,2296,1284,1710010301,"17100102","WCR","RaDFHEwt_fwn_WCR","RaDFHEwt","RaDFHEwt_fwn",32,"fwn","RaDFHEwt","RaDFHEwt_fwn","Douglas-fir Hemlock-Wet Mesic",5
"7_53_49_71744",9,105,590,2296,971,1710010603,"17100105","WCR","RaDFHEwt_fwn_WCR","RaDFHEwt","RaDFHEwt_fwn",32,"fwn","RaDFHEwt","RaDFHEwt_fwn","Douglas-fir Hemlock-Wet Mesic",5
"7_53_49_59560",9,85,487,1956,828,1708000603,"17080006B","WCR","RaDFHEdy_fdg_17080006A","RaDFHEdy","RaDFHEdy_fdg",24,"fdg","RaDFHEdy","RaDFHEdy_fdg","Douglas-fir Hemlock-Dry Mesic",3
"7_53_49_92795",9,85,487,2296,1606,1708000603,"17080006B","WCR","RaDFHEwt_fwn_WCR","RaDFHEwt","RaDFHEwt_fwn",32,"fwn","RaDFHEwt","RaDFHEwt_fwn","Douglas-fir Hemlock-Wet Mesic",5
"7_53_69_93045",9,81,469,2295,2026,1708000305,"17080003B","WCR","RaSSHE_fss_WCR","RaSSHE","RaSSHE_fss",60,"fss","RaSSHE","RaSSHE_fss","Sitka Spruce - Western Hemlock",5
"7_53_69_88969",9,81,469,2295,1321,1708000305,"17080003B","WCR","RaSSHE_fss_WCR","RaSSHE","RaSSHE_fss",60,"fss","RaSSHE","RaSSHE_fss","Sitka Spruce - Western Hemlock",5
"0_41_7_52776",3,80,470,2315,1273,1708000306,"17080003C","OCR","RaDFHEwt_fwn_OCR","RaDFHEwt","RaDFHEwt_fwn",32,"fwn","RaDFHEwt","RaDFHEwt_fwn","Douglas-fir Hemlock-Wet Mesic",5
"0_41_9_66774",3,107,595,2315,1505,1710020202,"17100201","OCR","RaDFHEwt_fwn_OCR","RaDFHEwt","RaDFHEwt_fwn",32,"fwn","RaDFHEwt","RaDFHEwt_fwn","Douglas-fir Hemlock-Wet Mesic",5
"0_41_7_66764",3,107,595,2315,1082,1710020202,"17100201","OCR","RaDFHEwt_fwn_OCR","RaDFHEwt","RaDFHEwt_fwn",32,"fwn","RaDFHEwt","RaDFHEwt_fwn","Douglas-fir Hemlock-Wet Mesic",5
"0_41_7_77060",3,107,595,2315,2200,1710020202,"17100201","OCR","RaDFHEwt_fwn_OCR","RaDFHEwt","RaDFHEwt_fwn",32,"fwn","RaDFHEwt","RaDFHEwt_fwn","Douglas-fir Hemlock-Wet Mesic",5
"0_41_7_52141",3,107,595,2315,1115,1710020202,"17100201","OCR","RaDFHEwt_fwn_OCR","RaDFHEwt","RaDFHEwt_fwn",32,"fwn","RaDFHEwt","RaDFHEwt_fwn","Douglas-fir Hemlock-Wet Mesic",5
"0_41_7_87870",3,107,594,2315,956,1710020201,"17100201","OCR","RaDFHEwt_fwn_OCR","RaDFHEwt","RaDFHEwt_fwn",32,"fwn","RaDFHEwt","RaDFHEwt_fwn","Douglas-fir Hemlock-Wet Mesic",5
"0_41_7_81207",3,107,594,2315,2402,1710020201,"17100201","OCR","RaDFHEwt_fwn_OCR","RaDFHEwt","RaDFHEwt_fwn",32,"fwn","RaDFHEwt","RaDFHEwt_fwn","Douglas-fir Hemlock-Wet Mesic",5
"0_41_67_92598",3,107,594,2315,2628,1710020201,"17100201","OCR","RaDFHEwt_fwn_OCR","RaDFHEwt","RaDFHEwt_fwn",32,"fwn","RaDFHEwt","RaDFHEwt_fwn","Douglas-fir Hemlock-Wet Mesic",5
"0_41_67_71187",3,96,548,2006,2543,1709001002,"17090009","OCR","RaDFHEdy_fwi_17090010","RaDFHEdy","RaDFHEdy_fwi",31,"fwi","RaDFHEdy","RaDFHEdy_fwi","Douglas-fir Hemlock-Dry Mesic",3
"0_41_71_92097",3,94,539,2315,756,1709000806,"17090007","OCR","RaDFHEwt_fwn_OCR","RaDFHEwt","RaDFHEwt_fwn",32,"fwn","RaDFHEwt","RaDFHEwt_fwn","Douglas-fir Hemlock-Wet Mesic",5
"0_41_71_69005",3,94,539,2031,695,1709000806,"17090007","OCR","RaDFHEdy_fwi_17090008","RaDFHEdy","RaDFHEdy_fwi",31,"fwi","RaDFHEdy","RaDFHEdy_fwi","Douglas-fir Hemlock-Dry Mesic",3
"0_41_71_86298",3,94,537,516,1142,1709000804,"17090007","OCR","RaDFWV_fwx_1709000804","RaDFWV","RaDFWV_fwx",37,"fwx","RaDFWV","RaDFWV_fwx","Douglas-fir Willamatte Valley Foothills",1
"0_41_53_95709",3,94,538,552,810,1709000805,"17090007","OCR","RaDFWV_fwx_1709000805","RaDFWV","RaDFWV_fwx",37,"fwx","RaDFWV","RaDFWV_fwx","Douglas-fir Willamatte Valley Foothills",1
"0_41_53_81881",3,94,538,552,1329,1709000805,"17090007","OCR","RaDFWV_fwx_1709000805","RaDFWV","RaDFWV_fwx",37,"fwx","RaDFWV","RaDFWV_fwx","Douglas-fir Willamatte Valley Foothills",1
"1_41_3_81923",3,88,507,639,1828,1709000305,"17090002","OCR","RaDFWV_fwx_1709000305","RaDFWV","RaDFWV_fwx",37,"fwx","RaDFWV","RaDFWV_fwx","Douglas-fir Willamatte Valley Foothills",1
"1_41_3_98258",3,88,507,639,2586,1709000305,"17090002","OCR","RaDFWV_fwx_1709000305","RaDFWV","RaDFWV_fwx",37,"fwx","RaDFWV","RaDFWV_fwx","Douglas-fir Willamatte Valley Foothills",1
"1_41_3_84976",3,88,508,693,1382,1709000306,"17090002","OCR","RaDFWV_fwx_1709000306","RaDFWV","RaDFWV_fwx",37,"fwx","RaDFWV","RaDFWV_fwx","Douglas-fir Willamatte Valley Foothills",1
"1_41_39_83978",3,88,503,840,2312,1709000301,"17090002","OCR","RaDFWV_fwx_1709000301","RaDFWV","RaDFWV_fwx",37,"fwx","RaDFWV","RaDFWV_fwx","Douglas-fir Willamatte Valley Foothills",1
"2_41_19_87488",3,116,660,1042,1420,1710030303,"17100303B","OCR","RaDFWV_fwx_1710030303","RaDFWV","RaDFWV_fwx",37,"fwx","RaDFWV","RaDFWV_fwx","Douglas-fir Willamatte Valley Foothills",1
"2_41_19_67782",3,116,660,1042,2199,1710030303,"17100303B","OCR","RaDFWV_fwx_1710030303","RaDFWV","RaDFWV_fwx",37,"fwx","RaDFWV","RaDFWV_fwx","Douglas-fir Willamatte Valley Foothills",1
"2_41_19_50001",3,116,660,1042,1776,1710030303,"17100303B","OCR","RaDFWV_fwx_1710030303","RaDFWV","RaDFWV_fwx",37,"fwx","RaDFWV","RaDFWV_fwx","Douglas-fir Willamatte Valley Foothills",1
"2_41_19_79108",3,116,660,1042,1831,1710030303,"17100303B","OCR","RaDFWV_fwx_1710030303","RaDFWV","RaDFWV_fwx",37,"fwx","RaDFWV","RaDFWV_fwx","Douglas-fir Willamatte Valley Foothills",1
"2_41_19_69201",6,115,658,1092,1485,1710030301,"17100302","OSW","RaMCONsw_fiw_1710030301","RaMCONsw","RaMCONsw_fiw",20,"fiw","RaMCONsw","RaMCONsw_fiw","Mixed Conifer - Southwest Oregon",1
"2_41_19_56974",6,115,658,1096,1928,1710030301,"17100302","OSW","Na0210290_fwo_1710030301","Na0210290","Na0210290_fwo",57,"fwo","Na0210290","Na0210290_fwo","Mediterranean California Mixed Oak Woodland",1
"2_41_19_87013",6,115,658,1096,1207,1710030301,"17100302","OSW","Na0210290_fwo_1710030301","Na0210290","Na0210290_fwo",57,"fwo","Na0210290","Na0210290_fwo","Mediterranean California Mixed Oak Woodland",1
"2_41_19_63736",6,113,644,1124,504,1710030111,"17100207","OSW","Na0710270_fdd_1710030111","Na0710270","Na0710270_fdd",43,"fdd","Na0710270","Na0710270_fdd","Mediterranean California Dry-Mesic Mixed Conifer Forest and Woodland",1
"2_41_19_64953",6,113,644,1124,1086,1710030111,"17100207","OSW","Na0710270_fdd_1710030111","Na0710270","Na0710270_fdd",43,"fdd","Na0710270","Na0710270_fdd","Mediterranean California Dry-Mesic Mixed Conifer Forest and Woodland",1
"2_41_19_70323",6,114,657,1146,1348,1710030213,"17100301","OSW","Na0710270_fdd_1710030213","Na0710270","Na0710270_fdd",43,"fdd","Na0710270","Na0710270_fdd","Mediterranean California Dry-Mesic Mixed Conifer Forest and Woodland",1
"2_41_19_76638",6,114,649,1241,1232,1710030205,"17100301","OSW","Na0710270_fdd_1710030205","Na0710270","Na0710270_fdd",43,"fdd","Na0710270","Na0710270_fdd","Mediterranean California Dry-Mesic Mixed Conifer Forest and Woodland",1
"2_41_19_80822",6,114,649,1241,1889,1710030205,"17100301","OSW","Na0710270_fdd_1710030205","Na0710270","Na0710270_fdd",43,"fdd","Na0710270","Na0710270_fdd","Mediterranean California Dry-Mesic Mixed Conifer Forest and Woodland",1
"2_41_19_94398",6,114,651,1316,780,1710030207,"17100301","OSW","Na0710270_fdd_1710030207","Na0710270","Na0710270_fdd",43,"fdd","Na0710270","Na0710270_fdd","Mediterranean California Dry-Mesic Mixed Conifer Forest and Woodland",1
"2_41_19_72504",6,114,651,1316,2844,1710030207,"17100301","OSW","Na0710270_fdd_1710030207","Na0710270","Na0710270_fdd",43,"fdd","Na0710270","Na0710270_fdd","Mediterranean California Dry-Mesic Mixed Conifer Forest and Woodland",1
"2_41_19_92805",6,114,651,1315,2253,1710030207,"17100301","OSW","RaMCONsw_fdm_1710030207","RaMCONsw","RaMCONsw_fdm",41,"fdm","RaMCONsw","RaMCONsw_fdm","Mixed Conifer - Southwest Oregon",1
"2_41_19_78010",6,114,651,1316,1261,1710030207,"17100301","OSW","Na0710270_fdd_1710030207","Na0710270","Na0710270_fdd",43,"fdd","Na0710270","Na0710270_fdd","Mediterranean California Dry-Mesic Mixed Conifer Forest and Woodland",1
"2_41_29_65639",6,123,699,1379,1351,1710031003,"17100309","OSW","Na0710270_fdd_1710031003","Na0710270","Na0710270_fdd",43,"fdd","Na0710270","Na0710270_fdd","Mediterranean California Dry-Mesic Mixed Conifer Forest and Woodland",1
"2_41_29_60269",6,123,699,1379,1156,1710031003,"17100309","OSW","Na0710270_fdd_1710031003","Na0710270","Na0710270_fdd",43,"fdd","Na0710270","Na0710270_fdd","Mediterranean California Dry-Mesic Mixed Conifer Forest and Woodland",1
"2_41_29_95501",6,121,689,1374,628,1710030803,"17100307","OSW","Na0710270_fdd_1710030803","Na0710270","Na0710270_fdd",43,"fdd","Na0710270","Na0710270_fdd","Mediterranean California Dry-Mesic Mixed Conifer Forest and Woodland",1
"2_41_29_75774",6,121,689,1374,945,1710030803,"17100307","OSW","Na0710270_fdd_1710030803","Na0710270","Na0710270_fdd",43,"fdd","Na0710270","Na0710270_fdd","Mediterranean California Dry-Mesic Mixed Conifer Forest and Woodland",1
"2_41_29_72718",6,121,689,1374,656,1710030803,"17100307","OSW","Na0710270_fdd_1710030803","Na0710270","Na0710270_fdd",43,"fdd","Na0710270","Na0710270_fdd","Mediterranean California Dry-Mesic Mixed Conifer Forest and Woodland",1
"2_41_29_66399",6,121,688,1507,1768,1710030802,"17100307","OSW","Na0710270_fdd_1710030802","Na0710270","Na0710270_fdd",43,"fdd","Na0710270","Na0710270_fdd","Mediterranean California Dry-Mesic Mixed Conifer Forest and Woodland",1
"2_41_29_81196",6,122,694,1626,1818,1710030904,"17100308","OSW","Na0710270_fdd_1710030904","Na0710270","Na0710270_fdd",43,"fdd","Na0710270","Na0710270_fdd","Mediterranean California Dry-Mesic Mixed Conifer Forest and Woodland",1
"2_41_29_80964",6,122,694,1626,3031,1710030904,"17100308","OSW","Na0710270_fdd_1710030904","Na0710270","Na0710270_fdd",43,"fdd","Na0710270","Na0710270_fdd","Mediterranean California Dry-Mesic Mixed Conifer Forest and Woodland",1
"2_41_29_83939",6,122,692,1682,2477,1710030902,"17100308","OSW","Na0710270_fdd_1710030902","Na0710270","Na0710270_fdd",43,"fdd","Na0710270","Na0710270_fdd","Mediterranean California Dry-Mesic Mixed Conifer Forest and Woodland",1
"2_41_29_71144",6,122,692,1682,2068,1710030902,"17100308","OSW","Na0710270_fdd_1710030902","Na0710270","Na0710270_fdd",43,"fdd","Na0710270","Na0710270_fdd","Mediterranean California Dry-Mesic Mixed Conifer Forest and Woodland",1
"2_41_29_73597",6,122,692,1682,1826,1710030902,"17100308","OSW","Na0710270_fdd_1710030902","Na0710270","Na0710270_fdd",43,"fdd","Na0710270","Na0710270_fdd","Mediterranean California Dry-Mesic Mixed Conifer Forest and Woodland",1
"2_41_29_56254",6,122,692,1682,1241,1710030902,"17100308","OSW","Na0710270_fdd_1710030902","Na0710270","Na0710270_fdd",43,"fdd","Na0710270","Na0710270_fdd","Mediterranean California Dry-Mesic Mixed Conifer Forest and Woodland",1
"2_41_29_53508",6,122,691,1726,2069,1710030901,"17100308","OSW","Na0710270_fdd_1710030901","Na0710270","Na0710270_fdd",43,"fdd","Na0710270","Na0710270_fdd","Mediterranean California Dry-Mesic Mixed Conifer Forest and Woodland",1
"2_41_29_51975",6,122,691,1726,825,1710030901,"17100308","OSW","Na0710270_fdd_1710030901","Na0710270","Na0710270_fdd",43,"fdd","Na0710270","Na0710270_fdd","Mediterranean California Dry-Mesic Mixed Conifer Forest and Woodland",1
"2_41_29_96563",6,122,691,1726,644,1710030901,"17100308","OSW","Na0710270_fdd_1710030901","Na0710270","Na0710270_fdd",43,"fdd","Na0710270","Na0710270_fdd","Mediterranean California Dry-Mesic Mixed Conifer Forest and Woodland",1
"2_41_29_81127",6,122,691,1726,1745,1710030901,"17100308","OSW","Na0710270_fdd_1710030901","Na0710270","Na0710270_fdd",43,"fdd","Na0710270","Na0710270_fdd","Mediterranean California Dry-Mesic Mixed Conifer Forest and Woodland",1
"6_53_9_87753",9,145,806,1836,951,1711002004,"17110019","WCR","RaDFHEdy_fwi_17110020","RaDFHEdy","RaDFHEdy_fwi",31,"fwi","RaDFHEdy","RaDFHEdy_fwi","Douglas-fir Hemlock-Dry Mesic",3
"6_53_9_93740",9,145,807,1836,1068,1711002005,"17110019","WCR","RaDFHEdy_fwi_17110020","RaDFHEdy","RaDFHEdy_fwi",31,"fwi","RaDFHEdy","RaDFHEdy_fwi","Douglas-fir Hemlock-Dry Mesic",3
"6_53_9_68389",9,145,807,1836,845,1711002005,"17110019","WCR","RaDFHEdy_fwi_17110020","RaDFHEdy","RaDFHEdy_fwi",31,"fwi","RaDFHEdy","RaDFHEdy_fwi","Douglas-fir Hemlock-Dry Mesic",3
"6_53_9_98949",9,145,807,1836,720,1711002005,"17110019","WCR","RaDFHEdy_fwi_17110020","RaDFHEdy","RaDFHEdy_fwi",31,"fwi","RaDFHEdy","RaDFHEdy_fwi","Douglas-fir Hemlock-Dry Mesic",3
"6_53_9_89803",9,145,807,1836,1429,1711002005,"17110019","WCR","RaDFHEdy_fwi_17110020","RaDFHEdy","RaDFHEdy_fwi",31,"fwi","RaDFHEdy","RaDFHEdy_fwi","Douglas-fir Hemlock-Dry Mesic",3
"6_53_9_53475",9,145,807,1853,906,1711002005,"17110019","WCR","RaABAMlw_fsi_17110020","RaABAMlw","RaABAMlw_fsi",14,"fsi","RaABAMlw","RaABAMlw_fsi","Pacific Silver Fir - Low Elevation",3
"6_53_45_84454",9,142,786,2297,1727,1711001701,"17110016","WCR","RaABAMup_fst_WCR","RaABAMup","RaABAMup_fst",13,"fst","RaABAMup","RaABAMup_fst","Pacific Silver Fir - High Elevation",5
"6_53_45_95308",9,142,786,2297,1496,1711001701,"17110016","WCR","RaABAMup_fst_WCR","RaABAMup","RaABAMup_fst",13,"fst","RaABAMup","RaABAMup_fst","Pacific Silver Fir - High Elevation",5
"6_53_45_67321",9,142,786,2297,815,1711001701,"17110016","WCR","RaABAMup_fst_WCR","RaABAMup","RaABAMup_fst",13,"fst","RaABAMup","RaABAMup_fst","Pacific Silver Fir - High Elevation",5
"6_53_45_56577",9,103,581,1905,980,1710010401,"17100103","WCR","RaDFHEdy_fwi_17100104","RaDFHEdy","RaDFHEdy_fwi",31,"fwi","RaDFHEdy","RaDFHEdy_fwi","Douglas-fir Hemlock-Dry Mesic",3
"6_53_45_85482",9,142,786,1891,650,1711001701,"17110016","WCR","RaDFHEdy_fwi_17110017","RaDFHEdy","RaDFHEdy_fwi",31,"fwi","RaDFHEdy","RaDFHEdy_fwi","Douglas-fir Hemlock-Dry Mesic",3
"6_53_45_50019",9,142,786,2297,541,1711001701,"17110016","WCR","RaABAMup_fst_WCR","RaABAMup","RaABAMup_fst",13,"fst","RaABAMup","RaABAMup_fst","Pacific Silver Fir - High Elevation",5
"6_53_45_58964",9,103,581,1905,1122,1710010401,"17100103","WCR","RaDFHEdy_fwi_17100104","RaDFHEdy","RaDFHEdy_fwi",31,"fwi","RaDFHEdy","RaDFHEdy_fwi","Douglas-fir Hemlock-Dry Mesic",3
"6_53_45_66539",9,103,581,1909,487,1710010401,"17100103","WCR","RaDFHEdy_fdg_17100104","RaDFHEdy","RaDFHEdy_fdg",24,"fdg","RaDFHEdy","RaDFHEdy_fdg","Douglas-fir Hemlock-Dry Mesic",3
"6_53_45_97550",9,103,581,1905,1024,1710010401,"17100103","WCR","RaDFHEdy_fwi_17100104","RaDFHEdy","RaDFHEdy_fwi",31,"fwi","RaDFHEdy","RaDFHEdy_fwi","Douglas-fir Hemlock-Dry Mesic",3
"6_53_45_62024",9,103,581,1905,1270,1710010401,"17100103","WCR","RaDFHEdy_fwi_17100104","RaDFHEdy","RaDFHEdy_fwi",31,"fwi","RaDFHEdy","RaDFHEdy_fwi","Douglas-fir Hemlock-Dry Mesic",3
"6_53_45_86606",9,103,581,1909,914,1710010401,"17100103","WCR","RaDFHEdy_fdg_17100104","RaDFHEdy","RaDFHEdy_fdg",24,"fdg","RaDFHEdy","RaDFHEdy_fdg","Douglas-fir Hemlock-Dry Mesic",3
"6_53_45_59096",9,103,581,1905,1325,1710010401,"17100103","WCR","RaDFHEdy_fwi_17100104","RaDFHEdy","RaDFHEdy_fwi",31,"fwi","RaDFHEdy","RaDFHEdy_fwi","Douglas-fir Hemlock-Dry Mesic",3
"6_53_45_78022",9,103,581,1905,1061,1710010401,"17100103","WCR","RaDFHEdy_fwi_17100104","RaDFHEdy","RaDFHEdy_fwi",31,"fwi","RaDFHEdy","RaDFHEdy_fwi","Douglas-fir Hemlock-Dry Mesic",3
"6_53_45_88742",9,103,581,1909,2457,1710010401,"17100103","WCR","RaDFHEdy_fdg_17100104","RaDFHEdy","RaDFHEdy_fdg",24,"fdg","RaDFHEdy","RaDFHEdy_fdg","Douglas-fir Hemlock-Dry Mesic",3
"6_53_45_50170",9,103,581,1905,1078,1710010401,"17100103","WCR","RaDFHEdy_fwi_17100104","RaDFHEdy","RaDFHEdy_fwi",31,"fwi","RaDFHEdy","RaDFHEdy_fwi","Douglas-fir Hemlock-Dry Mesic",3
"6_53_27_74994",9,103,581,2296,1140,1710010401,"17100103","WCR","RaDFHEwt_fwn_WCR","RaDFHEwt","RaDFHEwt_fwn",32,"fwn","RaDFHEwt","RaDFHEwt_fwn","Douglas-fir Hemlock-Wet Mesic",5
"6_53_27_92178",9,103,584,2296,1000,1710010404,"17100103","WCR","RaDFHEwt_fwn_WCR","RaDFHEwt","RaDFHEwt_fwn",32,"fwn","RaDFHEwt","RaDFHEwt_fwn","Douglas-fir Hemlock-Wet Mesic",5
"6_53_27_66173",9,103,584,2296,546,1710010404,"17100103","WCR","RaDFHEwt_fwn_WCR","RaDFHEwt","RaDFHEwt_fwn",32,"fwn","RaDFHEwt","RaDFHEwt_fwn","Douglas-fir Hemlock-Wet Mesic",5
"6_53_27_92344",9,102,580,1932,1105,1710010305,"17100102","WCR","RaDFHEdy_fwi_17100103","RaDFHEdy","RaDFHEdy_fwi",31,"fwi","RaDFHEdy","RaDFHEdy_fwi","Douglas-fir Hemlock-Dry Mesic",3
"7_53_49_84379",9,105,588,1934,2344,1710010601,"17100105","WCR","RaDFHEdy_fwi_17100106","RaDFHEdy","RaDFHEdy_fwi",31,"fwi","RaDFHEdy","RaDFHEdy_fwi","Douglas-fir Hemlock-Dry Mesic",3
"7_53_49_86588",9,85,487,1957,828,1708000603,"17080006B","WCR","RaDFHEdy_fwi_17080006A","RaDFHEdy","RaDFHEdy_fwi",31,"fwi","RaDFHEdy","RaDFHEdy_fwi","Douglas-fir Hemlock-Dry Mesic",3
"7_53_69_67842",9,81,469,1966,1151,1708000305,"17080003B","WCR","RaDFHEdy_fwi_17080003A","RaDFHEdy","RaDFHEdy_fwi",31,"fwi","RaDFHEdy","RaDFHEdy_fwi","Douglas-fir Hemlock-Dry Mesic",3
"7_53_69_66350",9,81,469,2296,804,1708000305,"17080003B","WCR","RaDFHEwt_fwn_WCR","RaDFHEwt","RaDFHEwt_fwn",32,"fwn","RaDFHEwt","RaDFHEwt_fwn","Douglas-fir Hemlock-Wet Mesic",5
"7_53_69_89536",9,81,469,1966,907,1708000305,"17080003B","WCR","RaDFHEdy_fwi_17080003A","RaDFHEdy","RaDFHEdy_fwi",31,"fwi","RaDFHEdy","RaDFHEdy_fwi","Douglas-fir Hemlock-Dry Mesic",3
"0_41_9_97623",3,107,595,2315,1597,1710020202,"17100201","OCR","RaDFHEwt_fwn_OCR","RaDFHEwt","RaDFHEwt_fwn",32,"fwn","RaDFHEwt","RaDFHEwt_fwn","Douglas-fir Hemlock-Wet Mesic",5
"0_41_9_61312",3,107,595,2315,1448,1710020202,"17100201","OCR","RaDFHEwt_fwn_OCR","RaDFHEwt","RaDFHEwt_fwn",32,"fwn","RaDFHEwt","RaDFHEwt_fwn","Douglas-fir Hemlock-Wet Mesic",5
"0_41_9_61246",3,107,595,2315,1446,1710020202,"17100201","OCR","RaDFHEwt_fwn_OCR","RaDFHEwt","RaDFHEwt_fwn",32,"fwn","RaDFHEwt","RaDFHEwt_fwn","Douglas-fir Hemlock-Wet Mesic",5
"0_41_9_98826",3,107,595,2315,981,1710020202,"17100201","OCR","RaDFHEwt_fwn_OCR","RaDFHEwt","RaDFHEwt_fwn",32,"fwn","RaDFHEwt","RaDFHEwt_fwn","Douglas-fir Hemlock-Wet Mesic",5
"0_41_9_75284",3,107,594,2315,2325,1710020201,"17100201","OCR","RaDFHEwt_fwn_OCR","RaDFHEwt","RaDFHEwt_fwn",32,"fwn","RaDFHEwt","RaDFHEwt_fwn","Douglas-fir Hemlock-Wet Mesic",5
"0_41_9_80587",3,107,594,2315,2324,1710020201,"17100201","OCR","RaDFHEwt_fwn_OCR","RaDFHEwt","RaDFHEwt_fwn",32,"fwn","RaDFHEwt","RaDFHEwt_fwn","Douglas-fir Hemlock-Wet Mesic",5
"0_41_67_52612",3,107,594,2315,2185,1710020201,"17100201","OCR","RaDFHEwt_fwn_OCR","RaDFHEwt","RaDFHEwt_fwn",32,"fwn","RaDFHEwt","RaDFHEwt_fwn","Douglas-fir Hemlock-Wet Mesic",5
"0_41_67_99669",3,107,594,2315,768,1710020201,"17100201","OCR","RaDFHEwt_fwn_OCR","RaDFHEwt","RaDFHEwt_fwn",32,"fwn","RaDFHEwt","RaDFHEwt_fwn","Douglas-fir Hemlock-Wet Mesic",5
"0_41_67_94741",3,96,547,2315,1019,1709001001,"17090009","OCR","RaDFHEwt_fwn_OCR","RaDFHEwt","RaDFHEwt_fwn",32,"fwn","RaDFHEwt","RaDFHEwt_fwn","Douglas-fir Hemlock-Wet Mesic",5
"0_41_57_51072",3,108,604,2020,2628,1710020305,"17100202","OCR","RaDFHEdy_fwi_17100203","RaDFHEdy","RaDFHEdy_fwi",31,"fwi","RaDFHEdy","RaDFHEdy_fwi","Douglas-fir Hemlock-Dry Mesic",3
"0_41_67_74938",3,96,548,2006,1777,1709001002,"17090009","OCR","RaDFHEdy_fwi_17090010","RaDFHEdy","RaDFHEdy_fwi",31,"fwi","RaDFHEdy","RaDFHEdy_fwi","Douglas-fir Hemlock-Dry Mesic",3
"0_41_67_88484",3,96,548,2006,1456,1709001002,"17090009","OCR","RaDFHEdy_fwi_17090010","RaDFHEdy","RaDFHEdy_fwi",31,"fwi","RaDFHEdy","RaDFHEdy_fwi","Douglas-fir Hemlock-Dry Mesic",3
"0_41_67_62988",3,96,548,2006,1185,1709001002,"17090009","OCR","RaDFHEdy_fwi_17090010","RaDFHEdy","RaDFHEdy_fwi",31,"fwi","RaDFHEdy","RaDFHEdy_fwi","Douglas-fir Hemlock-Dry Mesic",3
"0_41_71_93977",3,94,539,2315,1215,1709000806,"17090007","OCR","RaDFHEwt_fwn_OCR","RaDFHEwt","RaDFHEwt_fwn",32,"fwn","RaDFHEwt","RaDFHEwt_fwn","Douglas-fir Hemlock-Wet Mesic",5
"0_41_71_79933",3,94,539,2315,871,1709000806,"17090007","OCR","RaDFHEwt_fwn_OCR","RaDFHEwt","RaDFHEwt_fwn",32,"fwn","RaDFHEwt","RaDFHEwt_fwn","Douglas-fir Hemlock-Wet Mesic",5
"0_41_71_76039",3,94,539,474,1450,1709000806,"17090007","OCR","RaDFWV_fwx_1709000806","RaDFWV","RaDFWV_fwx",37,"fwx","RaDFWV","RaDFWV_fwx","Douglas-fir Willamatte Valley Foothills",1
"1_41_3_65302",3,88,508,693,2489,1709000306,"17090002","OCR","RaDFWV_fwx_1709000306","RaDFWV","RaDFWV_fwx",37,"fwx","RaDFWV","RaDFWV_fwx","Douglas-fir Willamatte Valley Foothills",1
"1_41_39_50963",3,88,503,840,592,1709000301,"17090002","OCR","RaDFWV_fwx_1709000301","RaDFWV","RaDFWV_fwx",37,"fwx","RaDFWV","RaDFWV_fwx","Douglas-fir Willamatte Valley Foothills",1
"1_41_39_97649",3,88,503,840,1283,1709000301,"17090002","OCR","RaDFWV_fwx_1709000301","RaDFWV","RaDFWV_fwx",37,"fwx","RaDFWV","RaDFWV_fwx","Douglas-fir Willamatte Valley Foothills",1
"1_41_39_74403",3,88,503,840,2318,1709000301,"17090002","OCR","RaDFWV_fwx_1709000301","RaDFWV","RaDFWV_fwx",37,"fwx","RaDFWV","RaDFWV_fwx","Douglas-fir Willamatte Valley Foothills",1
"1_41_39_95893",3,88,503,840,1668,1709000301,"17090002","OCR","RaDFWV_fwx_1709000301","RaDFWV","RaDFWV_fwx",37,"fwx","RaDFWV","RaDFWV_fwx","Douglas-fir Willamatte Valley Foothills",1
"1_41_39_51134",3,111,627,974,1610,1710020603,"17100205","OCR","RaDFWV_fwx_1710020603","RaDFWV","RaDFWV_fwx",37,"fwx","RaDFWV","RaDFWV_fwx","Douglas-fir Willamatte Valley Foothills",1
"2_41_19_59154",3,116,660,1042,2500,1710030303,"17100303B","OCR","RaDFWV_fwx_1710030303","RaDFWV","RaDFWV_fwx",37,"fwx","RaDFWV","RaDFWV_fwx","Douglas-fir Willamatte Valley Foothills",1
"2_41_19_63657",3,116,660,1042,681,1710030303,"17100303B","OCR","RaDFWV_fwx_1710030303","RaDFWV","RaDFWV_fwx",37,"fwx","RaDFWV","RaDFWV_fwx","Douglas-fir Willamatte Valley Foothills",1
"2_41_19_94814",3,116,660,2147,970,1710030303,"17100303B","OCR","RaDFHEdy_fwi_17100303A","RaDFHEdy","RaDFHEdy_fwi",31,"fwi","RaDFHEdy","RaDFHEdy_fwi","Douglas-fir Hemlock-Dry Mesic",3
"2_41_19_50273",6,113,644,1127,1165,1710030111,"17100207","OSW","RaMCONsw_fvw_1710030111","RaMCONsw","RaMCONsw_fvw",21,"fvw","RaMCONsw","RaMCONsw_fvw","Mixed Conifer - Southwest Oregon",1
"2_41_19_56457",6,113,644,1124,576,1710030111,"17100207","OSW","Na0710270_fdd_1710030111","Na0710270","Na0710270_fdd",43,"fdd","Na0710270","Na0710270_fdd","Mediterranean California Dry-Mesic Mixed Conifer Forest and Woodland",1
"2_41_19_80784",6,114,654,1190,527,1710030210,"17100301","OSW","Na0710270_fdd_1710030210","Na0710270","Na0710270_fdd",43,"fdd","Na0710270","Na0710270_fdd","Mediterranean California Dry-Mesic Mixed Conifer Forest and Woodland",1
"2_41_19_61621",6,114,654,1190,1362,1710030210,"17100301","OSW","Na0710270_fdd_1710030210","Na0710270","Na0710270_fdd",43,"fdd","Na0710270","Na0710270_fdd","Mediterranean California Dry-Mesic Mixed Conifer Forest and Woodland",1
"2_41_19_55847",6,114,654,1190,1376,1710030210,"17100301","OSW","Na0710270_fdd_1710030210","Na0710270","Na0710270_fdd",43,"fdd","Na0710270","Na0710270_fdd","Mediterranean California Dry-Mesic Mixed Conifer Forest and Woodland",1
"2_41_19_84442",6,114,649,1239,1273,1710030205,"17100301","OSW","RaMCONsw_fiw_1710030205","RaMCONsw","RaMCONsw_fiw",20,"fiw","RaMCONsw","RaMCONsw_fiw","Mixed Conifer - Southwest Oregon",1
"2_41_19_52763",6,114,649,1241,2323,1710030205,"17100301","OSW","Na0710270_fdd_1710030205","Na0710270","Na0710270_fdd",43,"fdd","Na0710270","Na0710270_fdd","Mediterranean California Dry-Mesic Mixed Conifer Forest and Woodland",1
"2_41_19_76377",6,114,651,1315,2061,1710030207,"17100301","OSW","RaMCONsw_fdm_1710030207","RaMCONsw","RaMCONsw_fdm",41,"fdm","RaMCONsw","RaMCONsw_fdm","Mixed Conifer - Southwest Oregon",1
"2_41_29_89105",6,121,689,1374,721,1710030803,"17100307","OSW","Na0710270_fdd_1710030803","Na0710270","Na0710270_fdd",43,"fdd","Na0710270","Na0710270_fdd","Mediterranean California Dry-Mesic Mixed Conifer Forest and Woodland",1
"2_41_29_99109",6,121,689,1374,1809,1710030803,"17100307","OSW","Na0710270_fdd_1710030803","Na0710270","Na0710270_fdd",43,"fdd","Na0710270","Na0710270_fdd","Mediterranean California Dry-Mesic Mixed Conifer Forest and Woodland",1
"2_41_29_90626",6,121,689,1374,2010,1710030803,"17100307","OSW","Na0710270_fdd_1710030803","Na0710270","Na0710270_fdd",43,"fdd","Na0710270","Na0710270_fdd","Mediterranean California Dry-Mesic Mixed Conifer Forest and Woodland",1
"2_41_29_69574",6,121,689,1374,2152,1710030803,"17100307","OSW","Na0710270_fdd_1710030803","Na0710270","Na0710270_fdd",43,"fdd","Na0710270","Na0710270_fdd","Mediterranean California Dry-Mesic Mixed Conifer Forest and Woodland",1
"2_41_29_59218",6,121,688,1507,779,1710030802,"17100307","OSW","Na0710270_fdd_1710030802","Na0710270","Na0710270_fdd",43,"fdd","Na0710270","Na0710270_fdd","Mediterranean California Dry-Mesic Mixed Conifer Forest and Woodland",1
"2_41_29_74030",6,121,688,1507,1190,1710030802,"17100307","OSW","Na0710270_fdd_1710030802","Na0710270","Na0710270_fdd",43,"fdd","Na0710270","Na0710270_fdd","Mediterranean California Dry-Mesic Mixed Conifer Forest and Woodland",1
"2_41_29_61294",6,122,694,1626,1972,1710030904,"17100308","OSW","Na0710270_fdd_1710030904","Na0710270","Na0710270_fdd",43,"fdd","Na0710270","Na0710270_fdd","Mediterranean California Dry-Mesic Mixed Conifer Forest and Woodland",1
"2_41_29_70781",6,122,694,1626,2551,1710030904,"17100308","OSW","Na0710270_fdd_1710030904","Na0710270","Na0710270_fdd",43,"fdd","Na0710270","Na0710270_fdd","Mediterranean California Dry-Mesic Mixed Conifer Forest and Woodland",1
"2_41_29_77759",6,122,694,1626,2406,1710030904,"17100308","OSW","Na0710270_fdd_1710030904","Na0710270","Na0710270_fdd",43,"fdd","Na0710270","Na0710270_fdd","Mediterranean California Dry-Mesic Mixed Conifer Forest and Woodland",1
"2_41_29_59223",6,122,692,1682,3111,1710030902,"17100308","OSW","Na0710270_fdd_1710030902","Na0710270","Na0710270_fdd",43,"fdd","Na0710270","Na0710270_fdd","Mediterranean California Dry-Mesic Mixed Conifer Forest and Woodland",1
"2_41_29_97173",6,122,692,1682,1089,1710030902,"17100308","OSW","Na0710270_fdd_1710030902","Na0710270","Na0710270_fdd",43,"fdd","Na0710270","Na0710270_fdd","Mediterranean California Dry-Mesic Mixed Conifer Forest and Woodland",1
"2_41_29_52938",6,122,692,1682,1868,1710030902,"17100308","OSW","Na0710270_fdd_1710030902","Na0710270","Na0710270_fdd",43,"fdd","Na0710270","Na0710270_fdd","Mediterranean California Dry-Mesic Mixed Conifer Forest and Woodland",1
"2_41_29_59118",6,122,692,1682,1339,1710030902,"17100308","OSW","Na0710270_fdd_1710030902","Na0710270","Na0710270_fdd",43,"fdd","Na0710270","Na0710270_fdd","Mediterranean California Dry-Mesic Mixed Conifer Forest and Woodland",1
"2_41_29_64263",6,122,691,1726,1477,1710030901,"17100308","OSW","Na0710270_fdd_1710030901","Na0710270","Na0710270_fdd",43,"fdd","Na0710270","Na0710270_fdd","Mediterranean California Dry-Mesic Mixed Conifer Forest and Woodland",1
"2_41_29_57848",6,122,691,1726,2328,1710030901,"17100308","OSW","Na0710270_fdd_1710030901","Na0710270","Na0710270_fdd",43,"fdd","Na0710270","Na0710270_fdd","Mediterranean California Dry-Mesic Mixed Conifer Forest and Woodland",1
"2_41_29_64260",6,122,691,1726,2345,1710030901,"17100308","OSW","Na0710270_fdd_1710030901","Na0710270","Na0710270_fdd",43,"fdd","Na0710270","Na0710270_fdd","Mediterranean California Dry-Mesic Mixed Conifer Forest and Woodland",1
"6_53_9_56857",9,145,806,1836,2733,1711002004,"17110019","WCR","RaDFHEdy_fwi_17110020","RaDFHEdy","RaDFHEdy_fwi",31,"fwi","RaDFHEdy","RaDFHEdy_fwi","Douglas-fir Hemlock-Dry Mesic",3
"6_53_9_75817",9,145,807,1853,883,1711002005,"17110019","WCR","RaABAMlw_fsi_17110020","RaABAMlw","RaABAMlw_fsi",14,"fsi","RaABAMlw","RaABAMlw_fsi","Pacific Silver Fir - Low Elevation",3
"6_53_9_89262",9,145,806,2302,896,1711002004,"17110019","WCR","RaABLA_faf_WCR","RaABLA","RaABLA_faf",8,"faf","RaABLA","RaABLA_faf","Subalpine Fir",4
"6_53_9_64463",9,145,807,1853,1181,1711002005,"17110019","WCR","RaABAMlw_fsi_17110020","RaABAMlw","RaABAMlw_fsi",14,"fsi","RaABAMlw","RaABAMlw_fsi","Pacific Silver Fir - Low Elevation",3
"6_53_9_75203",9,145,807,1837,1609,1711002005,"17110019","WCR","RaDFHEdy_fdg_17110020","RaDFHEdy","RaDFHEdy_fdg",24,"fdg","RaDFHEdy","RaDFHEdy_fdg","Douglas-fir Hemlock-Dry Mesic",3
"6_53_31_75510",9,145,807,1836,908,1711002005,"17110019","WCR","RaDFHEdy_fwi_17110020","RaDFHEdy","RaDFHEdy_fwi",31,"fwi","RaDFHEdy","RaDFHEdy_fwi","Douglas-fir Hemlock-Dry Mesic",3
"6_53_31_85733",9,145,807,1836,1354,1711002005,"17110019","WCR","RaDFHEdy_fwi_17110020","RaDFHEdy","RaDFHEdy_fwi",31,"fwi","RaDFHEdy","RaDFHEdy_fwi","Douglas-fir Hemlock-Dry Mesic",3
"6_53_31_97293",9,145,807,1853,910,1711002005,"17110019","WCR","RaABAMlw_fsi_17110020","RaABAMlw","RaABAMlw_fsi",14,"fsi","RaABAMlw","RaABAMlw_fsi","Pacific Silver Fir - Low Elevation",3
"6_53_31_90798",9,101,573,2300,1163,1710010204,"17100101","WCR","Na0710411_fmt_WCR","Na0710411","Na0710411_fmt",5,"fmt","Na0710411","Na0710411_fmt","North Pacific Mountain Hemlock Forest - Wet",5
"6_53_31_89943",9,101,573,2297,1790,1710010204,"17100101","WCR","RaABAMup_fst_WCR","RaABAMup","RaABAMup_fst",13,"fst","RaABAMup","RaABAMup_fst","Pacific Silver Fir - High Elevation",5
"6_53_45_64851",9,142,786,1890,651,1711001701,"17110016","WCR","RaDFHEdy_fdg_17110017","RaDFHEdy","RaDFHEdy_fdg",24,"fdg","RaDFHEdy","RaDFHEdy_fdg","Douglas-fir Hemlock-Dry Mesic",3
"6_53_45_53757",9,142,786,2297,754,1711001701,"17110016","WCR","RaABAMup_fst_WCR","RaABAMup","RaABAMup_fst",13,"fst","RaABAMup","RaABAMup_fst","Pacific Silver Fir - High Elevation",5
"6_53_45_58982",9,142,786,1890,808,1711001701,"17110016","WCR","RaDFHEdy_fdg_17110017","RaDFHEdy","RaDFHEdy_fdg",24,"fdg","RaDFHEdy","RaDFHEdy_fdg","Douglas-fir Hemlock-Dry Mesic",3
"6_53_45_57180",9,142,786,1891,590,1711001701,"17110016","WCR","RaDFHEdy_fwi_17110017","RaDFHEdy","RaDFHEdy_fwi",31,"fwi","RaDFHEdy","RaDFHEdy_fwi","Douglas-fir Hemlock-Dry Mesic",3
"6_53_45_88102",9,103,581,1905,697,1710010401,"17100103","WCR","RaDFHEdy_fwi_17100104","RaDFHEdy","RaDFHEdy_fwi",31,"fwi","RaDFHEdy","RaDFHEdy_fwi","Douglas-fir Hemlock-Dry Mesic",3
"6_53_45_81030",9,103,581,1905,1080,1710010401,"17100103","WCR","RaDFHEdy_fwi_17100104","RaDFHEdy","RaDFHEdy_fwi",31,"fwi","RaDFHEdy","RaDFHEdy_fwi","Douglas-fir Hemlock-Dry Mesic",3
"6_53_45_56452",9,103,581,1905,1699,1710010401,"17100103","WCR","RaDFHEdy_fwi_17100104","RaDFHEdy","RaDFHEdy_fwi",31,"fwi","RaDFHEdy","RaDFHEdy_fwi","Douglas-fir Hemlock-Dry Mesic",3
"6_53_45_92118",9,103,581,1905,773,1710010401,"17100103","WCR","RaDFHEdy_fwi_17100104","RaDFHEdy","RaDFHEdy_fwi",31,"fwi","RaDFHEdy","RaDFHEdy_fwi","Douglas-fir Hemlock-Dry Mesic",3
"6_53_27_73119",9,103,584,2296,1638,1710010404,"17100103","WCR","RaDFHEwt_fwn_WCR","RaDFHEwt","RaDFHEwt_fwn",32,"fwn","RaDFHEwt","RaDFHEwt_fwn","Douglas-fir Hemlock-Wet Mesic",5
"6_53_27_85455",9,102,580,1932,1759,1710010305,"17100102","WCR","RaDFHEdy_fwi_17100103","RaDFHEdy","RaDFHEdy_fwi",31,"fwi","RaDFHEdy","RaDFHEdy_fwi","Douglas-fir Hemlock-Dry Mesic",3
"6_53_27_68579",9,102,580,1932,634,1710010305,"17100102","WCR","RaDFHEdy_fwi_17100103","RaDFHEdy","RaDFHEdy_fwi",31,"fwi","RaDFHEdy","RaDFHEdy_fwi","Douglas-fir Hemlock-Dry Mesic",3
"7_53_49_87642",9,102,580,2296,1033,1710010305,"17100102","WCR","RaDFHEwt_fwn_WCR","RaDFHEwt","RaDFHEwt_fwn",32,"fwn","RaDFHEwt","RaDFHEwt_fwn","Douglas-fir Hemlock-Wet Mesic",5
"7_53_49_87476",9,105,588,1934,1486,1710010601,"17100105","WCR","RaDFHEdy_fwi_17100106","RaDFHEdy","RaDFHEdy_fwi",31,"fwi","RaDFHEdy","RaDFHEdy_fwi","Douglas-fir Hemlock-Dry Mesic",3
"7_53_49_84113",9,102,576,2296,1375,1710010301,"17100102","WCR","RaDFHEwt_fwn_WCR","RaDFHEwt","RaDFHEwt_fwn",32,"fwn","RaDFHEwt","RaDFHEwt_fwn","Douglas-fir Hemlock-Wet Mesic",5
"7_53_49_82009",9,102,576,1932,875,1710010301,"17100102","WCR","RaDFHEdy_fwi_17100103","RaDFHEdy","RaDFHEdy_fwi",31,"fwi","RaDFHEdy","RaDFHEdy_fwi","Douglas-fir Hemlock-Dry Mesic",3
"7_53_49_54276",9,102,576,2296,859,1710010301,"17100102","WCR","RaDFHEwt_fwn_WCR","RaDFHEwt","RaDFHEwt_fwn",32,"fwn","RaDFHEwt","RaDFHEwt_fwn","Douglas-fir Hemlock-Wet Mesic",5
"7_53_49_50998",9,102,576,2296,997,1710010301,"17100102","WCR","RaDFHEwt_fwn_WCR","RaDFHEwt","RaDFHEwt_fwn",32,"fwn","RaDFHEwt","RaDFHEwt_fwn","Douglas-fir Hemlock-Wet Mesic",5
"7_53_49_73104",9,102,576,1931,503,1710010301,"17100102","WCR","RaDFHEdy_fdg_17100103","RaDFHEdy","RaDFHEdy_fdg",24,"fdg","RaDFHEdy","RaDFHEdy_fdg","Douglas-fir Hemlock-Dry Mesic",3
"7_53_49_54097",9,102,576,2296,1236,1710010301,"17100102","WCR","RaDFHEwt_fwn_WCR","RaDFHEwt","RaDFHEwt_fwn",32,"fwn","RaDFHEwt","RaDFHEwt_fwn","Douglas-fir Hemlock-Wet Mesic",5
"7_53_69_66654",9,81,469,2296,1136,1708000305,"17080003B","WCR","RaDFHEwt_fwn_WCR","RaDFHEwt","RaDFHEwt_fwn",32,"fwn","RaDFHEwt","RaDFHEwt_fwn","Douglas-fir Hemlock-Wet Mesic",5
"7_53_69_51806",9,81,469,2296,2262,1708000305,"17080003B","WCR","RaDFHEwt_fwn_WCR","RaDFHEwt","RaDFHEwt_fwn",32,"fwn","RaDFHEwt","RaDFHEwt_fwn","Douglas-fir Hemlock-Wet Mesic",5
"7_53_69_97836",9,81,469,2296,1185,1708000305,"17080003B","WCR","RaDFHEwt_fwn_WCR","RaDFHEwt","RaDFHEwt_fwn",32,"fwn","RaDFHEwt","RaDFHEwt_fwn","Douglas-fir Hemlock-Wet Mesic",5
"0_41_9_70967",3,80,470,2314,777,1708000306,"17080003C","OCR","RaSSHE_fss_OCR","RaSSHE","RaSSHE_fss",60,"fss","RaSSHE","RaSSHE_fss","Sitka Spruce - Western Hemlock",5
"0_41_9_65740",3,107,595,1986,941,1710020202,"17100201","OCR","RaDFHEdy_fwi_17100202","RaDFHEdy","RaDFHEdy_fwi",31,"fwi","RaDFHEdy","RaDFHEdy_fwi","Douglas-fir Hemlock-Dry Mesic",3
"0_41_9_55783",3,107,594,1986,1019,1710020201,"17100201","OCR","RaDFHEdy_fwi_17100202","RaDFHEdy","RaDFHEdy_fwi",31,"fwi","RaDFHEdy","RaDFHEdy_fwi","Douglas-fir Hemlock-Dry Mesic",3
"0_41_9_50740",3,107,594,2315,1654,1710020201,"17100201","OCR","RaDFHEwt_fwn_OCR","RaDFHEwt","RaDFHEwt_fwn",32,"fwn","RaDFHEwt","RaDFHEwt_fwn","Douglas-fir Hemlock-Wet Mesic",5
"0_41_67_79457",3,96,547,2006,934,1709001001,"17090009","OCR","RaDFHEdy_fwi_17090010","RaDFHEdy","RaDFHEdy_fwi",31,"fwi","RaDFHEdy","RaDFHEdy_fwi","Douglas-fir Hemlock-Dry Mesic",3
"0_41_67_83531",3,96,548,446,401,1709001002,"17090009","OCR","RaDFWV_fwx_1709001002","RaDFWV","RaDFWV_fwx",37,"fwx","RaDFWV","RaDFWV_fwx","Douglas-fir Willamatte Valley Foothills",1
"0_41_71_75806",3,94,539,474,679,1709000806,"17090007","OCR","RaDFWV_fwx_1709000806","RaDFWV","RaDFWV_fwx",37,"fwx","RaDFWV","RaDFWV_fwx","Douglas-fir Willamatte Valley Foothills",1
"0_41_71_75534",3,94,539,2315,908,1709000806,"17090007","OCR","RaDFHEwt_fwn_OCR","RaDFHEwt","RaDFHEwt_fwn",32,"fwn","RaDFHEwt","RaDFHEwt_fwn","Douglas-fir Hemlock-Wet Mesic",5
"0_41_71_70617",3,94,537,516,309,1709000804,"17090007","OCR","RaDFWV_fwx_1709000804","RaDFWV","RaDFWV_fwx",37,"fwx","RaDFWV","RaDFWV_fwx","Douglas-fir Willamatte Valley Foothills",1
"0_41_53_54092",3,94,538,552,950,1709000805,"17090007","OCR","RaDFWV_fwx_1709000805","RaDFWV","RaDFWV_fwx",37,"fwx","RaDFWV","RaDFWV_fwx","Douglas-fir Willamatte Valley Foothills",1
"1_41_39_90803",3,88,503,840,1781,1709000301,"17090002","OCR","RaDFWV_fwx_1709000301","RaDFWV","RaDFWV_fwx",37,"fwx","RaDFWV","RaDFWV_fwx","Douglas-fir Willamatte Valley Foothills",1
"1_41_39_63868",3,111,627,974,1586,1710020603,"17100205","OCR","RaDFWV_fwx_1710020603","RaDFWV","RaDFWV_fwx",37,"fwx","RaDFWV","RaDFWV_fwx","Douglas-fir Willamatte Valley Foothills",1
"1_41_39_58260",3,111,627,974,1947,1710020603,"17100205","OCR","RaDFWV_fwx_1710020603","RaDFWV","RaDFWV_fwx",37,"fwx","RaDFWV","RaDFWV_fwx","Douglas-fir Willamatte Valley Foothills",1
"2_41_19_70778",3,111,627,974,2054,1710020603,"17100205","OCR","RaDFWV_fwx_1710020603","RaDFWV","RaDFWV_fwx",37,"fwx","RaDFWV","RaDFWV_fwx","Douglas-fir Willamatte Valley Foothills",1
"2_41_19_82421",3,116,660,1042,2056,1710030303,"17100303B","OCR","RaDFWV_fwx_1710030303","RaDFWV","RaDFWV_fwx",37,"fwx","RaDFWV","RaDFWV_fwx","Douglas-fir Willamatte Valley Foothills",1
"2_41_19_85507",3,116,660,1042,1611,1710030303,"17100303B","OCR","RaDFWV_fwx_1710030303","RaDFWV","RaDFWV_fwx",37,"fwx","RaDFWV","RaDFWV_fwx","Douglas-fir Willamatte Valley Foothills",1
"2_41_19_74553",3,116,660,1042,442,1710030303,"17100303B","OCR","RaDFWV_fwx_1710030303","RaDFWV","RaDFWV_fwx",37,"fwx","RaDFWV","RaDFWV_fwx","Douglas-fir Willamatte Valley Foothills",1
"2_41_19_78987",3,116,660,1042,2282,1710030303,"17100303B","OCR","RaDFWV_fwx_1710030303","RaDFWV","RaDFWV_fwx",37,"fwx","RaDFWV","RaDFWV_fwx","Douglas-fir Willamatte Valley Foothills",1
"2_41_19_96206",3,116,660,2147,777,1710030303,"17100303B","OCR","RaDFHEdy_fwi_17100303A","RaDFHEdy","RaDFHEdy_fwi",31,"fwi","RaDFHEdy","RaDFHEdy_fwi","Douglas-fir Hemlock-Dry Mesic",3
"2_41_19_56049",3,116,660,1042,651,1710030303,"17100303B","OCR","RaDFWV_fwx_1710030303","RaDFWV","RaDFWV_fwx",37,"fwx","RaDFWV","RaDFWV_fwx","Douglas-fir Willamatte Valley Foothills",1
"2_41_19_68136",6,115,658,1091,648,1710030301,"17100302","OSW","RaMCONsw_fdm_1710030301","RaMCONsw","RaMCONsw_fdm",41,"fdm","RaMCONsw","RaMCONsw_fdm","Mixed Conifer - Southwest Oregon",1
"2_41_19_61163",6,115,658,1091,657,1710030301,"17100302","OSW","RaMCONsw_fdm_1710030301","RaMCONsw","RaMCONsw_fdm",41,"fdm","RaMCONsw","RaMCONsw_fdm","Mixed Conifer - Southwest Oregon",1
"2_41_19_54468",6,113,644,1124,791,1710030111,"17100207","OSW","Na0710270_fdd_1710030111","Na0710270","Na0710270_fdd",43,"fdd","Na0710270","Na0710270_fdd","Mediterranean California Dry-Mesic Mixed Conifer Forest and Woodland",1
"2_41_19_53300",6,113,644,1124,812,1710030111,"17100207","OSW","Na0710270_fdd_1710030111","Na0710270","Na0710270_fdd",43,"fdd","Na0710270","Na0710270_fdd","Mediterranean California Dry-Mesic Mixed Conifer Forest and Woodland",1
"2_41_19_76656",6,114,654,1189,570,1710030210,"17100301","OSW","RaMCONsw_fvw_1710030210","RaMCONsw","RaMCONsw_fvw",21,"fvw","RaMCONsw","RaMCONsw_fvw","Mixed Conifer - Southwest Oregon",1
"2_41_19_51546",6,114,649,1239,1233,1710030205,"17100301","OSW","RaMCONsw_fiw_1710030205","RaMCONsw","RaMCONsw_fiw",20,"fiw","RaMCONsw","RaMCONsw_fiw","Mixed Conifer - Southwest Oregon",1
"2_41_19_94009",6,114,649,1241,1104,1710030205,"17100301","OSW","Na0710270_fdd_1710030205","Na0710270","Na0710270_fdd",43,"fdd","Na0710270","Na0710270_fdd","Mediterranean California Dry-Mesic Mixed Conifer Forest and Woodland",1
"2_41_19_71879",6,114,649,1241,1159,1710030205,"17100301","OSW","Na0710270_fdd_1710030205","Na0710270","Na0710270_fdd",43,"fdd","Na0710270","Na0710270_fdd","Mediterranean California Dry-Mesic Mixed Conifer Forest and Woodland",1
"2_41_19_96577",6,114,649,1238,1511,1710030205,"17100301","OSW","RaMCONsw_fdm_1710030205","RaMCONsw","RaMCONsw_fdm",41,"fdm","RaMCONsw","RaMCONsw_fdm","Mixed Conifer - Southwest Oregon",1
"2_41_19_97998",6,114,650,1312,1434,1710030206,"17100301","OSW","RaMCONsw_fdm_1710030206","RaMCONsw","RaMCONsw_fdm",41,"fdm","RaMCONsw","RaMCONsw_fdm","Mixed Conifer - Southwest Oregon",1
"2_41_29_64124",6,121,689,1374,774,1710030803,"17100307","OSW","Na0710270_fdd_1710030803","Na0710270","Na0710270_fdd",43,"fdd","Na0710270","Na0710270_fdd","Mediterranean California Dry-Mesic Mixed Conifer Forest and Woodland",1
"2_41_29_87033",6,121,689,1374,2518,1710030803,"17100307","OSW","Na0710270_fdd_1710030803","Na0710270","Na0710270_fdd",43,"fdd","Na0710270","Na0710270_fdd","Mediterranean California Dry-Mesic Mixed Conifer Forest and Woodland",1
"2_41_29_73663",6,121,689,1380,1087,1710030803,"17100307","OSW","RaMCONsw_fiw_1710030803","RaMCONsw","RaMCONsw_fiw",20,"fiw","RaMCONsw","RaMCONsw_fiw","Mixed Conifer - Southwest Oregon",1
"2_41_29_86961",6,121,689,1374,1834,1710030803,"17100307","OSW","Na0710270_fdd_1710030803","Na0710270","Na0710270_fdd",43,"fdd","Na0710270","Na0710270_fdd","Mediterranean California Dry-Mesic Mixed Conifer Forest and Woodland",1
"2_41_29_70909",6,121,689,1374,1914,1710030803,"17100307","OSW","Na0710270_fdd_1710030803","Na0710270","Na0710270_fdd",43,"fdd","Na0710270","Na0710270_fdd","Mediterranean California Dry-Mesic Mixed Conifer Forest and Woodland",1
"2_41_29_81990",6,121,689,1374,2676,1710030803,"17100307","OSW","Na0710270_fdd_1710030803","Na0710270","Na0710270_fdd",43,"fdd","Na0710270","Na0710270_fdd","Mediterranean California Dry-Mesic Mixed Conifer Forest and Woodland",1
"2_41_29_86742",6,121,688,1507,2411,1710030802,"17100307","OSW","Na0710270_fdd_1710030802","Na0710270","Na0710270_fdd",43,"fdd","Na0710270","Na0710270_fdd","Mediterranean California Dry-Mesic Mixed Conifer Forest and Woodland",1
"2_41_29_67822",6,121,688,1507,889,1710030802,"17100307","OSW","Na0710270_fdd_1710030802","Na0710270","Na0710270_fdd",43,"fdd","Na0710270","Na0710270_fdd","Mediterranean California Dry-Mesic Mixed Conifer Forest and Woodland",1
"2_41_29_78797",6,122,694,1626,2364,1710030904,"17100308","OSW","Na0710270_fdd_1710030904","Na0710270","Na0710270_fdd",43,"fdd","Na0710270","Na0710270_fdd","Mediterranean California Dry-Mesic Mixed Conifer Forest and Woodland",1
"2_41_29_57967",6,122,692,1682,1587,1710030902,"17100308","OSW","Na0710270_fdd_1710030902","Na0710270","Na0710270_fdd",43,"fdd","Na0710270","Na0710270_fdd","Mediterranean California Dry-Mesic Mixed Conifer Forest and Woodland",1
"2_41_29_56065",6,122,692,1682,1456,1710030902,"17100308","OSW","Na0710270_fdd_1710030902","Na0710270","Na0710270_fdd",43,"fdd","Na0710270","Na0710270_fdd","Mediterranean California Dry-Mesic Mixed Conifer Forest and Woodland",1
"2_41_29_73434",6,122,692,1682,3135,1710030902,"17100308","OSW","Na0710270_fdd_1710030902","Na0710270","Na0710270_fdd",43,"fdd","Na0710270","Na0710270_fdd","Mediterranean California Dry-Mesic Mixed Conifer Forest and Woodland",1
"2_41_29_77176",6,122,691,1726,2390,1710030901,"17100308","OSW","Na0710270_fdd_1710030901","Na0710270","Na0710270_fdd",43,"fdd","Na0710270","Na0710270_fdd","Mediterranean California Dry-Mesic Mixed Conifer Forest and Woodland",1
"2_41_29_70823",6,122,691,1726,2512,1710030901,"17100308","OSW","Na0710270_fdd_1710030901","Na0710270","Na0710270_fdd",43,"fdd","Na0710270","Na0710270_fdd","Mediterranean California Dry-Mesic Mixed Conifer Forest and Woodland",1
"2_41_29_62341",6,122,691,1726,2880,1710030901,"17100308","OSW","Na0710270_fdd_1710030901","Na0710270","Na0710270_fdd",43,"fdd","Na0710270","Na0710270_fdd","Mediterranean California Dry-Mesic Mixed Conifer Forest and Woodland",1
"6_53_9_53941",9,145,806,2302,1613,1711002004,"17110019","WCR","RaABLA_faf_WCR","RaABLA","RaABLA_faf",8,"faf","RaABLA","RaABLA_faf","Subalpine Fir",4
"6_53_31_58890",9,145,807,1860,777,1711002005,"17110019","WCR","RaSAWD_fal_17110020","RaSAWD","RaSAWD_fal",2,"fal","RaSAWD","RaSAWD_fal","Subalpine Woodland",3
"6_53_31_60731",9,101,573,2300,1342,1710010204,"17100101","WCR","Na0710411_fmt_WCR","Na0710411","Na0710411_fmt",5,"fmt","Na0710411","Na0710411_fmt","North Pacific Mountain Hemlock Forest - Wet",5
"6_53_31_82697",9,101,573,2300,1511,1710010204,"17100101","WCR","Na0710411_fmt_WCR","Na0710411","Na0710411_fmt",5,"fmt","Na0710411","Na0710411_fmt","North Pacific Mountain Hemlock Forest - Wet",5
"6_53_45_59422",9,142,787,2297,752,1711001702,"17110016","WCR","RaABAMup_fst_WCR","RaABAMup","RaABAMup_fst",13,"fst","RaABAMup","RaABAMup_fst","Pacific Silver Fir - High Elevation",5
"6_53_45_50527",9,142,787,2296,1158,1711001702,"17110016","WCR","RaDFHEwt_fwn_WCR","RaDFHEwt","RaDFHEwt_fwn",32,"fwn","RaDFHEwt","RaDFHEwt_fwn","Douglas-fir Hemlock-Wet Mesic",5
"6_53_45_59156",9,142,787,2297,644,1711001702,"17110016","WCR","RaABAMup_fst_WCR","RaABAMup","RaABAMup_fst",13,"fst","RaABAMup","RaABAMup_fst","Pacific Silver Fir - High Elevation",5
"6_53_45_55827",9,142,787,2300,846,1711001702,"17110016","WCR","Na0710411_fmt_WCR","Na0710411","Na0710411_fmt",5,"fmt","Na0710411","Na0710411_fmt","North Pacific Mountain Hemlock Forest - Wet",5
"6_53_45_92227",9,142,787,2297,635,1711001702,"17110016","WCR","RaABAMup_fst_WCR","RaABAMup","RaABAMup_fst",13,"fst","RaABAMup","RaABAMup_fst","Pacific Silver Fir - High Elevation",5
"6_53_45_78716",9,142,786,1891,491,1711001701,"17110016","WCR","RaDFHEdy_fwi_17110017","RaDFHEdy","RaDFHEdy_fwi",31,"fwi","RaDFHEdy","RaDFHEdy_fwi","Douglas-fir Hemlock-Dry Mesic",3
"6_53_45_86751",9,142,787,2297,362,1711001702,"17110016","WCR","RaABAMup_fst_WCR","RaABAMup","RaABAMup_fst",13,"fst","RaABAMup","RaABAMup_fst","Pacific Silver Fir - High Elevation",5
"6_53_45_94337",9,142,786,2296,724,1711001701,"17110016","WCR","RaDFHEwt_fwn_WCR","RaDFHEwt","RaDFHEwt_fwn",32,"fwn","RaDFHEwt","RaDFHEwt_fwn","Douglas-fir Hemlock-Wet Mesic",5
"6_53_45_88775",9,142,786,2296,801,1711001701,"17110016","WCR","RaDFHEwt_fwn_WCR","RaDFHEwt","RaDFHEwt_fwn",32,"fwn","RaDFHEwt","RaDFHEwt_fwn","Douglas-fir Hemlock-Wet Mesic",5
"6_53_45_73156",9,142,786,1891,819,1711001701,"17110016","WCR","RaDFHEdy_fwi_17110017","RaDFHEdy","RaDFHEdy_fwi",31,"fwi","RaDFHEdy","RaDFHEdy_fwi","Douglas-fir Hemlock-Dry Mesic",3
"6_53_45_70897",9,142,786,1891,994,1711001701,"17110016","WCR","RaDFHEdy_fwi_17110017","RaDFHEdy","RaDFHEdy_fwi",31,"fwi","RaDFHEdy","RaDFHEdy_fwi","Douglas-fir Hemlock-Dry Mesic",3
"6_53_45_77708",9,142,786,2296,1224,1711001701,"17110016","WCR","RaDFHEwt_fwn_WCR","RaDFHEwt","RaDFHEwt_fwn",32,"fwn","RaDFHEwt","RaDFHEwt_fwn","Douglas-fir Hemlock-Wet Mesic",5
"6_53_45_82228",9,142,786,1891,943,1711001701,"17110016","WCR","RaDFHEdy_fwi_17110017","RaDFHEdy","RaDFHEdy_fwi",31,"fwi","RaDFHEdy","RaDFHEdy_fwi","Douglas-fir Hemlock-Dry Mesic",3
"6_53_45_79706",9,103,581,1905,1003,1710010401,"17100103","WCR","RaDFHEdy_fwi_17100104","RaDFHEdy","RaDFHEdy_fwi",31,"fwi","RaDFHEdy","RaDFHEdy_fwi","Douglas-fir Hemlock-Dry Mesic",3
"6_53_45_50971",9,103,581,1909,1695,1710010401,"17100103","WCR","RaDFHEdy_fdg_17100104","RaDFHEdy","RaDFHEdy_fdg",24,"fdg","RaDFHEdy","RaDFHEdy_fdg","Douglas-fir Hemlock-Dry Mesic",3
"6_53_45_95782",9,103,581,1905,1316,1710010401,"17100103","WCR","RaDFHEdy_fwi_17100104","RaDFHEdy","RaDFHEdy_fwi",31,"fwi","RaDFHEdy","RaDFHEdy_fwi","Douglas-fir Hemlock-Dry Mesic",3
"6_53_27_90354",9,103,584,1905,1022,1710010404,"17100103","WCR","RaDFHEdy_fwi_17100104","RaDFHEdy","RaDFHEdy_fwi",31,"fwi","RaDFHEdy","RaDFHEdy_fwi","Douglas-fir Hemlock-Dry Mesic",3
"6_53_27_90907",9,103,584,1905,1481,1710010404,"17100103","WCR","RaDFHEdy_fwi_17100104","RaDFHEdy","RaDFHEdy_fwi",31,"fwi","RaDFHEdy","RaDFHEdy_fwi","Douglas-fir Hemlock-Dry Mesic",3
"6_53_27_73095",9,102,580,1932,1988,1710010305,"17100102","WCR","RaDFHEdy_fwi_17100103","RaDFHEdy","RaDFHEdy_fwi",31,"fwi","RaDFHEdy","RaDFHEdy_fwi","Douglas-fir Hemlock-Dry Mesic",3
"7_53_41_80522",9,105,588,1934,1209,1710010601,"17100105","WCR","RaDFHEdy_fwi_17100106","RaDFHEdy","RaDFHEdy_fwi",31,"fwi","RaDFHEdy","RaDFHEdy_fwi","Douglas-fir Hemlock-Dry Mesic",3
"7_53_41_55044",9,102,576,2296,849,1710010301,"17100102","WCR","RaDFHEwt_fwn_WCR","RaDFHEwt","RaDFHEwt_fwn",32,"fwn","RaDFHEwt","RaDFHEwt_fwn","Douglas-fir Hemlock-Wet Mesic",5
"7_53_41_80364",9,102,576,2296,660,1710010301,"17100102","WCR","RaDFHEwt_fwn_WCR","RaDFHEwt","RaDFHEwt_fwn",32,"fwn","RaDFHEwt","RaDFHEwt_fwn","Douglas-fir Hemlock-Wet Mesic",5
"7_53_41_64408",9,102,576,2296,1292,1710010301,"17100102","WCR","RaDFHEwt_fwn_WCR","RaDFHEwt","RaDFHEwt_fwn",32,"fwn","RaDFHEwt","RaDFHEwt_fwn","Douglas-fir Hemlock-Wet Mesic",5
"7_53_41_95330",9,102,576,2296,1244,1710010301,"17100102","WCR","RaDFHEwt_fwn_WCR","RaDFHEwt","RaDFHEwt_fwn",32,"fwn","RaDFHEwt","RaDFHEwt_fwn","Douglas-fir Hemlock-Wet Mesic",5
"7_53_41_59667",9,102,576,2296,2136,1710010301,"17100102","WCR","RaDFHEwt_fwn_WCR","RaDFHEwt","RaDFHEwt_fwn",32,"fwn","RaDFHEwt","RaDFHEwt_fwn","Douglas-fir Hemlock-Wet Mesic",5
"7_53_69_62599",9,81,469,1966,1238,1708000305,"17080003B","WCR","RaDFHEdy_fwi_17080003A","RaDFHEdy","RaDFHEdy_fwi",31,"fwi","RaDFHEdy","RaDFHEdy_fwi","Douglas-fir Hemlock-Dry Mesic",3
"7_53_69_73063",9,81,469,2296,770,1708000305,"17080003B","WCR","RaDFHEwt_fwn_WCR","RaDFHEwt","RaDFHEwt_fwn",32,"fwn","RaDFHEwt","RaDFHEwt_fwn","Douglas-fir Hemlock-Wet Mesic",5
"0_41_9_56963",1,0,65535,2313,420,NA,NA,"ZoneNull","RaDFHEwt_fwn_ZoneNull","RaDFHEwt","RaDFHEwt_fwn",32,"fwn","RaDFHEwt","RaDFHEwt_fwn","Douglas-fir Hemlock-Wet Mesic",5
"0_41_9_68648",3,80,467,2315,1666,1708000303,"17080003C","OCR","RaDFHEwt_fwn_OCR","RaDFHEwt","RaDFHEwt_fwn",32,"fwn","RaDFHEwt","RaDFHEwt_fwn","Douglas-fir Hemlock-Wet Mesic",5
"0_41_9_84103",3,107,595,2315,1360,1710020202,"17100201","OCR","RaDFHEwt_fwn_OCR","RaDFHEwt","RaDFHEwt_fwn",32,"fwn","RaDFHEwt","RaDFHEwt_fwn","Douglas-fir Hemlock-Wet Mesic",5
"0_41_9_88036",3,107,595,2315,1263,1710020202,"17100201","OCR","RaDFHEwt_fwn_OCR","RaDFHEwt","RaDFHEwt_fwn",32,"fwn","RaDFHEwt","RaDFHEwt_fwn","Douglas-fir Hemlock-Wet Mesic",5
"0_41_9_73508",3,107,595,2315,773,1710020202,"17100201","OCR","RaDFHEwt_fwn_OCR","RaDFHEwt","RaDFHEwt_fwn",32,"fwn","RaDFHEwt","RaDFHEwt_fwn","Douglas-fir Hemlock-Wet Mesic",5
"0_41_9_85648",3,107,595,1986,982,1710020202,"17100201","OCR","RaDFHEdy_fwi_17100202","RaDFHEdy","RaDFHEdy_fwi",31,"fwi","RaDFHEdy","RaDFHEdy_fwi","Douglas-fir Hemlock-Dry Mesic",3
"0_41_9_78328",3,107,594,2315,1663,1710020201,"17100201","OCR","RaDFHEwt_fwn_OCR","RaDFHEwt","RaDFHEwt_fwn",32,"fwn","RaDFHEwt","RaDFHEwt_fwn","Douglas-fir Hemlock-Wet Mesic",5
"0_41_67_87166",3,107,594,1986,1284,1710020201,"17100201","OCR","RaDFHEdy_fwi_17100202","RaDFHEdy","RaDFHEdy_fwi",31,"fwi","RaDFHEdy","RaDFHEdy_fwi","Douglas-fir Hemlock-Dry Mesic",3
"0_41_67_61121",3,96,549,2315,1058,1709001003,"17090009","OCR","RaDFHEwt_fwn_OCR","RaDFHEwt","RaDFHEwt_fwn",32,"fwn","RaDFHEwt","RaDFHEwt_fwn","Douglas-fir Hemlock-Wet Mesic",5
"0_41_67_92986",3,96,547,2006,985,1709001001,"17090009","OCR","RaDFHEdy_fwi_17090010","RaDFHEdy","RaDFHEdy_fwi",31,"fwi","RaDFHEdy","RaDFHEdy_fwi","Douglas-fir Hemlock-Dry Mesic",3
"0_41_67_94997",3,96,547,2315,627,1709001001,"17090009","OCR","RaDFHEwt_fwn_OCR","RaDFHEwt","RaDFHEwt_fwn",32,"fwn","RaDFHEwt","RaDFHEwt_fwn","Douglas-fir Hemlock-Wet Mesic",5
"0_41_67_65405",3,96,548,446,1053,1709001002,"17090009","OCR","RaDFWV_fwx_1709001002","RaDFWV","RaDFWV_fwx",37,"fwx","RaDFWV","RaDFWV_fwx","Douglas-fir Willamatte Valley Foothills",1
"0_41_71_53633",3,94,539,2315,509,1709000806,"17090007","OCR","RaDFHEwt_fwn_OCR","RaDFHEwt","RaDFHEwt_fwn",32,"fwn","RaDFHEwt","RaDFHEwt_fwn","Douglas-fir Hemlock-Wet Mesic",5
"0_41_47_68562",3,93,530,606,256,1709000701,"17090006","OCR","RaDFWV_fwx_1709000701","RaDFWV","RaDFWV_fwx",37,"fwx","RaDFWV","RaDFWV_fwx","Douglas-fir Willamatte Valley Foothills",1
"1_41_39_67368",3,88,503,840,772,1709000301,"17090002","OCR","RaDFWV_fwx_1709000301","RaDFWV","RaDFWV_fwx",37,"fwx","RaDFWV","RaDFWV_fwx","Douglas-fir Willamatte Valley Foothills",1
"1_41_39_70362",3,88,503,840,1344,1709000301,"17090002","OCR","RaDFWV_fwx_1709000301","RaDFWV","RaDFWV_fwx",37,"fwx","RaDFWV","RaDFWV_fwx","Douglas-fir Willamatte Valley Foothills",1
"2_41_19_97008",3,116,660,1042,1551,1710030303,"17100303B","OCR","RaDFWV_fwx_1710030303","RaDFWV","RaDFWV_fwx",37,"fwx","RaDFWV","RaDFWV_fwx","Douglas-fir Willamatte Valley Foothills",1
"1_41_39_73444",7,87,501,1021,1723,1709000203,"17090001","OWC","RaDFWV_fwx_1709000203","RaDFWV","RaDFWV_fwx",37,"fwx","RaDFWV","RaDFWV_fwx","Douglas-fir Willamatte Valley Foothills",1
"1_41_39_96531",7,87,501,2146,583,1709000203,"17090001","OWC","RaDFHEdy_fwi_17090002","RaDFHEdy","RaDFHEdy_fwi",31,"fwi","RaDFHEdy","RaDFHEdy_fwi","Douglas-fir Hemlock-Dry Mesic",3
"1_41_39_60962",3,116,660,2147,1049,1710030303,"17100303B","OCR","RaDFHEdy_fwi_17100303A","RaDFHEdy","RaDFHEdy_fwi",31,"fwi","RaDFHEdy","RaDFHEdy_fwi","Douglas-fir Hemlock-Dry Mesic",3
"1_41_39_51515",3,116,660,2147,971,1710030303,"17100303B","OCR","RaDFHEdy_fwi_17100303A","RaDFHEdy","RaDFHEdy_fwi",31,"fwi","RaDFHEdy","RaDFHEdy_fwi","Douglas-fir Hemlock-Dry Mesic",3
"2_41_19_58255",7,87,501,2146,1640,1709000203,"17090001","OWC","RaDFHEdy_fwi_17090002","RaDFHEdy","RaDFHEdy_fwi",31,"fwi","RaDFHEdy","RaDFHEdy_fwi","Douglas-fir Hemlock-Dry Mesic",3
"2_41_19_56378",6,115,658,2183,2239,1710030301,"17100302","OSW","RaDFHEdy_fwi_17100303B","RaDFHEdy","RaDFHEdy_fwi",31,"fwi","RaDFHEdy","RaDFHEdy_fwi","Douglas-fir Hemlock-Dry Mesic",3
"2_41_19_81594",6,115,658,2183,869,1710030301,"17100302","OSW","RaDFHEdy_fwi_17100303B","RaDFHEdy","RaDFHEdy_fwi",31,"fwi","RaDFHEdy","RaDFHEdy_fwi","Douglas-fir Hemlock-Dry Mesic",3
"2_41_19_61343",6,115,658,2183,2075,1710030301,"17100302","OSW","RaDFHEdy_fwi_17100303B","RaDFHEdy","RaDFHEdy_fwi",31,"fwi","RaDFHEdy","RaDFHEdy_fwi","Douglas-fir Hemlock-Dry Mesic",3
"2_41_19_54784",6,113,644,1127,530,1710030111,"17100207","OSW","RaMCONsw_fvw_1710030111","RaMCONsw","RaMCONsw_fvw",21,"fvw","RaMCONsw","RaMCONsw_fvw","Mixed Conifer - Southwest Oregon",1
"2_41_19_63730",6,113,643,1153,1857,1710030110,"17100207","OSW","RaDFWV_fwx_1710030110","RaDFWV","RaDFWV_fwx",37,"fwx","RaDFWV","RaDFWV_fwx","Douglas-fir Willamatte Valley Foothills",1
"2_41_19_98352",6,113,643,1153,1863,1710030110,"17100207","OSW","RaDFWV_fwx_1710030110","RaDFWV","RaDFWV_fwx",37,"fwx","RaDFWV","RaDFWV_fwx","Douglas-fir Willamatte Valley Foothills",1
"2_41_19_97294",6,114,657,2202,1121,1710030213,"17100301","OSW","RaDFHEdy_fwi_17100302","RaDFHEdy","RaDFHEdy_fwi",31,"fwi","RaDFHEdy","RaDFHEdy_fwi","Douglas-fir Hemlock-Dry Mesic",3
"2_41_19_73861",6,114,654,1188,1888,1710030210,"17100301","OSW","RaMCONsw_fdm_1710030210","RaMCONsw","RaMCONsw_fdm",41,"fdm","RaMCONsw","RaMCONsw_fdm","Mixed Conifer - Southwest Oregon",1
"2_41_19_89056",6,114,654,1192,1373,1710030210,"17100301","OSW","RaMCONsw_fiw_1710030210","RaMCONsw","RaMCONsw_fiw",20,"fiw","RaMCONsw","RaMCONsw_fiw","Mixed Conifer - Southwest Oregon",1
"2_41_19_52124",6,114,654,1192,718,1710030210,"17100301","OSW","RaMCONsw_fiw_1710030210","RaMCONsw","RaMCONsw_fiw",20,"fiw","RaMCONsw","RaMCONsw_fiw","Mixed Conifer - Southwest Oregon",1
"2_41_19_77474",6,114,650,1312,1753,1710030206,"17100301","OSW","RaMCONsw_fdm_1710030206","RaMCONsw","RaMCONsw_fdm",41,"fdm","RaMCONsw","RaMCONsw_fdm","Mixed Conifer - Southwest Oregon",1
"2_41_19_53801",6,114,650,1312,1239,1710030206,"17100301","OSW","RaMCONsw_fdm_1710030206","RaMCONsw","RaMCONsw_fdm",41,"fdm","RaMCONsw","RaMCONsw_fdm","Mixed Conifer - Southwest Oregon",1
"2_41_19_85969",6,114,650,2202,1074,1710030206,"17100301","OSW","RaDFHEdy_fwi_17100302","RaDFHEdy","RaDFHEdy_fwi",31,"fwi","RaDFHEdy","RaDFHEdy_fwi","Douglas-fir Hemlock-Dry Mesic",3
"2_41_29_86263",6,114,650,1314,892,1710030206,"17100301","OSW","Na0710270_fdd_1710030206","Na0710270","Na0710270_fdd",43,"fdd","Na0710270","Na0710270_fdd","Mediterranean California Dry-Mesic Mixed Conifer Forest and Woodland",1
"2_41_29_81520",6,121,689,1374,1465,1710030803,"17100307","OSW","Na0710270_fdd_1710030803","Na0710270","Na0710270_fdd",43,"fdd","Na0710270","Na0710270_fdd","Mediterranean California Dry-Mesic Mixed Conifer Forest and Woodland",1
"2_41_29_71445",6,121,689,1374,1577,1710030803,"17100307","OSW","Na0710270_fdd_1710030803","Na0710270","Na0710270_fdd",43,"fdd","Na0710270","Na0710270_fdd","Mediterranean California Dry-Mesic Mixed Conifer Forest and Woodland",1
"2_41_29_92359",6,121,689,1374,1573,1710030803,"17100307","OSW","Na0710270_fdd_1710030803","Na0710270","Na0710270_fdd",43,"fdd","Na0710270","Na0710270_fdd","Mediterranean California Dry-Mesic Mixed Conifer Forest and Woodland",1
"2_41_29_66534",6,121,688,1507,2025,1710030802,"17100307","OSW","Na0710270_fdd_1710030802","Na0710270","Na0710270_fdd",43,"fdd","Na0710270","Na0710270_fdd","Mediterranean California Dry-Mesic Mixed Conifer Forest and Woodland",1
"2_41_29_91383",6,121,688,1507,2162,1710030802,"17100307","OSW","Na0710270_fdd_1710030802","Na0710270","Na0710270_fdd",43,"fdd","Na0710270","Na0710270_fdd","Mediterranean California Dry-Mesic Mixed Conifer Forest and Woodland",1
"2_41_29_54484",6,121,688,1507,1696,1710030802,"17100307","OSW","Na0710270_fdd_1710030802","Na0710270","Na0710270_fdd",43,"fdd","Na0710270","Na0710270_fdd","Mediterranean California Dry-Mesic Mixed Conifer Forest and Woodland",1
"2_41_29_83279",6,121,688,1507,2469,1710030802,"17100307","OSW","Na0710270_fdd_1710030802","Na0710270","Na0710270_fdd",43,"fdd","Na0710270","Na0710270_fdd","Mediterranean California Dry-Mesic Mixed Conifer Forest and Woodland",1
"2_41_29_76927",6,122,694,1625,1106,1710030904,"17100308","OSW","RaMCONsw_fiw_1710030904","RaMCONsw","RaMCONsw_fiw",20,"fiw","RaMCONsw","RaMCONsw_fiw","Mixed Conifer - Southwest Oregon",1
"2_41_29_84242",6,122,694,1626,1792,1710030904,"17100308","OSW","Na0710270_fdd_1710030904","Na0710270","Na0710270_fdd",43,"fdd","Na0710270","Na0710270_fdd","Mediterranean California Dry-Mesic Mixed Conifer Forest and Woodland",1
"2_41_29_98243",6,122,694,1626,1470,1710030904,"17100308","OSW","Na0710270_fdd_1710030904","Na0710270","Na0710270_fdd",43,"fdd","Na0710270","Na0710270_fdd","Mediterranean California Dry-Mesic Mixed Conifer Forest and Woodland",1
"2_41_29_88383",6,122,694,1626,974,1710030904,"17100308","OSW","Na0710270_fdd_1710030904","Na0710270","Na0710270_fdd",43,"fdd","Na0710270","Na0710270_fdd","Mediterranean California Dry-Mesic Mixed Conifer Forest and Woodland",1
"2_41_29_79597",6,122,694,1628,1362,1710030904,"17100308","OSW","Na0210290_fwo_1710030904","Na0210290","Na0210290_fwo",57,"fwo","Na0210290","Na0210290_fwo","Mediterranean California Mixed Oak Woodland",1
"2_41_29_70846",6,122,694,1626,1517,1710030904,"17100308","OSW","Na0710270_fdd_1710030904","Na0710270","Na0710270_fdd",43,"fdd","Na0710270","Na0710270_fdd","Mediterranean California Dry-Mesic Mixed Conifer Forest and Woodland",1
"2_41_29_69203",6,122,692,1682,1077,1710030902,"17100308","OSW","Na0710270_fdd_1710030902","Na0710270","Na0710270_fdd",43,"fdd","Na0710270","Na0710270_fdd","Mediterranean California Dry-Mesic Mixed Conifer Forest and Woodland",1
"2_41_29_96274",6,122,692,1682,2502,1710030902,"17100308","OSW","Na0710270_fdd_1710030902","Na0710270","Na0710270_fdd",43,"fdd","Na0710270","Na0710270_fdd","Mediterranean California Dry-Mesic Mixed Conifer Forest and Woodland",1
"2_41_29_78885",6,122,692,1682,3103,1710030902,"17100308","OSW","Na0710270_fdd_1710030902","Na0710270","Na0710270_fdd",43,"fdd","Na0710270","Na0710270_fdd","Mediterranean California Dry-Mesic Mixed Conifer Forest and Woodland",1
"2_41_29_78920",6,122,692,1682,3087,1710030902,"17100308","OSW","Na0710270_fdd_1710030902","Na0710270","Na0710270_fdd",43,"fdd","Na0710270","Na0710270_fdd","Mediterranean California Dry-Mesic Mixed Conifer Forest and Woodland",1
"2_41_29_53788",6,122,691,1726,1553,1710030901,"17100308","OSW","Na0710270_fdd_1710030901","Na0710270","Na0710270_fdd",43,"fdd","Na0710270","Na0710270_fdd","Mediterranean California Dry-Mesic Mixed Conifer Forest and Woodland",1
"2_41_29_64794",6,122,691,1726,890,1710030901,"17100308","OSW","Na0710270_fdd_1710030901","Na0710270","Na0710270_fdd",43,"fdd","Na0710270","Na0710270_fdd","Mediterranean California Dry-Mesic Mixed Conifer Forest and Woodland",1
"2_41_29_79702",6,122,691,1726,1913,1710030901,"17100308","OSW","Na0710270_fdd_1710030901","Na0710270","Na0710270_fdd",43,"fdd","Na0710270","Na0710270_fdd","Mediterranean California Dry-Mesic Mixed Conifer Forest and Woodland",1
"6_53_9_59386",9,145,806,1837,1587,1711002004,"17110019","WCR","RaDFHEdy_fdg_17110020","RaDFHEdy","RaDFHEdy_fdg",24,"fdg","RaDFHEdy","RaDFHEdy_fdg","Douglas-fir Hemlock-Dry Mesic",3
"6_53_9_58983",9,145,806,1837,1176,1711002004,"17110019","WCR","RaDFHEdy_fdg_17110020","RaDFHEdy","RaDFHEdy_fdg",24,"fdg","RaDFHEdy","RaDFHEdy_fdg","Douglas-fir Hemlock-Dry Mesic",3
"6_53_31_65357",9,145,807,2301,1306,1711002005,"17110019","WCR","Na0710412_fmc_WCR","Na0710412","Na0710412_fmc",7,"fmc","Na0710412","Na0710412_fmc","North Pacific Mountain Hemlock Forest - Xeric",5
"6_53_31_76417",9,101,573,1881,819,1710010204,"17100101","WCR","RaABAMlw_fsi_17100102","RaABAMlw","RaABAMlw_fsi",14,"fsi","RaABAMlw","RaABAMlw_fsi","Pacific Silver Fir - Low Elevation",3
"6_53_45_71534",9,142,787,1891,863,1711001702,"17110016","WCR","RaDFHEdy_fwi_17110017","RaDFHEdy","RaDFHEdy_fwi",31,"fwi","RaDFHEdy","RaDFHEdy_fwi","Douglas-fir Hemlock-Dry Mesic",3
"6_53_45_51138",9,142,786,1891,615,1711001701,"17110016","WCR","RaDFHEdy_fwi_17110017","RaDFHEdy","RaDFHEdy_fwi",31,"fwi","RaDFHEdy","RaDFHEdy_fwi","Douglas-fir Hemlock-Dry Mesic",3
"6_53_45_77836",9,142,786,1891,826,1711001701,"17110016","WCR","RaDFHEdy_fwi_17110017","RaDFHEdy","RaDFHEdy_fwi",31,"fwi","RaDFHEdy","RaDFHEdy_fwi","Douglas-fir Hemlock-Dry Mesic",3
"6_53_45_98418",9,142,786,1891,1454,1711001701,"17110016","WCR","RaDFHEdy_fwi_17110017","RaDFHEdy","RaDFHEdy_fwi",31,"fwi","RaDFHEdy","RaDFHEdy_fwi","Douglas-fir Hemlock-Dry Mesic",3
"6_53_45_65271",9,142,786,1891,850,1711001701,"17110016","WCR","RaDFHEdy_fwi_17110017","RaDFHEdy","RaDFHEdy_fwi",31,"fwi","RaDFHEdy","RaDFHEdy_fwi","Douglas-fir Hemlock-Dry Mesic",3
"6_53_45_67340",9,142,786,1891,1461,1711001701,"17110016","WCR","RaDFHEdy_fwi_17110017","RaDFHEdy","RaDFHEdy_fwi",31,"fwi","RaDFHEdy","RaDFHEdy_fwi","Douglas-fir Hemlock-Dry Mesic",3
"6_53_45_92237",9,142,786,1891,1865,1711001701,"17110016","WCR","RaDFHEdy_fwi_17110017","RaDFHEdy","RaDFHEdy_fwi",31,"fwi","RaDFHEdy","RaDFHEdy_fwi","Douglas-fir Hemlock-Dry Mesic",3
"6_53_45_86416",9,142,786,2296,1095,1711001701,"17110016","WCR","RaDFHEwt_fwn_WCR","RaDFHEwt","RaDFHEwt_fwn",32,"fwn","RaDFHEwt","RaDFHEwt_fwn","Douglas-fir Hemlock-Wet Mesic",5
"6_53_45_69009",9,103,581,2296,877,1710010401,"17100103","WCR","RaDFHEwt_fwn_WCR","RaDFHEwt","RaDFHEwt_fwn",32,"fwn","RaDFHEwt","RaDFHEwt_fwn","Douglas-fir Hemlock-Wet Mesic",5
"6_53_45_94144",9,103,581,1909,1428,1710010401,"17100103","WCR","RaDFHEdy_fdg_17100104","RaDFHEdy","RaDFHEdy_fdg",24,"fdg","RaDFHEdy","RaDFHEdy_fdg","Douglas-fir Hemlock-Dry Mesic",3
"6_53_27_89904",9,103,584,1905,1274,1710010404,"17100103","WCR","RaDFHEdy_fwi_17100104","RaDFHEdy","RaDFHEdy_fwi",31,"fwi","RaDFHEdy","RaDFHEdy_fwi","Douglas-fir Hemlock-Dry Mesic",3
"6_53_27_52220",9,103,584,2296,880,1710010404,"17100103","WCR","RaDFHEwt_fwn_WCR","RaDFHEwt","RaDFHEwt_fwn",32,"fwn","RaDFHEwt","RaDFHEwt_fwn","Douglas-fir Hemlock-Wet Mesic",5
"7_53_41_89835",9,102,580,1932,1580,1710010305,"17100102","WCR","RaDFHEdy_fwi_17100103","RaDFHEdy","RaDFHEdy_fwi",31,"fwi","RaDFHEdy","RaDFHEdy_fwi","Douglas-fir Hemlock-Dry Mesic",3
"7_53_41_53067",9,102,580,2296,1100,1710010305,"17100102","WCR","RaDFHEwt_fwn_WCR","RaDFHEwt","RaDFHEwt_fwn",32,"fwn","RaDFHEwt","RaDFHEwt_fwn","Douglas-fir Hemlock-Wet Mesic",5
"7_53_41_53769",9,102,579,2296,1750,1710010304,"17100102","WCR","RaDFHEwt_fwn_WCR","RaDFHEwt","RaDFHEwt_fwn",32,"fwn","RaDFHEwt","RaDFHEwt_fwn","Douglas-fir Hemlock-Wet Mesic",5
"7_53_41_77260",9,102,576,1932,1326,1710010301,"17100102","WCR","RaDFHEdy_fwi_17100103","RaDFHEdy","RaDFHEdy_fwi",31,"fwi","RaDFHEdy","RaDFHEdy_fwi","Douglas-fir Hemlock-Dry Mesic",3
"7_53_41_86697",9,102,576,2296,525,1710010301,"17100102","WCR","RaDFHEwt_fwn_WCR","RaDFHEwt","RaDFHEwt_fwn",32,"fwn","RaDFHEwt","RaDFHEwt_fwn","Douglas-fir Hemlock-Wet Mesic",5
"7_53_41_56783",9,102,576,2296,1069,1710010301,"17100102","WCR","RaDFHEwt_fwn_WCR","RaDFHEwt","RaDFHEwt_fwn",32,"fwn","RaDFHEwt","RaDFHEwt_fwn","Douglas-fir Hemlock-Wet Mesic",5
"7_53_41_68155",9,102,576,1932,629,1710010301,"17100102","WCR","RaDFHEdy_fwi_17100103","RaDFHEdy","RaDFHEdy_fwi",31,"fwi","RaDFHEdy","RaDFHEdy_fwi","Douglas-fir Hemlock-Dry Mesic",3
"7_53_69_60456",9,81,469,2296,2150,1708000305,"17080003B","WCR","RaDFHEwt_fwn_WCR","RaDFHEwt","RaDFHEwt_fwn",32,"fwn","RaDFHEwt","RaDFHEwt_fwn","Douglas-fir Hemlock-Wet Mesic",5
"2_41_15_72332",6,119,676,2347,2399,1710030602,"17100305","OSW","RaDFHEwt_fwm_OSW","RaDFHEwt","RaDFHEwt_fwm",33,"fwm","RaDFHEwt","RaDFHEwt_fwm","Douglas-fir Hemlock-Wet Mesic",5
"2_41_15_51788",6,119,676,1283,1013,1710030602,"17100305","OSW","RaTAOAco_ftm_1710030602","RaTAOAco","RaTAOAco_ftm",47,"ftm","RaTAOAco","RaTAOAco_ftm","Oregon Coastal Tanoak",1
"2_41_15_54602",6,119,677,2347,1153,1710030603,"17100305","OSW","RaDFHEwt_fwm_OSW","RaDFHEwt","RaDFHEwt_fwm",33,"fwm","RaDFHEwt","RaDFHEwt_fwm","Douglas-fir Hemlock-Wet Mesic",5
"2_41_15_70711",6,119,677,1311,552,1710030603,"17100305","OSW","RaTAOAco_ftm_1710030603","RaTAOAco","RaTAOAco_ftm",47,"ftm","RaTAOAco","RaTAOAco_ftm","Oregon Coastal Tanoak",1
"2_41_15_83794",6,119,677,1311,1212,1710030603,"17100305","OSW","RaTAOAco_ftm_1710030603","RaTAOAco","RaTAOAco_ftm",47,"ftm","RaTAOAco","RaTAOAco_ftm","Oregon Coastal Tanoak",1
"2_41_15_94017",6,119,678,1304,2326,1710030604,"17100305","OSW","RaTAOAco_ftm_1710030604","RaTAOAco","RaTAOAco_ftm",47,"ftm","RaTAOAco","RaTAOAco_ftm","Oregon Coastal Tanoak",1
"2_41_15_55495",6,119,678,1304,2119,1710030604,"17100305","OSW","RaTAOAco_ftm_1710030604","RaTAOAco","RaTAOAco_ftm",47,"ftm","RaTAOAco","RaTAOAco_ftm","Oregon Coastal Tanoak",1
"2_41_15_59937",6,119,678,2354,402,1710030604,"17100305","OSW","RaSSHE_fss_OSW","RaSSHE","RaSSHE_fss",60,"fss","RaSSHE","RaSSHE_fss","Sitka Spruce - Western Hemlock",5
"2_41_15_99234",6,119,678,2354,1296,1710030604,"17100305","OSW","RaSSHE_fss_OSW","RaSSHE","RaSSHE_fss",60,"fss","RaSSHE","RaSSHE_fss","Sitka Spruce - Western Hemlock",5
"2_41_15_82100",6,119,678,1304,1246,1710030604,"17100305","OSW","RaTAOAco_ftm_1710030604","RaTAOAco","RaTAOAco_ftm",47,"ftm","RaTAOAco","RaTAOAco_ftm","Oregon Coastal Tanoak",1
"2_41_15_85684",6,125,718,1552,930,1710031203,"17100311","OSW","RaTAOAco_ftm_1710031203","RaTAOAco","RaTAOAco_ftm",47,"ftm","RaTAOAco","RaTAOAco_ftm","Oregon Coastal Tanoak",1
"2_41_15_61988",6,125,719,1575,2328,1710031204,"17100311","OSW","RaTAOAco_ftm_1710031204","RaTAOAco","RaTAOAco_ftm",47,"ftm","RaTAOAco","RaTAOAco_ftm","Oregon Coastal Tanoak",1
"2_41_15_87826",6,125,718,1552,1509,1710031203,"17100311","OSW","RaTAOAco_ftm_1710031203","RaTAOAco","RaTAOAco_ftm",47,"ftm","RaTAOAco","RaTAOAco_ftm","Oregon Coastal Tanoak",1
"2_41_15_58324",6,125,718,1552,1328,1710031203,"17100311","OSW","RaTAOAco_ftm_1710031203","RaTAOAco","RaTAOAco_ftm",47,"ftm","RaTAOAco","RaTAOAco_ftm","Oregon Coastal Tanoak",1
"7_53_69_60992",9,81,468,1965,884,1708000304,"17080003B","WCR","RaDFHEdy_fdg_17080003A","RaDFHEdy","RaDFHEdy_fdg",24,"fdg","RaDFHEdy","RaDFHEdy_fdg","Douglas-fir Hemlock-Dry Mesic",3
"7_53_69_76622",9,81,468,1966,1398,1708000304,"17080003B","WCR","RaDFHEdy_fwi_17080003A","RaDFHEdy","RaDFHEdy_fwi",31,"fwi","RaDFHEdy","RaDFHEdy_fwi","Douglas-fir Hemlock-Dry Mesic",3
"0_41_9_83968",3,80,467,2315,1544,1708000303,"17080003C","OCR","RaDFHEwt_fwn_OCR","RaDFHEwt","RaDFHEwt_fwn",32,"fwn","RaDFHEwt","RaDFHEwt_fwn","Douglas-fir Hemlock-Wet Mesic",5
"0_41_9_97705",3,107,594,2315,604,1710020201,"17100201","OCR","RaDFHEwt_fwn_OCR","RaDFHEwt","RaDFHEwt_fwn",32,"fwn","RaDFHEwt","RaDFHEwt_fwn","Douglas-fir Hemlock-Wet Mesic",5
"0_41_67_52996",3,96,549,386,1166,1709001003,"17090009","OCR","RaDFWV_fwx_1709001003","RaDFWV","RaDFWV_fwx",37,"fwx","RaDFWV","RaDFWV_fwx","Douglas-fir Willamatte Valley Foothills",1
"0_41_67_81187",3,96,549,2315,1231,1709001003,"17090009","OCR","RaDFHEwt_fwn_OCR","RaDFHEwt","RaDFHEwt_fwn",32,"fwn","RaDFHEwt","RaDFHEwt_fwn","Douglas-fir Hemlock-Wet Mesic",5
"0_41_67_80456",3,96,548,446,710,1709001002,"17090009","OCR","RaDFWV_fwx_1709001002","RaDFWV","RaDFWV_fwx",37,"fwx","RaDFWV","RaDFWV_fwx","Douglas-fir Willamatte Valley Foothills",1
"0_41_67_82113",3,96,548,446,888,1709001002,"17090009","OCR","RaDFWV_fwx_1709001002","RaDFWV","RaDFWV_fwx",37,"fwx","RaDFWV","RaDFWV_fwx","Douglas-fir Willamatte Valley Foothills",1
"0_41_71_63216",3,94,538,552,619,1709000805,"17090007","OCR","RaDFWV_fwx_1709000805","RaDFWV","RaDFWV_fwx",37,"fwx","RaDFWV","RaDFWV_fwx","Douglas-fir Willamatte Valley Foothills",1
"0_41_53_70310",3,94,538,552,811,1709000805,"17090007","OCR","RaDFWV_fwx_1709000805","RaDFWV","RaDFWV_fwx",37,"fwx","RaDFWV","RaDFWV_fwx","Douglas-fir Willamatte Valley Foothills",1
"0_41_53_72249",3,94,538,552,914,1709000805,"17090007","OCR","RaDFWV_fwx_1709000805","RaDFWV","RaDFWV_fwx",37,"fwx","RaDFWV","RaDFWV_fwx","Douglas-fir Willamatte Valley Foothills",1
"1_41_39_73968",7,87,502,970,2576,1709000204,"17090001","OWC","RaDFWV_fwx_1709000204","RaDFWV","RaDFWV_fwx",37,"fwx","RaDFWV","RaDFWV_fwx","Douglas-fir Willamatte Valley Foothills",1
"1_41_39_53692",7,87,502,970,2850,1709000204,"17090001","OWC","RaDFWV_fwx_1709000204","RaDFWV","RaDFWV_fwx",37,"fwx","RaDFWV","RaDFWV_fwx","Douglas-fir Willamatte Valley Foothills",1
"1_41_39_74705",7,87,501,1021,2025,1709000203,"17090001","OWC","RaDFWV_fwx_1709000203","RaDFWV","RaDFWV_fwx",37,"fwx","RaDFWV","RaDFWV_fwx","Douglas-fir Willamatte Valley Foothills",1
"1_41_39_64482",7,87,501,1021,1127,1709000203,"17090001","OWC","RaDFWV_fwx_1709000203","RaDFWV","RaDFWV_fwx",37,"fwx","RaDFWV","RaDFWV_fwx","Douglas-fir Willamatte Valley Foothills",1
"1_41_39_77138",7,87,501,1021,1482,1709000203,"17090001","OWC","RaDFWV_fwx_1709000203","RaDFWV","RaDFWV_fwx",37,"fwx","RaDFWV","RaDFWV_fwx","Douglas-fir Willamatte Valley Foothills",1
"1_41_39_76247",7,87,501,1021,1260,1709000203,"17090001","OWC","RaDFWV_fwx_1709000203","RaDFWV","RaDFWV_fwx",37,"fwx","RaDFWV","RaDFWV_fwx","Douglas-fir Willamatte Valley Foothills",1
"1_41_39_89353",7,87,501,2146,750,1709000203,"17090001","OWC","RaDFHEdy_fwi_17090002","RaDFHEdy","RaDFHEdy_fwi",31,"fwi","RaDFHEdy","RaDFHEdy_fwi","Douglas-fir Hemlock-Dry Mesic",3
"2_41_19_53331",6,113,644,2180,1329,1710030111,"17100207","OSW","RaDFHEdy_fwi_17100301","RaDFHEdy","RaDFHEdy_fwi",31,"fwi","RaDFHEdy","RaDFHEdy_fwi","Douglas-fir Hemlock-Dry Mesic",3
"2_41_19_50271",6,114,649,1239,695,1710030205,"17100301","OSW","RaMCONsw_fiw_1710030205","RaMCONsw","RaMCONsw_fiw",20,"fiw","RaMCONsw","RaMCONsw_fiw","Mixed Conifer - Southwest Oregon",1
"2_41_19_95994",6,114,649,1238,2156,1710030205,"17100301","OSW","RaMCONsw_fdm_1710030205","RaMCONsw","RaMCONsw_fdm",41,"fdm","RaMCONsw","RaMCONsw_fdm","Mixed Conifer - Southwest Oregon",1
"2_41_19_81335",6,114,649,1241,1701,1710030205,"17100301","OSW","Na0710270_fdd_1710030205","Na0710270","Na0710270_fdd",43,"fdd","Na0710270","Na0710270_fdd","Mediterranean California Dry-Mesic Mixed Conifer Forest and Woodland",1
"2_41_19_94204",6,114,649,1241,871,1710030205,"17100301","OSW","Na0710270_fdd_1710030205","Na0710270","Na0710270_fdd",43,"fdd","Na0710270","Na0710270_fdd","Mediterranean California Dry-Mesic Mixed Conifer Forest and Woodland",1
"2_41_19_62423",6,114,649,1241,858,1710030205,"17100301","OSW","Na0710270_fdd_1710030205","Na0710270","Na0710270_fdd",43,"fdd","Na0710270","Na0710270_fdd","Mediterranean California Dry-Mesic Mixed Conifer Forest and Woodland",1
"2_41_19_69994",6,114,649,1238,1286,1710030205,"17100301","OSW","RaMCONsw_fdm_1710030205","RaMCONsw","RaMCONsw_fdm",41,"fdm","RaMCONsw","RaMCONsw_fdm","Mixed Conifer - Southwest Oregon",1
"2_41_19_98650",6,114,650,1314,888,1710030206,"17100301","OSW","Na0710270_fdd_1710030206","Na0710270","Na0710270_fdd",43,"fdd","Na0710270","Na0710270_fdd","Mediterranean California Dry-Mesic Mixed Conifer Forest and Woodland",1
"2_41_19_76180",6,114,650,2203,1043,1710030206,"17100301","OSW","RaREFI_fcw_17100302","RaREFI","RaREFI_fcw",19,"fcw","RaREFI","RaREFI_fcw","Red Fir",3
"2_41_19_67505",6,114,650,1312,1128,1710030206,"17100301","OSW","RaMCONsw_fdm_1710030206","RaMCONsw","RaMCONsw_fdm",41,"fdm","RaMCONsw","RaMCONsw_fdm","Mixed Conifer - Southwest Oregon",1
"2_41_19_84530",6,114,650,1314,1316,1710030206,"17100301","OSW","Na0710270_fdd_1710030206","Na0710270","Na0710270_fdd",43,"fdd","Na0710270","Na0710270_fdd","Mediterranean California Dry-Mesic Mixed Conifer Forest and Woodland",1
"2_41_29_51642",6,114,650,1314,1481,1710030206,"17100301","OSW","Na0710270_fdd_1710030206","Na0710270","Na0710270_fdd",43,"fdd","Na0710270","Na0710270_fdd","Mediterranean California Dry-Mesic Mixed Conifer Forest and Woodland",1
"2_41_29_68496",6,121,689,1380,1871,1710030803,"17100307","OSW","RaMCONsw_fiw_1710030803","RaMCONsw","RaMCONsw_fiw",20,"fiw","RaMCONsw","RaMCONsw_fiw","Mixed Conifer - Southwest Oregon",1
"2_41_29_61728",6,121,689,1374,1659,1710030803,"17100307","OSW","Na0710270_fdd_1710030803","Na0710270","Na0710270_fdd",43,"fdd","Na0710270","Na0710270_fdd","Mediterranean California Dry-Mesic Mixed Conifer Forest and Woodland",1
"2_41_29_60883",6,121,689,1374,1244,1710030803,"17100307","OSW","Na0710270_fdd_1710030803","Na0710270","Na0710270_fdd",43,"fdd","Na0710270","Na0710270_fdd","Mediterranean California Dry-Mesic Mixed Conifer Forest and Woodland",1
"2_41_29_92205",6,121,689,1374,2188,1710030803,"17100307","OSW","Na0710270_fdd_1710030803","Na0710270","Na0710270_fdd",43,"fdd","Na0710270","Na0710270_fdd","Mediterranean California Dry-Mesic Mixed Conifer Forest and Woodland",1
"2_41_29_66493",6,121,688,1507,2781,1710030802,"17100307","OSW","Na0710270_fdd_1710030802","Na0710270","Na0710270_fdd",43,"fdd","Na0710270","Na0710270_fdd","Mediterranean California Dry-Mesic Mixed Conifer Forest and Woodland",1
"2_41_29_81372",6,122,694,1626,1949,1710030904,"17100308","OSW","Na0710270_fdd_1710030904","Na0710270","Na0710270_fdd",43,"fdd","Na0710270","Na0710270_fdd","Mediterranean California Dry-Mesic Mixed Conifer Forest and Woodland",1
"2_41_29_64026",6,122,692,1682,2407,1710030902,"17100308","OSW","Na0710270_fdd_1710030902","Na0710270","Na0710270_fdd",43,"fdd","Na0710270","Na0710270_fdd","Mediterranean California Dry-Mesic Mixed Conifer Forest and Woodland",1
"2_41_29_99652",6,122,692,1682,1089,1710030902,"17100308","OSW","Na0710270_fdd_1710030902","Na0710270","Na0710270_fdd",43,"fdd","Na0710270","Na0710270_fdd","Mediterranean California Dry-Mesic Mixed Conifer Forest and Woodland",1
"2_41_29_99413",6,122,691,1733,1521,1710030901,"17100308","OSW","RaMCONsw_fdm_1710030901","RaMCONsw","RaMCONsw_fdm",41,"fdm","RaMCONsw","RaMCONsw_fdm","Mixed Conifer - Southwest Oregon",1
"2_41_29_95495",6,122,691,1726,1457,1710030901,"17100308","OSW","Na0710270_fdd_1710030901","Na0710270","Na0710270_fdd",43,"fdd","Na0710270","Na0710270_fdd","Mediterranean California Dry-Mesic Mixed Conifer Forest and Woodland",1
"6_53_9_61790",9,145,806,1836,2724,1711002004,"17110019","WCR","RaDFHEdy_fwi_17110020","RaDFHEdy","RaDFHEdy_fwi",31,"fwi","RaDFHEdy","RaDFHEdy_fwi","Douglas-fir Hemlock-Dry Mesic",3
"6_53_9_70257",9,145,806,2302,1575,1711002004,"17110019","WCR","RaABLA_faf_WCR","RaABLA","RaABLA_faf",8,"faf","RaABLA","RaABLA_faf","Subalpine Fir",4
"6_53_31_66050",9,143,792,2300,2102,1711001805,"17110017","WCR","Na0710411_fmt_WCR","Na0710411","Na0710411_fmt",5,"fmt","Na0710411","Na0710411_fmt","North Pacific Mountain Hemlock Forest - Wet",5
"6_53_31_99994",9,143,791,1876,1004,1711001804,"17110017","WCR","RaSAWD_fal_17110018","RaSAWD","RaSAWD_fal",2,"fal","RaSAWD","RaSAWD_fal","Subalpine Woodland",3
"6_53_45_89539",9,142,787,1889,672,1711001702,"17110016","WCR","RaABAMlw_fsi_17110017","RaABAMlw","RaABAMlw_fsi",14,"fsi","RaABAMlw","RaABAMlw_fsi","Pacific Silver Fir - Low Elevation",3
"6_53_45_67513",9,142,787,1891,1706,1711001702,"17110016","WCR","RaDFHEdy_fwi_17110017","RaDFHEdy","RaDFHEdy_fwi",31,"fwi","RaDFHEdy","RaDFHEdy_fwi","Douglas-fir Hemlock-Dry Mesic",3
"6_53_45_62075",9,142,786,1891,884,1711001701,"17110016","WCR","RaDFHEdy_fwi_17110017","RaDFHEdy","RaDFHEdy_fwi",31,"fwi","RaDFHEdy","RaDFHEdy_fwi","Douglas-fir Hemlock-Dry Mesic",3
"6_53_45_52775",9,142,786,2296,707,1711001701,"17110016","WCR","RaDFHEwt_fwn_WCR","RaDFHEwt","RaDFHEwt_fwn",32,"fwn","RaDFHEwt","RaDFHEwt_fwn","Douglas-fir Hemlock-Wet Mesic",5
"6_53_45_66972",9,142,787,1891,522,1711001702,"17110016","WCR","RaDFHEdy_fwi_17110017","RaDFHEdy","RaDFHEdy_fwi",31,"fwi","RaDFHEdy","RaDFHEdy_fwi","Douglas-fir Hemlock-Dry Mesic",3
"6_53_45_63300",13,144,800,1812,2914,1711001906,"17110018","WWC","RaDFHEdy_fdg_17110019","RaDFHEdy","RaDFHEdy_fdg",24,"fdg","RaDFHEdy","RaDFHEdy_fdg","Douglas-fir Hemlock-Dry Mesic",3
"6_53_45_91060",9,103,581,1905,1756,1710010401,"17100103","WCR","RaDFHEdy_fwi_17100104","RaDFHEdy","RaDFHEdy_fwi",31,"fwi","RaDFHEdy","RaDFHEdy_fwi","Douglas-fir Hemlock-Dry Mesic",3
"6_53_45_96974",9,103,584,2296,1824,1710010404,"17100103","WCR","RaDFHEwt_fwn_WCR","RaDFHEwt","RaDFHEwt_fwn",32,"fwn","RaDFHEwt","RaDFHEwt_fwn","Douglas-fir Hemlock-Wet Mesic",5
"6_53_27_76384",9,103,584,1905,902,1710010404,"17100103","WCR","RaDFHEdy_fwi_17100104","RaDFHEdy","RaDFHEdy_fwi",31,"fwi","RaDFHEdy","RaDFHEdy_fwi","Douglas-fir Hemlock-Dry Mesic",3
"6_53_27_56983",9,103,584,2296,692,1710010404,"17100103","WCR","RaDFHEwt_fwn_WCR","RaDFHEwt","RaDFHEwt_fwn",32,"fwn","RaDFHEwt","RaDFHEwt_fwn","Douglas-fir Hemlock-Wet Mesic",5
"6_53_27_75637",9,102,580,1932,1239,1710010305,"17100102","WCR","RaDFHEdy_fwi_17100103","RaDFHEdy","RaDFHEdy_fwi",31,"fwi","RaDFHEdy","RaDFHEdy_fwi","Douglas-fir Hemlock-Dry Mesic",3
"7_53_41_58704",9,102,579,2296,895,1710010304,"17100102","WCR","RaDFHEwt_fwn_WCR","RaDFHEwt","RaDFHEwt_fwn",32,"fwn","RaDFHEwt","RaDFHEwt_fwn","Douglas-fir Hemlock-Wet Mesic",5
"7_53_41_87685",9,102,576,1931,732,1710010301,"17100102","WCR","RaDFHEdy_fdg_17100103","RaDFHEdy","RaDFHEdy_fdg",24,"fdg","RaDFHEdy","RaDFHEdy_fdg","Douglas-fir Hemlock-Dry Mesic",3
"7_53_41_80577",9,102,576,1932,1167,1710010301,"17100102","WCR","RaDFHEdy_fwi_17100103","RaDFHEdy","RaDFHEdy_fwi",31,"fwi","RaDFHEdy","RaDFHEdy_fwi","Douglas-fir Hemlock-Dry Mesic",3
"7_53_41_51455",9,102,576,2296,1264,1710010301,"17100102","WCR","RaDFHEwt_fwn_WCR","RaDFHEwt","RaDFHEwt_fwn",32,"fwn","RaDFHEwt","RaDFHEwt_fwn","Douglas-fir Hemlock-Wet Mesic",5
"7_53_41_91225",9,102,576,1931,838,1710010301,"17100102","WCR","RaDFHEdy_fdg_17100103","RaDFHEdy","RaDFHEdy_fdg",24,"fdg","RaDFHEdy","RaDFHEdy_fdg","Douglas-fir Hemlock-Dry Mesic",3
"7_53_41_57232",9,102,576,1931,1257,1710010301,"17100102","WCR","RaDFHEdy_fdg_17100103","RaDFHEdy","RaDFHEdy_fdg",24,"fdg","RaDFHEdy","RaDFHEdy_fdg","Douglas-fir Hemlock-Dry Mesic",3
"7_53_41_55800",9,81,469,1965,871,1708000305,"17080003B","WCR","RaDFHEdy_fdg_17080003A","RaDFHEdy","RaDFHEdy_fdg",24,"fdg","RaDFHEdy","RaDFHEdy_fdg","Douglas-fir Hemlock-Dry Mesic",3
"7_53_69_92232",9,81,469,1966,1400,1708000305,"17080003B","WCR","RaDFHEdy_fwi_17080003A","RaDFHEdy","RaDFHEdy_fwi",31,"fwi","RaDFHEdy","RaDFHEdy_fwi","Douglas-fir Hemlock-Dry Mesic",3
"7_53_15_67371",9,81,468,2296,1017,1708000304,"17080003B","WCR","RaDFHEwt_fwn_WCR","RaDFHEwt","RaDFHEwt_fwn",32,"fwn","RaDFHEwt","RaDFHEwt_fwn","Douglas-fir Hemlock-Wet Mesic",5
"0_41_9_96322",3,80,466,2315,690,1708000302,"17080003C","OCR","RaDFHEwt_fwn_OCR","RaDFHEwt","RaDFHEwt_fwn",32,"fwn","RaDFHEwt","RaDFHEwt_fwn","Douglas-fir Hemlock-Wet Mesic",5
"0_41_9_72310",3,80,467,2314,1584,1708000303,"17080003C","OCR","RaSSHE_fss_OCR","RaSSHE","RaSSHE_fss",60,"fss","RaSSHE","RaSSHE_fss","Sitka Spruce - Western Hemlock",5
"0_41_9_90763",3,80,467,2315,2401,1708000303,"17080003C","OCR","RaDFHEwt_fwn_OCR","RaDFHEwt","RaDFHEwt_fwn",32,"fwn","RaDFHEwt","RaDFHEwt_fwn","Douglas-fir Hemlock-Wet Mesic",5
"0_41_9_66060",3,107,595,1986,1319,1710020202,"17100201","OCR","RaDFHEdy_fwi_17100202","RaDFHEdy","RaDFHEdy_fwi",31,"fwi","RaDFHEdy","RaDFHEdy_fwi","Douglas-fir Hemlock-Dry Mesic",3
"0_41_9_70448",3,107,595,1986,706,1710020202,"17100201","OCR","RaDFHEdy_fwi_17100202","RaDFHEdy","RaDFHEdy_fwi",31,"fwi","RaDFHEdy","RaDFHEdy_fwi","Douglas-fir Hemlock-Dry Mesic",3
"0_41_9_90957",3,107,594,1986,1218,1710020201,"17100201","OCR","RaDFHEdy_fwi_17100202","RaDFHEdy","RaDFHEdy_fwi",31,"fwi","RaDFHEdy","RaDFHEdy_fwi","Douglas-fir Hemlock-Dry Mesic",3
"0_41_9_93982",3,107,594,1986,1151,1710020201,"17100201","OCR","RaDFHEdy_fwi_17100202","RaDFHEdy","RaDFHEdy_fwi",31,"fwi","RaDFHEdy","RaDFHEdy_fwi","Douglas-fir Hemlock-Dry Mesic",3
"0_41_9_93675",3,107,594,1986,1256,1710020201,"17100201","OCR","RaDFHEdy_fwi_17100202","RaDFHEdy","RaDFHEdy_fwi",31,"fwi","RaDFHEdy","RaDFHEdy_fwi","Douglas-fir Hemlock-Dry Mesic",3
"0_41_67_57678",3,96,549,2006,1223,1709001003,"17090009","OCR","RaDFHEdy_fwi_17090010","RaDFHEdy","RaDFHEdy_fwi",31,"fwi","RaDFHEdy","RaDFHEdy_fwi","Douglas-fir Hemlock-Dry Mesic",3
"0_41_67_80039",3,96,549,2315,1016,1709001003,"17090009","OCR","RaDFHEwt_fwn_OCR","RaDFHEwt","RaDFHEwt_fwn",32,"fwn","RaDFHEwt","RaDFHEwt_fwn","Douglas-fir Hemlock-Wet Mesic",5
"0_41_67_67647",3,96,547,403,1418,1709001001,"17090009","OCR","RaDFWV_fwx_1709001001","RaDFWV","RaDFWV_fwx",37,"fwx","RaDFWV","RaDFWV_fwx","Douglas-fir Willamatte Valley Foothills",1
"0_41_71_90086",3,94,540,501,160,1709000807,"17090007","OCR","RaDFWV_fwx_1709000807","RaDFWV","RaDFWV_fwx",37,"fwx","RaDFWV","RaDFWV_fwx","Douglas-fir Willamatte Valley Foothills",1
"1_41_39_82770",7,87,501,2146,1324,1709000203,"17090001","OWC","RaDFHEdy_fwi_17090002","RaDFHEdy","RaDFHEdy_fwi",31,"fwi","RaDFHEdy","RaDFHEdy_fwi","Douglas-fir Hemlock-Dry Mesic",3
"1_41_39_67413",7,87,501,2146,2059,1709000203,"17090001","OWC","RaDFHEdy_fwi_17090002","RaDFHEdy","RaDFHEdy_fwi",31,"fwi","RaDFHEdy","RaDFHEdy_fwi","Douglas-fir Hemlock-Dry Mesic",3
"2_41_19_60943",6,115,658,2183,208,1710030301,"17100302","OSW","RaDFHEdy_fwi_17100303B","RaDFHEdy","RaDFHEdy_fwi",31,"fwi","RaDFHEdy","RaDFHEdy_fwi","Douglas-fir Hemlock-Dry Mesic",3
"2_41_19_74247",6,115,658,2183,3354,1710030301,"17100302","OSW","RaDFHEdy_fwi_17100303B","RaDFHEdy","RaDFHEdy_fwi",31,"fwi","RaDFHEdy","RaDFHEdy_fwi","Douglas-fir Hemlock-Dry Mesic",3
"2_41_19_60475",6,115,658,2183,2510,1710030301,"17100302","OSW","RaDFHEdy_fwi_17100303B","RaDFHEdy","RaDFHEdy_fwi",31,"fwi","RaDFHEdy","RaDFHEdy_fwi","Douglas-fir Hemlock-Dry Mesic",3
"2_41_19_86548",6,113,642,2186,1222,1710030109,"17100207","OSW","R1RFWF_fcw_17100301","R1RFWF","R1RFWF_fcw",18,"fcw","R1RFWF","R1RFWF_fcw","Red Fir / White Fir",3
"2_41_19_75249",6,113,642,2180,1313,1710030109,"17100207","OSW","RaDFHEdy_fwi_17100301","RaDFHEdy","RaDFHEdy_fwi",31,"fwi","RaDFHEdy","RaDFHEdy_fwi","Douglas-fir Hemlock-Dry Mesic",3
"2_41_19_63430",6,113,644,2180,2667,1710030111,"17100207","OSW","RaDFHEdy_fwi_17100301","RaDFHEdy","RaDFHEdy_fwi",31,"fwi","RaDFHEdy","RaDFHEdy_fwi","Douglas-fir Hemlock-Dry Mesic",3
"2_41_19_69620",6,113,643,1153,1450,1710030110,"17100207","OSW","RaDFWV_fwx_1710030110","RaDFWV","RaDFWV_fwx",37,"fwx","RaDFWV","RaDFWV_fwx","Douglas-fir Willamatte Valley Foothills",1
"2_41_19_95215",6,113,643,2180,1720,1710030110,"17100207","OSW","RaDFHEdy_fwi_17100301","RaDFHEdy","RaDFHEdy_fwi",31,"fwi","RaDFHEdy","RaDFHEdy_fwi","Douglas-fir Hemlock-Dry Mesic",3
"2_41_19_82732",6,113,643,2180,1807,1710030110,"17100207","OSW","RaDFHEdy_fwi_17100301","RaDFHEdy","RaDFHEdy_fwi",31,"fwi","RaDFHEdy","RaDFHEdy_fwi","Douglas-fir Hemlock-Dry Mesic",3
"2_41_19_89419",6,113,643,2180,831,1710030110,"17100207","OSW","RaDFHEdy_fwi_17100301","RaDFHEdy","RaDFHEdy_fwi",31,"fwi","RaDFHEdy","RaDFHEdy_fwi","Douglas-fir Hemlock-Dry Mesic",3
"2_41_19_65969",6,114,654,1188,1199,1710030210,"17100301","OSW","RaMCONsw_fdm_1710030210","RaMCONsw","RaMCONsw_fdm",41,"fdm","RaMCONsw","RaMCONsw_fdm","Mixed Conifer - Southwest Oregon",1
"2_41_19_51346",6,114,649,1240,831,1710030205,"17100301","OSW","RaMCONsw_fvw_1710030205","RaMCONsw","RaMCONsw_fvw",21,"fvw","RaMCONsw","RaMCONsw_fvw","Mixed Conifer - Southwest Oregon",1
"2_41_19_68126",6,114,649,1241,1032,1710030205,"17100301","OSW","Na0710270_fdd_1710030205","Na0710270","Na0710270_fdd",43,"fdd","Na0710270","Na0710270_fdd","Mediterranean California Dry-Mesic Mixed Conifer Forest and Woodland",1
"2_41_19_77148",6,114,649,2202,664,1710030205,"17100301","OSW","RaDFHEdy_fwi_17100302","RaDFHEdy","RaDFHEdy_fwi",31,"fwi","RaDFHEdy","RaDFHEdy_fwi","Douglas-fir Hemlock-Dry Mesic",3
"2_41_19_91885",6,114,648,1289,535,1710030204,"17100301","OSW","RaMCONsw_fdm_1710030204","RaMCONsw","RaMCONsw_fdm",41,"fdm","RaMCONsw","RaMCONsw_fdm","Mixed Conifer - Southwest Oregon",1
"2_41_19_88384",6,114,650,1312,984,1710030206,"17100301","OSW","RaMCONsw_fdm_1710030206","RaMCONsw","RaMCONsw_fdm",41,"fdm","RaMCONsw","RaMCONsw_fdm","Mixed Conifer - Southwest Oregon",1
"2_41_19_60314",6,114,650,1314,1166,1710030206,"17100301","OSW","Na0710270_fdd_1710030206","Na0710270","Na0710270_fdd",43,"fdd","Na0710270","Na0710270_fdd","Mediterranean California Dry-Mesic Mixed Conifer Forest and Woodland",1
"2_41_19_53143",6,114,650,1314,1674,1710030206,"17100301","OSW","Na0710270_fdd_1710030206","Na0710270","Na0710270_fdd",43,"fdd","Na0710270","Na0710270_fdd","Mediterranean California Dry-Mesic Mixed Conifer Forest and Woodland",1
"2_41_29_77828",6,114,650,2202,1175,1710030206,"17100301","OSW","RaDFHEdy_fwi_17100302","RaDFHEdy","RaDFHEdy_fwi",31,"fwi","RaDFHEdy","RaDFHEdy_fwi","Douglas-fir Hemlock-Dry Mesic",3
"2_41_29_72356",6,121,689,1380,2389,1710030803,"17100307","OSW","RaMCONsw_fiw_1710030803","RaMCONsw","RaMCONsw_fiw",20,"fiw","RaMCONsw","RaMCONsw_fiw","Mixed Conifer - Southwest Oregon",1
"2_41_29_61640",6,121,689,1374,3415,1710030803,"17100307","OSW","Na0710270_fdd_1710030803","Na0710270","Na0710270_fdd",43,"fdd","Na0710270","Na0710270_fdd","Mediterranean California Dry-Mesic Mixed Conifer Forest and Woodland",1
"2_41_29_51053",6,121,688,1507,2879,1710030802,"17100307","OSW","Na0710270_fdd_1710030802","Na0710270","Na0710270_fdd",43,"fdd","Na0710270","Na0710270_fdd","Mediterranean California Dry-Mesic Mixed Conifer Forest and Woodland",1
"2_41_29_89667",6,121,688,1506,1006,1710030802,"17100307","OSW","Na0210290_fwo_1710030802","Na0210290","Na0210290_fwo",57,"fwo","Na0210290","Na0210290_fwo","Mediterranean California Mixed Oak Woodland",1
"2_41_29_72381",6,121,688,1507,814,1710030802,"17100307","OSW","Na0710270_fdd_1710030802","Na0710270","Na0710270_fdd",43,"fdd","Na0710270","Na0710270_fdd","Mediterranean California Dry-Mesic Mixed Conifer Forest and Woodland",1
"2_41_29_81924",6,121,687,1602,2804,1710030801,"17100307","OSW","Na0710270_fdd_1710030801","Na0710270","Na0710270_fdd",43,"fdd","Na0710270","Na0710270_fdd","Mediterranean California Dry-Mesic Mixed Conifer Forest and Woodland",1
"2_41_29_78911",6,121,687,1602,1340,1710030801,"17100307","OSW","Na0710270_fdd_1710030801","Na0710270","Na0710270_fdd",43,"fdd","Na0710270","Na0710270_fdd","Mediterranean California Dry-Mesic Mixed Conifer Forest and Woodland",1
"2_41_29_81683",6,122,694,1626,2083,1710030904,"17100308","OSW","Na0710270_fdd_1710030904","Na0710270","Na0710270_fdd",43,"fdd","Na0710270","Na0710270_fdd","Mediterranean California Dry-Mesic Mixed Conifer Forest and Woodland",1
"2_41_29_62571",6,122,693,1663,2619,1710030903,"17100308","OSW","Na0210290_fwo_1710030903","Na0210290","Na0210290_fwo",57,"fwo","Na0210290","Na0210290_fwo","Mediterranean California Mixed Oak Woodland",1
"2_41_29_98717",6,122,693,1663,2295,1710030903,"17100308","OSW","Na0210290_fwo_1710030903","Na0210290","Na0210290_fwo",57,"fwo","Na0210290","Na0210290_fwo","Mediterranean California Mixed Oak Woodland",1
"2_41_29_87214",6,122,693,1663,1560,1710030903,"17100308","OSW","Na0210290_fwo_1710030903","Na0210290","Na0210290_fwo",57,"fwo","Na0210290","Na0210290_fwo","Mediterranean California Mixed Oak Woodland",1
"2_41_29_53815",6,122,692,1682,2402,1710030902,"17100308","OSW","Na0710270_fdd_1710030902","Na0710270","Na0710270_fdd",43,"fdd","Na0710270","Na0710270_fdd","Mediterranean California Dry-Mesic Mixed Conifer Forest and Woodland",1
"2_41_29_79844",6,122,692,1682,809,1710030902,"17100308","OSW","Na0710270_fdd_1710030902","Na0710270","Na0710270_fdd",43,"fdd","Na0710270","Na0710270_fdd","Mediterranean California Dry-Mesic Mixed Conifer Forest and Woodland",1
"2_41_29_77753",6,122,691,1727,881,1710030901,"17100308","OSW","RaMCONsw_fiw_1710030901","RaMCONsw","RaMCONsw_fiw",20,"fiw","RaMCONsw","RaMCONsw_fiw","Mixed Conifer - Southwest Oregon",1
"2_41_29_98749",6,122,691,1727,2059,1710030901,"17100308","OSW","RaMCONsw_fiw_1710030901","RaMCONsw","RaMCONsw_fiw",20,"fiw","RaMCONsw","RaMCONsw_fiw","Mixed Conifer - Southwest Oregon",1
"6_53_9_83503",9,145,806,1836,2086,1711002004,"17110019","WCR","RaDFHEdy_fwi_17110020","RaDFHEdy","RaDFHEdy_fwi",31,"fwi","RaDFHEdy","RaDFHEdy_fwi","Douglas-fir Hemlock-Dry Mesic",3
"6_53_9_92534",9,145,806,1836,1262,1711002004,"17110019","WCR","RaDFHEdy_fwi_17110020","RaDFHEdy","RaDFHEdy_fwi",31,"fwi","RaDFHEdy","RaDFHEdy_fwi","Douglas-fir Hemlock-Dry Mesic",3
"6_53_9_83103",9,145,805,2302,772,1711002003,"17110019","WCR","RaABLA_faf_WCR","RaABLA","RaABLA_faf",8,"faf","RaABLA","RaABLA_faf","Subalpine Fir",4
"6_53_45_93511",9,142,787,1891,1641,1711001702,"17110016","WCR","RaDFHEdy_fwi_17110017","RaDFHEdy","RaDFHEdy_fwi",31,"fwi","RaDFHEdy","RaDFHEdy_fwi","Douglas-fir Hemlock-Dry Mesic",3
"6_53_45_93469",9,142,787,1891,633,1711001702,"17110016","WCR","RaDFHEdy_fwi_17110017","RaDFHEdy","RaDFHEdy_fwi",31,"fwi","RaDFHEdy","RaDFHEdy_fwi","Douglas-fir Hemlock-Dry Mesic",3
"6_53_45_65191",9,142,787,1891,943,1711001702,"17110016","WCR","RaDFHEdy_fwi_17110017","RaDFHEdy","RaDFHEdy_fwi",31,"fwi","RaDFHEdy","RaDFHEdy_fwi","Douglas-fir Hemlock-Dry Mesic",3
"6_53_45_93238",9,142,787,1891,958,1711001702,"17110016","WCR","RaDFHEdy_fwi_17110017","RaDFHEdy","RaDFHEdy_fwi",31,"fwi","RaDFHEdy","RaDFHEdy_fwi","Douglas-fir Hemlock-Dry Mesic",3
"6_53_45_89024",9,142,787,2296,504,1711001702,"17110016","WCR","RaDFHEwt_fwn_WCR","RaDFHEwt","RaDFHEwt_fwn",32,"fwn","RaDFHEwt","RaDFHEwt_fwn","Douglas-fir Hemlock-Wet Mesic",5
"6_53_45_53381",9,142,787,2296,1119,1711001702,"17110016","WCR","RaDFHEwt_fwn_WCR","RaDFHEwt","RaDFHEwt_fwn",32,"fwn","RaDFHEwt","RaDFHEwt_fwn","Douglas-fir Hemlock-Wet Mesic",5
"6_53_45_85970",9,142,787,1891,982,1711001702,"17110016","WCR","RaDFHEdy_fwi_17110017","RaDFHEdy","RaDFHEdy_fwi",31,"fwi","RaDFHEdy","RaDFHEdy_fwi","Douglas-fir Hemlock-Dry Mesic",3
"6_53_45_60439",13,144,800,1812,1380,1711001906,"17110018","WWC","RaDFHEdy_fdg_17110019","RaDFHEdy","RaDFHEdy_fdg",24,"fdg","RaDFHEdy","RaDFHEdy_fdg","Douglas-fir Hemlock-Dry Mesic",3
"6_53_45_60584",13,144,800,1812,2961,1711001906,"17110018","WWC","RaDFHEdy_fdg_17110019","RaDFHEdy","RaDFHEdy_fdg",24,"fdg","RaDFHEdy","RaDFHEdy_fdg","Douglas-fir Hemlock-Dry Mesic",3
"6_53_45_57127",9,103,584,1909,619,1710010404,"17100103","WCR","RaDFHEdy_fdg_17100104","RaDFHEdy","RaDFHEdy_fdg",24,"fdg","RaDFHEdy","RaDFHEdy_fdg","Douglas-fir Hemlock-Dry Mesic",3
"6_53_27_76844",9,103,584,1909,1124,1710010404,"17100103","WCR","RaDFHEdy_fdg_17100104","RaDFHEdy","RaDFHEdy_fdg",24,"fdg","RaDFHEdy","RaDFHEdy_fdg","Douglas-fir Hemlock-Dry Mesic",3
"6_53_27_94068",9,103,584,1905,1465,1710010404,"17100103","WCR","RaDFHEdy_fwi_17100104","RaDFHEdy","RaDFHEdy_fwi",31,"fwi","RaDFHEdy","RaDFHEdy_fwi","Douglas-fir Hemlock-Dry Mesic",3
"6_53_27_76989",9,102,580,1932,2114,1710010305,"17100102","WCR","RaDFHEdy_fwi_17100103","RaDFHEdy","RaDFHEdy_fwi",31,"fwi","RaDFHEdy","RaDFHEdy_fwi","Douglas-fir Hemlock-Dry Mesic",3
"6_53_27_69347",9,102,580,1932,1779,1710010305,"17100102","WCR","RaDFHEdy_fwi_17100103","RaDFHEdy","RaDFHEdy_fwi",31,"fwi","RaDFHEdy","RaDFHEdy_fwi","Douglas-fir Hemlock-Dry Mesic",3
"6_53_27_66683",9,102,580,1932,1642,1710010305,"17100102","WCR","RaDFHEdy_fwi_17100103","RaDFHEdy","RaDFHEdy_fwi",31,"fwi","RaDFHEdy","RaDFHEdy_fwi","Douglas-fir Hemlock-Dry Mesic",3
"6_53_27_94253",9,102,580,2296,1179,1710010305,"17100102","WCR","RaDFHEwt_fwn_WCR","RaDFHEwt","RaDFHEwt_fwn",32,"fwn","RaDFHEwt","RaDFHEwt_fwn","Douglas-fir Hemlock-Wet Mesic",5
"7_53_41_97107",9,102,579,1932,1089,1710010304,"17100102","WCR","RaDFHEdy_fwi_17100103","RaDFHEdy","RaDFHEdy_fwi",31,"fwi","RaDFHEdy","RaDFHEdy_fwi","Douglas-fir Hemlock-Dry Mesic",3
"7_53_41_73720",9,102,576,2296,2411,1710010301,"17100102","WCR","RaDFHEwt_fwn_WCR","RaDFHEwt","RaDFHEwt_fwn",32,"fwn","RaDFHEwt","RaDFHEwt_fwn","Douglas-fir Hemlock-Wet Mesic",5
"7_53_15_90585",9,81,468,1965,1028,1708000304,"17080003B","WCR","RaDFHEdy_fdg_17080003A","RaDFHEdy","RaDFHEdy_fdg",24,"fdg","RaDFHEdy","RaDFHEdy_fdg","Douglas-fir Hemlock-Dry Mesic",3
"7_53_15_50013",9,81,468,1966,1096,1708000304,"17080003B","WCR","RaDFHEdy_fwi_17080003A","RaDFHEdy","RaDFHEdy_fwi",31,"fwi","RaDFHEdy","RaDFHEdy_fwi","Douglas-fir Hemlock-Dry Mesic",3
"7_53_15_54109",9,81,468,2296,778,1708000304,"17080003B","WCR","RaDFHEwt_fwn_WCR","RaDFHEwt","RaDFHEwt_fwn",32,"fwn","RaDFHEwt","RaDFHEwt_fwn","Douglas-fir Hemlock-Wet Mesic",5
"7_53_15_84087",9,81,468,2296,1596,1708000304,"17080003B","WCR","RaDFHEwt_fwn_WCR","RaDFHEwt","RaDFHEwt_fwn",32,"fwn","RaDFHEwt","RaDFHEwt_fwn","Douglas-fir Hemlock-Wet Mesic",5
"0_41_9_50745",3,107,594,1986,1683,1710020201,"17100201","OCR","RaDFHEdy_fwi_17100202","RaDFHEdy","RaDFHEdy_fwi",31,"fwi","RaDFHEdy","RaDFHEdy_fwi","Douglas-fir Hemlock-Dry Mesic",3
"0_41_67_92741",3,96,549,2006,1000,1709001003,"17090009","OCR","RaDFHEdy_fwi_17090010","RaDFHEdy","RaDFHEdy_fwi",31,"fwi","RaDFHEdy","RaDFHEdy_fwi","Douglas-fir Hemlock-Dry Mesic",3
"0_41_67_50890",3,96,549,386,851,1709001003,"17090009","OCR","RaDFWV_fwx_1709001003","RaDFWV","RaDFWV_fwx",37,"fwx","RaDFWV","RaDFWV_fwx","Douglas-fir Willamatte Valley Foothills",1
"0_41_67_62248",3,96,548,446,167,1709001002,"17090009","OCR","RaDFWV_fwx_1709001002","RaDFWV","RaDFWV_fwx",37,"fwx","RaDFWV","RaDFWV_fwx","Douglas-fir Willamatte Valley Foothills",1
"0_41_53_61922",3,93,532,489,291,1709000703,"17090006","OCR","RaDFWV_fwx_1709000703","RaDFWV","RaDFWV_fwx",37,"fwx","RaDFWV","RaDFWV_fwx","Douglas-fir Willamatte Valley Foothills",1
"1_41_43_73470",3,88,508,693,332,1709000306,"17090002","OCR","RaDFWV_fwx_1709000306","RaDFWV","RaDFWV_fwx",37,"fwx","RaDFWV","RaDFWV_fwx","Douglas-fir Willamatte Valley Foothills",1
"1_41_39_62949",3,88,508,693,1906,1709000306,"17090002","OCR","RaDFWV_fwx_1709000306","RaDFWV","RaDFWV_fwx",37,"fwx","RaDFWV","RaDFWV_fwx","Douglas-fir Willamatte Valley Foothills",1
"1_41_39_69783",7,87,502,970,1680,1709000204,"17090001","OWC","RaDFWV_fwx_1709000204","RaDFWV","RaDFWV_fwx",37,"fwx","RaDFWV","RaDFWV_fwx","Douglas-fir Willamatte Valley Foothills",1
"1_41_39_58433",7,87,502,970,357,1709000204,"17090001","OWC","RaDFWV_fwx_1709000204","RaDFWV","RaDFWV_fwx",37,"fwx","RaDFWV","RaDFWV_fwx","Douglas-fir Willamatte Valley Foothills",1
"1_41_39_92504",7,87,502,970,149,1709000204,"17090001","OWC","RaDFWV_fwx_1709000204","RaDFWV","RaDFWV_fwx",37,"fwx","RaDFWV","RaDFWV_fwx","Douglas-fir Willamatte Valley Foothills",1
"1_41_39_66594",7,87,499,2146,1318,1709000201,"17090001","OWC","RaDFHEdy_fwi_17090002","RaDFHEdy","RaDFHEdy_fwi",31,"fwi","RaDFHEdy","RaDFHEdy_fwi","Douglas-fir Hemlock-Dry Mesic",3
"1_41_39_92434",7,87,499,2146,530,1709000201,"17090001","OWC","RaDFHEdy_fwi_17090002","RaDFHEdy","RaDFHEdy_fwi",31,"fwi","RaDFHEdy","RaDFHEdy_fwi","Douglas-fir Hemlock-Dry Mesic",3
"1_41_39_52502",7,87,501,2146,1474,1709000203,"17090001","OWC","RaDFHEdy_fwi_17090002","RaDFHEdy","RaDFHEdy_fwi",31,"fwi","RaDFHEdy","RaDFHEdy_fwi","Douglas-fir Hemlock-Dry Mesic",3
"1_41_39_54889",7,87,501,2146,1818,1709000203,"17090001","OWC","RaDFHEdy_fwi_17090002","RaDFHEdy","RaDFHEdy_fwi",31,"fwi","RaDFHEdy","RaDFHEdy_fwi","Douglas-fir Hemlock-Dry Mesic",3
"2_41_19_85149",6,115,658,2183,1574,1710030301,"17100302","OSW","RaDFHEdy_fwi_17100303B","RaDFHEdy","RaDFHEdy_fwi",31,"fwi","RaDFHEdy","RaDFHEdy_fwi","Douglas-fir Hemlock-Dry Mesic",3
"2_41_19_79610",6,113,642,2347,2619,1710030109,"17100207","OSW","RaDFHEwt_fwm_OSW","RaDFHEwt","RaDFHEwt_fwm",33,"fwm","RaDFHEwt","RaDFHEwt_fwm","Douglas-fir Hemlock-Wet Mesic",5
"2_41_19_73052",6,113,641,2186,971,1710030108,"17100207","OSW","R1RFWF_fcw_17100301","R1RFWF","R1RFWF_fcw",18,"fcw","R1RFWF","R1RFWF_fcw","Red Fir / White Fir",3
"2_41_19_97764",6,113,643,2180,798,1710030110,"17100207","OSW","RaDFHEdy_fwi_17100301","RaDFHEdy","RaDFHEdy_fwi",31,"fwi","RaDFHEdy","RaDFHEdy_fwi","Douglas-fir Hemlock-Dry Mesic",3
"2_41_19_96468",6,114,654,2202,1170,1710030210,"17100301","OSW","RaDFHEdy_fwi_17100302","RaDFHEdy","RaDFHEdy_fwi",31,"fwi","RaDFHEdy","RaDFHEdy_fwi","Douglas-fir Hemlock-Dry Mesic",3
"2_41_19_94650",6,114,647,1206,1344,1710030203,"17100301","OSW","RaMCONsw_fdm_1710030203","RaMCONsw","RaMCONsw_fdm",41,"fdm","RaMCONsw","RaMCONsw_fdm","Mixed Conifer - Southwest Oregon",1
"2_41_19_73775",6,114,649,1241,1076,1710030205,"17100301","OSW","Na0710270_fdd_1710030205","Na0710270","Na0710270_fdd",43,"fdd","Na0710270","Na0710270_fdd","Mediterranean California Dry-Mesic Mixed Conifer Forest and Woodland",1
"2_41_19_54934",6,114,648,1289,942,1710030204,"17100301","OSW","RaMCONsw_fdm_1710030204","RaMCONsw","RaMCONsw_fdm",41,"fdm","RaMCONsw","RaMCONsw_fdm","Mixed Conifer - Southwest Oregon",1
"2_41_19_87116",6,114,648,1284,791,1710030204,"17100301","OSW","Na0710270_fdd_1710030204","Na0710270","Na0710270_fdd",43,"fdd","Na0710270","Na0710270_fdd","Mediterranean California Dry-Mesic Mixed Conifer Forest and Woodland",1
"2_41_19_68611",6,114,648,1289,1041,1710030204,"17100301","OSW","RaMCONsw_fdm_1710030204","RaMCONsw","RaMCONsw_fdm",41,"fdm","RaMCONsw","RaMCONsw_fdm","Mixed Conifer - Southwest Oregon",1
"2_41_19_88186",6,114,650,1312,882,1710030206,"17100301","OSW","RaMCONsw_fdm_1710030206","RaMCONsw","RaMCONsw_fdm",41,"fdm","RaMCONsw","RaMCONsw_fdm","Mixed Conifer - Southwest Oregon",1
"2_41_19_62261",6,114,650,2202,849,1710030206,"17100301","OSW","RaDFHEdy_fwi_17100302","RaDFHEdy","RaDFHEdy_fwi",31,"fwi","RaDFHEdy","RaDFHEdy_fwi","Douglas-fir Hemlock-Dry Mesic",3
"2_41_29_96619",6,114,650,1314,1161,1710030206,"17100301","OSW","Na0710270_fdd_1710030206","Na0710270","Na0710270_fdd",43,"fdd","Na0710270","Na0710270_fdd","Mediterranean California Dry-Mesic Mixed Conifer Forest and Woodland",1
"2_41_29_78539",6,121,689,1380,1187,1710030803,"17100307","OSW","RaMCONsw_fiw_1710030803","RaMCONsw","RaMCONsw_fiw",20,"fiw","RaMCONsw","RaMCONsw_fiw","Mixed Conifer - Southwest Oregon",1
"2_41_29_95920",6,121,689,1374,1641,1710030803,"17100307","OSW","Na0710270_fdd_1710030803","Na0710270","Na0710270_fdd",43,"fdd","Na0710270","Na0710270_fdd","Mediterranean California Dry-Mesic Mixed Conifer Forest and Woodland",1
"2_41_29_97689",6,121,688,1507,617,1710030802,"17100307","OSW","Na0710270_fdd_1710030802","Na0710270","Na0710270_fdd",43,"fdd","Na0710270","Na0710270_fdd","Mediterranean California Dry-Mesic Mixed Conifer Forest and Woodland",1
"2_41_29_93642",6,122,693,1664,1369,1710030903,"17100308","OSW","RaMCONsw_fiw_1710030903","RaMCONsw","RaMCONsw_fiw",20,"fiw","RaMCONsw","RaMCONsw_fiw","Mixed Conifer - Southwest Oregon",1
"2_41_29_68488",6,122,691,1727,1452,1710030901,"17100308","OSW","RaMCONsw_fiw_1710030901","RaMCONsw","RaMCONsw_fiw",20,"fiw","RaMCONsw","RaMCONsw_fiw","Mixed Conifer - Southwest Oregon",1
"2_41_29_72218",6,122,691,1727,1456,1710030901,"17100308","OSW","RaMCONsw_fiw_1710030901","RaMCONsw","RaMCONsw_fiw",20,"fiw","RaMCONsw","RaMCONsw_fiw","Mixed Conifer - Southwest Oregon",1
"2_41_29_51482",6,122,691,1727,1256,1710030901,"17100308","OSW","RaMCONsw_fiw_1710030901","RaMCONsw","RaMCONsw_fiw",20,"fiw","RaMCONsw","RaMCONsw_fiw","Mixed Conifer - Southwest Oregon",1
"6_53_9_95464",9,145,806,1836,1505,1711002004,"17110019","WCR","RaDFHEdy_fwi_17110020","RaDFHEdy","RaDFHEdy_fwi",31,"fwi","RaDFHEdy","RaDFHEdy_fwi","Douglas-fir Hemlock-Dry Mesic",3
"6_53_9_69309",9,145,806,2302,962,1711002004,"17110019","WCR","RaABLA_faf_WCR","RaABLA","RaABLA_faf",8,"faf","RaABLA","RaABLA_faf","Subalpine Fir",4
"6_53_9_66258",9,145,805,1837,763,1711002003,"17110019","WCR","RaDFHEdy_fdg_17110020","RaDFHEdy","RaDFHEdy_fdg",24,"fdg","RaDFHEdy","RaDFHEdy_fdg","Douglas-fir Hemlock-Dry Mesic",3
"6_53_31_61841",9,145,805,1860,1034,1711002003,"17110019","WCR","RaSAWD_fal_17110020","RaSAWD","RaSAWD_fal",2,"fal","RaSAWD","RaSAWD_fal","Subalpine Woodland",3
"6_53_31_63148",9,143,792,1876,1001,1711001805,"17110017","WCR","RaSAWD_fal_17110018","RaSAWD","RaSAWD_fal",2,"fal","RaSAWD","RaSAWD_fal","Subalpine Woodland",3
"6_53_31_53626",9,143,792,2301,883,1711001805,"17110017","WCR","Na0710412_fmc_WCR","Na0710412","Na0710412_fmc",7,"fmc","Na0710412","Na0710412_fmc","North Pacific Mountain Hemlock Forest - Xeric",5
"6_53_31_90327",9,143,792,2301,830,1711001805,"17110017","WCR","Na0710412_fmc_WCR","Na0710412","Na0710412_fmc",7,"fmc","Na0710412","Na0710412_fmc","North Pacific Mountain Hemlock Forest - Xeric",5
"6_53_31_84807",9,143,791,1871,831,1711001804,"17110017","WCR","RaABAMlw_fsi_17110018","RaABAMlw","RaABAMlw_fsi",14,"fsi","RaABAMlw","RaABAMlw_fsi","Pacific Silver Fir - Low Elevation",3
"6_53_45_86664",9,143,789,2301,777,1711001802,"17110017","WCR","Na0710412_fmc_WCR","Na0710412","Na0710412_fmc",7,"fmc","Na0710412","Na0710412_fmc","North Pacific Mountain Hemlock Forest - Xeric",5
"6_53_45_54026",9,143,789,1869,578,1711001802,"17110017","WCR","RaDFHEdy_fwi_17110018","RaDFHEdy","RaDFHEdy_fwi",31,"fwi","RaDFHEdy","RaDFHEdy_fwi","Douglas-fir Hemlock-Dry Mesic",3
"6_53_45_91364",9,143,789,1869,1197,1711001802,"17110017","WCR","RaDFHEdy_fwi_17110018","RaDFHEdy","RaDFHEdy_fwi",31,"fwi","RaDFHEdy","RaDFHEdy_fwi","Douglas-fir Hemlock-Dry Mesic",3
"6_53_45_77252",9,143,789,1869,1241,1711001802,"17110017","WCR","RaDFHEdy_fwi_17110018","RaDFHEdy","RaDFHEdy_fwi",31,"fwi","RaDFHEdy","RaDFHEdy_fwi","Douglas-fir Hemlock-Dry Mesic",3
"6_53_45_92280",9,142,787,1891,884,1711001702,"17110016","WCR","RaDFHEdy_fwi_17110017","RaDFHEdy","RaDFHEdy_fwi",31,"fwi","RaDFHEdy","RaDFHEdy_fwi","Douglas-fir Hemlock-Dry Mesic",3
"6_53_45_70792",9,142,787,1891,2436,1711001702,"17110016","WCR","RaDFHEdy_fwi_17110017","RaDFHEdy","RaDFHEdy_fwi",31,"fwi","RaDFHEdy","RaDFHEdy_fwi","Douglas-fir Hemlock-Dry Mesic",3
"6_53_45_52122",9,142,787,1891,1058,1711001702,"17110016","WCR","RaDFHEdy_fwi_17110017","RaDFHEdy","RaDFHEdy_fwi",31,"fwi","RaDFHEdy","RaDFHEdy_fwi","Douglas-fir Hemlock-Dry Mesic",3
"6_53_45_55331",9,142,787,1891,1279,1711001702,"17110016","WCR","RaDFHEdy_fwi_17110017","RaDFHEdy","RaDFHEdy_fwi",31,"fwi","RaDFHEdy","RaDFHEdy_fwi","Douglas-fir Hemlock-Dry Mesic",3
"6_53_45_74173",13,144,800,1812,2388,1711001906,"17110018","WWC","RaDFHEdy_fdg_17110019","RaDFHEdy","RaDFHEdy_fdg",24,"fdg","RaDFHEdy","RaDFHEdy_fdg","Douglas-fir Hemlock-Dry Mesic",3
"6_53_67_93445",9,103,584,2296,780,1710010404,"17100103","WCR","RaDFHEwt_fwn_WCR","RaDFHEwt","RaDFHEwt_fwn",32,"fwn","RaDFHEwt","RaDFHEwt_fwn","Douglas-fir Hemlock-Wet Mesic",5
"6_53_27_68605",9,102,580,1932,941,1710010305,"17100102","WCR","RaDFHEdy_fwi_17100103","RaDFHEdy","RaDFHEdy_fwi",31,"fwi","RaDFHEdy","RaDFHEdy_fwi","Douglas-fir Hemlock-Dry Mesic",3
"6_53_27_96258",9,102,580,1932,2034,1710010305,"17100102","WCR","RaDFHEdy_fwi_17100103","RaDFHEdy","RaDFHEdy_fwi",31,"fwi","RaDFHEdy","RaDFHEdy_fwi","Douglas-fir Hemlock-Dry Mesic",3
"7_53_41_98973",9,102,579,1932,928,1710010304,"17100102","WCR","RaDFHEdy_fwi_17100103","RaDFHEdy","RaDFHEdy_fwi",31,"fwi","RaDFHEdy","RaDFHEdy_fwi","Douglas-fir Hemlock-Dry Mesic",3
"7_53_41_94874",9,102,576,2296,1578,1710010301,"17100102","WCR","RaDFHEwt_fwn_WCR","RaDFHEwt","RaDFHEwt_fwn",32,"fwn","RaDFHEwt","RaDFHEwt_fwn","Douglas-fir Hemlock-Wet Mesic",5
"7_53_41_79802",9,102,576,2296,994,1710010301,"17100102","WCR","RaDFHEwt_fwn_WCR","RaDFHEwt","RaDFHEwt_fwn",32,"fwn","RaDFHEwt","RaDFHEwt_fwn","Douglas-fir Hemlock-Wet Mesic",5
"7_53_41_72445",9,102,576,1932,1117,1710010301,"17100102","WCR","RaDFHEdy_fwi_17100103","RaDFHEdy","RaDFHEdy_fwi",31,"fwi","RaDFHEdy","RaDFHEdy_fwi","Douglas-fir Hemlock-Dry Mesic",3
"7_53_41_79136",9,102,576,1932,993,1710010301,"17100102","WCR","RaDFHEdy_fwi_17100103","RaDFHEdy","RaDFHEdy_fwi",31,"fwi","RaDFHEdy","RaDFHEdy_fwi","Douglas-fir Hemlock-Dry Mesic",3
"7_53_15_73362",9,102,576,2296,1106,1710010301,"17100102","WCR","RaDFHEwt_fwn_WCR","RaDFHEwt","RaDFHEwt_fwn",32,"fwn","RaDFHEwt","RaDFHEwt_fwn","Douglas-fir Hemlock-Wet Mesic",5
"7_53_15_52465",9,81,468,1966,1684,1708000304,"17080003B","WCR","RaDFHEdy_fwi_17080003A","RaDFHEdy","RaDFHEdy_fwi",31,"fwi","RaDFHEdy","RaDFHEdy_fwi","Douglas-fir Hemlock-Dry Mesic",3
"7_53_15_60993",9,81,468,1966,892,1708000304,"17080003B","WCR","RaDFHEdy_fwi_17080003A","RaDFHEdy","RaDFHEdy_fwi",31,"fwi","RaDFHEdy","RaDFHEdy_fwi","Douglas-fir Hemlock-Dry Mesic",3
"0_41_9_79991",3,80,466,2314,1051,1708000302,"17080003C","OCR","RaSSHE_fss_OCR","RaSSHE","RaSSHE_fss",60,"fss","RaSSHE","RaSSHE_fss","Sitka Spruce - Western Hemlock",5
"0_41_9_84256",3,80,466,2315,1234,1708000302,"17080003C","OCR","RaDFHEwt_fwn_OCR","RaDFHEwt","RaDFHEwt_fwn",32,"fwn","RaDFHEwt","RaDFHEwt_fwn","Douglas-fir Hemlock-Wet Mesic",5
"0_41_9_81969",3,80,467,2315,2083,1708000303,"17080003C","OCR","RaDFHEwt_fwn_OCR","RaDFHEwt","RaDFHEwt_fwn",32,"fwn","RaDFHEwt","RaDFHEwt_fwn","Douglas-fir Hemlock-Wet Mesic",5
"0_41_9_93057",3,80,467,2315,1682,1708000303,"17080003C","OCR","RaDFHEwt_fwn_OCR","RaDFHEwt","RaDFHEwt_fwn",32,"fwn","RaDFHEwt","RaDFHEwt_fwn","Douglas-fir Hemlock-Wet Mesic",5
"0_41_9_86960",3,107,595,1986,1478,1710020202,"17100201","OCR","RaDFHEdy_fwi_17100202","RaDFHEdy","RaDFHEdy_fwi",31,"fwi","RaDFHEdy","RaDFHEdy_fwi","Douglas-fir Hemlock-Dry Mesic",3
"0_41_9_58777",3,107,594,1986,1474,1710020201,"17100201","OCR","RaDFHEdy_fwi_17100202","RaDFHEdy","RaDFHEdy_fwi",31,"fwi","RaDFHEdy","RaDFHEdy_fwi","Douglas-fir Hemlock-Dry Mesic",3
"0_41_9_77486",3,107,594,2315,572,1710020201,"17100201","OCR","RaDFHEwt_fwn_OCR","RaDFHEwt","RaDFHEwt_fwn",32,"fwn","RaDFHEwt","RaDFHEwt_fwn","Douglas-fir Hemlock-Wet Mesic",5
"0_41_9_69692",3,107,594,1986,1274,1710020201,"17100201","OCR","RaDFHEdy_fwi_17100202","RaDFHEdy","RaDFHEdy_fwi",31,"fwi","RaDFHEdy","RaDFHEdy_fwi","Douglas-fir Hemlock-Dry Mesic",3
"0_41_67_61565",3,96,549,2006,1564,1709001003,"17090009","OCR","RaDFHEdy_fwi_17090010","RaDFHEdy","RaDFHEdy_fwi",31,"fwi","RaDFHEdy","RaDFHEdy_fwi","Douglas-fir Hemlock-Dry Mesic",3
"0_41_67_53533",3,96,549,386,842,1709001003,"17090009","OCR","RaDFWV_fwx_1709001003","RaDFWV","RaDFWV_fwx",37,"fwx","RaDFWV","RaDFWV_fwx","Douglas-fir Willamatte Valley Foothills",1
"0_41_71_65851",3,93,532,489,995,1709000703,"17090006","OCR","RaDFWV_fwx_1709000703","RaDFWV","RaDFWV_fwx",37,"fwx","RaDFWV","RaDFWV_fwx","Douglas-fir Willamatte Valley Foothills",1
"0_41_47_81249",3,93,532,489,135,1709000703,"17090006","OCR","RaDFWV_fwx_1709000703","RaDFWV","RaDFWV_fwx",37,"fwx","RaDFWV","RaDFWV_fwx","Douglas-fir Willamatte Valley Foothills",1
"0_41_47_77489",3,93,530,606,1325,1709000701,"17090006","OCR","RaDFWV_fwx_1709000701","RaDFWV","RaDFWV_fwx",37,"fwx","RaDFWV","RaDFWV_fwx","Douglas-fir Willamatte Valley Foothills",1
"1_41_43_66846",7,89,505,794,325,1709000303,"17090003A","OWC","RaDFWV_fwx_1709000303","RaDFWV","RaDFWV_fwx",37,"fwx","RaDFWV","RaDFWV_fwx","Douglas-fir Willamatte Valley Foothills",1
"1_41_39_59704",7,90,515,908,2825,1709000407,"17090003B","OWC","RaDFWV_fwx_1709000407","RaDFWV","RaDFWV_fwx",37,"fwx","RaDFWV","RaDFWV_fwx","Douglas-fir Willamatte Valley Foothills",1
"1_41_39_50782",7,87,500,1029,765,1709000202,"17090001","OWC","RaDFWV_fwx_1709000202","RaDFWV","RaDFWV_fwx",37,"fwx","RaDFWV","RaDFWV_fwx","Douglas-fir Willamatte Valley Foothills",1
"1_41_39_98494",7,87,500,1029,826,1709000202,"17090001","OWC","RaDFWV_fwx_1709000202","RaDFWV","RaDFWV_fwx",37,"fwx","RaDFWV","RaDFWV_fwx","Douglas-fir Willamatte Valley Foothills",1
"1_41_39_60159",7,87,499,2146,1642,1709000201,"17090001","OWC","RaDFHEdy_fwi_17090002","RaDFHEdy","RaDFHEdy_fwi",31,"fwi","RaDFHEdy","RaDFHEdy_fwi","Douglas-fir Hemlock-Dry Mesic",3
"1_41_39_77118",7,87,501,2146,1419,1709000203,"17090001","OWC","RaDFHEdy_fwi_17090002","RaDFHEdy","RaDFHEdy_fwi",31,"fwi","RaDFHEdy","RaDFHEdy_fwi","Douglas-fir Hemlock-Dry Mesic",3
"2_41_19_91549",7,87,501,2146,2739,1709000203,"17090001","OWC","RaDFHEdy_fwi_17090002","RaDFHEdy","RaDFHEdy_fwi",31,"fwi","RaDFHEdy","RaDFHEdy_fwi","Douglas-fir Hemlock-Dry Mesic",3
"2_41_19_60698",6,115,658,2183,2970,1710030301,"17100302","OSW","RaDFHEdy_fwi_17100303B","RaDFHEdy","RaDFHEdy_fwi",31,"fwi","RaDFHEdy","RaDFHEdy_fwi","Douglas-fir Hemlock-Dry Mesic",3
"2_41_19_55392",6,113,642,2180,1285,1710030109,"17100207","OSW","RaDFHEdy_fwi_17100301","RaDFHEdy","RaDFHEdy_fwi",31,"fwi","RaDFHEdy","RaDFHEdy_fwi","Douglas-fir Hemlock-Dry Mesic",3
"2_41_19_77490",6,113,642,2347,1802,1710030109,"17100207","OSW","RaDFHEwt_fwm_OSW","RaDFHEwt","RaDFHEwt_fwm",33,"fwm","RaDFHEwt","RaDFHEwt_fwm","Douglas-fir Hemlock-Wet Mesic",5
"2_41_19_69128",6,113,642,1104,619,1710030109,"17100207","OSW","RaMCONsw_fiw_1710030109","RaMCONsw","RaMCONsw_fiw",20,"fiw","RaMCONsw","RaMCONsw_fiw","Mixed Conifer - Southwest Oregon",1
"2_41_19_95910",6,113,641,2347,1456,1710030108,"17100207","OSW","RaDFHEwt_fwm_OSW","RaDFHEwt","RaDFHEwt_fwm",33,"fwm","RaDFHEwt","RaDFHEwt_fwm","Douglas-fir Hemlock-Wet Mesic",5
"2_41_19_66099",6,113,641,2186,1834,1710030108,"17100207","OSW","R1RFWF_fcw_17100301","R1RFWF","R1RFWF_fcw",18,"fcw","R1RFWF","R1RFWF_fcw","Red Fir / White Fir",3
"2_41_19_92788",6,113,643,2180,1931,1710030110,"17100207","OSW","RaDFHEdy_fwi_17100301","RaDFHEdy","RaDFHEdy_fwi",31,"fwi","RaDFHEdy","RaDFHEdy_fwi","Douglas-fir Hemlock-Dry Mesic",3
"2_41_19_76876",6,113,643,2186,540,1710030110,"17100207","OSW","R1RFWF_fcw_17100301","R1RFWF","R1RFWF_fcw",18,"fcw","R1RFWF","R1RFWF_fcw","Red Fir / White Fir",3
"2_41_19_81023",6,113,643,1158,1340,1710030110,"17100207","OSW","RaMCONsw_fiw_1710030110","RaMCONsw","RaMCONsw_fiw",20,"fiw","RaMCONsw","RaMCONsw_fiw","Mixed Conifer - Southwest Oregon",1
"2_41_19_51142",6,113,643,2180,1530,1710030110,"17100207","OSW","RaDFHEdy_fwi_17100301","RaDFHEdy","RaDFHEdy_fwi",31,"fwi","RaDFHEdy","RaDFHEdy_fwi","Douglas-fir Hemlock-Dry Mesic",3
"2_41_19_85677",6,113,643,1158,874,1710030110,"17100207","OSW","RaMCONsw_fiw_1710030110","RaMCONsw","RaMCONsw_fiw",20,"fiw","RaMCONsw","RaMCONsw_fiw","Mixed Conifer - Southwest Oregon",1
"2_41_19_91951",6,113,643,1158,533,1710030110,"17100207","OSW","RaMCONsw_fiw_1710030110","RaMCONsw","RaMCONsw_fiw",20,"fiw","RaMCONsw","RaMCONsw_fiw","Mixed Conifer - Southwest Oregon",1
"2_41_19_55437",6,113,643,1158,621,1710030110,"17100207","OSW","RaMCONsw_fiw_1710030110","RaMCONsw","RaMCONsw_fiw",20,"fiw","RaMCONsw","RaMCONsw_fiw","Mixed Conifer - Southwest Oregon",1
"2_41_19_63055",6,113,643,1158,955,1710030110,"17100207","OSW","RaMCONsw_fiw_1710030110","RaMCONsw","RaMCONsw_fiw",20,"fiw","RaMCONsw","RaMCONsw_fiw","Mixed Conifer - Southwest Oregon",1
"2_41_19_81105",6,114,647,2202,1494,1710030203,"17100301","OSW","RaDFHEdy_fwi_17100302","RaDFHEdy","RaDFHEdy_fwi",31,"fwi","RaDFHEdy","RaDFHEdy_fwi","Douglas-fir Hemlock-Dry Mesic",3
"2_41_19_54133",6,114,647,2202,1242,1710030203,"17100301","OSW","RaDFHEdy_fwi_17100302","RaDFHEdy","RaDFHEdy_fwi",31,"fwi","RaDFHEdy","RaDFHEdy_fwi","Douglas-fir Hemlock-Dry Mesic",3
"2_41_19_78614",6,114,647,1206,671,1710030203,"17100301","OSW","RaMCONsw_fdm_1710030203","RaMCONsw","RaMCONsw_fdm",41,"fdm","RaMCONsw","RaMCONsw_fdm","Mixed Conifer - Southwest Oregon",1
"2_41_19_83810",6,114,648,2202,453,1710030204,"17100301","OSW","RaDFHEdy_fwi_17100302","RaDFHEdy","RaDFHEdy_fwi",31,"fwi","RaDFHEdy","RaDFHEdy_fwi","Douglas-fir Hemlock-Dry Mesic",3
"2_41_19_97681",6,114,648,1285,1304,1710030204,"17100301","OSW","RaPIJEsp_fjp_1710030204","RaPIJEsp","RaPIJEsp_fjp",61,"fjp","RaPIJEsp","RaPIJEsp_fjp","Pine Savannah - Ultramafic",1
"2_41_19_63225",6,114,648,1285,968,1710030204,"17100301","OSW","RaPIJEsp_fjp_1710030204","RaPIJEsp","RaPIJEsp_fjp",61,"fjp","RaPIJEsp","RaPIJEsp_fjp","Pine Savannah - Ultramafic",1
"2_41_19_67746",6,114,648,1285,784,1710030204,"17100301","OSW","RaPIJEsp_fjp_1710030204","RaPIJEsp","RaPIJEsp_fjp",61,"fjp","RaPIJEsp","RaPIJEsp_fjp","Pine Savannah - Ultramafic",1
"2_41_19_94452",6,114,648,1289,676,1710030204,"17100301","OSW","RaMCONsw_fdm_1710030204","RaMCONsw","RaMCONsw_fdm",41,"fdm","RaMCONsw","RaMCONsw_fdm","Mixed Conifer - Southwest Oregon",1
"2_41_19_88829",6,114,648,1286,2421,1710030204,"17100301","OSW","RaMCONsw_fiw_1710030204","RaMCONsw","RaMCONsw_fiw",20,"fiw","RaMCONsw","RaMCONsw_fiw","Mixed Conifer - Southwest Oregon",1
"2_41_19_90956",6,114,650,1313,2256,1710030206,"17100301","OSW","RaMCONsw_fiw_1710030206","RaMCONsw","RaMCONsw_fiw",20,"fiw","RaMCONsw","RaMCONsw_fiw","Mixed Conifer - Southwest Oregon",1
"2_41_29_95192",6,120,684,1360,820,1710030706,"17100306","OSW","RaMCONsw_fiw_1710030706","RaMCONsw","RaMCONsw_fiw",20,"fiw","RaMCONsw","RaMCONsw_fiw","Mixed Conifer - Southwest Oregon",1
"2_41_29_81003",6,120,684,1361,2072,1710030706,"17100306","OSW","Na0710270_fdd_1710030706","Na0710270","Na0710270_fdd",43,"fdd","Na0710270","Na0710270_fdd","Mediterranean California Dry-Mesic Mixed Conifer Forest and Woodland",1
"2_41_29_61476",6,121,689,1374,1097,1710030803,"17100307","OSW","Na0710270_fdd_1710030803","Na0710270","Na0710270_fdd",43,"fdd","Na0710270","Na0710270_fdd","Mediterranean California Dry-Mesic Mixed Conifer Forest and Woodland",1
"2_41_29_92755",6,121,689,1374,1509,1710030803,"17100307","OSW","Na0710270_fdd_1710030803","Na0710270","Na0710270_fdd",43,"fdd","Na0710270","Na0710270_fdd","Mediterranean California Dry-Mesic Mixed Conifer Forest and Woodland",1
"2_41_29_98840",6,121,689,1374,820,1710030803,"17100307","OSW","Na0710270_fdd_1710030803","Na0710270","Na0710270_fdd",43,"fdd","Na0710270","Na0710270_fdd","Mediterranean California Dry-Mesic Mixed Conifer Forest and Woodland",1
"2_41_29_74197",6,121,688,1507,2005,1710030802,"17100307","OSW","Na0710270_fdd_1710030802","Na0710270","Na0710270_fdd",43,"fdd","Na0710270","Na0710270_fdd","Mediterranean California Dry-Mesic Mixed Conifer Forest and Woodland",1
"2_41_29_92098",6,121,688,1506,361,1710030802,"17100307","OSW","Na0210290_fwo_1710030802","Na0210290","Na0210290_fwo",57,"fwo","Na0210290","Na0210290_fwo","Mediterranean California Mixed Oak Woodland",1
"2_41_29_69260",6,121,687,1585,1217,1710030801,"17100307","OSW","Na0210290_fwo_1710030801","Na0210290","Na0210290_fwo",57,"fwo","Na0210290","Na0210290_fwo","Mediterranean California Mixed Oak Woodland",1
"2_41_29_92267",6,121,687,1602,2012,1710030801,"17100307","OSW","Na0710270_fdd_1710030801","Na0710270","Na0710270_fdd",43,"fdd","Na0710270","Na0710270_fdd","Mediterranean California Dry-Mesic Mixed Conifer Forest and Woodland",1
"2_41_29_92672",6,122,693,1661,1442,1710030903,"17100308","OSW","Na0710270_fdd_1710030903","Na0710270","Na0710270_fdd",43,"fdd","Na0710270","Na0710270_fdd","Mediterranean California Dry-Mesic Mixed Conifer Forest and Woodland",1
"2_41_29_90022",6,122,693,1661,1046,1710030903,"17100308","OSW","Na0710270_fdd_1710030903","Na0710270","Na0710270_fdd",43,"fdd","Na0710270","Na0710270_fdd","Mediterranean California Dry-Mesic Mixed Conifer Forest and Woodland",1
"2_41_29_56454",6,122,693,1661,1878,1710030903,"17100308","OSW","Na0710270_fdd_1710030903","Na0710270","Na0710270_fdd",43,"fdd","Na0710270","Na0710270_fdd","Mediterranean California Dry-Mesic Mixed Conifer Forest and Woodland",1
"2_41_29_58335",6,122,693,1664,1927,1710030903,"17100308","OSW","RaMCONsw_fiw_1710030903","RaMCONsw","RaMCONsw_fiw",20,"fiw","RaMCONsw","RaMCONsw_fiw","Mixed Conifer - Southwest Oregon",1
"2_41_29_79724",6,122,691,2259,984,1710030901,"17100308","OSW","RaREFI_fcw_17100309","RaREFI","RaREFI_fcw",19,"fcw","RaREFI","RaREFI_fcw","Red Fir",3
"2_41_29_91805",6,122,691,2259,1466,1710030901,"17100308","OSW","RaREFI_fcw_17100309","RaREFI","RaREFI_fcw",19,"fcw","RaREFI","RaREFI_fcw","Red Fir",3
"6_53_9_58707",9,145,805,1837,1304,1711002003,"17110019","WCR","RaDFHEdy_fdg_17110020","RaDFHEdy","RaDFHEdy_fdg",24,"fdg","RaDFHEdy","RaDFHEdy_fdg","Douglas-fir Hemlock-Dry Mesic",3
"6_53_9_87217",9,145,806,1837,862,1711002004,"17110019","WCR","RaDFHEdy_fdg_17110020","RaDFHEdy","RaDFHEdy_fdg",24,"fdg","RaDFHEdy","RaDFHEdy_fdg","Douglas-fir Hemlock-Dry Mesic",3
"6_53_9_87469",9,145,805,1836,1184,1711002003,"17110019","WCR","RaDFHEdy_fwi_17110020","RaDFHEdy","RaDFHEdy_fwi",31,"fwi","RaDFHEdy","RaDFHEdy_fwi","Douglas-fir Hemlock-Dry Mesic",3
"6_53_31_98769",9,145,805,2302,1066,1711002003,"17110019","WCR","RaABLA_faf_WCR","RaABLA","RaABLA_faf",8,"faf","RaABLA","RaABLA_faf","Subalpine Fir",4
"6_53_31_65999",9,143,789,1871,934,1711001802,"17110017","WCR","RaABAMlw_fsi_17110018","RaABAMlw","RaABAMlw_fsi",14,"fsi","RaABAMlw","RaABAMlw_fsi","Pacific Silver Fir - Low Elevation",3
"6_53_45_75685",9,143,789,1869,2425,1711001802,"17110017","WCR","RaDFHEdy_fwi_17110018","RaDFHEdy","RaDFHEdy_fwi",31,"fwi","RaDFHEdy","RaDFHEdy_fwi","Douglas-fir Hemlock-Dry Mesic",3
"6_53_45_67637",9,143,789,1869,1575,1711001802,"17110017","WCR","RaDFHEdy_fwi_17110018","RaDFHEdy","RaDFHEdy_fwi",31,"fwi","RaDFHEdy","RaDFHEdy_fwi","Douglas-fir Hemlock-Dry Mesic",3
"6_53_45_59554",9,143,789,1869,1870,1711001802,"17110017","WCR","RaDFHEdy_fwi_17110018","RaDFHEdy","RaDFHEdy_fwi",31,"fwi","RaDFHEdy","RaDFHEdy_fwi","Douglas-fir Hemlock-Dry Mesic",3
"6_53_45_70644",9,143,789,1869,1201,1711001802,"17110017","WCR","RaDFHEdy_fwi_17110018","RaDFHEdy","RaDFHEdy_fwi",31,"fwi","RaDFHEdy","RaDFHEdy_fwi","Douglas-fir Hemlock-Dry Mesic",3
"6_53_45_61947",9,143,790,1869,621,1711001803,"17110017","WCR","RaDFHEdy_fwi_17110018","RaDFHEdy","RaDFHEdy_fwi",31,"fwi","RaDFHEdy","RaDFHEdy_fwi","Douglas-fir Hemlock-Dry Mesic",3
"6_53_45_99682",9,142,787,1891,537,1711001702,"17110016","WCR","RaDFHEdy_fwi_17110017","RaDFHEdy","RaDFHEdy_fwi",31,"fwi","RaDFHEdy","RaDFHEdy_fwi","Douglas-fir Hemlock-Dry Mesic",3
"6_53_45_51920",9,142,787,1891,679,1711001702,"17110016","WCR","RaDFHEdy_fwi_17110017","RaDFHEdy","RaDFHEdy_fwi",31,"fwi","RaDFHEdy","RaDFHEdy_fwi","Douglas-fir Hemlock-Dry Mesic",3
"6_53_45_68572",13,144,800,1812,1416,1711001906,"17110018","WWC","RaDFHEdy_fdg_17110019","RaDFHEdy","RaDFHEdy_fdg",24,"fdg","RaDFHEdy","RaDFHEdy_fdg","Douglas-fir Hemlock-Dry Mesic",3
"6_53_45_51754",13,144,800,2299,1178,1711001906,"17110018","WWC","RaDFHEwt_fwn_WWC","RaDFHEwt","RaDFHEwt_fwn",32,"fwn","RaDFHEwt","RaDFHEwt_fwn","Douglas-fir Hemlock-Wet Mesic",5
"6_53_45_70010",13,144,800,2299,1386,1711001906,"17110018","WWC","RaDFHEwt_fwn_WWC","RaDFHEwt","RaDFHEwt_fwn",32,"fwn","RaDFHEwt","RaDFHEwt_fwn","Douglas-fir Hemlock-Wet Mesic",5
"6_53_67_92370",13,144,800,1813,1120,1711001906,"17110018","WWC","RaDFHEdy_fwi_17110019","RaDFHEdy","RaDFHEdy_fwi",31,"fwi","RaDFHEdy","RaDFHEdy_fwi","Douglas-fir Hemlock-Dry Mesic",3
"6_53_67_68174",13,144,800,2299,1153,1711001906,"17110018","WWC","RaDFHEwt_fwn_WWC","RaDFHEwt","RaDFHEwt_fwn",32,"fwn","RaDFHEwt","RaDFHEwt_fwn","Douglas-fir Hemlock-Wet Mesic",5
"6_53_67_69634",13,144,800,1813,945,1711001906,"17110018","WWC","RaDFHEdy_fwi_17110019","RaDFHEdy","RaDFHEdy_fwi",31,"fwi","RaDFHEdy","RaDFHEdy_fwi","Douglas-fir Hemlock-Dry Mesic",3
"6_53_27_55231",9,102,580,1932,722,1710010305,"17100102","WCR","RaDFHEdy_fwi_17100103","RaDFHEdy","RaDFHEdy_fwi",31,"fwi","RaDFHEdy","RaDFHEdy_fwi","Douglas-fir Hemlock-Dry Mesic",3
"6_53_27_98281",9,102,580,1932,1991,1710010305,"17100102","WCR","RaDFHEdy_fwi_17100103","RaDFHEdy","RaDFHEdy_fwi",31,"fwi","RaDFHEdy","RaDFHEdy_fwi","Douglas-fir Hemlock-Dry Mesic",3
"7_53_41_60851",9,102,576,1932,1418,1710010301,"17100102","WCR","RaDFHEdy_fwi_17100103","RaDFHEdy","RaDFHEdy_fwi",31,"fwi","RaDFHEdy","RaDFHEdy_fwi","Douglas-fir Hemlock-Dry Mesic",3
"7_53_15_55646",13,83,484,2299,1057,1708000509,"17080004","WWC","RaDFHEwt_fwn_WWC","RaDFHEwt","RaDFHEwt_fwn",32,"fwn","RaDFHEwt","RaDFHEwt_fwn","Douglas-fir Hemlock-Wet Mesic",5
"7_53_15_64303",9,81,468,1966,1709,1708000304,"17080003B","WCR","RaDFHEdy_fwi_17080003A","RaDFHEdy","RaDFHEdy_fwi",31,"fwi","RaDFHEdy","RaDFHEdy_fwi","Douglas-fir Hemlock-Dry Mesic",3
"0_41_9_93801",3,80,467,2315,891,1708000303,"17080003C","OCR","RaDFHEwt_fwn_OCR","RaDFHEwt","RaDFHEwt_fwn",32,"fwn","RaDFHEwt","RaDFHEwt_fwn","Douglas-fir Hemlock-Wet Mesic",5
"0_41_9_60747",3,80,467,1975,824,1708000303,"17080003C","OCR","RaDFHEdy_fwi_17080003B","RaDFHEdy","RaDFHEdy_fwi",31,"fwi","RaDFHEdy","RaDFHEdy_fwi","Douglas-fir Hemlock-Dry Mesic",3
"0_41_9_71199",3,107,594,1986,1152,1710020201,"17100201","OCR","RaDFHEdy_fwi_17100202","RaDFHEdy","RaDFHEdy_fwi",31,"fwi","RaDFHEdy","RaDFHEdy_fwi","Douglas-fir Hemlock-Dry Mesic",3
"0_41_9_90064",3,107,594,1986,620,1710020201,"17100201","OCR","RaDFHEdy_fwi_17100202","RaDFHEdy","RaDFHEdy_fwi",31,"fwi","RaDFHEdy","RaDFHEdy_fwi","Douglas-fir Hemlock-Dry Mesic",3
"0_41_9_90262",3,107,594,1986,1789,1710020201,"17100201","OCR","RaDFHEdy_fwi_17100202","RaDFHEdy","RaDFHEdy_fwi",31,"fwi","RaDFHEdy","RaDFHEdy_fwi","Douglas-fir Hemlock-Dry Mesic",3
"0_41_9_63988",3,98,561,1996,954,1709001204,"17090011","OCR","RaDFHEdy_fwi_17090012B","RaDFHEdy","RaDFHEdy_fwi",31,"fwi","RaDFHEdy","RaDFHEdy_fwi","Douglas-fir Hemlock-Dry Mesic",3
"0_41_67_71559",3,96,549,2006,1268,1709001003,"17090009","OCR","RaDFHEdy_fwi_17090010","RaDFHEdy","RaDFHEdy_fwi",31,"fwi","RaDFHEdy","RaDFHEdy_fwi","Douglas-fir Hemlock-Dry Mesic",3
"0_41_67_57201",3,96,549,386,883,1709001003,"17090009","OCR","RaDFWV_fwx_1709001003","RaDFWV","RaDFWV_fwx",37,"fwx","RaDFWV","RaDFWV_fwx","Douglas-fir Willamatte Valley Foothills",1
"0_41_67_91860",3,96,550,421,1428,1709001004,"17090009","OCR","RaDFWV_fwx_1709001004","RaDFWV","RaDFWV_fwx",37,"fwx","RaDFWV","RaDFWV_fwx","Douglas-fir Willamatte Valley Foothills",1
"0_41_71_69184",3,93,532,489,644,1709000703,"17090006","OCR","RaDFWV_fwx_1709000703","RaDFWV","RaDFWV_fwx",37,"fwx","RaDFWV","RaDFWV_fwx","Douglas-fir Willamatte Valley Foothills",1
"0_41_47_74838",3,93,532,489,450,1709000703,"17090006","OCR","RaDFWV_fwx_1709000703","RaDFWV","RaDFWV_fwx",37,"fwx","RaDFWV","RaDFWV_fwx","Douglas-fir Willamatte Valley Foothills",1
"0_41_47_72720",3,93,532,489,621,1709000703,"17090006","OCR","RaDFWV_fwx_1709000703","RaDFWV","RaDFWV_fwx",37,"fwx","RaDFWV","RaDFWV_fwx","Douglas-fir Willamatte Valley Foothills",1
"1_41_43_61559",7,89,505,794,825,1709000303,"17090003A","OWC","RaDFWV_fwx_1709000303","RaDFWV","RaDFWV_fwx",37,"fwx","RaDFWV","RaDFWV_fwx","Douglas-fir Willamatte Valley Foothills",1
"1_41_43_54697",3,88,508,693,1492,1709000306,"17090002","OCR","RaDFWV_fwx_1709000306","RaDFWV","RaDFWV_fwx",37,"fwx","RaDFWV","RaDFWV_fwx","Douglas-fir Willamatte Valley Foothills",1
"1_41_43_83001",3,88,508,693,1685,1709000306,"17090002","OCR","RaDFWV_fwx_1709000306","RaDFWV","RaDFWV_fwx",37,"fwx","RaDFWV","RaDFWV_fwx","Douglas-fir Willamatte Valley Foothills",1
"1_41_43_73006",7,90,514,2110,1916,1709000406,"17090003B","OWC","RaDFHEdy_fwi_17090004","RaDFHEdy","RaDFHEdy_fwi",31,"fwi","RaDFHEdy","RaDFHEdy_fwi","Douglas-fir Hemlock-Dry Mesic",3
"1_41_39_58056",7,90,514,880,793,1709000406,"17090003B","OWC","RaDFWV_fwx_1709000406","RaDFWV","RaDFWV_fwx",37,"fwx","RaDFWV","RaDFWV_fwx","Douglas-fir Willamatte Valley Foothills",1
"1_41_39_76563",7,90,514,880,2005,1709000406,"17090003B","OWC","RaDFWV_fwx_1709000406","RaDFWV","RaDFWV_fwx",37,"fwx","RaDFWV","RaDFWV_fwx","Douglas-fir Willamatte Valley Foothills",1
"1_41_39_83846",7,90,514,880,1687,1709000406,"17090003B","OWC","RaDFWV_fwx_1709000406","RaDFWV","RaDFWV_fwx",37,"fwx","RaDFWV","RaDFWV_fwx","Douglas-fir Willamatte Valley Foothills",1
"1_41_39_69523",7,90,514,880,1583,1709000406,"17090003B","OWC","RaDFWV_fwx_1709000406","RaDFWV","RaDFWV_fwx",37,"fwx","RaDFWV","RaDFWV_fwx","Douglas-fir Willamatte Valley Foothills",1
"1_41_39_64000",7,87,502,2146,1241,1709000204,"17090001","OWC","RaDFHEdy_fwi_17090002","RaDFHEdy","RaDFHEdy_fwi",31,"fwi","RaDFHEdy","RaDFHEdy_fwi","Douglas-fir Hemlock-Dry Mesic",3
"1_41_39_77833",7,87,500,2146,1233,1709000202,"17090001","OWC","RaDFHEdy_fwi_17090002","RaDFHEdy","RaDFHEdy_fwi",31,"fwi","RaDFHEdy","RaDFHEdy_fwi","Douglas-fir Hemlock-Dry Mesic",3
"1_41_39_57985",7,87,499,2146,1308,1709000201,"17090001","OWC","RaDFHEdy_fwi_17090002","RaDFHEdy","RaDFHEdy_fwi",31,"fwi","RaDFHEdy","RaDFHEdy_fwi","Douglas-fir Hemlock-Dry Mesic",3
"1_41_39_78744",7,87,499,2146,979,1709000201,"17090001","OWC","RaDFHEdy_fwi_17090002","RaDFHEdy","RaDFHEdy_fwi",31,"fwi","RaDFHEdy","RaDFHEdy_fwi","Douglas-fir Hemlock-Dry Mesic",3
"1_41_39_53986",7,87,499,2146,1790,1709000201,"17090001","OWC","RaDFHEdy_fwi_17090002","RaDFHEdy","RaDFHEdy_fwi",31,"fwi","RaDFHEdy","RaDFHEdy_fwi","Douglas-fir Hemlock-Dry Mesic",3
"1_41_39_83486",7,87,501,2146,1420,1709000203,"17090001","OWC","RaDFHEdy_fwi_17090002","RaDFHEdy","RaDFHEdy_fwi",31,"fwi","RaDFHEdy","RaDFHEdy_fwi","Douglas-fir Hemlock-Dry Mesic",3
"2_41_19_86406",7,87,501,2146,2072,1709000203,"17090001","OWC","RaDFHEdy_fwi_17090002","RaDFHEdy","RaDFHEdy_fwi",31,"fwi","RaDFHEdy","RaDFHEdy_fwi","Douglas-fir Hemlock-Dry Mesic",3
"2_41_19_75990",6,113,642,2180,1172,1710030109,"17100207","OSW","RaDFHEdy_fwi_17100301","RaDFHEdy","RaDFHEdy_fwi",31,"fwi","RaDFHEdy","RaDFHEdy_fwi","Douglas-fir Hemlock-Dry Mesic",3
"2_41_19_98242",6,113,642,1104,2493,1710030109,"17100207","OSW","RaMCONsw_fiw_1710030109","RaMCONsw","RaMCONsw_fiw",20,"fiw","RaMCONsw","RaMCONsw_fiw","Mixed Conifer - Southwest Oregon",1
"2_41_19_99513",6,113,642,2180,769,1710030109,"17100207","OSW","RaDFHEdy_fwi_17100301","RaDFHEdy","RaDFHEdy_fwi",31,"fwi","RaDFHEdy","RaDFHEdy_fwi","Douglas-fir Hemlock-Dry Mesic",3
"2_41_19_70335",6,113,642,2347,1635,1710030109,"17100207","OSW","RaDFHEwt_fwm_OSW","RaDFHEwt","RaDFHEwt_fwm",33,"fwm","RaDFHEwt","RaDFHEwt_fwm","Douglas-fir Hemlock-Wet Mesic",5
"2_41_19_59948",6,113,641,2347,903,1710030108,"17100207","OSW","RaDFHEwt_fwm_OSW","RaDFHEwt","RaDFHEwt_fwm",33,"fwm","RaDFHEwt","RaDFHEwt_fwm","Douglas-fir Hemlock-Wet Mesic",5
"2_41_19_95810",6,113,641,2186,760,1710030108,"17100207","OSW","R1RFWF_fcw_17100301","R1RFWF","R1RFWF_fcw",18,"fcw","R1RFWF","R1RFWF_fcw","Red Fir / White Fir",3
"2_41_19_78624",6,113,643,2347,1305,1710030110,"17100207","OSW","RaDFHEwt_fwm_OSW","RaDFHEwt","RaDFHEwt_fwm",33,"fwm","RaDFHEwt","RaDFHEwt_fwm","Douglas-fir Hemlock-Wet Mesic",5
"2_41_19_65593",6,113,643,1158,1036,1710030110,"17100207","OSW","RaMCONsw_fiw_1710030110","RaMCONsw","RaMCONsw_fiw",20,"fiw","RaMCONsw","RaMCONsw_fiw","Mixed Conifer - Southwest Oregon",1
"2_41_19_93304",6,113,643,2186,1278,1710030110,"17100207","OSW","R1RFWF_fcw_17100301","R1RFWF","R1RFWF_fcw",18,"fcw","R1RFWF","R1RFWF_fcw","Red Fir / White Fir",3
"2_41_19_78254",6,113,643,2186,972,1710030110,"17100207","OSW","R1RFWF_fcw_17100301","R1RFWF","R1RFWF_fcw",18,"fcw","R1RFWF","R1RFWF_fcw","Red Fir / White Fir",3
"2_41_19_78778",6,114,647,2202,1006,1710030203,"17100301","OSW","RaDFHEdy_fwi_17100302","RaDFHEdy","RaDFHEdy_fwi",31,"fwi","RaDFHEdy","RaDFHEdy_fwi","Douglas-fir Hemlock-Dry Mesic",3
"2_41_19_70635",6,114,647,2202,1106,1710030203,"17100301","OSW","RaDFHEdy_fwi_17100302","RaDFHEdy","RaDFHEdy_fwi",31,"fwi","RaDFHEdy","RaDFHEdy_fwi","Douglas-fir Hemlock-Dry Mesic",3
"2_41_19_76380",6,114,647,2202,1830,1710030203,"17100301","OSW","RaDFHEdy_fwi_17100302","RaDFHEdy","RaDFHEdy_fwi",31,"fwi","RaDFHEdy","RaDFHEdy_fwi","Douglas-fir Hemlock-Dry Mesic",3
"2_41_19_55210",6,114,647,2203,1612,1710030203,"17100301","OSW","RaREFI_fcw_17100302","RaREFI","RaREFI_fcw",19,"fcw","RaREFI","RaREFI_fcw","Red Fir",3
"2_41_19_99381",6,114,647,1202,1254,1710030203,"17100301","OSW","Na0710270_fdd_1710030203","Na0710270","Na0710270_fdd",43,"fdd","Na0710270","Na0710270_fdd","Mediterranean California Dry-Mesic Mixed Conifer Forest and Woodland",1
"2_41_19_64999",6,114,647,1202,1292,1710030203,"17100301","OSW","Na0710270_fdd_1710030203","Na0710270","Na0710270_fdd",43,"fdd","Na0710270","Na0710270_fdd","Mediterranean California Dry-Mesic Mixed Conifer Forest and Woodland",1
"2_41_19_83903",6,114,648,1288,1038,1710030204,"17100301","OSW","RaMCONsw_fvw_1710030204","RaMCONsw","RaMCONsw_fvw",21,"fvw","RaMCONsw","RaMCONsw_fvw","Mixed Conifer - Southwest Oregon",1
"2_41_19_68114",6,114,648,2202,1492,1710030204,"17100301","OSW","RaDFHEdy_fwi_17100302","RaDFHEdy","RaDFHEdy_fwi",31,"fwi","RaDFHEdy","RaDFHEdy_fwi","Douglas-fir Hemlock-Dry Mesic",3
"2_41_19_62583",6,114,648,1286,1934,1710030204,"17100301","OSW","RaMCONsw_fiw_1710030204","RaMCONsw","RaMCONsw_fiw",20,"fiw","RaMCONsw","RaMCONsw_fiw","Mixed Conifer - Southwest Oregon",1
"2_41_29_57428",6,120,684,1360,2297,1710030706,"17100306","OSW","RaMCONsw_fiw_1710030706","RaMCONsw","RaMCONsw_fiw",20,"fiw","RaMCONsw","RaMCONsw_fiw","Mixed Conifer - Southwest Oregon",1
"2_41_29_84873",6,120,684,1361,1784,1710030706,"17100306","OSW","Na0710270_fdd_1710030706","Na0710270","Na0710270_fdd",43,"fdd","Na0710270","Na0710270_fdd","Mediterranean California Dry-Mesic Mixed Conifer Forest and Woodland",1
"2_41_29_89875",6,120,685,1433,601,1710030707,"17100306","OSW","RaMCONsw_fiw_1710030707","RaMCONsw","RaMCONsw_fiw",20,"fiw","RaMCONsw","RaMCONsw_fiw","Mixed Conifer - Southwest Oregon",1
"2_41_29_60274",6,121,687,1585,540,1710030801,"17100307","OSW","Na0210290_fwo_1710030801","Na0210290","Na0210290_fwo",57,"fwo","Na0210290","Na0210290_fwo","Mediterranean California Mixed Oak Woodland",1
"2_41_29_77624",6,121,687,1602,1806,1710030801,"17100307","OSW","Na0710270_fdd_1710030801","Na0710270","Na0710270_fdd",43,"fdd","Na0710270","Na0710270_fdd","Mediterranean California Dry-Mesic Mixed Conifer Forest and Woodland",1
"2_41_29_74898",6,121,687,1620,1926,1710030801,"17100307","OSW","RaMCONsw_fiw_1710030801","RaMCONsw","RaMCONsw_fiw",20,"fiw","RaMCONsw","RaMCONsw_fiw","Mixed Conifer - Southwest Oregon",1
"2_41_29_94041",6,122,693,1661,2201,1710030903,"17100308","OSW","Na0710270_fdd_1710030903","Na0710270","Na0710270_fdd",43,"fdd","Na0710270","Na0710270_fdd","Mediterranean California Dry-Mesic Mixed Conifer Forest and Woodland",1
"2_41_29_64982",6,122,693,1664,854,1710030903,"17100308","OSW","RaMCONsw_fiw_1710030903","RaMCONsw","RaMCONsw_fiw",20,"fiw","RaMCONsw","RaMCONsw_fiw","Mixed Conifer - Southwest Oregon",1
"2_41_29_57690",6,122,693,1664,1910,1710030903,"17100308","OSW","RaMCONsw_fiw_1710030903","RaMCONsw","RaMCONsw_fiw",20,"fiw","RaMCONsw","RaMCONsw_fiw","Mixed Conifer - Southwest Oregon",1
"2_41_29_60683",6,122,693,1664,2599,1710030903,"17100308","OSW","RaMCONsw_fiw_1710030903","RaMCONsw","RaMCONsw_fiw",20,"fiw","RaMCONsw","RaMCONsw_fiw","Mixed Conifer - Southwest Oregon",1
"2_41_29_70822",6,122,693,2259,1929,1710030903,"17100308","OSW","RaREFI_fcw_17100309","RaREFI","RaREFI_fcw",19,"fcw","RaREFI","RaREFI_fcw","Red Fir",3
"6_53_9_81640",9,145,805,1837,802,1711002003,"17110019","WCR","RaDFHEdy_fdg_17110020","RaDFHEdy","RaDFHEdy_fdg",24,"fdg","RaDFHEdy","RaDFHEdy_fdg","Douglas-fir Hemlock-Dry Mesic",3
"6_53_9_69583",9,145,805,1836,2054,1711002003,"17110019","WCR","RaDFHEdy_fwi_17110020","RaDFHEdy","RaDFHEdy_fwi",31,"fwi","RaDFHEdy","RaDFHEdy_fwi","Douglas-fir Hemlock-Dry Mesic",3
"6_53_9_66797",9,145,805,1836,2108,1711002003,"17110019","WCR","RaDFHEdy_fwi_17110020","RaDFHEdy","RaDFHEdy_fwi",31,"fwi","RaDFHEdy","RaDFHEdy_fwi","Douglas-fir Hemlock-Dry Mesic",3
"6_53_9_99851",9,145,805,1836,1263,1711002003,"17110019","WCR","RaDFHEdy_fwi_17110020","RaDFHEdy","RaDFHEdy_fwi",31,"fwi","RaDFHEdy","RaDFHEdy_fwi","Douglas-fir Hemlock-Dry Mesic",3
"6_53_9_57355",9,145,805,1837,1160,1711002003,"17110019","WCR","RaDFHEdy_fdg_17110020","RaDFHEdy","RaDFHEdy_fdg",24,"fdg","RaDFHEdy","RaDFHEdy_fdg","Douglas-fir Hemlock-Dry Mesic",3
"6_53_9_81466",9,145,805,1837,1219,1711002003,"17110019","WCR","RaDFHEdy_fdg_17110020","RaDFHEdy","RaDFHEdy_fdg",24,"fdg","RaDFHEdy","RaDFHEdy_fdg","Douglas-fir Hemlock-Dry Mesic",3
"6_53_31_79281",9,143,792,1876,776,1711001805,"17110017","WCR","RaSAWD_fal_17110018","RaSAWD","RaSAWD_fal",2,"fal","RaSAWD","RaSAWD_fal","Subalpine Woodland",3
"6_53_45_73467",9,143,789,1869,1816,1711001802,"17110017","WCR","RaDFHEdy_fwi_17110018","RaDFHEdy","RaDFHEdy_fwi",31,"fwi","RaDFHEdy","RaDFHEdy_fwi","Douglas-fir Hemlock-Dry Mesic",3
"6_53_45_76116",9,143,789,1869,2273,1711001802,"17110017","WCR","RaDFHEdy_fwi_17110018","RaDFHEdy","RaDFHEdy_fwi",31,"fwi","RaDFHEdy","RaDFHEdy_fwi","Douglas-fir Hemlock-Dry Mesic",3
"6_53_45_66423",9,143,789,1869,2523,1711001802,"17110017","WCR","RaDFHEdy_fwi_17110018","RaDFHEdy","RaDFHEdy_fwi",31,"fwi","RaDFHEdy","RaDFHEdy_fwi","Douglas-fir Hemlock-Dry Mesic",3
"6_53_45_68289",9,143,790,1869,1030,1711001803,"17110017","WCR","RaDFHEdy_fwi_17110018","RaDFHEdy","RaDFHEdy_fwi",31,"fwi","RaDFHEdy","RaDFHEdy_fwi","Douglas-fir Hemlock-Dry Mesic",3
"6_53_45_73924",9,143,790,1868,1142,1711001803,"17110017","WCR","RaDFHEdy_fdg_17110018","RaDFHEdy","RaDFHEdy_fdg",24,"fdg","RaDFHEdy","RaDFHEdy_fdg","Douglas-fir Hemlock-Dry Mesic",3
"6_53_45_99333",9,143,790,1869,1873,1711001803,"17110017","WCR","RaDFHEdy_fwi_17110018","RaDFHEdy","RaDFHEdy_fwi",31,"fwi","RaDFHEdy","RaDFHEdy_fwi","Douglas-fir Hemlock-Dry Mesic",3
"6_53_45_75621",9,143,790,1869,404,1711001803,"17110017","WCR","RaDFHEdy_fwi_17110018","RaDFHEdy","RaDFHEdy_fwi",31,"fwi","RaDFHEdy","RaDFHEdy_fwi","Douglas-fir Hemlock-Dry Mesic",3
"6_53_45_95203",9,142,787,1890,1377,1711001702,"17110016","WCR","RaDFHEdy_fdg_17110017","RaDFHEdy","RaDFHEdy_fdg",24,"fdg","RaDFHEdy","RaDFHEdy_fdg","Douglas-fir Hemlock-Dry Mesic",3
"6_53_67_51556",9,102,580,1932,1249,1710010305,"17100102","WCR","RaDFHEdy_fwi_17100103","RaDFHEdy","RaDFHEdy_fwi",31,"fwi","RaDFHEdy","RaDFHEdy_fwi","Douglas-fir Hemlock-Dry Mesic",3
"6_53_67_84880",9,102,580,1932,849,1710010305,"17100102","WCR","RaDFHEdy_fwi_17100103","RaDFHEdy","RaDFHEdy_fwi",31,"fwi","RaDFHEdy","RaDFHEdy_fwi","Douglas-fir Hemlock-Dry Mesic",3
"6_53_67_67675",9,102,579,1932,586,1710010304,"17100102","WCR","RaDFHEdy_fwi_17100103","RaDFHEdy","RaDFHEdy_fwi",31,"fwi","RaDFHEdy","RaDFHEdy_fwi","Douglas-fir Hemlock-Dry Mesic",3
"7_53_41_86064",9,102,579,1932,1007,1710010304,"17100102","WCR","RaDFHEdy_fwi_17100103","RaDFHEdy","RaDFHEdy_fwi",31,"fwi","RaDFHEdy","RaDFHEdy_fwi","Douglas-fir Hemlock-Dry Mesic",3
"7_53_41_92406",9,102,576,1932,1815,1710010301,"17100102","WCR","RaDFHEdy_fwi_17100103","RaDFHEdy","RaDFHEdy_fwi",31,"fwi","RaDFHEdy","RaDFHEdy_fwi","Douglas-fir Hemlock-Dry Mesic",3
"7_53_41_93806",9,102,576,1932,2143,1710010301,"17100102","WCR","RaDFHEdy_fwi_17100103","RaDFHEdy","RaDFHEdy_fwi",31,"fwi","RaDFHEdy","RaDFHEdy_fwi","Douglas-fir Hemlock-Dry Mesic",3
"7_53_41_90201",9,102,576,1932,1559,1710010301,"17100102","WCR","RaDFHEdy_fwi_17100103","RaDFHEdy","RaDFHEdy_fwi",31,"fwi","RaDFHEdy","RaDFHEdy_fwi","Douglas-fir Hemlock-Dry Mesic",3
"7_53_41_70847",9,102,576,1932,1080,1710010301,"17100102","WCR","RaDFHEdy_fwi_17100103","RaDFHEdy","RaDFHEdy_fwi",31,"fwi","RaDFHEdy","RaDFHEdy_fwi","Douglas-fir Hemlock-Dry Mesic",3
"7_53_41_96255",9,102,576,1932,884,1710010301,"17100102","WCR","RaDFHEdy_fwi_17100103","RaDFHEdy","RaDFHEdy_fwi",31,"fwi","RaDFHEdy","RaDFHEdy_fwi","Douglas-fir Hemlock-Dry Mesic",3
"7_53_41_89335",13,83,484,1952,651,1708000509,"17080004","WWC","RaDFHEdy_fwi_17080005","RaDFHEdy","RaDFHEdy_fwi",31,"fwi","RaDFHEdy","RaDFHEdy_fwi","Douglas-fir Hemlock-Dry Mesic",3
"7_53_15_57432",13,83,484,2299,1533,1708000509,"17080004","WWC","RaDFHEwt_fwn_WWC","RaDFHEwt","RaDFHEwt_fwn",32,"fwn","RaDFHEwt","RaDFHEwt_fwn","Douglas-fir Hemlock-Wet Mesic",5
"7_53_15_55511",13,83,484,2299,758,1708000509,"17080004","WWC","RaDFHEwt_fwn_WWC","RaDFHEwt","RaDFHEwt_fwn",32,"fwn","RaDFHEwt","RaDFHEwt_fwn","Douglas-fir Hemlock-Wet Mesic",5
"7_53_15_61224",9,81,468,1966,1879,1708000304,"17080003B","WCR","RaDFHEdy_fwi_17080003A","RaDFHEdy","RaDFHEdy_fwi",31,"fwi","RaDFHEdy","RaDFHEdy_fwi","Douglas-fir Hemlock-Dry Mesic",3
"0_41_9_84692",3,80,466,2315,1177,1708000302,"17080003C","OCR","RaDFHEwt_fwn_OCR","RaDFHEwt","RaDFHEwt_fwn",32,"fwn","RaDFHEwt","RaDFHEwt_fwn","Douglas-fir Hemlock-Wet Mesic",5
"0_41_9_60694",3,80,467,1975,1281,1708000303,"17080003C","OCR","RaDFHEdy_fwi_17080003B","RaDFHEdy","RaDFHEdy_fwi",31,"fwi","RaDFHEdy","RaDFHEdy_fwi","Douglas-fir Hemlock-Dry Mesic",3
"0_41_9_80961",3,98,561,2315,898,1709001204,"17090011","OCR","RaDFHEwt_fwn_OCR","RaDFHEwt","RaDFHEwt_fwn",32,"fwn","RaDFHEwt","RaDFHEwt_fwn","Douglas-fir Hemlock-Wet Mesic",5
"0_41_9_64830",3,98,561,1996,2344,1709001204,"17090011","OCR","RaDFHEdy_fwi_17090012B","RaDFHEdy","RaDFHEdy_fwi",31,"fwi","RaDFHEdy","RaDFHEdy_fwi","Douglas-fir Hemlock-Dry Mesic",3
"0_41_67_66152",3,96,549,2006,814,1709001003,"17090009","OCR","RaDFHEdy_fwi_17090010","RaDFHEdy","RaDFHEdy_fwi",31,"fwi","RaDFHEdy","RaDFHEdy_fwi","Douglas-fir Hemlock-Dry Mesic",3
"0_41_67_86971",3,96,550,421,804,1709001004,"17090009","OCR","RaDFWV_fwx_1709001004","RaDFWV","RaDFWV_fwx",37,"fwx","RaDFWV","RaDFWV_fwx","Douglas-fir Willamatte Valley Foothills",1
"0_41_71_98065",3,93,532,489,386,1709000703,"17090006","OCR","RaDFWV_fwx_1709000703","RaDFWV","RaDFWV_fwx",37,"fwx","RaDFWV","RaDFWV_fwx","Douglas-fir Willamatte Valley Foothills",1
"1_41_43_85669",3,88,506,744,777,1709000304,"17090002","OCR","RaDFWV_fwx_1709000304","RaDFWV","RaDFWV_fwx",37,"fwx","RaDFWV","RaDFWV_fwx","Douglas-fir Willamatte Valley Foothills",1
"1_41_43_89341",7,89,505,794,1046,1709000303,"17090003A","OWC","RaDFWV_fwx_1709000303","RaDFWV","RaDFWV_fwx",37,"fwx","RaDFWV","RaDFWV_fwx","Douglas-fir Willamatte Valley Foothills",1
"1_41_43_91041",7,89,505,794,1551,1709000303,"17090003A","OWC","RaDFWV_fwx_1709000303","RaDFWV","RaDFWV_fwx",37,"fwx","RaDFWV","RaDFWV_fwx","Douglas-fir Willamatte Valley Foothills",1
"1_41_43_87945",7,89,505,794,1816,1709000303,"17090003A","OWC","RaDFWV_fwx_1709000303","RaDFWV","RaDFWV_fwx",37,"fwx","RaDFWV","RaDFWV_fwx","Douglas-fir Willamatte Valley Foothills",1
"1_41_43_74796",7,90,514,2110,1295,1709000406,"17090003B","OWC","RaDFHEdy_fwi_17090004","RaDFHEdy","RaDFHEdy_fwi",31,"fwi","RaDFHEdy","RaDFHEdy_fwi","Douglas-fir Hemlock-Dry Mesic",3
"1_41_39_77910",7,87,502,970,2037,1709000204,"17090001","OWC","RaDFWV_fwx_1709000204","RaDFWV","RaDFWV_fwx",37,"fwx","RaDFWV","RaDFWV_fwx","Douglas-fir Willamatte Valley Foothills",1
"1_41_39_84056",7,87,500,2146,1452,1709000202,"17090001","OWC","RaDFHEdy_fwi_17090002","RaDFHEdy","RaDFHEdy_fwi",31,"fwi","RaDFHEdy","RaDFHEdy_fwi","Douglas-fir Hemlock-Dry Mesic",3
"1_41_39_81056",7,87,499,2146,1739,1709000201,"17090001","OWC","RaDFHEdy_fwi_17090002","RaDFHEdy","RaDFHEdy_fwi",31,"fwi","RaDFHEdy","RaDFHEdy_fwi","Douglas-fir Hemlock-Dry Mesic",3
"1_41_39_77959",7,87,499,2146,2156,1709000201,"17090001","OWC","RaDFHEdy_fwi_17090002","RaDFHEdy","RaDFHEdy_fwi",31,"fwi","RaDFHEdy","RaDFHEdy_fwi","Douglas-fir Hemlock-Dry Mesic",3
"1_41_39_83073",7,87,499,2146,2709,1709000201,"17090001","OWC","RaDFHEdy_fwi_17090002","RaDFHEdy","RaDFHEdy_fwi",31,"fwi","RaDFHEdy","RaDFHEdy_fwi","Douglas-fir Hemlock-Dry Mesic",3
"2_41_19_79253",7,87,499,2161,1410,1709000201,"17090001","OWC","RaABAMlw_fsi_17090002","RaABAMlw","RaABAMlw_fsi",14,"fsi","RaABAMlw","RaABAMlw_fsi","Pacific Silver Fir - Low Elevation",3
"2_41_19_97522",6,113,642,1104,1617,1710030109,"17100207","OSW","RaMCONsw_fiw_1710030109","RaMCONsw","RaMCONsw_fiw",20,"fiw","RaMCONsw","RaMCONsw_fiw","Mixed Conifer - Southwest Oregon",1
"2_41_19_93940",6,113,642,1104,1661,1710030109,"17100207","OSW","RaMCONsw_fiw_1710030109","RaMCONsw","RaMCONsw_fiw",20,"fiw","RaMCONsw","RaMCONsw_fiw","Mixed Conifer - Southwest Oregon",1
"2_41_19_72651",6,113,642,2347,1631,1710030109,"17100207","OSW","RaDFHEwt_fwm_OSW","RaDFHEwt","RaDFHEwt_fwm",33,"fwm","RaDFHEwt","RaDFHEwt_fwm","Douglas-fir Hemlock-Wet Mesic",5
"2_41_19_67938",6,113,642,2186,2125,1710030109,"17100207","OSW","R1RFWF_fcw_17100301","R1RFWF","R1RFWF_fcw",18,"fcw","R1RFWF","R1RFWF_fcw","Red Fir / White Fir",3
"2_41_19_85686",6,113,641,2186,1215,1710030108,"17100207","OSW","R1RFWF_fcw_17100301","R1RFWF","R1RFWF_fcw",18,"fcw","R1RFWF","R1RFWF_fcw","Red Fir / White Fir",3
"2_41_19_72284",6,113,641,2186,1771,1710030108,"17100207","OSW","R1RFWF_fcw_17100301","R1RFWF","R1RFWF_fcw",18,"fcw","R1RFWF","R1RFWF_fcw","Red Fir / White Fir",3
"2_41_19_70718",6,113,641,2180,1003,1710030108,"17100207","OSW","RaDFHEdy_fwi_17100301","RaDFHEdy","RaDFHEdy_fwi",31,"fwi","RaDFHEdy","RaDFHEdy_fwi","Douglas-fir Hemlock-Dry Mesic",3
"2_41_19_75707",6,113,643,2180,585,1710030110,"17100207","OSW","RaDFHEdy_fwi_17100301","RaDFHEdy","RaDFHEdy_fwi",31,"fwi","RaDFHEdy","RaDFHEdy_fwi","Douglas-fir Hemlock-Dry Mesic",3
"2_41_19_57419",6,113,643,2347,791,1710030110,"17100207","OSW","RaDFHEwt_fwm_OSW","RaDFHEwt","RaDFHEwt_fwm",33,"fwm","RaDFHEwt","RaDFHEwt_fwm","Douglas-fir Hemlock-Wet Mesic",5
"2_41_19_86732",6,113,643,2186,976,1710030110,"17100207","OSW","R1RFWF_fcw_17100301","R1RFWF","R1RFWF_fcw",18,"fcw","R1RFWF","R1RFWF_fcw","Red Fir / White Fir",3
"2_41_19_91616",6,113,643,2186,1739,1710030110,"17100207","OSW","R1RFWF_fcw_17100301","R1RFWF","R1RFWF_fcw",18,"fcw","R1RFWF","R1RFWF_fcw","Red Fir / White Fir",3
"2_41_19_99785",6,113,643,1158,1161,1710030110,"17100207","OSW","RaMCONsw_fiw_1710030110","RaMCONsw","RaMCONsw_fiw",20,"fiw","RaMCONsw","RaMCONsw_fiw","Mixed Conifer - Southwest Oregon",1
"2_41_19_95445",6,114,647,2202,806,1710030203,"17100301","OSW","RaDFHEdy_fwi_17100302","RaDFHEdy","RaDFHEdy_fwi",31,"fwi","RaDFHEdy","RaDFHEdy_fwi","Douglas-fir Hemlock-Dry Mesic",3
"2_41_19_56838",6,114,647,2202,736,1710030203,"17100301","OSW","RaDFHEdy_fwi_17100302","RaDFHEdy","RaDFHEdy_fwi",31,"fwi","RaDFHEdy","RaDFHEdy_fwi","Douglas-fir Hemlock-Dry Mesic",3
"2_41_19_79102",6,114,647,2203,1019,1710030203,"17100301","OSW","RaREFI_fcw_17100302","RaREFI","RaREFI_fcw",19,"fcw","RaREFI","RaREFI_fcw","Red Fir",3
"2_41_19_81883",6,114,647,2203,1431,1710030203,"17100301","OSW","RaREFI_fcw_17100302","RaREFI","RaREFI_fcw",19,"fcw","RaREFI","RaREFI_fcw","Red Fir",3
"2_41_19_54492",6,114,647,1200,1507,1710030203,"17100301","OSW","RaMCONsw_fiw_1710030203","RaMCONsw","RaMCONsw_fiw",20,"fiw","RaMCONsw","RaMCONsw_fiw","Mixed Conifer - Southwest Oregon",1
"2_41_19_52783",6,114,647,1205,1673,1710030203,"17100301","OSW","RaMCONsw_fvw_1710030203","RaMCONsw","RaMCONsw_fvw",21,"fvw","RaMCONsw","RaMCONsw_fvw","Mixed Conifer - Southwest Oregon",1
"2_41_19_57900",6,114,646,1250,1664,1710030202,"17100301","OSW","Na0710270_fdd_1710030202","Na0710270","Na0710270_fdd",43,"fdd","Na0710270","Na0710270_fdd","Mediterranean California Dry-Mesic Mixed Conifer Forest and Woodland",1
"2_41_19_87928",6,114,646,1254,2174,1710030202,"17100301","OSW","RaMCONsw_fvw_1710030202","RaMCONsw","RaMCONsw_fvw",21,"fvw","RaMCONsw","RaMCONsw_fvw","Mixed Conifer - Southwest Oregon",1
"2_41_19_64896",6,114,646,1254,2240,1710030202,"17100301","OSW","RaMCONsw_fvw_1710030202","RaMCONsw","RaMCONsw_fvw",21,"fvw","RaMCONsw","RaMCONsw_fvw","Mixed Conifer - Southwest Oregon",1
"2_41_19_88123",6,114,648,1284,1250,1710030204,"17100301","OSW","Na0710270_fdd_1710030204","Na0710270","Na0710270_fdd",43,"fdd","Na0710270","Na0710270_fdd","Mediterranean California Dry-Mesic Mixed Conifer Forest and Woodland",1
"2_41_19_79361",6,114,646,1248,566,1710030202,"17100301","OSW","RaMCONsw_fiw_1710030202","RaMCONsw","RaMCONsw_fiw",20,"fiw","RaMCONsw","RaMCONsw_fiw","Mixed Conifer - Southwest Oregon",1
"2_41_19_97384",6,114,648,1286,1115,1710030204,"17100301","OSW","RaMCONsw_fiw_1710030204","RaMCONsw","RaMCONsw_fiw",20,"fiw","RaMCONsw","RaMCONsw_fiw","Mixed Conifer - Southwest Oregon",1
"2_41_29_63214",6,120,684,1360,1547,1710030706,"17100306","OSW","RaMCONsw_fiw_1710030706","RaMCONsw","RaMCONsw_fiw",20,"fiw","RaMCONsw","RaMCONsw_fiw","Mixed Conifer - Southwest Oregon",1
"2_41_29_65110",6,120,684,1361,1237,1710030706,"17100306","OSW","Na0710270_fdd_1710030706","Na0710270","Na0710270_fdd",43,"fdd","Na0710270","Na0710270_fdd","Mediterranean California Dry-Mesic Mixed Conifer Forest and Woodland",1
"2_41_29_75147",6,120,684,1361,2425,1710030706,"17100306","OSW","Na0710270_fdd_1710030706","Na0710270","Na0710270_fdd",43,"fdd","Na0710270","Na0710270_fdd","Mediterranean California Dry-Mesic Mixed Conifer Forest and Woodland",1
"2_41_29_77264",6,120,685,1434,2599,1710030707,"17100306","OSW","Na0710270_fdd_1710030707","Na0710270","Na0710270_fdd",43,"fdd","Na0710270","Na0710270_fdd","Mediterranean California Dry-Mesic Mixed Conifer Forest and Woodland",1
"2_41_29_83173",6,120,685,1440,1161,1710030707,"17100306","OSW","Na0210290_fwo_1710030707","Na0210290","Na0210290_fwo",57,"fwo","Na0210290","Na0210290_fwo","Mediterranean California Mixed Oak Woodland",1
"2_41_29_60858",6,120,685,1440,385,1710030707,"17100306","OSW","Na0210290_fwo_1710030707","Na0210290","Na0210290_fwo",57,"fwo","Na0210290","Na0210290_fwo","Mediterranean California Mixed Oak Woodland",1
"2_41_29_87066",6,121,687,1620,1626,1710030801,"17100307","OSW","RaMCONsw_fiw_1710030801","RaMCONsw","RaMCONsw_fiw",20,"fiw","RaMCONsw","RaMCONsw_fiw","Mixed Conifer - Southwest Oregon",1
"2_41_29_71627",6,122,693,1664,1688,1710030903,"17100308","OSW","RaMCONsw_fiw_1710030903","RaMCONsw","RaMCONsw_fiw",20,"fiw","RaMCONsw","RaMCONsw_fiw","Mixed Conifer - Southwest Oregon",1
"2_41_29_78063",6,122,693,1661,2241,1710030903,"17100308","OSW","Na0710270_fdd_1710030903","Na0710270","Na0710270_fdd",43,"fdd","Na0710270","Na0710270_fdd","Mediterranean California Dry-Mesic Mixed Conifer Forest and Woodland",1
"2_41_29_58799",6,122,693,1664,1807,1710030903,"17100308","OSW","RaMCONsw_fiw_1710030903","RaMCONsw","RaMCONsw_fiw",20,"fiw","RaMCONsw","RaMCONsw_fiw","Mixed Conifer - Southwest Oregon",1
"2_41_29_99789",6,122,693,2259,717,1710030903,"17100308","OSW","RaREFI_fcw_17100309","RaREFI","RaREFI_fcw",19,"fcw","RaREFI","RaREFI_fcw","Red Fir",3
"6_53_9_97944",9,145,805,1836,961,1711002003,"17110019","WCR","RaDFHEdy_fwi_17110020","RaDFHEdy","RaDFHEdy_fwi",31,"fwi","RaDFHEdy","RaDFHEdy_fwi","Douglas-fir Hemlock-Dry Mesic",3
"6_53_9_94917",9,145,805,1836,1289,1711002003,"17110019","WCR","RaDFHEdy_fwi_17110020","RaDFHEdy","RaDFHEdy_fwi",31,"fwi","RaDFHEdy","RaDFHEdy_fwi","Douglas-fir Hemlock-Dry Mesic",3
"6_53_9_68505",9,145,805,1837,871,1711002003,"17110019","WCR","RaDFHEdy_fdg_17110020","RaDFHEdy","RaDFHEdy_fdg",24,"fdg","RaDFHEdy","RaDFHEdy_fdg","Douglas-fir Hemlock-Dry Mesic",3
"6_53_9_72870",9,145,805,1837,743,1711002003,"17110019","WCR","RaDFHEdy_fdg_17110020","RaDFHEdy","RaDFHEdy_fdg",24,"fdg","RaDFHEdy","RaDFHEdy_fdg","Douglas-fir Hemlock-Dry Mesic",3
"6_53_9_82273",9,145,805,1837,866,1711002003,"17110019","WCR","RaDFHEdy_fdg_17110020","RaDFHEdy","RaDFHEdy_fdg",24,"fdg","RaDFHEdy","RaDFHEdy_fdg","Douglas-fir Hemlock-Dry Mesic",3
"6_53_31_59900",9,143,793,2302,596,1711001806,"17110017","WCR","RaABLA_faf_WCR","RaABLA","RaABLA_faf",8,"faf","RaABLA","RaABLA_faf","Subalpine Fir",4
"6_53_31_63741",9,143,792,1869,1007,1711001805,"17110017","WCR","RaDFHEdy_fwi_17110018","RaDFHEdy","RaDFHEdy_fwi",31,"fwi","RaDFHEdy","RaDFHEdy_fwi","Douglas-fir Hemlock-Dry Mesic",3
"6_53_31_84413",9,143,789,1869,1561,1711001802,"17110017","WCR","RaDFHEdy_fwi_17110018","RaDFHEdy","RaDFHEdy_fwi",31,"fwi","RaDFHEdy","RaDFHEdy_fwi","Douglas-fir Hemlock-Dry Mesic",3
"6_53_45_55263",9,143,789,1869,1960,1711001802,"17110017","WCR","RaDFHEdy_fwi_17110018","RaDFHEdy","RaDFHEdy_fwi",31,"fwi","RaDFHEdy","RaDFHEdy_fwi","Douglas-fir Hemlock-Dry Mesic",3
"6_53_45_95259",9,143,788,1869,1334,1711001801,"17110017","WCR","RaDFHEdy_fwi_17110018","RaDFHEdy","RaDFHEdy_fwi",31,"fwi","RaDFHEdy","RaDFHEdy_fwi","Douglas-fir Hemlock-Dry Mesic",3
"6_53_45_65935",13,144,800,1813,874,1711001906,"17110018","WWC","RaDFHEdy_fwi_17110019","RaDFHEdy","RaDFHEdy_fwi",31,"fwi","RaDFHEdy","RaDFHEdy_fwi","Douglas-fir Hemlock-Dry Mesic",3
"6_53_45_97270",13,144,800,1812,1102,1711001906,"17110018","WWC","RaDFHEdy_fdg_17110019","RaDFHEdy","RaDFHEdy_fdg",24,"fdg","RaDFHEdy","RaDFHEdy_fdg","Douglas-fir Hemlock-Dry Mesic",3
"6_53_45_99331",13,144,800,1812,1505,1711001906,"17110018","WWC","RaDFHEdy_fdg_17110019","RaDFHEdy","RaDFHEdy_fdg",24,"fdg","RaDFHEdy","RaDFHEdy_fdg","Douglas-fir Hemlock-Dry Mesic",3
"6_53_45_58221",13,144,800,1812,1088,1711001906,"17110018","WWC","RaDFHEdy_fdg_17110019","RaDFHEdy","RaDFHEdy_fdg",24,"fdg","RaDFHEdy","RaDFHEdy_fdg","Douglas-fir Hemlock-Dry Mesic",3
"6_53_45_55270",13,144,800,1813,669,1711001906,"17110018","WWC","RaDFHEdy_fwi_17110019","RaDFHEdy","RaDFHEdy_fwi",31,"fwi","RaDFHEdy","RaDFHEdy_fwi","Douglas-fir Hemlock-Dry Mesic",3
"6_53_67_54700",13,144,800,2299,1288,1711001906,"17110018","WWC","RaDFHEwt_fwn_WWC","RaDFHEwt","RaDFHEwt_fwn",32,"fwn","RaDFHEwt","RaDFHEwt_fwn","Douglas-fir Hemlock-Wet Mesic",5
"6_53_67_78966",13,144,799,1813,499,1711001905,"17110018","WWC","RaDFHEdy_fwi_17110019","RaDFHEdy","RaDFHEdy_fwi",31,"fwi","RaDFHEdy","RaDFHEdy_fwi","Douglas-fir Hemlock-Dry Mesic",3
"6_53_67_86108",9,102,580,1932,1427,1710010305,"17100102","WCR","RaDFHEdy_fwi_17100103","RaDFHEdy","RaDFHEdy_fwi",31,"fwi","RaDFHEdy","RaDFHEdy_fwi","Douglas-fir Hemlock-Dry Mesic",3
"6_53_67_53450",9,102,580,2296,1674,1710010305,"17100102","WCR","RaDFHEwt_fwn_WCR","RaDFHEwt","RaDFHEwt_fwn",32,"fwn","RaDFHEwt","RaDFHEwt_fwn","Douglas-fir Hemlock-Wet Mesic",5
"6_53_67_78546",9,102,580,1932,1467,1710010305,"17100102","WCR","RaDFHEdy_fwi_17100103","RaDFHEdy","RaDFHEdy_fwi",31,"fwi","RaDFHEdy","RaDFHEdy_fwi","Douglas-fir Hemlock-Dry Mesic",3
"7_53_41_69221",9,102,576,1932,668,1710010301,"17100102","WCR","RaDFHEdy_fwi_17100103","RaDFHEdy","RaDFHEdy_fwi",31,"fwi","RaDFHEdy","RaDFHEdy_fwi","Douglas-fir Hemlock-Dry Mesic",3
"7_53_41_92834",13,83,484,1952,1735,1708000509,"17080004","WWC","RaDFHEdy_fwi_17080005","RaDFHEdy","RaDFHEdy_fwi",31,"fwi","RaDFHEdy","RaDFHEdy_fwi","Douglas-fir Hemlock-Dry Mesic",3
"7_53_41_73818",13,83,484,1952,960,1708000509,"17080004","WWC","RaDFHEdy_fwi_17080005","RaDFHEdy","RaDFHEdy_fwi",31,"fwi","RaDFHEdy","RaDFHEdy_fwi","Douglas-fir Hemlock-Dry Mesic",3
"7_53_41_60724",13,83,484,1952,1197,1708000509,"17080004","WWC","RaDFHEdy_fwi_17080005","RaDFHEdy","RaDFHEdy_fwi",31,"fwi","RaDFHEdy","RaDFHEdy_fwi","Douglas-fir Hemlock-Dry Mesic",3
"7_53_15_65392",13,83,484,1952,1849,1708000509,"17080004","WWC","RaDFHEdy_fwi_17080005","RaDFHEdy","RaDFHEdy_fwi",31,"fwi","RaDFHEdy","RaDFHEdy_fwi","Douglas-fir Hemlock-Dry Mesic",3
"7_53_15_83832",9,81,468,1966,1294,1708000304,"17080003B","WCR","RaDFHEdy_fwi_17080003A","RaDFHEdy","RaDFHEdy_fwi",31,"fwi","RaDFHEdy","RaDFHEdy_fwi","Douglas-fir Hemlock-Dry Mesic",3
"7_53_15_79657",9,81,468,1966,907,1708000304,"17080003B","WCR","RaDFHEdy_fwi_17080003A","RaDFHEdy","RaDFHEdy_fwi",31,"fwi","RaDFHEdy","RaDFHEdy_fwi","Douglas-fir Hemlock-Dry Mesic",3
"0_41_9_98048",3,80,466,1975,1162,1708000302,"17080003C","OCR","RaDFHEdy_fwi_17080003B","RaDFHEdy","RaDFHEdy_fwi",31,"fwi","RaDFHEdy","RaDFHEdy_fwi","Douglas-fir Hemlock-Dry Mesic",3
"0_41_9_88121",3,80,466,1975,934,1708000302,"17080003C","OCR","RaDFHEdy_fwi_17080003B","RaDFHEdy","RaDFHEdy_fwi",31,"fwi","RaDFHEdy","RaDFHEdy_fwi","Douglas-fir Hemlock-Dry Mesic",3
"0_41_9_85730",3,98,561,1996,1016,1709001204,"17090011","OCR","RaDFHEdy_fwi_17090012B","RaDFHEdy","RaDFHEdy_fwi",31,"fwi","RaDFHEdy","RaDFHEdy_fwi","Douglas-fir Hemlock-Dry Mesic",3
"0_41_9_51926",3,98,561,1996,1346,1709001204,"17090011","OCR","RaDFHEdy_fwi_17090012B","RaDFHEdy","RaDFHEdy_fwi",31,"fwi","RaDFHEdy","RaDFHEdy_fwi","Douglas-fir Hemlock-Dry Mesic",3
"0_41_9_72345",3,98,561,1996,1936,1709001204,"17090011","OCR","RaDFHEdy_fwi_17090012B","RaDFHEdy","RaDFHEdy_fwi",31,"fwi","RaDFHEdy","RaDFHEdy_fwi","Douglas-fir Hemlock-Dry Mesic",3
"0_41_9_78515",3,98,561,2315,1791,1709001204,"17090011","OCR","RaDFHEwt_fwn_OCR","RaDFHEwt","RaDFHEwt_fwn",32,"fwn","RaDFHEwt","RaDFHEwt_fwn","Douglas-fir Hemlock-Wet Mesic",5
"0_41_67_73399",3,96,549,2006,1947,1709001003,"17090009","OCR","RaDFHEdy_fwi_17090010","RaDFHEdy","RaDFHEdy_fwi",31,"fwi","RaDFHEdy","RaDFHEdy_fwi","Douglas-fir Hemlock-Dry Mesic",3
"0_41_67_75551",3,96,549,386,1548,1709001003,"17090009","OCR","RaDFWV_fwx_1709001003","RaDFWV","RaDFWV_fwx",37,"fwx","RaDFWV","RaDFWV_fwx","Douglas-fir Willamatte Valley Foothills",1
"0_41_67_53887",3,96,550,421,526,1709001004,"17090009","OCR","RaDFWV_fwx_1709001004","RaDFWV","RaDFWV_fwx",37,"fwx","RaDFWV","RaDFWV_fwx","Douglas-fir Willamatte Valley Foothills",1
"5_53_55_86367",11,128,729,1797,930,1711000305,"17110002","WNC","RaDFHEdy_fdg_17110003","RaDFHEdy","RaDFHEdy_fdg",24,"fdg","RaDFHEdy","RaDFHEdy_fdg","Douglas-fir Hemlock-Dry Mesic",3
"0_41_47_53228",7,95,541,587,34,1709000901,"17090008","OWC","RaDFWV_fwx_1709000901","RaDFWV","RaDFWV_fwx",37,"fwx","RaDFWV","RaDFWV_fwx","Douglas-fir Willamatte Valley Foothills",1
"5_53_55_90748",11,128,729,1796,819,1711000305,"17110002","WNC","RaDFHEdy_fwi_17110003","RaDFHEdy","RaDFHEdy_fwi",31,"fwi","RaDFHEdy","RaDFHEdy_fwi","Douglas-fir Hemlock-Dry Mesic",3
"1_41_43_98966",3,88,506,744,1629,1709000304,"17090002","OCR","RaDFWV_fwx_1709000304","RaDFWV","RaDFWV_fwx",37,"fwx","RaDFWV","RaDFWV_fwx","Douglas-fir Willamatte Valley Foothills",1
"1_41_43_91301",7,89,505,794,2472,1709000303,"17090003A","OWC","RaDFWV_fwx_1709000303","RaDFWV","RaDFWV_fwx",37,"fwx","RaDFWV","RaDFWV_fwx","Douglas-fir Willamatte Valley Foothills",1
"1_41_43_60536",7,90,514,880,1956,1709000406,"17090003B","OWC","RaDFWV_fwx_1709000406","RaDFWV","RaDFWV_fwx",37,"fwx","RaDFWV","RaDFWV_fwx","Douglas-fir Willamatte Valley Foothills",1
"1_41_39_87603",7,90,514,2110,1577,1709000406,"17090003B","OWC","RaDFHEdy_fwi_17090004","RaDFHEdy","RaDFHEdy_fwi",31,"fwi","RaDFHEdy","RaDFHEdy_fwi","Douglas-fir Hemlock-Dry Mesic",3
"1_41_39_66568",7,90,514,2110,1030,1709000406,"17090003B","OWC","RaDFHEdy_fwi_17090004","RaDFHEdy","RaDFHEdy_fwi",31,"fwi","RaDFHEdy","RaDFHEdy_fwi","Douglas-fir Hemlock-Dry Mesic",3
"1_41_39_86456",7,90,514,2110,1005,1709000406,"17090003B","OWC","RaDFHEdy_fwi_17090004","RaDFHEdy","RaDFHEdy_fwi",31,"fwi","RaDFHEdy","RaDFHEdy_fwi","Douglas-fir Hemlock-Dry Mesic",3
"1_41_39_52580",7,86,498,960,1394,1709000110,"17080006A","OWC","RaDFWV_fwx_1709000110","RaDFWV","RaDFWV_fwx",37,"fwx","RaDFWV","RaDFWV_fwx","Douglas-fir Willamatte Valley Foothills",1
"1_41_39_84828",7,86,498,960,875,1709000110,"17080006A","OWC","RaDFWV_fwx_1709000110","RaDFWV","RaDFWV_fwx",37,"fwx","RaDFWV","RaDFWV_fwx","Douglas-fir Willamatte Valley Foothills",1
"1_41_39_69192",7,86,498,960,740,1709000110,"17080006A","OWC","RaDFWV_fwx_1709000110","RaDFWV","RaDFWV_fwx",37,"fwx","RaDFWV","RaDFWV_fwx","Douglas-fir Willamatte Valley Foothills",1
"1_41_39_56815",7,86,495,2139,1446,1709000107,"17080006A","OWC","RaDFHEdy_fwi_17090001","RaDFHEdy","RaDFHEdy_fwi",31,"fwi","RaDFHEdy","RaDFHEdy_fwi","Douglas-fir Hemlock-Dry Mesic",3
"1_41_39_62356",7,87,500,2146,1301,1709000202,"17090001","OWC","RaDFHEdy_fwi_17090002","RaDFHEdy","RaDFHEdy_fwi",31,"fwi","RaDFHEdy","RaDFHEdy_fwi","Douglas-fir Hemlock-Dry Mesic",3
"1_41_39_92149",7,87,500,2146,1223,1709000202,"17090001","OWC","RaDFHEdy_fwi_17090002","RaDFHEdy","RaDFHEdy_fwi",31,"fwi","RaDFHEdy","RaDFHEdy_fwi","Douglas-fir Hemlock-Dry Mesic",3
"1_41_39_50904",7,87,500,2146,973,1709000202,"17090001","OWC","RaDFHEdy_fwi_17090002","RaDFHEdy","RaDFHEdy_fwi",31,"fwi","RaDFHEdy","RaDFHEdy_fwi","Douglas-fir Hemlock-Dry Mesic",3
"1_41_39_74163",7,87,499,2146,2500,1709000201,"17090001","OWC","RaDFHEdy_fwi_17090002","RaDFHEdy","RaDFHEdy_fwi",31,"fwi","RaDFHEdy","RaDFHEdy_fwi","Douglas-fir Hemlock-Dry Mesic",3
"1_41_39_73449",7,87,499,2146,887,1709000201,"17090001","OWC","RaDFHEdy_fwi_17090002","RaDFHEdy","RaDFHEdy_fwi",31,"fwi","RaDFHEdy","RaDFHEdy_fwi","Douglas-fir Hemlock-Dry Mesic",3
"1_41_39_62377",7,87,499,2146,2003,1709000201,"17090001","OWC","RaDFHEdy_fwi_17090002","RaDFHEdy","RaDFHEdy_fwi",31,"fwi","RaDFHEdy","RaDFHEdy_fwi","Douglas-fir Hemlock-Dry Mesic",3
"2_41_19_83788",6,113,642,1104,997,1710030109,"17100207","OSW","RaMCONsw_fiw_1710030109","RaMCONsw","RaMCONsw_fiw",20,"fiw","RaMCONsw","RaMCONsw_fiw","Mixed Conifer - Southwest Oregon",1
"2_41_19_90881",6,113,642,2347,747,1710030109,"17100207","OSW","RaDFHEwt_fwm_OSW","RaDFHEwt","RaDFHEwt_fwm",33,"fwm","RaDFHEwt","RaDFHEwt_fwm","Douglas-fir Hemlock-Wet Mesic",5
"2_41_19_77847",6,113,641,2347,1143,1710030108,"17100207","OSW","RaDFHEwt_fwm_OSW","RaDFHEwt","RaDFHEwt_fwm",33,"fwm","RaDFHEwt","RaDFHEwt_fwm","Douglas-fir Hemlock-Wet Mesic",5
"2_41_19_51715",6,113,641,2180,976,1710030108,"17100207","OSW","RaDFHEdy_fwi_17100301","RaDFHEdy","RaDFHEdy_fwi",31,"fwi","RaDFHEdy","RaDFHEdy_fwi","Douglas-fir Hemlock-Dry Mesic",3
"2_41_19_83111",6,113,641,2180,627,1710030108,"17100207","OSW","RaDFHEdy_fwi_17100301","RaDFHEdy","RaDFHEdy_fwi",31,"fwi","RaDFHEdy","RaDFHEdy_fwi","Douglas-fir Hemlock-Dry Mesic",3
"2_41_19_59335",6,113,641,2186,894,1710030108,"17100207","OSW","R1RFWF_fcw_17100301","R1RFWF","R1RFWF_fcw",18,"fcw","R1RFWF","R1RFWF_fcw","Red Fir / White Fir",3
"2_41_19_82449",6,113,643,2180,868,1710030110,"17100207","OSW","RaDFHEdy_fwi_17100301","RaDFHEdy","RaDFHEdy_fwi",31,"fwi","RaDFHEdy","RaDFHEdy_fwi","Douglas-fir Hemlock-Dry Mesic",3
"2_41_19_55289",6,113,643,1158,1558,1710030110,"17100207","OSW","RaMCONsw_fiw_1710030110","RaMCONsw","RaMCONsw_fiw",20,"fiw","RaMCONsw","RaMCONsw_fiw","Mixed Conifer - Southwest Oregon",1
"2_41_19_62592",6,113,643,2186,2431,1710030110,"17100207","OSW","R1RFWF_fcw_17100301","R1RFWF","R1RFWF_fcw",18,"fcw","R1RFWF","R1RFWF_fcw","Red Fir / White Fir",3
"2_41_19_79733",6,114,647,1206,731,1710030203,"17100301","OSW","RaMCONsw_fdm_1710030203","RaMCONsw","RaMCONsw_fdm",41,"fdm","RaMCONsw","RaMCONsw_fdm","Mixed Conifer - Southwest Oregon",1
"2_41_19_53528",6,113,643,1158,759,1710030110,"17100207","OSW","RaMCONsw_fiw_1710030110","RaMCONsw","RaMCONsw_fiw",20,"fiw","RaMCONsw","RaMCONsw_fiw","Mixed Conifer - Southwest Oregon",1
"2_41_19_69412",6,114,647,1202,690,1710030203,"17100301","OSW","Na0710270_fdd_1710030203","Na0710270","Na0710270_fdd",43,"fdd","Na0710270","Na0710270_fdd","Mediterranean California Dry-Mesic Mixed Conifer Forest and Woodland",1
"2_41_19_86317",6,114,647,1205,1033,1710030203,"17100301","OSW","RaMCONsw_fvw_1710030203","RaMCONsw","RaMCONsw_fvw",21,"fvw","RaMCONsw","RaMCONsw_fvw","Mixed Conifer - Southwest Oregon",1
"2_41_19_64940",6,114,647,1205,1621,1710030203,"17100301","OSW","RaMCONsw_fvw_1710030203","RaMCONsw","RaMCONsw_fvw",21,"fvw","RaMCONsw","RaMCONsw_fvw","Mixed Conifer - Southwest Oregon",1
"2_41_19_95998",6,114,647,1205,1441,1710030203,"17100301","OSW","RaMCONsw_fvw_1710030203","RaMCONsw","RaMCONsw_fvw",21,"fvw","RaMCONsw","RaMCONsw_fvw","Mixed Conifer - Southwest Oregon",1
"2_41_19_80144",6,114,647,1202,1490,1710030203,"17100301","OSW","Na0710270_fdd_1710030203","Na0710270","Na0710270_fdd",43,"fdd","Na0710270","Na0710270_fdd","Mediterranean California Dry-Mesic Mixed Conifer Forest and Woodland",1
"2_41_19_54180",6,114,646,1248,1425,1710030202,"17100301","OSW","RaMCONsw_fiw_1710030202","RaMCONsw","RaMCONsw_fiw",20,"fiw","RaMCONsw","RaMCONsw_fiw","Mixed Conifer - Southwest Oregon",1
"2_41_19_70788",6,114,646,1254,1329,1710030202,"17100301","OSW","RaMCONsw_fvw_1710030202","RaMCONsw","RaMCONsw_fvw",21,"fvw","RaMCONsw","RaMCONsw_fvw","Mixed Conifer - Southwest Oregon",1
"2_41_19_98011",6,114,646,1248,1029,1710030202,"17100301","OSW","RaMCONsw_fiw_1710030202","RaMCONsw","RaMCONsw_fiw",20,"fiw","RaMCONsw","RaMCONsw_fiw","Mixed Conifer - Southwest Oregon",1
"2_41_19_86125",6,114,648,1286,1435,1710030204,"17100301","OSW","RaMCONsw_fiw_1710030204","RaMCONsw","RaMCONsw_fiw",20,"fiw","RaMCONsw","RaMCONsw_fiw","Mixed Conifer - Southwest Oregon",1
"2_41_29_62013",6,120,684,1361,961,1710030706,"17100306","OSW","Na0710270_fdd_1710030706","Na0710270","Na0710270_fdd",43,"fdd","Na0710270","Na0710270_fdd","Mediterranean California Dry-Mesic Mixed Conifer Forest and Woodland",1
"2_41_29_66709",6,120,685,1434,1879,1710030707,"17100306","OSW","Na0710270_fdd_1710030707","Na0710270","Na0710270_fdd",43,"fdd","Na0710270","Na0710270_fdd","Mediterranean California Dry-Mesic Mixed Conifer Forest and Woodland",1
"2_41_29_82988",6,120,685,1434,1489,1710030707,"17100306","OSW","Na0710270_fdd_1710030707","Na0710270","Na0710270_fdd",43,"fdd","Na0710270","Na0710270_fdd","Mediterranean California Dry-Mesic Mixed Conifer Forest and Woodland",1
"2_41_29_82623",6,121,687,1585,1472,1710030801,"17100307","OSW","Na0210290_fwo_1710030801","Na0210290","Na0210290_fwo",57,"fwo","Na0210290","Na0210290_fwo","Mediterranean California Mixed Oak Woodland",1
"2_41_29_55239",6,121,687,1585,138,1710030801,"17100307","OSW","Na0210290_fwo_1710030801","Na0210290","Na0210290_fwo",57,"fwo","Na0210290","Na0210290_fwo","Mediterranean California Mixed Oak Woodland",1
"2_41_29_81468",6,121,687,1602,2355,1710030801,"17100307","OSW","Na0710270_fdd_1710030801","Na0710270","Na0710270_fdd",43,"fdd","Na0710270","Na0710270_fdd","Mediterranean California Dry-Mesic Mixed Conifer Forest and Woodland",1
"2_41_29_70716",6,121,687,1620,960,1710030801,"17100307","OSW","RaMCONsw_fiw_1710030801","RaMCONsw","RaMCONsw_fiw",20,"fiw","RaMCONsw","RaMCONsw_fiw","Mixed Conifer - Southwest Oregon",1
"2_41_29_69545",6,122,693,2259,901,1710030903,"17100308","OSW","RaREFI_fcw_17100309","RaREFI","RaREFI_fcw",19,"fcw","RaREFI","RaREFI_fcw","Red Fir",3
"2_41_29_69553",6,122,693,1664,2066,1710030903,"17100308","OSW","RaMCONsw_fiw_1710030903","RaMCONsw","RaMCONsw_fiw",20,"fiw","RaMCONsw","RaMCONsw_fiw","Mixed Conifer - Southwest Oregon",1
"2_41_29_67211",6,122,693,2259,1940,1710030903,"17100308","OSW","RaREFI_fcw_17100309","RaREFI","RaREFI_fcw",19,"fcw","RaREFI","RaREFI_fcw","Red Fir",3
"2_41_29_97278",6,122,693,1664,2372,1710030903,"17100308","OSW","RaMCONsw_fiw_1710030903","RaMCONsw","RaMCONsw_fiw",20,"fiw","RaMCONsw","RaMCONsw_fiw","Mixed Conifer - Southwest Oregon",1
"6_53_9_80009",9,145,804,1836,1290,1711002002,"17110019","WCR","RaDFHEdy_fwi_17110020","RaDFHEdy","RaDFHEdy_fwi",31,"fwi","RaDFHEdy","RaDFHEdy_fwi","Douglas-fir Hemlock-Dry Mesic",3
"6_53_9_88855",9,145,805,1836,1370,1711002003,"17110019","WCR","RaDFHEdy_fwi_17110020","RaDFHEdy","RaDFHEdy_fwi",31,"fwi","RaDFHEdy","RaDFHEdy_fwi","Douglas-fir Hemlock-Dry Mesic",3
"6_53_9_56680",9,145,805,1836,1478,1711002003,"17110019","WCR","RaDFHEdy_fwi_17110020","RaDFHEdy","RaDFHEdy_fwi",31,"fwi","RaDFHEdy","RaDFHEdy_fwi","Douglas-fir Hemlock-Dry Mesic",3
"6_53_9_88830",9,145,804,1837,579,1711002002,"17110019","WCR","RaDFHEdy_fdg_17110020","RaDFHEdy","RaDFHEdy_fdg",24,"fdg","RaDFHEdy","RaDFHEdy_fdg","Douglas-fir Hemlock-Dry Mesic",3
"6_53_9_84734",9,145,805,1836,490,1711002003,"17110019","WCR","RaDFHEdy_fwi_17110020","RaDFHEdy","RaDFHEdy_fwi",31,"fwi","RaDFHEdy","RaDFHEdy_fwi","Douglas-fir Hemlock-Dry Mesic",3
"6_53_9_56023",9,145,805,1837,764,1711002003,"17110019","WCR","RaDFHEdy_fdg_17110020","RaDFHEdy","RaDFHEdy_fdg",24,"fdg","RaDFHEdy","RaDFHEdy_fdg","Douglas-fir Hemlock-Dry Mesic",3
"6_53_9_65864",9,145,805,1837,709,1711002003,"17110019","WCR","RaDFHEdy_fdg_17110020","RaDFHEdy","RaDFHEdy_fdg",24,"fdg","RaDFHEdy","RaDFHEdy_fdg","Douglas-fir Hemlock-Dry Mesic",3
"6_53_9_95865",9,145,805,2302,679,1711002003,"17110019","WCR","RaABLA_faf_WCR","RaABLA","RaABLA_faf",8,"faf","RaABLA","RaABLA_faf","Subalpine Fir",4
"6_53_31_54219",9,143,793,1869,858,1711001806,"17110017","WCR","RaDFHEdy_fwi_17110018","RaDFHEdy","RaDFHEdy_fwi",31,"fwi","RaDFHEdy","RaDFHEdy_fwi","Douglas-fir Hemlock-Dry Mesic",3
"6_53_31_81996",9,143,791,1871,765,1711001804,"17110017","WCR","RaABAMlw_fsi_17110018","RaABAMlw","RaABAMlw_fsi",14,"fsi","RaABAMlw","RaABAMlw_fsi","Pacific Silver Fir - Low Elevation",3
"6_53_45_97546",9,143,789,1869,1006,1711001802,"17110017","WCR","RaDFHEdy_fwi_17110018","RaDFHEdy","RaDFHEdy_fwi",31,"fwi","RaDFHEdy","RaDFHEdy_fwi","Douglas-fir Hemlock-Dry Mesic",3
"6_53_45_57809",9,143,789,2296,513,1711001802,"17110017","WCR","RaDFHEwt_fwn_WCR","RaDFHEwt","RaDFHEwt_fwn",32,"fwn","RaDFHEwt","RaDFHEwt_fwn","Douglas-fir Hemlock-Wet Mesic",5
"6_53_45_56610",9,143,790,1869,1956,1711001803,"17110017","WCR","RaDFHEdy_fwi_17110018","RaDFHEdy","RaDFHEdy_fwi",31,"fwi","RaDFHEdy","RaDFHEdy_fwi","Douglas-fir Hemlock-Dry Mesic",3
"6_53_45_88501",9,143,788,1869,736,1711001801,"17110017","WCR","RaDFHEdy_fwi_17110018","RaDFHEdy","RaDFHEdy_fwi",31,"fwi","RaDFHEdy","RaDFHEdy_fwi","Douglas-fir Hemlock-Dry Mesic",3
"6_53_67_86886",13,144,799,1813,609,1711001905,"17110018","WWC","RaDFHEdy_fwi_17110019","RaDFHEdy","RaDFHEdy_fwi",31,"fwi","RaDFHEdy","RaDFHEdy_fwi","Douglas-fir Hemlock-Dry Mesic",3
"6_53_67_84634",9,102,580,1932,1106,1710010305,"17100102","WCR","RaDFHEdy_fwi_17100103","RaDFHEdy","RaDFHEdy_fwi",31,"fwi","RaDFHEdy","RaDFHEdy_fwi","Douglas-fir Hemlock-Dry Mesic",3
"6_53_67_82746",9,102,579,1932,1361,1710010304,"17100102","WCR","RaDFHEdy_fwi_17100103","RaDFHEdy","RaDFHEdy_fwi",31,"fwi","RaDFHEdy","RaDFHEdy_fwi","Douglas-fir Hemlock-Dry Mesic",3
"6_53_67_85600",9,102,579,1932,409,1710010304,"17100102","WCR","RaDFHEdy_fwi_17100103","RaDFHEdy","RaDFHEdy_fwi",31,"fwi","RaDFHEdy","RaDFHEdy_fwi","Douglas-fir Hemlock-Dry Mesic",3
"7_53_41_98574",9,102,579,1932,1288,1710010304,"17100102","WCR","RaDFHEdy_fwi_17100103","RaDFHEdy","RaDFHEdy_fwi",31,"fwi","RaDFHEdy","RaDFHEdy_fwi","Douglas-fir Hemlock-Dry Mesic",3
"7_53_41_77935",9,102,576,1932,1031,1710010301,"17100102","WCR","RaDFHEdy_fwi_17100103","RaDFHEdy","RaDFHEdy_fwi",31,"fwi","RaDFHEdy","RaDFHEdy_fwi","Douglas-fir Hemlock-Dry Mesic",3
"7_53_41_93771",9,102,576,1932,1351,1710010301,"17100102","WCR","RaDFHEdy_fwi_17100103","RaDFHEdy","RaDFHEdy_fwi",31,"fwi","RaDFHEdy","RaDFHEdy_fwi","Douglas-fir Hemlock-Dry Mesic",3
"7_53_41_87475",13,83,484,1952,1089,1708000509,"17080004","WWC","RaDFHEdy_fwi_17080005","RaDFHEdy","RaDFHEdy_fwi",31,"fwi","RaDFHEdy","RaDFHEdy_fwi","Douglas-fir Hemlock-Dry Mesic",3
"7_53_15_89603",13,83,484,1952,1492,1708000509,"17080004","WWC","RaDFHEdy_fwi_17080005","RaDFHEdy","RaDFHEdy_fwi",31,"fwi","RaDFHEdy","RaDFHEdy_fwi","Douglas-fir Hemlock-Dry Mesic",3
"7_53_15_85127",13,83,484,1952,1066,1708000509,"17080004","WWC","RaDFHEdy_fwi_17080005","RaDFHEdy","RaDFHEdy_fwi",31,"fwi","RaDFHEdy","RaDFHEdy_fwi","Douglas-fir Hemlock-Dry Mesic",3
"0_41_9_67263",3,80,466,2315,1163,1708000302,"17080003C","OCR","RaDFHEwt_fwn_OCR","RaDFHEwt","RaDFHEwt_fwn",32,"fwn","RaDFHEwt","RaDFHEwt_fwn","Douglas-fir Hemlock-Wet Mesic",5
"0_41_9_83090",3,98,561,1996,864,1709001204,"17090011","OCR","RaDFHEdy_fwi_17090012B","RaDFHEdy","RaDFHEdy_fwi",31,"fwi","RaDFHEdy","RaDFHEdy_fwi","Douglas-fir Hemlock-Dry Mesic",3
"0_41_67_86202",3,96,551,463,498,1709001005,"17090009","OCR","RaDFWV_fwx_1709001005","RaDFWV","RaDFWV_fwx",37,"fwx","RaDFWV","RaDFWV_fwx","Douglas-fir Willamatte Valley Foothills",1
"0_41_47_80464",3,93,531,638,402,1709000702,"17090006","OCR","RaDFWV_fwx_1709000702","RaDFWV","RaDFWV_fwx",37,"fwx","RaDFWV","RaDFWV_fwx","Douglas-fir Willamatte Valley Foothills",1
"1_41_43_82412",7,92,527,726,1135,1709000606,"17090005","OWC","RaDFWV_fwx_1709000606","RaDFWV","RaDFWV_fwx",37,"fwx","RaDFWV","RaDFWV_fwx","Douglas-fir Willamatte Valley Foothills",1
"5_53_55_51401",11,128,729,1796,1652,1711000305,"17110002","WNC","RaDFHEdy_fwi_17110003","RaDFHEdy","RaDFHEdy_fwi",31,"fwi","RaDFHEdy","RaDFHEdy_fwi","Douglas-fir Hemlock-Dry Mesic",3
"1_41_43_98356",7,92,529,727,841,1709000608,"17090005","OWC","RaDFWV_fwx_1709000608","RaDFWV","RaDFWV_fwx",37,"fwx","RaDFWV","RaDFWV_fwx","Douglas-fir Willamatte Valley Foothills",1
"1_41_39_97553",7,90,514,880,1045,1709000406,"17090003B","OWC","RaDFWV_fwx_1709000406","RaDFWV","RaDFWV_fwx",37,"fwx","RaDFWV","RaDFWV_fwx","Douglas-fir Willamatte Valley Foothills",1
"1_41_39_77931",7,86,498,2139,844,1709000110,"17080006A","OWC","RaDFHEdy_fwi_17090001","RaDFHEdy","RaDFHEdy_fwi",31,"fwi","RaDFHEdy","RaDFHEdy_fwi","Douglas-fir Hemlock-Dry Mesic",3
"1_41_39_79278",7,86,497,965,1061,1709000109,"17080006A","OWC","RaDFWV_fwx_1709000109","RaDFWV","RaDFWV_fwx",37,"fwx","RaDFWV","RaDFWV_fwx","Douglas-fir Willamatte Valley Foothills",1
"1_41_39_99360",7,86,495,997,2429,1709000107,"17080006A","OWC","RaDFWV_fwx_1709000107","RaDFWV","RaDFWV_fwx",37,"fwx","RaDFWV","RaDFWV_fwx","Douglas-fir Willamatte Valley Foothills",1
"1_41_39_83118",7,86,495,2139,1578,1709000107,"17080006A","OWC","RaDFHEdy_fwi_17090001","RaDFHEdy","RaDFHEdy_fwi",31,"fwi","RaDFHEdy","RaDFHEdy_fwi","Douglas-fir Hemlock-Dry Mesic",3
"1_41_39_66033",7,87,500,2146,1883,1709000202,"17090001","OWC","RaDFHEdy_fwi_17090002","RaDFHEdy","RaDFHEdy_fwi",31,"fwi","RaDFHEdy","RaDFHEdy_fwi","Douglas-fir Hemlock-Dry Mesic",3
"1_41_39_85085",7,87,500,2146,2882,1709000202,"17090001","OWC","RaDFHEdy_fwi_17090002","RaDFHEdy","RaDFHEdy_fwi",31,"fwi","RaDFHEdy","RaDFHEdy_fwi","Douglas-fir Hemlock-Dry Mesic",3
"1_41_39_95540",7,87,500,2146,1282,1709000202,"17090001","OWC","RaDFHEdy_fwi_17090002","RaDFHEdy","RaDFHEdy_fwi",31,"fwi","RaDFHEdy","RaDFHEdy_fwi","Douglas-fir Hemlock-Dry Mesic",3
"1_41_39_53561",7,87,499,2146,1309,1709000201,"17090001","OWC","RaDFHEdy_fwi_17090002","RaDFHEdy","RaDFHEdy_fwi",31,"fwi","RaDFHEdy","RaDFHEdy_fwi","Douglas-fir Hemlock-Dry Mesic",3
"2_41_19_90275",7,87,499,2146,2016,1709000201,"17090001","OWC","RaDFHEdy_fwi_17090002","RaDFHEdy","RaDFHEdy_fwi",31,"fwi","RaDFHEdy","RaDFHEdy_fwi","Douglas-fir Hemlock-Dry Mesic",3
"2_41_19_94053",6,113,639,1111,766,1710030106,"17100207","OSW","RaMCONsw_fiw_1710030106","RaMCONsw","RaMCONsw_fiw",20,"fiw","RaMCONsw","RaMCONsw_fiw","Mixed Conifer - Southwest Oregon",1
"2_41_19_61176",6,113,639,1111,1844,1710030106,"17100207","OSW","RaMCONsw_fiw_1710030106","RaMCONsw","RaMCONsw_fiw",20,"fiw","RaMCONsw","RaMCONsw_fiw","Mixed Conifer - Southwest Oregon",1
"2_41_19_77793",6,113,639,2186,981,1710030106,"17100207","OSW","R1RFWF_fcw_17100301","R1RFWF","R1RFWF_fcw",18,"fcw","R1RFWF","R1RFWF_fcw","Red Fir / White Fir",3
"2_41_19_52294",6,113,642,2180,788,1710030109,"17100207","OSW","RaDFHEdy_fwi_17100301","RaDFHEdy","RaDFHEdy_fwi",31,"fwi","RaDFHEdy","RaDFHEdy_fwi","Douglas-fir Hemlock-Dry Mesic",3
"2_41_19_53382",6,113,639,2186,734,1710030106,"17100207","OSW","R1RFWF_fcw_17100301","R1RFWF","R1RFWF_fcw",18,"fcw","R1RFWF","R1RFWF_fcw","Red Fir / White Fir",3
"2_41_19_87180",6,113,641,2180,593,1710030108,"17100207","OSW","RaDFHEdy_fwi_17100301","RaDFHEdy","RaDFHEdy_fwi",31,"fwi","RaDFHEdy","RaDFHEdy_fwi","Douglas-fir Hemlock-Dry Mesic",3
"2_41_19_82080",6,113,641,2180,506,1710030108,"17100207","OSW","RaDFHEdy_fwi_17100301","RaDFHEdy","RaDFHEdy_fwi",31,"fwi","RaDFHEdy","RaDFHEdy_fwi","Douglas-fir Hemlock-Dry Mesic",3
"2_41_19_68390",6,113,641,2347,852,1710030108,"17100207","OSW","RaDFHEwt_fwm_OSW","RaDFHEwt","RaDFHEwt_fwm",33,"fwm","RaDFHEwt","RaDFHEwt_fwm","Douglas-fir Hemlock-Wet Mesic",5
"2_41_19_68857",6,113,641,2186,1506,1710030108,"17100207","OSW","R1RFWF_fcw_17100301","R1RFWF","R1RFWF_fcw",18,"fcw","R1RFWF","R1RFWF_fcw","Red Fir / White Fir",3
"2_41_19_58504",6,113,643,1158,2240,1710030110,"17100207","OSW","RaMCONsw_fiw_1710030110","RaMCONsw","RaMCONsw_fiw",20,"fiw","RaMCONsw","RaMCONsw_fiw","Mixed Conifer - Southwest Oregon",1
"2_41_19_89872",6,113,643,2186,1681,1710030110,"17100207","OSW","R1RFWF_fcw_17100301","R1RFWF","R1RFWF_fcw",18,"fcw","R1RFWF","R1RFWF_fcw","Red Fir / White Fir",3
"2_41_19_55251",6,113,643,2186,1499,1710030110,"17100207","OSW","R1RFWF_fcw_17100301","R1RFWF","R1RFWF_fcw",18,"fcw","R1RFWF","R1RFWF_fcw","Red Fir / White Fir",3
"2_41_19_84205",6,113,643,2186,529,1710030110,"17100207","OSW","R1RFWF_fcw_17100301","R1RFWF","R1RFWF_fcw",18,"fcw","R1RFWF","R1RFWF_fcw","Red Fir / White Fir",3
"2_41_19_96490",6,113,643,2180,1439,1710030110,"17100207","OSW","RaDFHEdy_fwi_17100301","RaDFHEdy","RaDFHEdy_fwi",31,"fwi","RaDFHEdy","RaDFHEdy_fwi","Douglas-fir Hemlock-Dry Mesic",3
"2_41_19_64328",6,113,643,1158,1349,1710030110,"17100207","OSW","RaMCONsw_fiw_1710030110","RaMCONsw","RaMCONsw_fiw",20,"fiw","RaMCONsw","RaMCONsw_fiw","Mixed Conifer - Southwest Oregon",1
"2_41_19_71647",6,113,643,2186,1150,1710030110,"17100207","OSW","R1RFWF_fcw_17100301","R1RFWF","R1RFWF_fcw",18,"fcw","R1RFWF","R1RFWF_fcw","Red Fir / White Fir",3
"2_41_19_82498",6,114,647,2202,1058,1710030203,"17100301","OSW","RaDFHEdy_fwi_17100302","RaDFHEdy","RaDFHEdy_fwi",31,"fwi","RaDFHEdy","RaDFHEdy_fwi","Douglas-fir Hemlock-Dry Mesic",3
"2_41_19_97464",6,114,647,1202,1987,1710030203,"17100301","OSW","Na0710270_fdd_1710030203","Na0710270","Na0710270_fdd",43,"fdd","Na0710270","Na0710270_fdd","Mediterranean California Dry-Mesic Mixed Conifer Forest and Woodland",1
"2_41_19_95114",6,114,647,2202,566,1710030203,"17100301","OSW","RaDFHEdy_fwi_17100302","RaDFHEdy","RaDFHEdy_fwi",31,"fwi","RaDFHEdy","RaDFHEdy_fwi","Douglas-fir Hemlock-Dry Mesic",3
"2_41_19_66825",6,114,647,1202,778,1710030203,"17100301","OSW","Na0710270_fdd_1710030203","Na0710270","Na0710270_fdd",43,"fdd","Na0710270","Na0710270_fdd","Mediterranean California Dry-Mesic Mixed Conifer Forest and Woodland",1
"2_41_19_65548",6,114,647,1205,531,1710030203,"17100301","OSW","RaMCONsw_fvw_1710030203","RaMCONsw","RaMCONsw_fvw",21,"fvw","RaMCONsw","RaMCONsw_fvw","Mixed Conifer - Southwest Oregon",1
"2_41_19_91961",6,114,647,1200,1047,1710030203,"17100301","OSW","RaMCONsw_fiw_1710030203","RaMCONsw","RaMCONsw_fiw",20,"fiw","RaMCONsw","RaMCONsw_fiw","Mixed Conifer - Southwest Oregon",1
"2_41_19_65412",6,114,646,1254,893,1710030202,"17100301","OSW","RaMCONsw_fvw_1710030202","RaMCONsw","RaMCONsw_fvw",21,"fvw","RaMCONsw","RaMCONsw_fvw","Mixed Conifer - Southwest Oregon",1
"2_41_19_94806",6,114,646,1254,693,1710030202,"17100301","OSW","RaMCONsw_fvw_1710030202","RaMCONsw","RaMCONsw_fvw",21,"fvw","RaMCONsw","RaMCONsw_fvw","Mixed Conifer - Southwest Oregon",1
"2_41_19_89996",6,114,646,1250,1599,1710030202,"17100301","OSW","Na0710270_fdd_1710030202","Na0710270","Na0710270_fdd",43,"fdd","Na0710270","Na0710270_fdd","Mediterranean California Dry-Mesic Mixed Conifer Forest and Woodland",1
"2_41_19_83133",6,114,646,1250,607,1710030202,"17100301","OSW","Na0710270_fdd_1710030202","Na0710270","Na0710270_fdd",43,"fdd","Na0710270","Na0710270_fdd","Mediterranean California Dry-Mesic Mixed Conifer Forest and Woodland",1
"2_41_19_97301",6,114,646,1248,960,1710030202,"17100301","OSW","RaMCONsw_fiw_1710030202","RaMCONsw","RaMCONsw_fiw",20,"fiw","RaMCONsw","RaMCONsw_fiw","Mixed Conifer - Southwest Oregon",1
"2_41_19_62819",6,114,646,1248,2753,1710030202,"17100301","OSW","RaMCONsw_fiw_1710030202","RaMCONsw","RaMCONsw_fiw",20,"fiw","RaMCONsw","RaMCONsw_fiw","Mixed Conifer - Southwest Oregon",1
"2_41_19_82675",6,114,648,1286,1559,1710030204,"17100301","OSW","RaMCONsw_fiw_1710030204","RaMCONsw","RaMCONsw_fiw",20,"fiw","RaMCONsw","RaMCONsw_fiw","Mixed Conifer - Southwest Oregon",1
"2_41_19_92332",6,114,648,1286,823,1710030204,"17100301","OSW","RaMCONsw_fiw_1710030204","RaMCONsw","RaMCONsw_fiw",20,"fiw","RaMCONsw","RaMCONsw_fiw","Mixed Conifer - Southwest Oregon",1
"2_41_19_67672",6,114,648,1284,647,1710030204,"17100301","OSW","Na0710270_fdd_1710030204","Na0710270","Na0710270_fdd",43,"fdd","Na0710270","Na0710270_fdd","Mediterranean California Dry-Mesic Mixed Conifer Forest and Woodland",1
"2_41_29_52301",6,120,683,1308,350,1710030705,"17100306","OSW","RaMCONsw_fiw_1710030705","RaMCONsw","RaMCONsw_fiw",20,"fiw","RaMCONsw","RaMCONsw_fiw","Mixed Conifer - Southwest Oregon",1
"2_41_29_71275",6,120,683,1308,2084,1710030705,"17100306","OSW","RaMCONsw_fiw_1710030705","RaMCONsw","RaMCONsw_fiw",20,"fiw","RaMCONsw","RaMCONsw_fiw","Mixed Conifer - Southwest Oregon",1
"2_41_29_74090",6,120,683,1308,1349,1710030705,"17100306","OSW","RaMCONsw_fiw_1710030705","RaMCONsw","RaMCONsw_fiw",20,"fiw","RaMCONsw","RaMCONsw_fiw","Mixed Conifer - Southwest Oregon",1
"2_41_29_85392",6,120,683,1310,1267,1710030705,"17100306","OSW","Na0710270_fdd_1710030705","Na0710270","Na0710270_fdd",43,"fdd","Na0710270","Na0710270_fdd","Mediterranean California Dry-Mesic Mixed Conifer Forest and Woodland",1
"2_41_29_90917",6,120,685,1434,2208,1710030707,"17100306","OSW","Na0710270_fdd_1710030707","Na0710270","Na0710270_fdd",43,"fdd","Na0710270","Na0710270_fdd","Mediterranean California Dry-Mesic Mixed Conifer Forest and Woodland",1
"2_41_29_67780",6,120,685,1434,2155,1710030707,"17100306","OSW","Na0710270_fdd_1710030707","Na0710270","Na0710270_fdd",43,"fdd","Na0710270","Na0710270_fdd","Mediterranean California Dry-Mesic Mixed Conifer Forest and Woodland",1
"2_41_29_51551",6,120,685,1434,838,1710030707,"17100306","OSW","Na0710270_fdd_1710030707","Na0710270","Na0710270_fdd",43,"fdd","Na0710270","Na0710270_fdd","Mediterranean California Dry-Mesic Mixed Conifer Forest and Woodland",1
"2_41_29_77901",6,121,687,1602,1602,1710030801,"17100307","OSW","Na0710270_fdd_1710030801","Na0710270","Na0710270_fdd",43,"fdd","Na0710270","Na0710270_fdd","Mediterranean California Dry-Mesic Mixed Conifer Forest and Woodland",1
"2_41_29_85055",6,121,687,1620,2339,1710030801,"17100307","OSW","RaMCONsw_fiw_1710030801","RaMCONsw","RaMCONsw_fiw",20,"fiw","RaMCONsw","RaMCONsw_fiw","Mixed Conifer - Southwest Oregon",1
"2_41_29_89238",6,121,687,1620,1652,1710030801,"17100307","OSW","RaMCONsw_fiw_1710030801","RaMCONsw","RaMCONsw_fiw",20,"fiw","RaMCONsw","RaMCONsw_fiw","Mixed Conifer - Southwest Oregon",1
"2_41_29_58099",6,122,693,2259,1672,1710030903,"17100308","OSW","RaREFI_fcw_17100309","RaREFI","RaREFI_fcw",19,"fcw","RaREFI","RaREFI_fcw","Red Fir",3
"2_41_29_60081",6,121,687,2243,677,1710030801,"17100307","OSW","RaREFI_fcw_17100308","RaREFI","RaREFI_fcw",19,"fcw","RaREFI","RaREFI_fcw","Red Fir",3
"2_41_29_63966",6,122,693,1664,2656,1710030903,"17100308","OSW","RaMCONsw_fiw_1710030903","RaMCONsw","RaMCONsw_fiw",20,"fiw","RaMCONsw","RaMCONsw_fiw","Mixed Conifer - Southwest Oregon",1
"6_53_9_60295",9,145,804,2296,629,1711002002,"17110019","WCR","RaDFHEwt_fwn_WCR","RaDFHEwt","RaDFHEwt_fwn",32,"fwn","RaDFHEwt","RaDFHEwt_fwn","Douglas-fir Hemlock-Wet Mesic",5
"6_53_9_94116",9,145,804,1836,1055,1711002002,"17110019","WCR","RaDFHEdy_fwi_17110020","RaDFHEdy","RaDFHEdy_fwi",31,"fwi","RaDFHEdy","RaDFHEdy_fwi","Douglas-fir Hemlock-Dry Mesic",3
"6_53_9_90829",9,145,805,1836,1104,1711002003,"17110019","WCR","RaDFHEdy_fwi_17110020","RaDFHEdy","RaDFHEdy_fwi",31,"fwi","RaDFHEdy","RaDFHEdy_fwi","Douglas-fir Hemlock-Dry Mesic",3
"6_53_9_57979",9,145,804,1837,1013,1711002002,"17110019","WCR","RaDFHEdy_fdg_17110020","RaDFHEdy","RaDFHEdy_fdg",24,"fdg","RaDFHEdy","RaDFHEdy_fdg","Douglas-fir Hemlock-Dry Mesic",3
"6_53_9_83763",9,145,804,1837,548,1711002002,"17110019","WCR","RaDFHEdy_fdg_17110020","RaDFHEdy","RaDFHEdy_fdg",24,"fdg","RaDFHEdy","RaDFHEdy_fdg","Douglas-fir Hemlock-Dry Mesic",3
"6_53_9_85599",9,145,805,1836,718,1711002003,"17110019","WCR","RaDFHEdy_fwi_17110020","RaDFHEdy","RaDFHEdy_fwi",31,"fwi","RaDFHEdy","RaDFHEdy_fwi","Douglas-fir Hemlock-Dry Mesic",3
"6_53_9_68887",9,145,805,1853,497,1711002003,"17110019","WCR","RaABAMlw_fsi_17110020","RaABAMlw","RaABAMlw_fsi",14,"fsi","RaABAMlw","RaABAMlw_fsi","Pacific Silver Fir - Low Elevation",3
"6_53_9_56338",9,143,794,1871,1055,1711001807,"17110017","WCR","RaABAMlw_fsi_17110018","RaABAMlw","RaABAMlw_fsi",14,"fsi","RaABAMlw","RaABAMlw_fsi","Pacific Silver Fir - Low Elevation",3
"6_53_31_97547",9,143,793,2302,1040,1711001806,"17110017","WCR","RaABLA_faf_WCR","RaABLA","RaABLA_faf",8,"faf","RaABLA","RaABLA_faf","Subalpine Fir",4
"6_53_31_98744",9,143,793,2297,1024,1711001806,"17110017","WCR","RaABAMup_fst_WCR","RaABAMup","RaABAMup_fst",13,"fst","RaABAMup","RaABAMup_fst","Pacific Silver Fir - High Elevation",5
"6_53_31_70759",9,143,793,1869,2237,1711001806,"17110017","WCR","RaDFHEdy_fwi_17110018","RaDFHEdy","RaDFHEdy_fwi",31,"fwi","RaDFHEdy","RaDFHEdy_fwi","Douglas-fir Hemlock-Dry Mesic",3
"6_53_31_82904",9,143,793,2297,1417,1711001806,"17110017","WCR","RaABAMup_fst_WCR","RaABAMup","RaABAMup_fst",13,"fst","RaABAMup","RaABAMup_fst","Pacific Silver Fir - High Elevation",5
"6_53_31_98872",9,143,792,1869,2373,1711001805,"17110017","WCR","RaDFHEdy_fwi_17110018","RaDFHEdy","RaDFHEdy_fwi",31,"fwi","RaDFHEdy","RaDFHEdy_fwi","Douglas-fir Hemlock-Dry Mesic",3
"6_53_31_79248",9,143,792,1869,1056,1711001805,"17110017","WCR","RaDFHEdy_fwi_17110018","RaDFHEdy","RaDFHEdy_fwi",31,"fwi","RaDFHEdy","RaDFHEdy_fwi","Douglas-fir Hemlock-Dry Mesic",3
"6_53_31_63739",9,143,791,1869,1756,1711001804,"17110017","WCR","RaDFHEdy_fwi_17110018","RaDFHEdy","RaDFHEdy_fwi",31,"fwi","RaDFHEdy","RaDFHEdy_fwi","Douglas-fir Hemlock-Dry Mesic",3
"6_53_31_77407",9,143,790,1869,1436,1711001803,"17110017","WCR","RaDFHEdy_fwi_17110018","RaDFHEdy","RaDFHEdy_fwi",31,"fwi","RaDFHEdy","RaDFHEdy_fwi","Douglas-fir Hemlock-Dry Mesic",3
"6_53_31_73310",9,143,790,1869,1408,1711001803,"17110017","WCR","RaDFHEdy_fwi_17110018","RaDFHEdy","RaDFHEdy_fwi",31,"fwi","RaDFHEdy","RaDFHEdy_fwi","Douglas-fir Hemlock-Dry Mesic",3
"6_53_45_60970",9,143,790,1869,977,1711001803,"17110017","WCR","RaDFHEdy_fwi_17110018","RaDFHEdy","RaDFHEdy_fwi",31,"fwi","RaDFHEdy","RaDFHEdy_fwi","Douglas-fir Hemlock-Dry Mesic",3
"6_53_45_92772",9,143,788,1869,1233,1711001801,"17110017","WCR","RaDFHEdy_fwi_17110018","RaDFHEdy","RaDFHEdy_fwi",31,"fwi","RaDFHEdy","RaDFHEdy_fwi","Douglas-fir Hemlock-Dry Mesic",3
"6_53_45_88983",9,143,788,1869,1653,1711001801,"17110017","WCR","RaDFHEdy_fwi_17110018","RaDFHEdy","RaDFHEdy_fwi",31,"fwi","RaDFHEdy","RaDFHEdy_fwi","Douglas-fir Hemlock-Dry Mesic",3
"6_53_45_89479",9,143,788,1869,1544,1711001801,"17110017","WCR","RaDFHEdy_fwi_17110018","RaDFHEdy","RaDFHEdy_fwi",31,"fwi","RaDFHEdy","RaDFHEdy_fwi","Douglas-fir Hemlock-Dry Mesic",3
"6_53_45_97279",9,143,788,1869,613,1711001801,"17110017","WCR","RaDFHEdy_fwi_17110018","RaDFHEdy","RaDFHEdy_fwi",31,"fwi","RaDFHEdy","RaDFHEdy_fwi","Douglas-fir Hemlock-Dry Mesic",3
"6_53_45_93385",13,144,800,1812,1691,1711001906,"17110018","WWC","RaDFHEdy_fdg_17110019","RaDFHEdy","RaDFHEdy_fdg",24,"fdg","RaDFHEdy","RaDFHEdy_fdg","Douglas-fir Hemlock-Dry Mesic",3
"6_53_45_87913",13,144,800,1812,1294,1711001906,"17110018","WWC","RaDFHEdy_fdg_17110019","RaDFHEdy","RaDFHEdy_fdg",24,"fdg","RaDFHEdy","RaDFHEdy_fdg","Douglas-fir Hemlock-Dry Mesic",3
"6_53_45_51236",13,144,800,1812,1002,1711001906,"17110018","WWC","RaDFHEdy_fdg_17110019","RaDFHEdy","RaDFHEdy_fdg",24,"fdg","RaDFHEdy","RaDFHEdy_fdg","Douglas-fir Hemlock-Dry Mesic",3
"6_53_45_61795",13,144,800,1812,1827,1711001906,"17110018","WWC","RaDFHEdy_fdg_17110019","RaDFHEdy","RaDFHEdy_fdg",24,"fdg","RaDFHEdy","RaDFHEdy_fdg","Douglas-fir Hemlock-Dry Mesic",3
"7_53_41_88936",9,102,576,1931,1763,1710010301,"17100102","WCR","RaDFHEdy_fdg_17100103","RaDFHEdy","RaDFHEdy_fdg",24,"fdg","RaDFHEdy","RaDFHEdy_fdg","Douglas-fir Hemlock-Dry Mesic",3
"7_53_15_56773",13,83,484,1952,830,1708000509,"17080004","WWC","RaDFHEdy_fwi_17080005","RaDFHEdy","RaDFHEdy_fwi",31,"fwi","RaDFHEdy","RaDFHEdy_fwi","Douglas-fir Hemlock-Dry Mesic",3
"7_53_15_90457",13,83,484,1952,2252,1708000509,"17080004","WWC","RaDFHEdy_fwi_17080005","RaDFHEdy","RaDFHEdy_fwi",31,"fwi","RaDFHEdy","RaDFHEdy_fwi","Douglas-fir Hemlock-Dry Mesic",3
"5_53_73_88374",11,127,725,1762,2122,1711000201,"17110001","WNC","RaDFHEdy_fdg_17110002","RaDFHEdy","RaDFHEdy_fdg",24,"fdg","RaDFHEdy","RaDFHEdy_fdg","Douglas-fir Hemlock-Dry Mesic",3
"5_53_55_86576",11,128,728,1797,1274,1711000304,"17110002","WNC","RaDFHEdy_fdg_17110003","RaDFHEdy","RaDFHEdy_fdg",24,"fdg","RaDFHEdy","RaDFHEdy_fdg","Douglas-fir Hemlock-Dry Mesic",3
"7_53_15_93935",13,83,484,1952,691,1708000509,"17080004","WWC","RaDFHEdy_fwi_17080005","RaDFHEdy","RaDFHEdy_fwi",31,"fwi","RaDFHEdy","RaDFHEdy_fwi","Douglas-fir Hemlock-Dry Mesic",3
"7_53_15_97283",9,81,468,1965,183,1708000304,"17080003B","WCR","RaDFHEdy_fdg_17080003A","RaDFHEdy","RaDFHEdy_fdg",24,"fdg","RaDFHEdy","RaDFHEdy_fdg","Douglas-fir Hemlock-Dry Mesic",3
"5_53_55_54306",11,128,728,1797,627,1711000304,"17110002","WNC","RaDFHEdy_fdg_17110003","RaDFHEdy","RaDFHEdy_fdg",24,"fdg","RaDFHEdy","RaDFHEdy_fdg","Douglas-fir Hemlock-Dry Mesic",3
"0_41_9_95058",3,80,466,2315,1172,1708000302,"17080003C","OCR","RaDFHEwt_fwn_OCR","RaDFHEwt","RaDFHEwt_fwn",32,"fwn","RaDFHEwt","RaDFHEwt_fwn","Douglas-fir Hemlock-Wet Mesic",5
"0_41_9_90542",3,80,466,2315,1596,1708000302,"17080003C","OCR","RaDFHEwt_fwn_OCR","RaDFHEwt","RaDFHEwt_fwn",32,"fwn","RaDFHEwt","RaDFHEwt_fwn","Douglas-fir Hemlock-Wet Mesic",5
"0_41_9_69952",3,98,561,2315,1187,1709001204,"17090011","OCR","RaDFHEwt_fwn_OCR","RaDFHEwt","RaDFHEwt_fwn",32,"fwn","RaDFHEwt","RaDFHEwt_fwn","Douglas-fir Hemlock-Wet Mesic",5
"0_41_9_64141",3,98,561,2315,957,1709001204,"17090011","OCR","RaDFHEwt_fwn_OCR","RaDFHEwt","RaDFHEwt_fwn",32,"fwn","RaDFHEwt","RaDFHEwt_fwn","Douglas-fir Hemlock-Wet Mesic",5
"0_41_9_55336",3,98,561,2315,537,1709001204,"17090011","OCR","RaDFHEwt_fwn_OCR","RaDFHEwt","RaDFHEwt_fwn",32,"fwn","RaDFHEwt","RaDFHEwt_fwn","Douglas-fir Hemlock-Wet Mesic",5
"0_41_9_71226",3,98,561,2315,922,1709001204,"17090011","OCR","RaDFHEwt_fwn_OCR","RaDFHEwt","RaDFHEwt_fwn",32,"fwn","RaDFHEwt","RaDFHEwt_fwn","Douglas-fir Hemlock-Wet Mesic",5
"0_41_51_56403",3,98,561,2315,1608,1709001204,"17090011","OCR","RaDFHEwt_fwn_OCR","RaDFHEwt","RaDFHEwt_fwn",32,"fwn","RaDFHEwt","RaDFHEwt_fwn","Douglas-fir Hemlock-Wet Mesic",5
"0_41_51_62235",3,98,561,2315,752,1709001204,"17090011","OCR","RaDFHEwt_fwn_OCR","RaDFHEwt","RaDFHEwt_fwn",32,"fwn","RaDFHEwt","RaDFHEwt_fwn","Douglas-fir Hemlock-Wet Mesic",5
"0_41_47_91327",3,93,533,492,230,1709000704,"17090006","OCR","RaDFWV_fwx_1709000704","RaDFWV","RaDFWV_fwx",37,"fwx","RaDFWV","RaDFWV_fwx","Douglas-fir Willamatte Valley Foothills",1
"5_53_55_65897",11,128,729,1797,1211,1711000305,"17110002","WNC","RaDFHEdy_fdg_17110003","RaDFHEdy","RaDFHEdy_fdg",24,"fdg","RaDFHEdy","RaDFHEdy_fdg","Douglas-fir Hemlock-Dry Mesic",3
"1_41_43_53430",7,92,527,726,962,1709000606,"17090005","OWC","RaDFWV_fwx_1709000606","RaDFWV","RaDFWV_fwx",37,"fwx","RaDFWV","RaDFWV_fwx","Douglas-fir Willamatte Valley Foothills",1
"1_41_43_83336",7,92,529,727,837,1709000608,"17090005","OWC","RaDFWV_fwx_1709000608","RaDFWV","RaDFWV_fwx",37,"fwx","RaDFWV","RaDFWV_fwx","Douglas-fir Willamatte Valley Foothills",1
"1_41_43_87507",7,92,529,727,2493,1709000608,"17090005","OWC","RaDFWV_fwx_1709000608","RaDFWV","RaDFWV_fwx",37,"fwx","RaDFWV","RaDFWV_fwx","Douglas-fir Willamatte Valley Foothills",1
"1_41_43_74337",7,92,529,727,1679,1709000608,"17090005","OWC","RaDFWV_fwx_1709000608","RaDFWV","RaDFWV_fwx",37,"fwx","RaDFWV","RaDFWV_fwx","Douglas-fir Willamatte Valley Foothills",1
"1_41_43_70899",7,89,505,794,727,1709000303,"17090003A","OWC","RaDFWV_fwx_1709000303","RaDFWV","RaDFWV_fwx",37,"fwx","RaDFWV","RaDFWV_fwx","Douglas-fir Willamatte Valley Foothills",1
"1_41_43_71497",7,89,505,794,2477,1709000303,"17090003A","OWC","RaDFWV_fwx_1709000303","RaDFWV","RaDFWV_fwx",37,"fwx","RaDFWV","RaDFWV_fwx","Douglas-fir Willamatte Valley Foothills",1
"1_41_39_78054",7,90,514,880,1322,1709000406,"17090003B","OWC","RaDFWV_fwx_1709000406","RaDFWV","RaDFWV_fwx",37,"fwx","RaDFWV","RaDFWV_fwx","Douglas-fir Willamatte Valley Foothills",1
"1_41_39_53044",7,90,515,908,769,1709000407,"17090003B","OWC","RaDFWV_fwx_1709000407","RaDFWV","RaDFWV_fwx",37,"fwx","RaDFWV","RaDFWV_fwx","Douglas-fir Willamatte Valley Foothills",1
"1_41_39_97738",7,86,495,997,1116,1709000107,"17080006A","OWC","RaDFWV_fwx_1709000107","RaDFWV","RaDFWV_fwx",37,"fwx","RaDFWV","RaDFWV_fwx","Douglas-fir Willamatte Valley Foothills",1
"1_41_39_58046",7,86,495,2139,1397,1709000107,"17080006A","OWC","RaDFHEdy_fwi_17090001","RaDFHEdy","RaDFHEdy_fwi",31,"fwi","RaDFHEdy","RaDFHEdy_fwi","Douglas-fir Hemlock-Dry Mesic",3
"1_41_39_98725",7,87,500,2146,1833,1709000202,"17090001","OWC","RaDFHEdy_fwi_17090002","RaDFHEdy","RaDFHEdy_fwi",31,"fwi","RaDFHEdy","RaDFHEdy_fwi","Douglas-fir Hemlock-Dry Mesic",3
"1_41_39_90522",7,87,500,2146,1571,1709000202,"17090001","OWC","RaDFHEdy_fwi_17090002","RaDFHEdy","RaDFHEdy_fwi",31,"fwi","RaDFHEdy","RaDFHEdy_fwi","Douglas-fir Hemlock-Dry Mesic",3
"2_41_19_76437",6,113,639,1111,1160,1710030106,"17100207","OSW","RaMCONsw_fiw_1710030106","RaMCONsw","RaMCONsw_fiw",20,"fiw","RaMCONsw","RaMCONsw_fiw","Mixed Conifer - Southwest Oregon",1
"2_41_19_89244",6,113,639,2347,762,1710030106,"17100207","OSW","RaDFHEwt_fwm_OSW","RaDFHEwt","RaDFHEwt_fwm",33,"fwm","RaDFHEwt","RaDFHEwt_fwm","Douglas-fir Hemlock-Wet Mesic",5
"2_41_19_81128",6,113,641,2180,697,1710030108,"17100207","OSW","RaDFHEdy_fwi_17100301","RaDFHEdy","RaDFHEdy_fwi",31,"fwi","RaDFHEdy","RaDFHEdy_fwi","Douglas-fir Hemlock-Dry Mesic",3
"2_41_19_70987",6,113,641,2186,1690,1710030108,"17100207","OSW","R1RFWF_fcw_17100301","R1RFWF","R1RFWF_fcw",18,"fcw","R1RFWF","R1RFWF_fcw","Red Fir / White Fir",3
"2_41_19_68220",6,113,641,2186,2973,1710030108,"17100207","OSW","R1RFWF_fcw_17100301","R1RFWF","R1RFWF_fcw",18,"fcw","R1RFWF","R1RFWF_fcw","Red Fir / White Fir",3
"2_41_19_84975",6,113,643,2186,1469,1710030110,"17100207","OSW","R1RFWF_fcw_17100301","R1RFWF","R1RFWF_fcw",18,"fcw","R1RFWF","R1RFWF_fcw","Red Fir / White Fir",3
"2_41_19_61237",6,113,643,2186,1735,1710030110,"17100207","OSW","R1RFWF_fcw_17100301","R1RFWF","R1RFWF_fcw",18,"fcw","R1RFWF","R1RFWF_fcw","Red Fir / White Fir",3
"2_41_19_83340",6,113,643,2180,1429,1710030110,"17100207","OSW","RaDFHEdy_fwi_17100301","RaDFHEdy","RaDFHEdy_fwi",31,"fwi","RaDFHEdy","RaDFHEdy_fwi","Douglas-fir Hemlock-Dry Mesic",3
"2_41_19_87404",6,113,643,2186,2254,1710030110,"17100207","OSW","R1RFWF_fcw_17100301","R1RFWF","R1RFWF_fcw",18,"fcw","R1RFWF","R1RFWF_fcw","Red Fir / White Fir",3
"2_41_19_87233",6,114,647,2202,898,1710030203,"17100301","OSW","RaDFHEdy_fwi_17100302","RaDFHEdy","RaDFHEdy_fwi",31,"fwi","RaDFHEdy","RaDFHEdy_fwi","Douglas-fir Hemlock-Dry Mesic",3
"2_41_19_62479",6,114,647,2202,686,1710030203,"17100301","OSW","RaDFHEdy_fwi_17100302","RaDFHEdy","RaDFHEdy_fwi",31,"fwi","RaDFHEdy","RaDFHEdy_fwi","Douglas-fir Hemlock-Dry Mesic",3
"2_41_19_69685",6,114,647,1202,1469,1710030203,"17100301","OSW","Na0710270_fdd_1710030203","Na0710270","Na0710270_fdd",43,"fdd","Na0710270","Na0710270_fdd","Mediterranean California Dry-Mesic Mixed Conifer Forest and Woodland",1
"2_41_19_92349",6,114,647,1206,803,1710030203,"17100301","OSW","RaMCONsw_fdm_1710030203","RaMCONsw","RaMCONsw_fdm",41,"fdm","RaMCONsw","RaMCONsw_fdm","Mixed Conifer - Southwest Oregon",1
"2_41_19_94304",6,114,647,2202,651,1710030203,"17100301","OSW","RaDFHEdy_fwi_17100302","RaDFHEdy","RaDFHEdy_fwi",31,"fwi","RaDFHEdy","RaDFHEdy_fwi","Douglas-fir Hemlock-Dry Mesic",3
"2_41_19_94712",6,114,647,1205,1855,1710030203,"17100301","OSW","RaMCONsw_fvw_1710030203","RaMCONsw","RaMCONsw_fvw",21,"fvw","RaMCONsw","RaMCONsw_fvw","Mixed Conifer - Southwest Oregon",1
"2_41_19_67694",6,114,646,1254,989,1710030202,"17100301","OSW","RaMCONsw_fvw_1710030202","RaMCONsw","RaMCONsw_fvw",21,"fvw","RaMCONsw","RaMCONsw_fvw","Mixed Conifer - Southwest Oregon",1
"2_41_19_91620",6,114,646,1255,633,1710030202,"17100301","OSW","RaMCONsw_fdm_1710030202","RaMCONsw","RaMCONsw_fdm",41,"fdm","RaMCONsw","RaMCONsw_fdm","Mixed Conifer - Southwest Oregon",1
"2_41_19_53226",6,114,646,1250,593,1710030202,"17100301","OSW","Na0710270_fdd_1710030202","Na0710270","Na0710270_fdd",43,"fdd","Na0710270","Na0710270_fdd","Mediterranean California Dry-Mesic Mixed Conifer Forest and Woodland",1
"2_41_19_74464",6,114,646,1248,1645,1710030202,"17100301","OSW","RaMCONsw_fiw_1710030202","RaMCONsw","RaMCONsw_fiw",20,"fiw","RaMCONsw","RaMCONsw_fiw","Mixed Conifer - Southwest Oregon",1
"2_41_19_85894",6,114,646,1248,1893,1710030202,"17100301","OSW","RaMCONsw_fiw_1710030202","RaMCONsw","RaMCONsw_fiw",20,"fiw","RaMCONsw","RaMCONsw_fiw","Mixed Conifer - Southwest Oregon",1
"2_41_19_51479",6,114,646,1250,971,1710030202,"17100301","OSW","Na0710270_fdd_1710030202","Na0710270","Na0710270_fdd",43,"fdd","Na0710270","Na0710270_fdd","Mediterranean California Dry-Mesic Mixed Conifer Forest and Woodland",1
"2_41_19_79721",6,120,683,1308,1426,1710030705,"17100306","OSW","RaMCONsw_fiw_1710030705","RaMCONsw","RaMCONsw_fiw",20,"fiw","RaMCONsw","RaMCONsw_fiw","Mixed Conifer - Southwest Oregon",1
"2_41_29_87167",6,120,683,1310,1158,1710030705,"17100306","OSW","Na0710270_fdd_1710030705","Na0710270","Na0710270_fdd",43,"fdd","Na0710270","Na0710270_fdd","Mediterranean California Dry-Mesic Mixed Conifer Forest and Woodland",1
"2_41_29_75263",6,120,683,1310,758,1710030705,"17100306","OSW","Na0710270_fdd_1710030705","Na0710270","Na0710270_fdd",43,"fdd","Na0710270","Na0710270_fdd","Mediterranean California Dry-Mesic Mixed Conifer Forest and Woodland",1
"2_41_29_73691",6,120,683,1310,1262,1710030705,"17100306","OSW","Na0710270_fdd_1710030705","Na0710270","Na0710270_fdd",43,"fdd","Na0710270","Na0710270_fdd","Mediterranean California Dry-Mesic Mixed Conifer Forest and Woodland",1
"2_41_29_52352",6,120,685,1434,1971,1710030707,"17100306","OSW","Na0710270_fdd_1710030707","Na0710270","Na0710270_fdd",43,"fdd","Na0710270","Na0710270_fdd","Mediterranean California Dry-Mesic Mixed Conifer Forest and Woodland",1
"2_41_29_63672",6,120,686,1524,500,1710030708,"17100306","OSW","Na0710270_fdd_1710030708","Na0710270","Na0710270_fdd",43,"fdd","Na0710270","Na0710270_fdd","Mediterranean California Dry-Mesic Mixed Conifer Forest and Woodland",1
"2_41_29_52829",6,120,686,1523,1012,1710030708,"17100306","OSW","Na0210290_fwo_1710030708","Na0210290","Na0210290_fwo",57,"fwo","Na0210290","Na0210290_fwo","Mediterranean California Mixed Oak Woodland",1
"2_41_29_94342",6,120,686,1523,2029,1710030708,"17100306","OSW","Na0210290_fwo_1710030708","Na0210290","Na0210290_fwo",57,"fwo","Na0210290","Na0210290_fwo","Mediterranean California Mixed Oak Woodland",1
"2_41_29_50957",6,120,686,1523,1765,1710030708,"17100306","OSW","Na0210290_fwo_1710030708","Na0210290","Na0210290_fwo",57,"fwo","Na0210290","Na0210290_fwo","Mediterranean California Mixed Oak Woodland",1
"2_41_29_75988",6,121,687,1620,1753,1710030801,"17100307","OSW","RaMCONsw_fiw_1710030801","RaMCONsw","RaMCONsw_fiw",20,"fiw","RaMCONsw","RaMCONsw_fiw","Mixed Conifer - Southwest Oregon",1
"2_41_29_65145",6,121,687,1602,2228,1710030801,"17100307","OSW","Na0710270_fdd_1710030801","Na0710270","Na0710270_fdd",43,"fdd","Na0710270","Na0710270_fdd","Mediterranean California Dry-Mesic Mixed Conifer Forest and Woodland",1
"2_41_29_53917",6,121,687,1620,2387,1710030801,"17100307","OSW","RaMCONsw_fiw_1710030801","RaMCONsw","RaMCONsw_fiw",20,"fiw","RaMCONsw","RaMCONsw_fiw","Mixed Conifer - Southwest Oregon",1
"2_41_29_59184",6,121,687,2243,1307,1710030801,"17100307","OSW","RaREFI_fcw_17100308","RaREFI","RaREFI_fcw",19,"fcw","RaREFI","RaREFI_fcw","Red Fir",3
"6_53_9_84507",9,145,804,1837,1054,1711002002,"17110019","WCR","RaDFHEdy_fdg_17110020","RaDFHEdy","RaDFHEdy_fdg",24,"fdg","RaDFHEdy","RaDFHEdy_fdg","Douglas-fir Hemlock-Dry Mesic",3
"6_53_9_67651",9,145,804,1836,2037,1711002002,"17110019","WCR","RaDFHEdy_fwi_17110020","RaDFHEdy","RaDFHEdy_fwi",31,"fwi","RaDFHEdy","RaDFHEdy_fwi","Douglas-fir Hemlock-Dry Mesic",3
"6_53_9_97847",9,145,804,1836,2212,1711002002,"17110019","WCR","RaDFHEdy_fwi_17110020","RaDFHEdy","RaDFHEdy_fwi",31,"fwi","RaDFHEdy","RaDFHEdy_fwi","Douglas-fir Hemlock-Dry Mesic",3
"6_53_9_51192",9,145,804,1836,803,1711002002,"17110019","WCR","RaDFHEdy_fwi_17110020","RaDFHEdy","RaDFHEdy_fwi",31,"fwi","RaDFHEdy","RaDFHEdy_fwi","Douglas-fir Hemlock-Dry Mesic",3
"6_53_9_73261",9,145,803,1853,1540,1711002001,"17110019","WCR","RaABAMlw_fsi_17110020","RaABAMlw","RaABAMlw_fsi",14,"fsi","RaABAMlw","RaABAMlw_fsi","Pacific Silver Fir - Low Elevation",3
"6_53_9_98546",9,145,803,1837,648,1711002001,"17110019","WCR","RaDFHEdy_fdg_17110020","RaDFHEdy","RaDFHEdy_fdg",24,"fdg","RaDFHEdy","RaDFHEdy_fdg","Douglas-fir Hemlock-Dry Mesic",3
"6_53_9_69367",9,143,794,1871,1098,1711001807,"17110017","WCR","RaABAMlw_fsi_17110018","RaABAMlw","RaABAMlw_fsi",14,"fsi","RaABAMlw","RaABAMlw_fsi","Pacific Silver Fir - Low Elevation",3
"6_53_9_94991",9,143,794,1871,673,1711001807,"17110017","WCR","RaABAMlw_fsi_17110018","RaABAMlw","RaABAMlw_fsi",14,"fsi","RaABAMlw","RaABAMlw_fsi","Pacific Silver Fir - Low Elevation",3
"6_53_31_88158",9,143,793,1869,1082,1711001806,"17110017","WCR","RaDFHEdy_fwi_17110018","RaDFHEdy","RaDFHEdy_fwi",31,"fwi","RaDFHEdy","RaDFHEdy_fwi","Douglas-fir Hemlock-Dry Mesic",3
"6_53_31_59087",9,143,793,1868,1535,1711001806,"17110017","WCR","RaDFHEdy_fdg_17110018","RaDFHEdy","RaDFHEdy_fdg",24,"fdg","RaDFHEdy","RaDFHEdy_fdg","Douglas-fir Hemlock-Dry Mesic",3
"6_53_31_54704",9,143,793,1869,2871,1711001806,"17110017","WCR","RaDFHEdy_fwi_17110018","RaDFHEdy","RaDFHEdy_fwi",31,"fwi","RaDFHEdy","RaDFHEdy_fwi","Douglas-fir Hemlock-Dry Mesic",3
"6_53_31_67297",9,143,793,1871,1058,1711001806,"17110017","WCR","RaABAMlw_fsi_17110018","RaABAMlw","RaABAMlw_fsi",14,"fsi","RaABAMlw","RaABAMlw_fsi","Pacific Silver Fir - Low Elevation",3
"6_53_31_68844",9,143,792,1869,1722,1711001805,"17110017","WCR","RaDFHEdy_fwi_17110018","RaDFHEdy","RaDFHEdy_fwi",31,"fwi","RaDFHEdy","RaDFHEdy_fwi","Douglas-fir Hemlock-Dry Mesic",3
"6_53_31_80749",9,143,792,1869,1729,1711001805,"17110017","WCR","RaDFHEdy_fwi_17110018","RaDFHEdy","RaDFHEdy_fwi",31,"fwi","RaDFHEdy","RaDFHEdy_fwi","Douglas-fir Hemlock-Dry Mesic",3
"6_53_31_96279",9,143,792,1869,1844,1711001805,"17110017","WCR","RaDFHEdy_fwi_17110018","RaDFHEdy","RaDFHEdy_fwi",31,"fwi","RaDFHEdy","RaDFHEdy_fwi","Douglas-fir Hemlock-Dry Mesic",3
"6_53_31_74302",9,143,791,1869,1426,1711001804,"17110017","WCR","RaDFHEdy_fwi_17110018","RaDFHEdy","RaDFHEdy_fwi",31,"fwi","RaDFHEdy","RaDFHEdy_fwi","Douglas-fir Hemlock-Dry Mesic",3
"6_53_31_89160",9,143,791,1869,1568,1711001804,"17110017","WCR","RaDFHEdy_fwi_17110018","RaDFHEdy","RaDFHEdy_fwi",31,"fwi","RaDFHEdy","RaDFHEdy_fwi","Douglas-fir Hemlock-Dry Mesic",3
"6_53_31_93117",9,143,790,1869,1238,1711001803,"17110017","WCR","RaDFHEdy_fwi_17110018","RaDFHEdy","RaDFHEdy_fwi",31,"fwi","RaDFHEdy","RaDFHEdy_fwi","Douglas-fir Hemlock-Dry Mesic",3
"6_53_31_97659",9,143,790,1869,2348,1711001803,"17110017","WCR","RaDFHEdy_fwi_17110018","RaDFHEdy","RaDFHEdy_fwi",31,"fwi","RaDFHEdy","RaDFHEdy_fwi","Douglas-fir Hemlock-Dry Mesic",3
"6_53_31_67745",9,143,790,1869,1102,1711001803,"17110017","WCR","RaDFHEdy_fwi_17110018","RaDFHEdy","RaDFHEdy_fwi",31,"fwi","RaDFHEdy","RaDFHEdy_fwi","Douglas-fir Hemlock-Dry Mesic",3
"5_53_35_60586",9,143,788,1869,1037,1711001801,"17110017","WCR","RaDFHEdy_fwi_17110018","RaDFHEdy","RaDFHEdy_fwi",31,"fwi","RaDFHEdy","RaDFHEdy_fwi","Douglas-fir Hemlock-Dry Mesic",3
"5_53_35_59865",9,143,788,1868,1043,1711001801,"17110017","WCR","RaDFHEdy_fdg_17110018","RaDFHEdy","RaDFHEdy_fdg",24,"fdg","RaDFHEdy","RaDFHEdy_fdg","Douglas-fir Hemlock-Dry Mesic",3
"6_53_45_57105",9,143,788,1869,1724,1711001801,"17110017","WCR","RaDFHEdy_fwi_17110018","RaDFHEdy","RaDFHEdy_fwi",31,"fwi","RaDFHEdy","RaDFHEdy_fwi","Douglas-fir Hemlock-Dry Mesic",3
"6_53_67_50024",13,144,799,1812,662,1711001905,"17110018","WWC","RaDFHEdy_fdg_17110019","RaDFHEdy","RaDFHEdy_fdg",24,"fdg","RaDFHEdy","RaDFHEdy_fdg","Douglas-fir Hemlock-Dry Mesic",3
"6_53_67_94620",13,141,785,1929,528,1711001602,"17110015","WWC","RaDFHEdy_fwi_17110016","RaDFHEdy","RaDFHEdy_fwi",31,"fwi","RaDFHEdy","RaDFHEdy_fwi","Douglas-fir Hemlock-Dry Mesic",3
"6_53_67_55349",9,102,578,2307,1814,1710010303,"17100102","WCR","RaDFHEwt_fwm_WCR","RaDFHEwt","RaDFHEwt_fwm",33,"fwm","RaDFHEwt","RaDFHEwt_fwm","Douglas-fir Hemlock-Wet Mesic",5
"7_53_41_80670",9,102,578,2307,798,1710010303,"17100102","WCR","RaDFHEwt_fwm_WCR","RaDFHEwt","RaDFHEwt_fwm",33,"fwm","RaDFHEwt","RaDFHEwt_fwm","Douglas-fir Hemlock-Wet Mesic",5
"7_53_41_65154",9,102,579,1931,430,1710010304,"17100102","WCR","RaDFHEdy_fdg_17100103","RaDFHEdy","RaDFHEdy_fdg",24,"fdg","RaDFHEdy","RaDFHEdy_fdg","Douglas-fir Hemlock-Dry Mesic",3
"7_53_41_52105",9,102,576,1931,715,1710010301,"17100102","WCR","RaDFHEdy_fdg_17100103","RaDFHEdy","RaDFHEdy_fdg",24,"fdg","RaDFHEdy","RaDFHEdy_fdg","Douglas-fir Hemlock-Dry Mesic",3
"7_53_41_82370",13,83,478,1950,1394,1708000503,"17080004","WWC","RaDFHEdy_fdg_17080005","RaDFHEdy","RaDFHEdy_fdg",24,"fdg","RaDFHEdy","RaDFHEdy_fdg","Douglas-fir Hemlock-Dry Mesic",3
"7_53_15_82557",13,83,484,1952,1081,1708000509,"17080004","WWC","RaDFHEdy_fwi_17080005","RaDFHEdy","RaDFHEdy_fwi",31,"fwi","RaDFHEdy","RaDFHEdy_fwi","Douglas-fir Hemlock-Dry Mesic",3
"7_53_15_71769",13,83,484,2299,670,1708000509,"17080004","WWC","RaDFHEwt_fwn_WWC","RaDFHEwt","RaDFHEwt_fwn",32,"fwn","RaDFHEwt","RaDFHEwt_fwn","Douglas-fir Hemlock-Wet Mesic",5
"7_53_15_86577",13,83,483,1952,645,1708000508,"17080004","WWC","RaDFHEdy_fwi_17080005","RaDFHEdy","RaDFHEdy_fwi",31,"fwi","RaDFHEdy","RaDFHEdy_fwi","Douglas-fir Hemlock-Dry Mesic",3
"0_41_51_70276",3,96,550,421,1297,1709001004,"17090009","OCR","RaDFWV_fwx_1709001004","RaDFWV","RaDFWV_fwx",37,"fwx","RaDFWV","RaDFWV_fwx","Douglas-fir Willamatte Valley Foothills",1
"5_53_55_86756",11,128,728,1796,1048,1711000304,"17110002","WNC","RaDFHEdy_fwi_17110003","RaDFHEdy","RaDFHEdy_fwi",31,"fwi","RaDFHEdy","RaDFHEdy_fwi","Douglas-fir Hemlock-Dry Mesic",3
"0_41_67_50393",3,96,551,463,880,1709001005,"17090009","OCR","RaDFWV_fwx_1709001005","RaDFWV","RaDFWV_fwx",37,"fwx","RaDFWV","RaDFWV_fwx","Douglas-fir Willamatte Valley Foothills",1
"0_41_47_63087",7,95,545,515,46,1709000905,"17090008","OWC","RaDFWV_fwx_1709000905","RaDFWV","RaDFWV_fwx",37,"fwx","RaDFWV","RaDFWV_fwx","Douglas-fir Willamatte Valley Foothills",1
"1_41_43_51251",7,92,527,726,403,1709000606,"17090005","OWC","RaDFWV_fwx_1709000606","RaDFWV","RaDFWV_fwx",37,"fwx","RaDFWV","RaDFWV_fwx","Douglas-fir Willamatte Valley Foothills",1
"1_41_43_84894",7,92,529,727,1157,1709000608,"17090005","OWC","RaDFWV_fwx_1709000608","RaDFWV","RaDFWV_fwx",37,"fwx","RaDFWV","RaDFWV_fwx","Douglas-fir Willamatte Valley Foothills",1
"1_41_39_84943",7,90,514,2110,1451,1709000406,"17090003B","OWC","RaDFHEdy_fwi_17090004","RaDFHEdy","RaDFHEdy_fwi",31,"fwi","RaDFHEdy","RaDFHEdy_fwi","Douglas-fir Hemlock-Dry Mesic",3
"1_41_39_93743",7,90,514,880,941,1709000406,"17090003B","OWC","RaDFWV_fwx_1709000406","RaDFWV","RaDFWV_fwx",37,"fwx","RaDFWV","RaDFWV_fwx","Douglas-fir Willamatte Valley Foothills",1
"1_41_39_54673",7,90,514,2110,2066,1709000406,"17090003B","OWC","RaDFHEdy_fwi_17090004","RaDFHEdy","RaDFHEdy_fwi",31,"fwi","RaDFHEdy","RaDFHEdy_fwi","Douglas-fir Hemlock-Dry Mesic",3
"1_41_39_79431",7,90,515,908,512,1709000407,"17090003B","OWC","RaDFWV_fwx_1709000407","RaDFWV","RaDFWV_fwx",37,"fwx","RaDFWV","RaDFWV_fwx","Douglas-fir Willamatte Valley Foothills",1
"1_41_39_97792",7,86,498,2139,1505,1709000110,"17080006A","OWC","RaDFHEdy_fwi_17090001","RaDFHEdy","RaDFHEdy_fwi",31,"fwi","RaDFHEdy","RaDFHEdy_fwi","Douglas-fir Hemlock-Dry Mesic",3
"1_41_39_85008",7,86,496,956,1461,1709000108,"17080006A","OWC","RaDFWV_fwx_1709000108","RaDFWV","RaDFWV_fwx",37,"fwx","RaDFWV","RaDFWV_fwx","Douglas-fir Willamatte Valley Foothills",1
"1_41_39_92716",7,86,497,965,668,1709000109,"17080006A","OWC","RaDFWV_fwx_1709000109","RaDFWV","RaDFWV_fwx",37,"fwx","RaDFWV","RaDFWV_fwx","Douglas-fir Willamatte Valley Foothills",1
"1_41_39_79728",7,86,495,2139,1433,1709000107,"17080006A","OWC","RaDFHEdy_fwi_17090001","RaDFHEdy","RaDFHEdy_fwi",31,"fwi","RaDFHEdy","RaDFHEdy_fwi","Douglas-fir Hemlock-Dry Mesic",3
"1_41_39_80290",7,87,500,2146,1371,1709000202,"17090001","OWC","RaDFHEdy_fwi_17090002","RaDFHEdy","RaDFHEdy_fwi",31,"fwi","RaDFHEdy","RaDFHEdy_fwi","Douglas-fir Hemlock-Dry Mesic",3
"1_41_39_51803",7,87,500,2146,2159,1709000202,"17090001","OWC","RaDFHEdy_fwi_17090002","RaDFHEdy","RaDFHEdy_fwi",31,"fwi","RaDFHEdy","RaDFHEdy_fwi","Douglas-fir Hemlock-Dry Mesic",3
"1_41_39_65349",7,87,500,2146,1427,1709000202,"17090001","OWC","RaDFHEdy_fwi_17090002","RaDFHEdy","RaDFHEdy_fwi",31,"fwi","RaDFHEdy","RaDFHEdy_fwi","Douglas-fir Hemlock-Dry Mesic",3
"1_41_39_53070",7,87,500,2146,2410,1709000202,"17090001","OWC","RaDFHEdy_fwi_17090002","RaDFHEdy","RaDFHEdy_fwi",31,"fwi","RaDFHEdy","RaDFHEdy_fwi","Douglas-fir Hemlock-Dry Mesic",3
"1_41_39_97233",7,87,500,2146,1802,1709000202,"17090001","OWC","RaDFHEdy_fwi_17090002","RaDFHEdy","RaDFHEdy_fwi",31,"fwi","RaDFHEdy","RaDFHEdy_fwi","Douglas-fir Hemlock-Dry Mesic",3
"2_41_19_90036",7,87,500,2146,1989,1709000202,"17090001","OWC","RaDFHEdy_fwi_17090002","RaDFHEdy","RaDFHEdy_fwi",31,"fwi","RaDFHEdy","RaDFHEdy_fwi","Douglas-fir Hemlock-Dry Mesic",3
"1_41_39_98157",7,87,500,2146,2391,1709000202,"17090001","OWC","RaDFHEdy_fwi_17090002","RaDFHEdy","RaDFHEdy_fwi",31,"fwi","RaDFHEdy","RaDFHEdy_fwi","Douglas-fir Hemlock-Dry Mesic",3
"1_41_39_63476",6,113,639,2180,720,1710030106,"17100207","OSW","RaDFHEdy_fwi_17100301","RaDFHEdy","RaDFHEdy_fwi",31,"fwi","RaDFHEdy","RaDFHEdy_fwi","Douglas-fir Hemlock-Dry Mesic",3
"1_41_39_58839",6,113,639,2180,1235,1710030106,"17100207","OSW","RaDFHEdy_fwi_17100301","RaDFHEdy","RaDFHEdy_fwi",31,"fwi","RaDFHEdy","RaDFHEdy_fwi","Douglas-fir Hemlock-Dry Mesic",3
"1_41_39_82489",6,113,639,2186,1098,1710030106,"17100207","OSW","R1RFWF_fcw_17100301","R1RFWF","R1RFWF_fcw",18,"fcw","R1RFWF","R1RFWF_fcw","Red Fir / White Fir",3
"2_41_19_89155",6,113,639,2347,712,1710030106,"17100207","OSW","RaDFHEwt_fwm_OSW","RaDFHEwt","RaDFHEwt_fwm",33,"fwm","RaDFHEwt","RaDFHEwt_fwm","Douglas-fir Hemlock-Wet Mesic",5
"2_41_19_97148",6,113,639,1111,1339,1710030106,"17100207","OSW","RaMCONsw_fiw_1710030106","RaMCONsw","RaMCONsw_fiw",20,"fiw","RaMCONsw","RaMCONsw_fiw","Mixed Conifer - Southwest Oregon",1
"2_41_19_70250",6,113,639,2186,795,1710030106,"17100207","OSW","R1RFWF_fcw_17100301","R1RFWF","R1RFWF_fcw",18,"fcw","R1RFWF","R1RFWF_fcw","Red Fir / White Fir",3
"2_41_19_70867",6,113,639,2186,1277,1710030106,"17100207","OSW","R1RFWF_fcw_17100301","R1RFWF","R1RFWF_fcw",18,"fcw","R1RFWF","R1RFWF_fcw","Red Fir / White Fir",3
"2_41_19_89395",6,113,639,2180,573,1710030106,"17100207","OSW","RaDFHEdy_fwi_17100301","RaDFHEdy","RaDFHEdy_fwi",31,"fwi","RaDFHEdy","RaDFHEdy_fwi","Douglas-fir Hemlock-Dry Mesic",3
"2_41_19_98362",6,113,640,2347,736,1710030107,"17100207","OSW","RaDFHEwt_fwm_OSW","RaDFHEwt","RaDFHEwt_fwm",33,"fwm","RaDFHEwt","RaDFHEwt_fwm","Douglas-fir Hemlock-Wet Mesic",5
"2_41_19_63502",6,113,641,2186,863,1710030108,"17100207","OSW","R1RFWF_fcw_17100301","R1RFWF","R1RFWF_fcw",18,"fcw","R1RFWF","R1RFWF_fcw","Red Fir / White Fir",3
"2_41_19_81436",6,113,641,2347,870,1710030108,"17100207","OSW","RaDFHEwt_fwm_OSW","RaDFHEwt","RaDFHEwt_fwm",33,"fwm","RaDFHEwt","RaDFHEwt_fwm","Douglas-fir Hemlock-Wet Mesic",5
"2_41_19_83827",6,113,641,2186,2099,1710030108,"17100207","OSW","R1RFWF_fcw_17100301","R1RFWF","R1RFWF_fcw",18,"fcw","R1RFWF","R1RFWF_fcw","Red Fir / White Fir",3
"2_41_19_69501",6,113,641,2186,1197,1710030108,"17100207","OSW","R1RFWF_fcw_17100301","R1RFWF","R1RFWF_fcw",18,"fcw","R1RFWF","R1RFWF_fcw","Red Fir / White Fir",3
"2_41_19_81129",6,113,641,2186,2392,1710030108,"17100207","OSW","R1RFWF_fcw_17100301","R1RFWF","R1RFWF_fcw",18,"fcw","R1RFWF","R1RFWF_fcw","Red Fir / White Fir",3
"2_41_19_83441",6,113,643,2186,2371,1710030110,"17100207","OSW","R1RFWF_fcw_17100301","R1RFWF","R1RFWF_fcw",18,"fcw","R1RFWF","R1RFWF_fcw","Red Fir / White Fir",3
"2_41_19_90319",6,113,643,2186,2383,1710030110,"17100207","OSW","R1RFWF_fcw_17100301","R1RFWF","R1RFWF_fcw",18,"fcw","R1RFWF","R1RFWF_fcw","Red Fir / White Fir",3
"2_41_19_84965",6,113,643,2186,1698,1710030110,"17100207","OSW","R1RFWF_fcw_17100301","R1RFWF","R1RFWF_fcw",18,"fcw","R1RFWF","R1RFWF_fcw","Red Fir / White Fir",3
"2_41_19_76071",6,113,643,1158,1440,1710030110,"17100207","OSW","RaMCONsw_fiw_1710030110","RaMCONsw","RaMCONsw_fiw",20,"fiw","RaMCONsw","RaMCONsw_fiw","Mixed Conifer - Southwest Oregon",1
"2_41_19_95133",6,114,647,1202,1275,1710030203,"17100301","OSW","Na0710270_fdd_1710030203","Na0710270","Na0710270_fdd",43,"fdd","Na0710270","Na0710270_fdd","Mediterranean California Dry-Mesic Mixed Conifer Forest and Woodland",1
"2_41_19_86759",6,114,647,1202,1104,1710030203,"17100301","OSW","Na0710270_fdd_1710030203","Na0710270","Na0710270_fdd",43,"fdd","Na0710270","Na0710270_fdd","Mediterranean California Dry-Mesic Mixed Conifer Forest and Woodland",1
"2_41_19_84143",6,114,647,1202,1221,1710030203,"17100301","OSW","Na0710270_fdd_1710030203","Na0710270","Na0710270_fdd",43,"fdd","Na0710270","Na0710270_fdd","Mediterranean California Dry-Mesic Mixed Conifer Forest and Woodland",1
"2_41_19_87711",6,114,647,2202,525,1710030203,"17100301","OSW","RaDFHEdy_fwi_17100302","RaDFHEdy","RaDFHEdy_fwi",31,"fwi","RaDFHEdy","RaDFHEdy_fwi","Douglas-fir Hemlock-Dry Mesic",3
"2_41_19_60290",6,114,645,1203,956,1710030201,"17100301","OSW","RaMCONsw_fvw_1710030201","RaMCONsw","RaMCONsw_fvw",21,"fvw","RaMCONsw","RaMCONsw_fvw","Mixed Conifer - Southwest Oregon",1
"2_41_19_62795",6,114,645,1203,1142,1710030201,"17100301","OSW","RaMCONsw_fvw_1710030201","RaMCONsw","RaMCONsw_fvw",21,"fvw","RaMCONsw","RaMCONsw_fvw","Mixed Conifer - Southwest Oregon",1
"2_41_19_74429",6,114,645,1203,435,1710030201,"17100301","OSW","RaMCONsw_fvw_1710030201","RaMCONsw","RaMCONsw_fvw",21,"fvw","RaMCONsw","RaMCONsw_fvw","Mixed Conifer - Southwest Oregon",1
"2_41_19_92593",6,114,647,2202,600,1710030203,"17100301","OSW","RaDFHEdy_fwi_17100302","RaDFHEdy","RaDFHEdy_fwi",31,"fwi","RaDFHEdy","RaDFHEdy_fwi","Douglas-fir Hemlock-Dry Mesic",3
"2_41_19_59376",6,114,646,1254,1291,1710030202,"17100301","OSW","RaMCONsw_fvw_1710030202","RaMCONsw","RaMCONsw_fvw",21,"fvw","RaMCONsw","RaMCONsw_fvw","Mixed Conifer - Southwest Oregon",1
"2_41_19_94137",6,114,646,1255,581,1710030202,"17100301","OSW","RaMCONsw_fdm_1710030202","RaMCONsw","RaMCONsw_fdm",41,"fdm","RaMCONsw","RaMCONsw_fdm","Mixed Conifer - Southwest Oregon",1
"2_41_19_80323",6,114,646,1255,774,1710030202,"17100301","OSW","RaMCONsw_fdm_1710030202","RaMCONsw","RaMCONsw_fdm",41,"fdm","RaMCONsw","RaMCONsw_fdm","Mixed Conifer - Southwest Oregon",1
"2_41_19_83485",6,114,646,1248,1348,1710030202,"17100301","OSW","RaMCONsw_fiw_1710030202","RaMCONsw","RaMCONsw_fiw",20,"fiw","RaMCONsw","RaMCONsw_fiw","Mixed Conifer - Southwest Oregon",1
"2_41_19_54021",6,114,646,1248,1324,1710030202,"17100301","OSW","RaMCONsw_fiw_1710030202","RaMCONsw","RaMCONsw_fiw",20,"fiw","RaMCONsw","RaMCONsw_fiw","Mixed Conifer - Southwest Oregon",1
"2_41_19_69868",6,114,646,1248,1270,1710030202,"17100301","OSW","RaMCONsw_fiw_1710030202","RaMCONsw","RaMCONsw_fiw",20,"fiw","RaMCONsw","RaMCONsw_fiw","Mixed Conifer - Southwest Oregon",1
"2_41_29_77683",6,120,683,1308,1244,1710030705,"17100306","OSW","RaMCONsw_fiw_1710030705","RaMCONsw","RaMCONsw_fiw",20,"fiw","RaMCONsw","RaMCONsw_fiw","Mixed Conifer - Southwest Oregon",1
"2_41_29_52655",6,120,683,1310,441,1710030705,"17100306","OSW","Na0710270_fdd_1710030705","Na0710270","Na0710270_fdd",43,"fdd","Na0710270","Na0710270_fdd","Mediterranean California Dry-Mesic Mixed Conifer Forest and Woodland",1
"2_41_29_70272",6,120,683,1310,1221,1710030705,"17100306","OSW","Na0710270_fdd_1710030705","Na0710270","Na0710270_fdd",43,"fdd","Na0710270","Na0710270_fdd","Mediterranean California Dry-Mesic Mixed Conifer Forest and Woodland",1
"2_41_29_61785",6,120,683,1310,817,1710030705,"17100306","OSW","Na0710270_fdd_1710030705","Na0710270","Na0710270_fdd",43,"fdd","Na0710270","Na0710270_fdd","Mediterranean California Dry-Mesic Mixed Conifer Forest and Woodland",1
"2_41_29_65028",6,120,683,1310,715,1710030705,"17100306","OSW","Na0710270_fdd_1710030705","Na0710270","Na0710270_fdd",43,"fdd","Na0710270","Na0710270_fdd","Mediterranean California Dry-Mesic Mixed Conifer Forest and Woodland",1
"2_41_29_75087",6,120,682,1451,2615,1710030704,"17100306","OSW","Na0710270_fdd_1710030704","Na0710270","Na0710270_fdd",43,"fdd","Na0710270","Na0710270_fdd","Mediterranean California Dry-Mesic Mixed Conifer Forest and Woodland",1
"2_41_29_77507",6,120,686,1524,1253,1710030708,"17100306","OSW","Na0710270_fdd_1710030708","Na0710270","Na0710270_fdd",43,"fdd","Na0710270","Na0710270_fdd","Mediterranean California Dry-Mesic Mixed Conifer Forest and Woodland",1
"2_41_29_76393",6,120,686,1524,2371,1710030708,"17100306","OSW","Na0710270_fdd_1710030708","Na0710270","Na0710270_fdd",43,"fdd","Na0710270","Na0710270_fdd","Mediterranean California Dry-Mesic Mixed Conifer Forest and Woodland",1
"2_41_29_71307",6,121,687,1620,2098,1710030801,"17100307","OSW","RaMCONsw_fiw_1710030801","RaMCONsw","RaMCONsw_fiw",20,"fiw","RaMCONsw","RaMCONsw_fiw","Mixed Conifer - Southwest Oregon",1
"2_41_29_74145",6,121,687,1620,2215,1710030801,"17100307","OSW","RaMCONsw_fiw_1710030801","RaMCONsw","RaMCONsw_fiw",20,"fiw","RaMCONsw","RaMCONsw_fiw","Mixed Conifer - Southwest Oregon",1
"2_41_29_55156",6,121,687,1620,1670,1710030801,"17100307","OSW","RaMCONsw_fiw_1710030801","RaMCONsw","RaMCONsw_fiw",20,"fiw","RaMCONsw","RaMCONsw_fiw","Mixed Conifer - Southwest Oregon",1
"2_41_29_65949",6,121,687,1620,1470,1710030801,"17100307","OSW","RaMCONsw_fiw_1710030801","RaMCONsw","RaMCONsw_fiw",20,"fiw","RaMCONsw","RaMCONsw_fiw","Mixed Conifer - Southwest Oregon",1
"2_41_29_63063",6,161,921,1748,1503,1801020606,"18010204","OSW","Na0710270_fdd_1801020606","Na0710270","Na0710270_fdd",43,"fdd","Na0710270","Na0710270_fdd","Mediterranean California Dry-Mesic Mixed Conifer Forest and Woodland",1
"6_53_9_78385",9,145,803,1836,1193,1711002001,"17110019","WCR","RaDFHEdy_fwi_17110020","RaDFHEdy","RaDFHEdy_fwi",31,"fwi","RaDFHEdy","RaDFHEdy_fwi","Douglas-fir Hemlock-Dry Mesic",3
"6_53_9_58922",9,145,803,1836,1706,1711002001,"17110019","WCR","RaDFHEdy_fwi_17110020","RaDFHEdy","RaDFHEdy_fwi",31,"fwi","RaDFHEdy","RaDFHEdy_fwi","Douglas-fir Hemlock-Dry Mesic",3
"6_53_9_98786",9,143,794,1869,1261,1711001807,"17110017","WCR","RaDFHEdy_fwi_17110018","RaDFHEdy","RaDFHEdy_fwi",31,"fwi","RaDFHEdy","RaDFHEdy_fwi","Douglas-fir Hemlock-Dry Mesic",3
"6_53_9_80142",9,143,794,1869,1250,1711001807,"17110017","WCR","RaDFHEdy_fwi_17110018","RaDFHEdy","RaDFHEdy_fwi",31,"fwi","RaDFHEdy","RaDFHEdy_fwi","Douglas-fir Hemlock-Dry Mesic",3
"6_53_31_81853",9,143,793,1871,918,1711001806,"17110017","WCR","RaABAMlw_fsi_17110018","RaABAMlw","RaABAMlw_fsi",14,"fsi","RaABAMlw","RaABAMlw_fsi","Pacific Silver Fir - Low Elevation",3
"6_53_31_51013",9,143,793,1869,1370,1711001806,"17110017","WCR","RaDFHEdy_fwi_17110018","RaDFHEdy","RaDFHEdy_fwi",31,"fwi","RaDFHEdy","RaDFHEdy_fwi","Douglas-fir Hemlock-Dry Mesic",3
"6_53_31_59294",9,143,793,1869,2193,1711001806,"17110017","WCR","RaDFHEdy_fwi_17110018","RaDFHEdy","RaDFHEdy_fwi",31,"fwi","RaDFHEdy","RaDFHEdy_fwi","Douglas-fir Hemlock-Dry Mesic",3
"6_53_31_73542",9,143,793,1869,2460,1711001806,"17110017","WCR","RaDFHEdy_fwi_17110018","RaDFHEdy","RaDFHEdy_fwi",31,"fwi","RaDFHEdy","RaDFHEdy_fwi","Douglas-fir Hemlock-Dry Mesic",3
"6_53_31_89433",9,143,792,1869,2800,1711001805,"17110017","WCR","RaDFHEdy_fwi_17110018","RaDFHEdy","RaDFHEdy_fwi",31,"fwi","RaDFHEdy","RaDFHEdy_fwi","Douglas-fir Hemlock-Dry Mesic",3
"6_53_31_92989",9,143,792,1869,1837,1711001805,"17110017","WCR","RaDFHEdy_fwi_17110018","RaDFHEdy","RaDFHEdy_fwi",31,"fwi","RaDFHEdy","RaDFHEdy_fwi","Douglas-fir Hemlock-Dry Mesic",3
"6_53_31_73614",9,143,791,1869,1167,1711001804,"17110017","WCR","RaDFHEdy_fwi_17110018","RaDFHEdy","RaDFHEdy_fwi",31,"fwi","RaDFHEdy","RaDFHEdy_fwi","Douglas-fir Hemlock-Dry Mesic",3
"6_53_45_65360",9,143,788,1868,1859,1711001801,"17110017","WCR","RaDFHEdy_fdg_17110018","RaDFHEdy","RaDFHEdy_fdg",24,"fdg","RaDFHEdy","RaDFHEdy_fdg","Douglas-fir Hemlock-Dry Mesic",3
"6_53_45_97186",9,143,788,1869,2332,1711001801,"17110017","WCR","RaDFHEdy_fwi_17110018","RaDFHEdy","RaDFHEdy_fwi",31,"fwi","RaDFHEdy","RaDFHEdy_fwi","Douglas-fir Hemlock-Dry Mesic",3
"6_53_67_89923",9,102,578,2307,1915,1710010303,"17100102","WCR","RaDFHEwt_fwm_WCR","RaDFHEwt","RaDFHEwt_fwm",33,"fwm","RaDFHEwt","RaDFHEwt_fwm","Douglas-fir Hemlock-Wet Mesic",5
"7_53_41_56973",9,102,579,2296,1556,1710010304,"17100102","WCR","RaDFHEwt_fwn_WCR","RaDFHEwt","RaDFHEwt_fwn",32,"fwn","RaDFHEwt","RaDFHEwt_fwn","Douglas-fir Hemlock-Wet Mesic",5
"7_53_41_91589",13,83,484,1950,1777,1708000509,"17080004","WWC","RaDFHEdy_fdg_17080005","RaDFHEdy","RaDFHEdy_fdg",24,"fdg","RaDFHEdy","RaDFHEdy_fdg","Douglas-fir Hemlock-Dry Mesic",3
"7_53_15_97673",13,83,482,1952,1217,1708000507,"17080004","WWC","RaDFHEdy_fwi_17080005","RaDFHEdy","RaDFHEdy_fwi",31,"fwi","RaDFHEdy","RaDFHEdy_fwi","Douglas-fir Hemlock-Dry Mesic",3
"2_41_11_52405",3,117,668,2316,785,1710030403,"17100303A","OCR","RaDFHEwt_fww_OCR","RaDFHEwt","RaDFHEwt_fww",34,"fww","RaDFHEwt","RaDFHEwt_fww","Douglas-fir Hemlock-Wet Mesic",5
"2_41_15_80308",6,119,677,1311,899,1710030603,"17100305","OSW","RaTAOAco_ftm_1710030603","RaTAOAco","RaTAOAco_ftm",47,"ftm","RaTAOAco","RaTAOAco_ftm","Oregon Coastal Tanoak",1
"2_41_15_73788",6,119,677,1311,446,1710030603,"17100305","OSW","RaTAOAco_ftm_1710030603","RaTAOAco","RaTAOAco_ftm",47,"ftm","RaTAOAco","RaTAOAco_ftm","Oregon Coastal Tanoak",1
"2_41_15_99798",6,119,678,1304,608,1710030604,"17100305","OSW","RaTAOAco_ftm_1710030604","RaTAOAco","RaTAOAco_ftm",47,"ftm","RaTAOAco","RaTAOAco_ftm","Oregon Coastal Tanoak",1
"2_41_15_89170",6,119,678,1304,584,1710030604,"17100305","OSW","RaTAOAco_ftm_1710030604","RaTAOAco","RaTAOAco_ftm",47,"ftm","RaTAOAco","RaTAOAco_ftm","Oregon Coastal Tanoak",1
"2_41_15_81743",6,119,678,1304,761,1710030604,"17100305","OSW","RaTAOAco_ftm_1710030604","RaTAOAco","RaTAOAco_ftm",47,"ftm","RaTAOAco","RaTAOAco_ftm","Oregon Coastal Tanoak",1
"2_41_15_53474",6,119,678,1304,1443,1710030604,"17100305","OSW","RaTAOAco_ftm_1710030604","RaTAOAco","RaTAOAco_ftm",47,"ftm","RaTAOAco","RaTAOAco_ftm","Oregon Coastal Tanoak",1
"2_41_15_55530",6,123,704,1457,2886,1710031008,"17100309","OSW","RaTAOAco_ftm_1710031008","RaTAOAco","RaTAOAco_ftm",47,"ftm","RaTAOAco","RaTAOAco_ftm","Oregon Coastal Tanoak",1
"2_41_15_99918",6,123,704,1457,2806,1710031008,"17100309","OSW","RaTAOAco_ftm_1710031008","RaTAOAco","RaTAOAco_ftm",47,"ftm","RaTAOAco","RaTAOAco_ftm","Oregon Coastal Tanoak",1
"2_41_15_88537",6,125,720,1557,3149,1710031205,"17100311","OSW","RaTAOAco_ftm_1710031205","RaTAOAco","RaTAOAco_ftm",47,"ftm","RaTAOAco","RaTAOAco_ftm","Oregon Coastal Tanoak",1
"2_41_15_50552",6,125,720,1557,2841,1710031205,"17100311","OSW","RaTAOAco_ftm_1710031205","RaTAOAco","RaTAOAco_ftm",47,"ftm","RaTAOAco","RaTAOAco_ftm","Oregon Coastal Tanoak",1
"2_41_15_71697",6,125,719,1575,1685,1710031204,"17100311","OSW","RaTAOAco_ftm_1710031204","RaTAOAco","RaTAOAco_ftm",47,"ftm","RaTAOAco","RaTAOAco_ftm","Oregon Coastal Tanoak",1
"2_41_15_59964",6,125,719,1575,1632,1710031204,"17100311","OSW","RaTAOAco_ftm_1710031204","RaTAOAco","RaTAOAco_ftm",47,"ftm","RaTAOAco","RaTAOAco_ftm","Oregon Coastal Tanoak",1
"2_41_15_79813",6,125,719,1575,1122,1710031204,"17100311","OSW","RaTAOAco_ftm_1710031204","RaTAOAco","RaTAOAco_ftm",47,"ftm","RaTAOAco","RaTAOAco_ftm","Oregon Coastal Tanoak",1
"2_41_15_77014",6,125,716,1606,1850,1710031201,"17100311","OSW","RaTAOAco_ftm_1710031201","RaTAOAco","RaTAOAco_ftm",47,"ftm","RaTAOAco","RaTAOAco_ftm","Oregon Coastal Tanoak",1
"2_41_15_85032",6,125,718,1552,594,1710031203,"17100311","OSW","RaTAOAco_ftm_1710031203","RaTAOAco","RaTAOAco_ftm",47,"ftm","RaTAOAco","RaTAOAco_ftm","Oregon Coastal Tanoak",1
"7_53_15_74887",13,83,482,2299,1066,1708000507,"17080004","WWC","RaDFHEwt_fwn_WWC","RaDFHEwt","RaDFHEwt_fwn",32,"fwn","RaDFHEwt","RaDFHEwt_fwn","Douglas-fir Hemlock-Wet Mesic",5
"7_53_15_64645",13,83,484,1952,701,1708000509,"17080004","WWC","RaDFHEdy_fwi_17080005","RaDFHEdy","RaDFHEdy_fwi",31,"fwi","RaDFHEdy","RaDFHEdy_fwi","Douglas-fir Hemlock-Dry Mesic",3
"7_53_15_86446",13,83,483,2292,1084,1708000508,"17080004","WWC","RaDFHEwt_fwm_WWC","RaDFHEwt","RaDFHEwt_fwm",33,"fwm","RaDFHEwt","RaDFHEwt_fwm","Douglas-fir Hemlock-Wet Mesic",5
"7_53_15_54975",13,79,465,2292,643,1708000301,"17080002","WWC","RaDFHEwt_fwm_WWC","RaDFHEwt","RaDFHEwt_fwm",33,"fwm","RaDFHEwt","RaDFHEwt_fwm","Douglas-fir Hemlock-Wet Mesic",5
"7_53_15_57177",13,79,465,1982,1157,1708000301,"17080002","WWC","RaDFHEdy_fwi_17080003C","RaDFHEdy","RaDFHEdy_fwi",31,"fwi","RaDFHEdy","RaDFHEdy_fwi","Douglas-fir Hemlock-Dry Mesic",3
"0_41_9_62893",3,98,561,347,529,1709001204,"17090011","OCR","RaDFWV_fwx_1709001204","RaDFWV","RaDFWV_fwx",37,"fwx","RaDFWV","RaDFWV_fwx","Douglas-fir Willamatte Valley Foothills",1
"0_41_47_55063",3,93,531,638,387,1709000702,"17090006","OCR","RaDFWV_fwx_1709000702","RaDFWV","RaDFWV_fwx",37,"fwx","RaDFWV","RaDFWV_fwx","Douglas-fir Willamatte Valley Foothills",1
"1_41_43_54553",7,91,521,678,866,1709000506,"17090004","OWC","RaDFWV_fwx_1709000506","RaDFWV","RaDFWV_fwx",37,"fwx","RaDFWV","RaDFWV_fwx","Douglas-fir Willamatte Valley Foothills",1
"1_41_43_75507",7,92,527,726,1022,1709000606,"17090005","OWC","RaDFWV_fwx_1709000606","RaDFWV","RaDFWV_fwx",37,"fwx","RaDFWV","RaDFWV_fwx","Douglas-fir Willamatte Valley Foothills",1
"5_53_55_88668",11,128,728,1797,1997,1711000304,"17110002","WNC","RaDFHEdy_fdg_17110003","RaDFHEdy","RaDFHEdy_fdg",24,"fdg","RaDFHEdy","RaDFHEdy_fdg","Douglas-fir Hemlock-Dry Mesic",3
"1_41_43_65403",7,92,527,2329,353,1709000606,"17090005","OWC","RaDFHEwt_fwm_OWC","RaDFHEwt","RaDFHEwt_fwm",33,"fwm","RaDFHEwt","RaDFHEwt_fwm","Douglas-fir Hemlock-Wet Mesic",5
"1_41_43_61400",7,92,529,727,582,1709000608,"17090005","OWC","RaDFWV_fwx_1709000608","RaDFWV","RaDFWV_fwx",37,"fwx","RaDFWV","RaDFWV_fwx","Douglas-fir Willamatte Valley Foothills",1
"1_41_43_51435",7,89,505,794,2547,1709000303,"17090003A","OWC","RaDFWV_fwx_1709000303","RaDFWV","RaDFWV_fwx",37,"fwx","RaDFWV","RaDFWV_fwx","Douglas-fir Willamatte Valley Foothills",1
"1_41_39_84739",7,90,514,880,2157,1709000406,"17090003B","OWC","RaDFWV_fwx_1709000406","RaDFWV","RaDFWV_fwx",37,"fwx","RaDFWV","RaDFWV_fwx","Douglas-fir Willamatte Valley Foothills",1
"1_41_39_80838",7,90,515,2110,1814,1709000407,"17090003B","OWC","RaDFHEdy_fwi_17090004","RaDFHEdy","RaDFHEdy_fwi",31,"fwi","RaDFHEdy","RaDFHEdy_fwi","Douglas-fir Hemlock-Dry Mesic",3
"1_41_39_52570",7,86,496,2139,2065,1709000108,"17080006A","OWC","RaDFHEdy_fwi_17090001","RaDFHEdy","RaDFHEdy_fwi",31,"fwi","RaDFHEdy","RaDFHEdy_fwi","Douglas-fir Hemlock-Dry Mesic",3
"1_41_39_85630",7,86,495,997,878,1709000107,"17080006A","OWC","RaDFWV_fwx_1709000107","RaDFWV","RaDFWV_fwx",37,"fwx","RaDFWV","RaDFWV_fwx","Douglas-fir Willamatte Valley Foothills",1
"1_41_39_77661",7,86,495,2139,2256,1709000107,"17080006A","OWC","RaDFHEdy_fwi_17090001","RaDFHEdy","RaDFHEdy_fwi",31,"fwi","RaDFHEdy","RaDFHEdy_fwi","Douglas-fir Hemlock-Dry Mesic",3
"1_41_39_57385",7,86,495,2139,2796,1709000107,"17080006A","OWC","RaDFHEdy_fwi_17090001","RaDFHEdy","RaDFHEdy_fwi",31,"fwi","RaDFHEdy","RaDFHEdy_fwi","Douglas-fir Hemlock-Dry Mesic",3
"1_41_39_99973",7,87,500,2146,2135,1709000202,"17090001","OWC","RaDFHEdy_fwi_17090002","RaDFHEdy","RaDFHEdy_fwi",31,"fwi","RaDFHEdy","RaDFHEdy_fwi","Douglas-fir Hemlock-Dry Mesic",3
"1_41_39_79786",7,87,500,2146,2560,1709000202,"17090001","OWC","RaDFHEdy_fwi_17090002","RaDFHEdy","RaDFHEdy_fwi",31,"fwi","RaDFHEdy","RaDFHEdy_fwi","Douglas-fir Hemlock-Dry Mesic",3
"1_41_39_72055",7,87,500,2146,967,1709000202,"17090001","OWC","RaDFHEdy_fwi_17090002","RaDFHEdy","RaDFHEdy_fwi",31,"fwi","RaDFHEdy","RaDFHEdy_fwi","Douglas-fir Hemlock-Dry Mesic",3
"1_41_39_59229",7,87,500,2146,2872,1709000202,"17090001","OWC","RaDFHEdy_fwi_17090002","RaDFHEdy","RaDFHEdy_fwi",31,"fwi","RaDFHEdy","RaDFHEdy_fwi","Douglas-fir Hemlock-Dry Mesic",3
"1_41_39_79377",7,87,500,2146,1715,1709000202,"17090001","OWC","RaDFHEdy_fwi_17090002","RaDFHEdy","RaDFHEdy_fwi",31,"fwi","RaDFHEdy","RaDFHEdy_fwi","Douglas-fir Hemlock-Dry Mesic",3
"1_41_39_92027",7,87,500,1029,1011,1709000202,"17090001","OWC","RaDFWV_fwx_1709000202","RaDFWV","RaDFWV_fwx",37,"fwx","RaDFWV","RaDFWV_fwx","Douglas-fir Willamatte Valley Foothills",1
"1_41_39_62629",7,87,500,2146,1725,1709000202,"17090001","OWC","RaDFHEdy_fwi_17090002","RaDFHEdy","RaDFHEdy_fwi",31,"fwi","RaDFHEdy","RaDFHEdy_fwi","Douglas-fir Hemlock-Dry Mesic",3
"1_41_39_77087",7,87,500,2161,1249,1709000202,"17090001","OWC","RaABAMlw_fsi_17090002","RaABAMlw","RaABAMlw_fsi",14,"fsi","RaABAMlw","RaABAMlw_fsi","Pacific Silver Fir - Low Elevation",3
"1_41_39_52952",7,87,500,2146,725,1709000202,"17090001","OWC","RaDFHEdy_fwi_17090002","RaDFHEdy","RaDFHEdy_fwi",31,"fwi","RaDFHEdy","RaDFHEdy_fwi","Douglas-fir Hemlock-Dry Mesic",3
"1_41_39_73841",7,87,500,2146,910,1709000202,"17090001","OWC","RaDFHEdy_fwi_17090002","RaDFHEdy","RaDFHEdy_fwi",31,"fwi","RaDFHEdy","RaDFHEdy_fwi","Douglas-fir Hemlock-Dry Mesic",3
"1_41_39_78344",7,87,500,2146,2062,1709000202,"17090001","OWC","RaDFHEdy_fwi_17090002","RaDFHEdy","RaDFHEdy_fwi",31,"fwi","RaDFHEdy","RaDFHEdy_fwi","Douglas-fir Hemlock-Dry Mesic",3
"1_41_39_75954",7,87,500,2161,1397,1709000202,"17090001","OWC","RaABAMlw_fsi_17090002","RaABAMlw","RaABAMlw_fsi",14,"fsi","RaABAMlw","RaABAMlw_fsi","Pacific Silver Fir - Low Elevation",3
"1_41_39_51413",6,113,640,2186,916,1710030107,"17100207","OSW","R1RFWF_fcw_17100301","R1RFWF","R1RFWF_fcw",18,"fcw","R1RFWF","R1RFWF_fcw","Red Fir / White Fir",3
"1_41_39_88224",6,113,639,2180,1045,1710030106,"17100207","OSW","RaDFHEdy_fwi_17100301","RaDFHEdy","RaDFHEdy_fwi",31,"fwi","RaDFHEdy","RaDFHEdy_fwi","Douglas-fir Hemlock-Dry Mesic",3
"1_41_39_82221",6,113,639,2186,1192,1710030106,"17100207","OSW","R1RFWF_fcw_17100301","R1RFWF","R1RFWF_fcw",18,"fcw","R1RFWF","R1RFWF_fcw","Red Fir / White Fir",3
"1_41_39_72192",6,113,640,2186,1152,1710030107,"17100207","OSW","R1RFWF_fcw_17100301","R1RFWF","R1RFWF_fcw",18,"fcw","R1RFWF","R1RFWF_fcw","Red Fir / White Fir",3
"2_41_19_89757",6,113,640,2186,2863,1710030107,"17100207","OSW","R1RFWF_fcw_17100301","R1RFWF","R1RFWF_fcw",18,"fcw","R1RFWF","R1RFWF_fcw","Red Fir / White Fir",3
"2_41_19_62628",6,113,640,2180,763,1710030107,"17100207","OSW","RaDFHEdy_fwi_17100301","RaDFHEdy","RaDFHEdy_fwi",31,"fwi","RaDFHEdy","RaDFHEdy_fwi","Douglas-fir Hemlock-Dry Mesic",3
"2_41_19_56394",6,113,640,2186,1556,1710030107,"17100207","OSW","R1RFWF_fcw_17100301","R1RFWF","R1RFWF_fcw",18,"fcw","R1RFWF","R1RFWF_fcw","Red Fir / White Fir",3
"2_41_19_88679",6,113,641,2347,1227,1710030108,"17100207","OSW","RaDFHEwt_fwm_OSW","RaDFHEwt","RaDFHEwt_fwm",33,"fwm","RaDFHEwt","RaDFHEwt_fwm","Douglas-fir Hemlock-Wet Mesic",5
"2_41_19_60050",6,113,641,2180,736,1710030108,"17100207","OSW","RaDFHEdy_fwi_17100301","RaDFHEdy","RaDFHEdy_fwi",31,"fwi","RaDFHEdy","RaDFHEdy_fwi","Douglas-fir Hemlock-Dry Mesic",3
"2_41_19_78152",6,113,641,2347,973,1710030108,"17100207","OSW","RaDFHEwt_fwm_OSW","RaDFHEwt","RaDFHEwt_fwm",33,"fwm","RaDFHEwt","RaDFHEwt_fwm","Douglas-fir Hemlock-Wet Mesic",5
"2_41_19_94387",6,113,641,2186,2203,1710030108,"17100207","OSW","R1RFWF_fcw_17100301","R1RFWF","R1RFWF_fcw",18,"fcw","R1RFWF","R1RFWF_fcw","Red Fir / White Fir",3
"2_41_19_90751",6,113,641,1130,1362,1710030108,"17100207","OSW","RaMCONsw_fiw_1710030108","RaMCONsw","RaMCONsw_fiw",20,"fiw","RaMCONsw","RaMCONsw_fiw","Mixed Conifer - Southwest Oregon",1
"2_41_19_88277",6,113,643,2186,2311,1710030110,"17100207","OSW","R1RFWF_fcw_17100301","R1RFWF","R1RFWF_fcw",18,"fcw","R1RFWF","R1RFWF_fcw","Red Fir / White Fir",3
"2_41_19_88341",6,113,643,1158,2717,1710030110,"17100207","OSW","RaMCONsw_fiw_1710030110","RaMCONsw","RaMCONsw_fiw",20,"fiw","RaMCONsw","RaMCONsw_fiw","Mixed Conifer - Southwest Oregon",1
"2_41_19_57209",6,114,647,2203,543,1710030203,"17100301","OSW","RaREFI_fcw_17100302","RaREFI","RaREFI_fcw",19,"fcw","RaREFI","RaREFI_fcw","Red Fir",3
"2_41_19_59213",6,114,647,2202,928,1710030203,"17100301","OSW","RaDFHEdy_fwi_17100302","RaDFHEdy","RaDFHEdy_fwi",31,"fwi","RaDFHEdy","RaDFHEdy_fwi","Douglas-fir Hemlock-Dry Mesic",3
"2_41_19_58010",6,114,647,1202,642,1710030203,"17100301","OSW","Na0710270_fdd_1710030203","Na0710270","Na0710270_fdd",43,"fdd","Na0710270","Na0710270_fdd","Mediterranean California Dry-Mesic Mixed Conifer Forest and Woodland",1
"2_41_19_83839",6,114,647,1202,409,1710030203,"17100301","OSW","Na0710270_fdd_1710030203","Na0710270","Na0710270_fdd",43,"fdd","Na0710270","Na0710270_fdd","Mediterranean California Dry-Mesic Mixed Conifer Forest and Woodland",1
"2_41_19_85319",6,114,647,1202,1414,1710030203,"17100301","OSW","Na0710270_fdd_1710030203","Na0710270","Na0710270_fdd",43,"fdd","Na0710270","Na0710270_fdd","Mediterranean California Dry-Mesic Mixed Conifer Forest and Woodland",1
"2_41_19_95361",6,114,645,2201,579,1710030201,"17100301","OSW","RaDFHEdy_fwx_17100302","RaDFHEdy","RaDFHEdy_fwx",38,"fwx","RaDFHEdy","RaDFHEdy_fwx","Douglas-fir Hemlock-Dry Mesic",3
"2_41_19_75836",6,114,645,1203,481,1710030201,"17100301","OSW","RaMCONsw_fvw_1710030201","RaMCONsw","RaMCONsw_fvw",21,"fvw","RaMCONsw","RaMCONsw_fvw","Mixed Conifer - Southwest Oregon",1
"2_41_19_51128",6,114,645,1195,344,1710030201,"17100301","OSW","Na0710270_fdd_1710030201","Na0710270","Na0710270_fdd",43,"fdd","Na0710270","Na0710270_fdd","Mediterranean California Dry-Mesic Mixed Conifer Forest and Woodland",1
"2_41_19_50164",6,114,646,1248,899,1710030202,"17100301","OSW","RaMCONsw_fiw_1710030202","RaMCONsw","RaMCONsw_fiw",20,"fiw","RaMCONsw","RaMCONsw_fiw","Mixed Conifer - Southwest Oregon",1
"2_41_19_92727",6,114,646,1250,703,1710030202,"17100301","OSW","Na0710270_fdd_1710030202","Na0710270","Na0710270_fdd",43,"fdd","Na0710270","Na0710270_fdd","Mediterranean California Dry-Mesic Mixed Conifer Forest and Woodland",1
"2_41_19_57277",6,114,646,2202,882,1710030202,"17100301","OSW","RaDFHEdy_fwi_17100302","RaDFHEdy","RaDFHEdy_fwi",31,"fwi","RaDFHEdy","RaDFHEdy_fwi","Douglas-fir Hemlock-Dry Mesic",3
"2_41_19_70337",6,114,646,2202,591,1710030202,"17100301","OSW","RaDFHEdy_fwi_17100302","RaDFHEdy","RaDFHEdy_fwi",31,"fwi","RaDFHEdy","RaDFHEdy_fwi","Douglas-fir Hemlock-Dry Mesic",3
"2_41_19_90912",6,114,646,2202,921,1710030202,"17100301","OSW","RaDFHEdy_fwi_17100302","RaDFHEdy","RaDFHEdy_fwi",31,"fwi","RaDFHEdy","RaDFHEdy_fwi","Douglas-fir Hemlock-Dry Mesic",3
"2_41_19_91790",6,114,646,1248,1504,1710030202,"17100301","OSW","RaMCONsw_fiw_1710030202","RaMCONsw","RaMCONsw_fiw",20,"fiw","RaMCONsw","RaMCONsw_fiw","Mixed Conifer - Southwest Oregon",1
"2_41_19_71857",6,114,646,2203,1594,1710030202,"17100301","OSW","RaREFI_fcw_17100302","RaREFI","RaREFI_fcw",19,"fcw","RaREFI","RaREFI_fcw","Red Fir",3
"2_41_29_76817",6,120,683,1308,2435,1710030705,"17100306","OSW","RaMCONsw_fiw_1710030705","RaMCONsw","RaMCONsw_fiw",20,"fiw","RaMCONsw","RaMCONsw_fiw","Mixed Conifer - Southwest Oregon",1
"2_41_19_57834",6,120,683,1308,1501,1710030705,"17100306","OSW","RaMCONsw_fiw_1710030705","RaMCONsw","RaMCONsw_fiw",20,"fiw","RaMCONsw","RaMCONsw_fiw","Mixed Conifer - Southwest Oregon",1
"2_41_29_85304",6,120,683,1308,2504,1710030705,"17100306","OSW","RaMCONsw_fiw_1710030705","RaMCONsw","RaMCONsw_fiw",20,"fiw","RaMCONsw","RaMCONsw_fiw","Mixed Conifer - Southwest Oregon",1
"2_41_29_74235",6,120,683,1308,2803,1710030705,"17100306","OSW","RaMCONsw_fiw_1710030705","RaMCONsw","RaMCONsw_fiw",20,"fiw","RaMCONsw","RaMCONsw_fiw","Mixed Conifer - Southwest Oregon",1
"2_41_29_81709",6,120,683,1308,1496,1710030705,"17100306","OSW","RaMCONsw_fiw_1710030705","RaMCONsw","RaMCONsw_fiw",20,"fiw","RaMCONsw","RaMCONsw_fiw","Mixed Conifer - Southwest Oregon",1
"2_41_29_57851",6,120,681,1398,692,1710030703,"17100306","OSW","Na0710270_fdd_1710030703","Na0710270","Na0710270_fdd",43,"fdd","Na0710270","Na0710270_fdd","Mediterranean California Dry-Mesic Mixed Conifer Forest and Woodland",1
"2_41_29_95747",6,120,681,1398,1134,1710030703,"17100306","OSW","Na0710270_fdd_1710030703","Na0710270","Na0710270_fdd",43,"fdd","Na0710270","Na0710270_fdd","Mediterranean California Dry-Mesic Mixed Conifer Forest and Woodland",1
"2_41_29_76575",6,120,682,1451,1031,1710030704,"17100306","OSW","Na0710270_fdd_1710030704","Na0710270","Na0710270_fdd",43,"fdd","Na0710270","Na0710270_fdd","Mediterranean California Dry-Mesic Mixed Conifer Forest and Woodland",1
"2_41_29_59878",6,120,682,1451,2364,1710030704,"17100306","OSW","Na0710270_fdd_1710030704","Na0710270","Na0710270_fdd",43,"fdd","Na0710270","Na0710270_fdd","Mediterranean California Dry-Mesic Mixed Conifer Forest and Woodland",1
"2_41_29_68018",6,120,682,1451,2267,1710030704,"17100306","OSW","Na0710270_fdd_1710030704","Na0710270","Na0710270_fdd",43,"fdd","Na0710270","Na0710270_fdd","Mediterranean California Dry-Mesic Mixed Conifer Forest and Woodland",1
"2_41_29_52096",6,120,686,1524,1780,1710030708,"17100306","OSW","Na0710270_fdd_1710030708","Na0710270","Na0710270_fdd",43,"fdd","Na0710270","Na0710270_fdd","Mediterranean California Dry-Mesic Mixed Conifer Forest and Woodland",1
"2_41_29_98992",6,120,686,1523,1202,1710030708,"17100306","OSW","Na0210290_fwo_1710030708","Na0210290","Na0210290_fwo",57,"fwo","Na0210290","Na0210290_fwo","Mediterranean California Mixed Oak Woodland",1
"2_41_29_76734",6,120,686,1523,2029,1710030708,"17100306","OSW","Na0210290_fwo_1710030708","Na0210290","Na0210290_fwo",57,"fwo","Na0210290","Na0210290_fwo","Mediterranean California Mixed Oak Woodland",1
"2_41_29_96526",6,120,686,1522,1573,1710030708,"17100306","OSW","RaMCONsw_fiw_1710030708","RaMCONsw","RaMCONsw_fiw",20,"fiw","RaMCONsw","RaMCONsw_fiw","Mixed Conifer - Southwest Oregon",1
"2_41_29_63993",6,120,686,1524,2880,1710030708,"17100306","OSW","Na0710270_fdd_1710030708","Na0710270","Na0710270_fdd",43,"fdd","Na0710270","Na0710270_fdd","Mediterranean California Dry-Mesic Mixed Conifer Forest and Woodland",1
"2_41_29_65288",6,121,687,1620,1654,1710030801,"17100307","OSW","RaMCONsw_fiw_1710030801","RaMCONsw","RaMCONsw_fiw",20,"fiw","RaMCONsw","RaMCONsw_fiw","Mixed Conifer - Southwest Oregon",1
"2_41_29_96338",6,121,687,1585,1362,1710030801,"17100307","OSW","Na0210290_fwo_1710030801","Na0210290","Na0210290_fwo",57,"fwo","Na0210290","Na0210290_fwo","Mediterranean California Mixed Oak Woodland",1
"6_53_31_83232",9,145,803,1836,2036,1711002001,"17110019","WCR","RaDFHEdy_fwi_17110020","RaDFHEdy","RaDFHEdy_fwi",31,"fwi","RaDFHEdy","RaDFHEdy_fwi","Douglas-fir Hemlock-Dry Mesic",3
"6_53_31_67559",9,145,803,2296,1324,1711002001,"17110019","WCR","RaDFHEwt_fwn_WCR","RaDFHEwt","RaDFHEwt_fwn",32,"fwn","RaDFHEwt","RaDFHEwt_fwn","Douglas-fir Hemlock-Wet Mesic",5
"6_53_31_80297",9,145,803,1836,1512,1711002001,"17110019","WCR","RaDFHEdy_fwi_17110020","RaDFHEdy","RaDFHEdy_fwi",31,"fwi","RaDFHEdy","RaDFHEdy_fwi","Douglas-fir Hemlock-Dry Mesic",3
"6_53_31_95501",9,143,794,1869,683,1711001807,"17110017","WCR","RaDFHEdy_fwi_17110018","RaDFHEdy","RaDFHEdy_fwi",31,"fwi","RaDFHEdy","RaDFHEdy_fwi","Douglas-fir Hemlock-Dry Mesic",3
"6_53_31_98178",9,143,794,1869,638,1711001807,"17110017","WCR","RaDFHEdy_fwi_17110018","RaDFHEdy","RaDFHEdy_fwi",31,"fwi","RaDFHEdy","RaDFHEdy_fwi","Douglas-fir Hemlock-Dry Mesic",3
"6_53_31_95488",9,143,792,1869,1830,1711001805,"17110017","WCR","RaDFHEdy_fwi_17110018","RaDFHEdy","RaDFHEdy_fwi",31,"fwi","RaDFHEdy","RaDFHEdy_fwi","Douglas-fir Hemlock-Dry Mesic",3
"5_53_35_99686",9,143,788,1869,1953,1711001801,"17110017","WCR","RaDFHEdy_fwi_17110018","RaDFHEdy","RaDFHEdy_fwi",31,"fwi","RaDFHEdy","RaDFHEdy_fwi","Douglas-fir Hemlock-Dry Mesic",3
"5_53_35_75556",9,143,788,1869,924,1711001801,"17110017","WCR","RaDFHEdy_fwi_17110018","RaDFHEdy","RaDFHEdy_fwi",31,"fwi","RaDFHEdy","RaDFHEdy_fwi","Douglas-fir Hemlock-Dry Mesic",3
"6_53_45_89263",9,143,788,1868,1704,1711001801,"17110017","WCR","RaDFHEdy_fdg_17110018","RaDFHEdy","RaDFHEdy_fdg",24,"fdg","RaDFHEdy","RaDFHEdy_fdg","Douglas-fir Hemlock-Dry Mesic",3
"6_53_45_91128",13,144,800,1812,555,1711001906,"17110018","WWC","RaDFHEdy_fdg_17110019","RaDFHEdy","RaDFHEdy_fdg",24,"fdg","RaDFHEdy","RaDFHEdy_fdg","Douglas-fir Hemlock-Dry Mesic",3
"6_53_45_56609",13,144,798,1812,2652,1711001904,"17110018","WWC","RaDFHEdy_fdg_17110019","RaDFHEdy","RaDFHEdy_fdg",24,"fdg","RaDFHEdy","RaDFHEdy_fdg","Douglas-fir Hemlock-Dry Mesic",3
"6_53_45_85694",13,144,798,1812,1266,1711001904,"17110018","WWC","RaDFHEdy_fdg_17110019","RaDFHEdy","RaDFHEdy_fdg",24,"fdg","RaDFHEdy","RaDFHEdy_fdg","Douglas-fir Hemlock-Dry Mesic",3
"6_53_67_71451",13,144,799,1812,1084,1711001905,"17110018","WWC","RaDFHEdy_fdg_17110019","RaDFHEdy","RaDFHEdy_fdg",24,"fdg","RaDFHEdy","RaDFHEdy_fdg","Douglas-fir Hemlock-Dry Mesic",3
"6_53_67_63896",9,102,580,2296,563,1710010305,"17100102","WCR","RaDFHEwt_fwn_WCR","RaDFHEwt","RaDFHEwt_fwn",32,"fwn","RaDFHEwt","RaDFHEwt_fwn","Douglas-fir Hemlock-Wet Mesic",5
"7_53_41_81845",9,102,578,2307,1809,1710010303,"17100102","WCR","RaDFHEwt_fwm_WCR","RaDFHEwt","RaDFHEwt_fwm",33,"fwm","RaDFHEwt","RaDFHEwt_fwm","Douglas-fir Hemlock-Wet Mesic",5
"7_53_41_68310",9,102,579,2296,1009,1710010304,"17100102","WCR","RaDFHEwt_fwn_WCR","RaDFHEwt","RaDFHEwt_fwn",32,"fwn","RaDFHEwt","RaDFHEwt_fwn","Douglas-fir Hemlock-Wet Mesic",5
"7_53_41_82478",9,102,579,1932,3105,1710010304,"17100102","WCR","RaDFHEdy_fwi_17100103","RaDFHEdy","RaDFHEdy_fwi",31,"fwi","RaDFHEdy","RaDFHEdy_fwi","Douglas-fir Hemlock-Dry Mesic",3
"7_53_41_70723",13,83,484,1952,2769,1708000509,"17080004","WWC","RaDFHEdy_fwi_17080005","RaDFHEdy","RaDFHEdy_fwi",31,"fwi","RaDFHEdy","RaDFHEdy_fwi","Douglas-fir Hemlock-Dry Mesic",3
"7_53_41_99007",13,83,478,1952,2024,1708000503,"17080004","WWC","RaDFHEdy_fwi_17080005","RaDFHEdy","RaDFHEdy_fwi",31,"fwi","RaDFHEdy","RaDFHEdy_fwi","Douglas-fir Hemlock-Dry Mesic",3
"7_53_15_51598",13,83,484,1950,869,1708000509,"17080004","WWC","RaDFHEdy_fdg_17080005","RaDFHEdy","RaDFHEdy_fdg",24,"fdg","RaDFHEdy","RaDFHEdy_fdg","Douglas-fir Hemlock-Dry Mesic",3
"7_53_15_97617",13,79,465,1982,1415,1708000301,"17080002","WWC","RaDFHEdy_fwi_17080003C","RaDFHEdy","RaDFHEdy_fwi",31,"fwi","RaDFHEdy","RaDFHEdy_fwi","Douglas-fir Hemlock-Dry Mesic",3
"7_53_15_51667",13,79,465,1980,1476,1708000301,"17080002","WWC","RaDFHEdy_fdg_17080003C","RaDFHEdy","RaDFHEdy_fdg",24,"fdg","RaDFHEdy","RaDFHEdy_fdg","Douglas-fir Hemlock-Dry Mesic",3
"7_53_11_77217",13,99,560,2001,933,1709001203,"17090012B","WWC","RaDFHEdy_fdg_17090012A","RaDFHEdy","RaDFHEdy_fdg",24,"fdg","RaDFHEdy","RaDFHEdy_fdg","Douglas-fir Hemlock-Dry Mesic",3
"0_41_51_56760",3,98,559,1996,1431,1709001202,"17090011","OCR","RaDFHEdy_fwi_17090012B","RaDFHEdy","RaDFHEdy_fwi",31,"fwi","RaDFHEdy","RaDFHEdy_fwi","Douglas-fir Hemlock-Dry Mesic",3
"5_53_55_70592",11,128,728,1796,2046,1711000304,"17110002","WNC","RaDFHEdy_fwi_17110003","RaDFHEdy","RaDFHEdy_fwi",31,"fwi","RaDFHEdy","RaDFHEdy_fwi","Douglas-fir Hemlock-Dry Mesic",3
"5_53_55_58723",11,128,728,1796,1119,1711000304,"17110002","WNC","RaDFHEdy_fwi_17110003","RaDFHEdy","RaDFHEdy_fwi",31,"fwi","RaDFHEdy","RaDFHEdy_fwi","Douglas-fir Hemlock-Dry Mesic",3
"1_41_43_78092",7,92,528,2329,539,1709000607,"17090005","OWC","RaDFHEwt_fwm_OWC","RaDFHEwt","RaDFHEwt_fwm",33,"fwm","RaDFHEwt","RaDFHEwt_fwm","Douglas-fir Hemlock-Wet Mesic",5
"1_41_43_61695",7,92,529,727,1318,1709000608,"17090005","OWC","RaDFWV_fwx_1709000608","RaDFWV","RaDFWV_fwx",37,"fwx","RaDFWV","RaDFWV_fwx","Douglas-fir Willamatte Valley Foothills",1
"1_41_39_63927",7,90,514,2110,1537,1709000406,"17090003B","OWC","RaDFHEdy_fwi_17090004","RaDFHEdy","RaDFHEdy_fwi",31,"fwi","RaDFHEdy","RaDFHEdy_fwi","Douglas-fir Hemlock-Dry Mesic",3
"1_41_39_56068",7,90,514,2110,2566,1709000406,"17090003B","OWC","RaDFHEdy_fwi_17090004","RaDFHEdy","RaDFHEdy_fwi",31,"fwi","RaDFHEdy","RaDFHEdy_fwi","Douglas-fir Hemlock-Dry Mesic",3
"1_41_39_87356",7,90,515,2329,1290,1709000407,"17090003B","OWC","RaDFHEwt_fwm_OWC","RaDFHEwt","RaDFHEwt_fwm",33,"fwm","RaDFHEwt","RaDFHEwt_fwm","Douglas-fir Hemlock-Wet Mesic",5
"1_41_39_86220",7,90,515,2329,1385,1709000407,"17090003B","OWC","RaDFHEwt_fwm_OWC","RaDFHEwt","RaDFHEwt_fwm",33,"fwm","RaDFHEwt","RaDFHEwt_fwm","Douglas-fir Hemlock-Wet Mesic",5
"1_41_39_99057",7,86,496,2139,2103,1709000108,"17080006A","OWC","RaDFHEdy_fwi_17090001","RaDFHEdy","RaDFHEdy_fwi",31,"fwi","RaDFHEdy","RaDFHEdy_fwi","Douglas-fir Hemlock-Dry Mesic",3
"1_41_39_69263",7,86,497,2329,1389,1709000109,"17080006A","OWC","RaDFHEwt_fwm_OWC","RaDFHEwt","RaDFHEwt_fwm",33,"fwm","RaDFHEwt","RaDFHEwt_fwm","Douglas-fir Hemlock-Wet Mesic",5
"1_41_39_84547",7,86,497,965,1490,1709000109,"17080006A","OWC","RaDFWV_fwx_1709000109","RaDFWV","RaDFWV_fwx",37,"fwx","RaDFWV","RaDFWV_fwx","Douglas-fir Willamatte Valley Foothills",1
"1_41_39_85657",7,86,495,2139,1119,1709000107,"17080006A","OWC","RaDFHEdy_fwi_17090001","RaDFHEdy","RaDFHEdy_fwi",31,"fwi","RaDFHEdy","RaDFHEdy_fwi","Douglas-fir Hemlock-Dry Mesic",3
"1_41_39_85026",7,86,495,997,1494,1709000107,"17080006A","OWC","RaDFWV_fwx_1709000107","RaDFWV","RaDFWV_fwx",37,"fwx","RaDFWV","RaDFWV_fwx","Douglas-fir Willamatte Valley Foothills",1
"1_41_39_91289",7,86,495,2139,2542,1709000107,"17080006A","OWC","RaDFHEdy_fwi_17090001","RaDFHEdy","RaDFHEdy_fwi",31,"fwi","RaDFHEdy","RaDFHEdy_fwi","Douglas-fir Hemlock-Dry Mesic",3
"1_41_39_54403",7,87,500,2146,1762,1709000202,"17090001","OWC","RaDFHEdy_fwi_17090002","RaDFHEdy","RaDFHEdy_fwi",31,"fwi","RaDFHEdy","RaDFHEdy_fwi","Douglas-fir Hemlock-Dry Mesic",3
"1_41_39_83268",7,87,500,2146,952,1709000202,"17090001","OWC","RaDFHEdy_fwi_17090002","RaDFHEdy","RaDFHEdy_fwi",31,"fwi","RaDFHEdy","RaDFHEdy_fwi","Douglas-fir Hemlock-Dry Mesic",3
"1_41_39_74233",7,87,500,2146,2014,1709000202,"17090001","OWC","RaDFHEdy_fwi_17090002","RaDFHEdy","RaDFHEdy_fwi",31,"fwi","RaDFHEdy","RaDFHEdy_fwi","Douglas-fir Hemlock-Dry Mesic",3
"1_41_39_60820",7,87,500,2146,1709,1709000202,"17090001","OWC","RaDFHEdy_fwi_17090002","RaDFHEdy","RaDFHEdy_fwi",31,"fwi","RaDFHEdy","RaDFHEdy_fwi","Douglas-fir Hemlock-Dry Mesic",3
"1_41_39_95211",7,87,500,2146,1661,1709000202,"17090001","OWC","RaDFHEdy_fwi_17090002","RaDFHEdy","RaDFHEdy_fwi",31,"fwi","RaDFHEdy","RaDFHEdy_fwi","Douglas-fir Hemlock-Dry Mesic",3
"1_41_39_71033",7,87,500,2146,1893,1709000202,"17090001","OWC","RaDFHEdy_fwi_17090002","RaDFHEdy","RaDFHEdy_fwi",31,"fwi","RaDFHEdy","RaDFHEdy_fwi","Douglas-fir Hemlock-Dry Mesic",3
"1_41_39_67504",7,87,500,2146,1094,1709000202,"17090001","OWC","RaDFHEdy_fwi_17090002","RaDFHEdy","RaDFHEdy_fwi",31,"fwi","RaDFHEdy","RaDFHEdy_fwi","Douglas-fir Hemlock-Dry Mesic",3
"1_41_39_76642",7,87,500,2146,1032,1709000202,"17090001","OWC","RaDFHEdy_fwi_17090002","RaDFHEdy","RaDFHEdy_fwi",31,"fwi","RaDFHEdy","RaDFHEdy_fwi","Douglas-fir Hemlock-Dry Mesic",3
"1_41_39_53579",7,87,500,2146,1415,1709000202,"17090001","OWC","RaDFHEdy_fwi_17090002","RaDFHEdy","RaDFHEdy_fwi",31,"fwi","RaDFHEdy","RaDFHEdy_fwi","Douglas-fir Hemlock-Dry Mesic",3
"1_41_39_83040",7,87,500,2146,1363,1709000202,"17090001","OWC","RaDFHEdy_fwi_17090002","RaDFHEdy","RaDFHEdy_fwi",31,"fwi","RaDFHEdy","RaDFHEdy_fwi","Douglas-fir Hemlock-Dry Mesic",3
"1_41_39_91425",7,87,500,2151,670,1709000202,"17090001","OWC","RaABAMlw_fsw_17090002","RaABAMlw","RaABAMlw_fsw",16,"fsw","RaABAMlw","RaABAMlw_fsw","Pacific Silver Fir - Low Elevation",3
"1_41_39_92674",7,87,500,2146,627,1709000202,"17090001","OWC","RaDFHEdy_fwi_17090002","RaDFHEdy","RaDFHEdy_fwi",31,"fwi","RaDFHEdy","RaDFHEdy_fwi","Douglas-fir Hemlock-Dry Mesic",3
"1_41_39_66133",7,87,500,2151,1285,1709000202,"17090001","OWC","RaABAMlw_fsw_17090002","RaABAMlw","RaABAMlw_fsw",16,"fsw","RaABAMlw","RaABAMlw_fsw","Pacific Silver Fir - Low Elevation",3
"1_41_39_67279",6,113,640,2177,835,1710030107,"17100207","OSW","RaABAMlw_fsi_17100301","RaABAMlw","RaABAMlw_fsi",14,"fsi","RaABAMlw","RaABAMlw_fsi","Pacific Silver Fir - Low Elevation",3
"1_41_39_60535",7,87,500,2161,650,1709000202,"17090001","OWC","RaABAMlw_fsi_17090002","RaABAMlw","RaABAMlw_fsi",14,"fsi","RaABAMlw","RaABAMlw_fsi","Pacific Silver Fir - Low Elevation",3
"1_41_39_56872",6,113,640,2180,1184,1710030107,"17100207","OSW","RaDFHEdy_fwi_17100301","RaDFHEdy","RaDFHEdy_fwi",31,"fwi","RaDFHEdy","RaDFHEdy_fwi","Douglas-fir Hemlock-Dry Mesic",3
"1_41_39_71924",6,113,640,2180,1159,1710030107,"17100207","OSW","RaDFHEdy_fwi_17100301","RaDFHEdy","RaDFHEdy_fwi",31,"fwi","RaDFHEdy","RaDFHEdy_fwi","Douglas-fir Hemlock-Dry Mesic",3
"1_41_39_85674",6,113,640,2186,1707,1710030107,"17100207","OSW","R1RFWF_fcw_17100301","R1RFWF","R1RFWF_fcw",18,"fcw","R1RFWF","R1RFWF_fcw","Red Fir / White Fir",3
"1_41_39_64690",6,113,640,2186,1166,1710030107,"17100207","OSW","R1RFWF_fcw_17100301","R1RFWF","R1RFWF_fcw",18,"fcw","R1RFWF","R1RFWF_fcw","Red Fir / White Fir",3
"2_41_19_51496",6,113,640,2186,1102,1710030107,"17100207","OSW","R1RFWF_fcw_17100301","R1RFWF","R1RFWF_fcw",18,"fcw","R1RFWF","R1RFWF_fcw","Red Fir / White Fir",3
"2_41_19_85605",6,113,640,1094,977,1710030107,"17100207","OSW","RaMCONsw_fiw_1710030107","RaMCONsw","RaMCONsw_fiw",20,"fiw","RaMCONsw","RaMCONsw_fiw","Mixed Conifer - Southwest Oregon",1
"2_41_19_64344",6,113,640,2347,1434,1710030107,"17100207","OSW","RaDFHEwt_fwm_OSW","RaDFHEwt","RaDFHEwt_fwm",33,"fwm","RaDFHEwt","RaDFHEwt_fwm","Douglas-fir Hemlock-Wet Mesic",5
"2_41_19_77246",6,113,640,2186,1328,1710030107,"17100207","OSW","R1RFWF_fcw_17100301","R1RFWF","R1RFWF_fcw",18,"fcw","R1RFWF","R1RFWF_fcw","Red Fir / White Fir",3
"2_41_19_98635",6,113,640,1094,852,1710030107,"17100207","OSW","RaMCONsw_fiw_1710030107","RaMCONsw","RaMCONsw_fiw",20,"fiw","RaMCONsw","RaMCONsw_fiw","Mixed Conifer - Southwest Oregon",1
"2_41_19_97715",6,113,641,2186,1381,1710030108,"17100207","OSW","R1RFWF_fcw_17100301","R1RFWF","R1RFWF_fcw",18,"fcw","R1RFWF","R1RFWF_fcw","Red Fir / White Fir",3
"2_41_19_73000",6,113,641,1130,913,1710030108,"17100207","OSW","RaMCONsw_fiw_1710030108","RaMCONsw","RaMCONsw_fiw",20,"fiw","RaMCONsw","RaMCONsw_fiw","Mixed Conifer - Southwest Oregon",1
"2_41_19_96745",6,113,641,2186,1891,1710030108,"17100207","OSW","R1RFWF_fcw_17100301","R1RFWF","R1RFWF_fcw",18,"fcw","R1RFWF","R1RFWF_fcw","Red Fir / White Fir",3
"2_41_19_72180",6,113,641,2186,2290,1710030108,"17100207","OSW","R1RFWF_fcw_17100301","R1RFWF","R1RFWF_fcw",18,"fcw","R1RFWF","R1RFWF_fcw","Red Fir / White Fir",3
"2_41_19_63866",6,113,641,1130,1855,1710030108,"17100207","OSW","RaMCONsw_fiw_1710030108","RaMCONsw","RaMCONsw_fiw",20,"fiw","RaMCONsw","RaMCONsw_fiw","Mixed Conifer - Southwest Oregon",1
"2_41_19_70253",6,114,645,2211,1906,1710030201,"17100301","OSW","RaABAMlw_fsi_17100302","RaABAMlw","RaABAMlw_fsi",14,"fsi","RaABAMlw","RaABAMlw_fsi","Pacific Silver Fir - Low Elevation",3
"2_41_19_90629",6,114,645,2203,962,1710030201,"17100301","OSW","RaREFI_fcw_17100302","RaREFI","RaREFI_fcw",19,"fcw","RaREFI","RaREFI_fcw","Red Fir",3
"2_41_19_89357",6,114,645,2202,1025,1710030201,"17100301","OSW","RaDFHEdy_fwi_17100302","RaDFHEdy","RaDFHEdy_fwi",31,"fwi","RaDFHEdy","RaDFHEdy_fwi","Douglas-fir Hemlock-Dry Mesic",3
"2_41_19_65026",6,114,645,1195,867,1710030201,"17100301","OSW","Na0710270_fdd_1710030201","Na0710270","Na0710270_fdd",43,"fdd","Na0710270","Na0710270_fdd","Mediterranean California Dry-Mesic Mixed Conifer Forest and Woodland",1
"2_41_19_71812",6,114,645,1195,1122,1710030201,"17100301","OSW","Na0710270_fdd_1710030201","Na0710270","Na0710270_fdd",43,"fdd","Na0710270","Na0710270_fdd","Mediterranean California Dry-Mesic Mixed Conifer Forest and Woodland",1
"2_41_19_52943",6,114,645,2202,815,1710030201,"17100301","OSW","RaDFHEdy_fwi_17100302","RaDFHEdy","RaDFHEdy_fwi",31,"fwi","RaDFHEdy","RaDFHEdy_fwi","Douglas-fir Hemlock-Dry Mesic",3
"2_41_19_88259",6,114,646,1250,800,1710030202,"17100301","OSW","Na0710270_fdd_1710030202","Na0710270","Na0710270_fdd",43,"fdd","Na0710270","Na0710270_fdd","Mediterranean California Dry-Mesic Mixed Conifer Forest and Woodland",1
"2_41_19_87474",6,114,646,1250,789,1710030202,"17100301","OSW","Na0710270_fdd_1710030202","Na0710270","Na0710270_fdd",43,"fdd","Na0710270","Na0710270_fdd","Mediterranean California Dry-Mesic Mixed Conifer Forest and Woodland",1
"2_41_19_98181",6,114,646,1250,926,1710030202,"17100301","OSW","Na0710270_fdd_1710030202","Na0710270","Na0710270_fdd",43,"fdd","Na0710270","Na0710270_fdd","Mediterranean California Dry-Mesic Mixed Conifer Forest and Woodland",1
"2_41_19_58035",6,114,646,1250,887,1710030202,"17100301","OSW","Na0710270_fdd_1710030202","Na0710270","Na0710270_fdd",43,"fdd","Na0710270","Na0710270_fdd","Mediterranean California Dry-Mesic Mixed Conifer Forest and Woodland",1
"2_41_19_93625",6,114,646,1248,996,1710030202,"17100301","OSW","RaMCONsw_fiw_1710030202","RaMCONsw","RaMCONsw_fiw",20,"fiw","RaMCONsw","RaMCONsw_fiw","Mixed Conifer - Southwest Oregon",1
"2_41_19_83434",6,120,683,1308,1437,1710030705,"17100306","OSW","RaMCONsw_fiw_1710030705","RaMCONsw","RaMCONsw_fiw",20,"fiw","RaMCONsw","RaMCONsw_fiw","Mixed Conifer - Southwest Oregon",1
"2_41_29_66298",6,120,683,1308,2972,1710030705,"17100306","OSW","RaMCONsw_fiw_1710030705","RaMCONsw","RaMCONsw_fiw",20,"fiw","RaMCONsw","RaMCONsw_fiw","Mixed Conifer - Southwest Oregon",1
"2_41_29_90607",6,120,683,1308,3011,1710030705,"17100306","OSW","RaMCONsw_fiw_1710030705","RaMCONsw","RaMCONsw_fiw",20,"fiw","RaMCONsw","RaMCONsw_fiw","Mixed Conifer - Southwest Oregon",1
"2_41_29_73083",6,120,683,1308,1529,1710030705,"17100306","OSW","RaMCONsw_fiw_1710030705","RaMCONsw","RaMCONsw_fiw",20,"fiw","RaMCONsw","RaMCONsw_fiw","Mixed Conifer - Southwest Oregon",1
"2_41_29_62142",6,120,681,1398,1049,1710030703,"17100306","OSW","Na0710270_fdd_1710030703","Na0710270","Na0710270_fdd",43,"fdd","Na0710270","Na0710270_fdd","Mediterranean California Dry-Mesic Mixed Conifer Forest and Woodland",1
"2_41_29_51242",6,120,682,1451,3173,1710030704,"17100306","OSW","Na0710270_fdd_1710030704","Na0710270","Na0710270_fdd",43,"fdd","Na0710270","Na0710270_fdd","Mediterranean California Dry-Mesic Mixed Conifer Forest and Woodland",1
"2_41_29_62505",6,120,686,1522,1801,1710030708,"17100306","OSW","RaMCONsw_fiw_1710030708","RaMCONsw","RaMCONsw_fiw",20,"fiw","RaMCONsw","RaMCONsw_fiw","Mixed Conifer - Southwest Oregon",1
"2_41_29_64337",6,121,687,1585,1326,1710030801,"17100307","OSW","Na0210290_fwo_1710030801","Na0210290","Na0210290_fwo",57,"fwo","Na0210290","Na0210290_fwo","Mediterranean California Mixed Oak Woodland",1
"2_41_29_78738",6,121,687,1585,1803,1710030801,"17100307","OSW","Na0210290_fwo_1710030801","Na0210290","Na0210290_fwo",57,"fwo","Na0210290","Na0210290_fwo","Mediterranean California Mixed Oak Woodland",1
"2_41_29_77215",6,161,921,1744,811,1801020606,"18010204","OSW","RaMCONsw_fiw_1801020606","RaMCONsw","RaMCONsw_fiw",20,"fiw","RaMCONsw","RaMCONsw_fiw","Mixed Conifer - Southwest Oregon",1
"2_41_29_65942",6,161,921,1748,1005,1801020606,"18010204","OSW","Na0710270_fdd_1801020606","Na0710270","Na0710270_fdd",43,"fdd","Na0710270","Na0710270_fdd","Mediterranean California Dry-Mesic Mixed Conifer Forest and Woodland",1
"6_53_31_78787",9,143,794,1869,371,1711001807,"17110017","WCR","RaDFHEdy_fwi_17110018","RaDFHEdy","RaDFHEdy_fwi",31,"fwi","RaDFHEdy","RaDFHEdy_fwi","Douglas-fir Hemlock-Dry Mesic",3
"6_53_31_69490",9,143,794,1869,2208,1711001807,"17110017","WCR","RaDFHEdy_fwi_17110018","RaDFHEdy","RaDFHEdy_fwi",31,"fwi","RaDFHEdy","RaDFHEdy_fwi","Douglas-fir Hemlock-Dry Mesic",3
"5_53_35_81779",9,143,788,1869,1274,1711001801,"17110017","WCR","RaDFHEdy_fwi_17110018","RaDFHEdy","RaDFHEdy_fwi",31,"fwi","RaDFHEdy","RaDFHEdy_fwi","Douglas-fir Hemlock-Dry Mesic",3
"6_53_45_76122",9,143,788,1868,1989,1711001801,"17110017","WCR","RaDFHEdy_fdg_17110018","RaDFHEdy","RaDFHEdy_fdg",24,"fdg","RaDFHEdy","RaDFHEdy_fdg","Douglas-fir Hemlock-Dry Mesic",3
"6_53_45_93042",9,143,788,1869,734,1711001801,"17110017","WCR","RaDFHEdy_fwi_17110018","RaDFHEdy","RaDFHEdy_fwi",31,"fwi","RaDFHEdy","RaDFHEdy_fwi","Douglas-fir Hemlock-Dry Mesic",3
"6_53_45_58801",13,144,798,2292,229,1711001904,"17110018","WWC","RaDFHEwt_fwm_WWC","RaDFHEwt","RaDFHEwt_fwm",33,"fwm","RaDFHEwt","RaDFHEwt_fwm","Douglas-fir Hemlock-Wet Mesic",5
"6_53_45_94948",13,144,798,1813,674,1711001904,"17110018","WWC","RaDFHEdy_fwi_17110019","RaDFHEdy","RaDFHEdy_fwi",31,"fwi","RaDFHEdy","RaDFHEdy_fwi","Douglas-fir Hemlock-Dry Mesic",3
"7_53_15_75832",13,83,482,1952,2356,1708000507,"17080004","WWC","RaDFHEdy_fwi_17080005","RaDFHEdy","RaDFHEdy_fwi",31,"fwi","RaDFHEdy","RaDFHEdy_fwi","Douglas-fir Hemlock-Dry Mesic",3
"7_53_15_57638",13,83,482,2299,690,1708000507,"17080004","WWC","RaDFHEwt_fwn_WWC","RaDFHEwt","RaDFHEwt_fwn",32,"fwn","RaDFHEwt","RaDFHEwt_fwn","Douglas-fir Hemlock-Wet Mesic",5
"7_53_15_75996",13,83,483,2292,1009,1708000508,"17080004","WWC","RaDFHEwt_fwm_WWC","RaDFHEwt","RaDFHEwt_fwm",33,"fwm","RaDFHEwt","RaDFHEwt_fwm","Douglas-fir Hemlock-Wet Mesic",5
"7_53_15_75936",13,83,483,2292,430,1708000508,"17080004","WWC","RaDFHEwt_fwm_WWC","RaDFHEwt","RaDFHEwt_fwm",33,"fwm","RaDFHEwt","RaDFHEwt_fwm","Douglas-fir Hemlock-Wet Mesic",5
"5_53_55_51483",11,128,728,1797,1409,1711000304,"17110002","WNC","RaDFHEdy_fdg_17110003","RaDFHEdy","RaDFHEdy_fdg",24,"fdg","RaDFHEdy","RaDFHEdy_fdg","Douglas-fir Hemlock-Dry Mesic",3
"7_53_15_79293",13,79,465,2292,1125,1708000301,"17080002","WWC","RaDFHEwt_fwm_WWC","RaDFHEwt","RaDFHEwt_fwm",33,"fwm","RaDFHEwt","RaDFHEwt_fwm","Douglas-fir Hemlock-Wet Mesic",5
"5_53_55_80399",11,128,728,1796,1086,1711000304,"17110002","WNC","RaDFHEdy_fwi_17110003","RaDFHEdy","RaDFHEdy_fwi",31,"fwi","RaDFHEdy","RaDFHEdy_fwi","Douglas-fir Hemlock-Dry Mesic",3
"5_53_55_52206",11,128,728,1796,2020,1711000304,"17110002","WNC","RaDFHEdy_fwi_17110003","RaDFHEdy","RaDFHEdy_fwi",31,"fwi","RaDFHEdy","RaDFHEdy_fwi","Douglas-fir Hemlock-Dry Mesic",3
"0_41_47_82923",7,95,541,2052,531,1709000901,"17090008","OWC","RaDFHEdy_fwi_17090009","RaDFHEdy","RaDFHEdy_fwi",31,"fwi","RaDFHEdy","RaDFHEdy_fwi","Douglas-fir Hemlock-Dry Mesic",3
"0_41_47_95874",7,95,541,587,644,1709000901,"17090008","OWC","RaDFWV_fwx_1709000901","RaDFWV","RaDFWV_fwx",37,"fwx","RaDFWV","RaDFWV_fwx","Douglas-fir Willamatte Valley Foothills",1
"0_41_47_95699",7,95,541,587,998,1709000901,"17090008","OWC","RaDFWV_fwx_1709000901","RaDFWV","RaDFWV_fwx",37,"fwx","RaDFWV","RaDFWV_fwx","Douglas-fir Willamatte Valley Foothills",1
"0_41_47_78317",7,91,521,2335,488,1709000506,"17090004","OWC","RaDFHEwt_fwn_OWC","RaDFHEwt","RaDFHEwt_fwn",32,"fwn","RaDFHEwt","RaDFHEwt_fwn","Douglas-fir Hemlock-Wet Mesic",5
"1_41_43_64131",7,92,528,2329,654,1709000607,"17090005","OWC","RaDFHEwt_fwm_OWC","RaDFHEwt","RaDFHEwt_fwm",33,"fwm","RaDFHEwt","RaDFHEwt_fwm","Douglas-fir Hemlock-Wet Mesic",5
"1_41_43_94378",7,92,527,2329,1063,1709000606,"17090005","OWC","RaDFHEwt_fwm_OWC","RaDFHEwt","RaDFHEwt_fwm",33,"fwm","RaDFHEwt","RaDFHEwt_fwm","Douglas-fir Hemlock-Wet Mesic",5
"1_41_43_92803",7,92,527,2329,1826,1709000606,"17090005","OWC","RaDFHEwt_fwm_OWC","RaDFHEwt","RaDFHEwt_fwm",33,"fwm","RaDFHEwt","RaDFHEwt_fwm","Douglas-fir Hemlock-Wet Mesic",5
"1_41_43_74000",7,92,529,2329,1287,1709000608,"17090005","OWC","RaDFHEwt_fwm_OWC","RaDFHEwt","RaDFHEwt_fwm",33,"fwm","RaDFHEwt","RaDFHEwt_fwm","Douglas-fir Hemlock-Wet Mesic",5
"1_41_43_92815",7,92,529,2329,1486,1709000608,"17090005","OWC","RaDFHEwt_fwm_OWC","RaDFHEwt","RaDFHEwt_fwm",33,"fwm","RaDFHEwt","RaDFHEwt_fwm","Douglas-fir Hemlock-Wet Mesic",5
"1_41_43_51395",7,92,529,727,1192,1709000608,"17090005","OWC","RaDFWV_fwx_1709000608","RaDFWV","RaDFWV_fwx",37,"fwx","RaDFWV","RaDFWV_fwx","Douglas-fir Willamatte Valley Foothills",1
"1_41_43_94260",7,92,529,727,1395,1709000608,"17090005","OWC","RaDFWV_fwx_1709000608","RaDFWV","RaDFWV_fwx",37,"fwx","RaDFWV","RaDFWV_fwx","Douglas-fir Willamatte Valley Foothills",1
"1_41_43_67169",7,92,529,727,1157,1709000608,"17090005","OWC","RaDFWV_fwx_1709000608","RaDFWV","RaDFWV_fwx",37,"fwx","RaDFWV","RaDFWV_fwx","Douglas-fir Willamatte Valley Foothills",1
"1_41_43_51175",7,89,505,794,936,1709000303,"17090003A","OWC","RaDFWV_fwx_1709000303","RaDFWV","RaDFWV_fwx",37,"fwx","RaDFWV","RaDFWV_fwx","Douglas-fir Willamatte Valley Foothills",1
"1_41_39_96694",7,90,514,2110,1542,1709000406,"17090003B","OWC","RaDFHEdy_fwi_17090004","RaDFHEdy","RaDFHEdy_fwi",31,"fwi","RaDFHEdy","RaDFHEdy_fwi","Douglas-fir Hemlock-Dry Mesic",3
"1_41_39_70394",7,90,514,2110,2487,1709000406,"17090003B","OWC","RaDFHEdy_fwi_17090004","RaDFHEdy","RaDFHEdy_fwi",31,"fwi","RaDFHEdy","RaDFHEdy_fwi","Douglas-fir Hemlock-Dry Mesic",3
"1_41_39_70961",7,90,514,2110,1479,1709000406,"17090003B","OWC","RaDFHEdy_fwi_17090004","RaDFHEdy","RaDFHEdy_fwi",31,"fwi","RaDFHEdy","RaDFHEdy_fwi","Douglas-fir Hemlock-Dry Mesic",3
"5_53_55_94735",11,128,730,1797,1597,1711000306,"17110002","WNC","RaDFHEdy_fdg_17110003","RaDFHEdy","RaDFHEdy_fdg",24,"fdg","RaDFHEdy","RaDFHEdy_fdg","Douglas-fir Hemlock-Dry Mesic",3
"1_41_39_53977",7,86,496,2139,1859,1709000108,"17080006A","OWC","RaDFHEdy_fwi_17090001","RaDFHEdy","RaDFHEdy_fwi",31,"fwi","RaDFHEdy","RaDFHEdy_fwi","Douglas-fir Hemlock-Dry Mesic",3
"1_41_39_58483",7,86,495,2139,788,1709000107,"17080006A","OWC","RaDFHEdy_fwi_17090001","RaDFHEdy","RaDFHEdy_fwi",31,"fwi","RaDFHEdy","RaDFHEdy_fwi","Douglas-fir Hemlock-Dry Mesic",3
"1_41_39_63467",7,86,495,2139,1272,1709000107,"17080006A","OWC","RaDFHEdy_fwi_17090001","RaDFHEdy","RaDFHEdy_fwi",31,"fwi","RaDFHEdy","RaDFHEdy_fwi","Douglas-fir Hemlock-Dry Mesic",3
"1_41_39_58310",7,86,495,2139,1198,1709000107,"17080006A","OWC","RaDFHEdy_fwi_17090001","RaDFHEdy","RaDFHEdy_fwi",31,"fwi","RaDFHEdy","RaDFHEdy_fwi","Douglas-fir Hemlock-Dry Mesic",3
"1_41_39_66406",7,86,495,2139,2051,1709000107,"17080006A","OWC","RaDFHEdy_fwi_17090001","RaDFHEdy","RaDFHEdy_fwi",31,"fwi","RaDFHEdy","RaDFHEdy_fwi","Douglas-fir Hemlock-Dry Mesic",3
"1_41_39_73943",7,87,500,2146,1669,1709000202,"17090001","OWC","RaDFHEdy_fwi_17090002","RaDFHEdy","RaDFHEdy_fwi",31,"fwi","RaDFHEdy","RaDFHEdy_fwi","Douglas-fir Hemlock-Dry Mesic",3
"1_41_39_87674",7,87,500,2146,1282,1709000202,"17090001","OWC","RaDFHEdy_fwi_17090002","RaDFHEdy","RaDFHEdy_fwi",31,"fwi","RaDFHEdy","RaDFHEdy_fwi","Douglas-fir Hemlock-Dry Mesic",3
"1_41_39_73157",7,87,500,2146,1399,1709000202,"17090001","OWC","RaDFHEdy_fwi_17090002","RaDFHEdy","RaDFHEdy_fwi",31,"fwi","RaDFHEdy","RaDFHEdy_fwi","Douglas-fir Hemlock-Dry Mesic",3
"1_41_39_96134",7,87,500,2146,1995,1709000202,"17090001","OWC","RaDFHEdy_fwi_17090002","RaDFHEdy","RaDFHEdy_fwi",31,"fwi","RaDFHEdy","RaDFHEdy_fwi","Douglas-fir Hemlock-Dry Mesic",3
"1_41_39_68704",7,87,500,2151,1343,1709000202,"17090001","OWC","RaABAMlw_fsw_17090002","RaABAMlw","RaABAMlw_fsw",16,"fsw","RaABAMlw","RaABAMlw_fsw","Pacific Silver Fir - Low Elevation",3
"1_41_39_96213",7,87,500,2151,1169,1709000202,"17090001","OWC","RaABAMlw_fsw_17090002","RaABAMlw","RaABAMlw_fsw",16,"fsw","RaABAMlw","RaABAMlw_fsw","Pacific Silver Fir - Low Elevation",3
"1_41_39_94475",7,87,500,2146,1159,1709000202,"17090001","OWC","RaDFHEdy_fwi_17090002","RaDFHEdy","RaDFHEdy_fwi",31,"fwi","RaDFHEdy","RaDFHEdy_fwi","Douglas-fir Hemlock-Dry Mesic",3
"1_41_39_75373",7,87,500,2151,869,1709000202,"17090001","OWC","RaABAMlw_fsw_17090002","RaABAMlw","RaABAMlw_fsw",16,"fsw","RaABAMlw","RaABAMlw_fsw","Pacific Silver Fir - Low Elevation",3
"1_41_39_73324",6,113,640,2177,861,1710030107,"17100207","OSW","RaABAMlw_fsi_17100301","RaABAMlw","RaABAMlw_fsi",14,"fsi","RaABAMlw","RaABAMlw_fsi","Pacific Silver Fir - Low Elevation",3
"1_41_39_79537",6,113,640,2186,766,1710030107,"17100207","OSW","R1RFWF_fcw_17100301","R1RFWF","R1RFWF_fcw",18,"fcw","R1RFWF","R1RFWF_fcw","Red Fir / White Fir",3
"1_41_39_55388",6,113,640,2180,857,1710030107,"17100207","OSW","RaDFHEdy_fwi_17100301","RaDFHEdy","RaDFHEdy_fwi",31,"fwi","RaDFHEdy","RaDFHEdy_fwi","Douglas-fir Hemlock-Dry Mesic",3
"1_41_39_63202",6,113,640,2186,1225,1710030107,"17100207","OSW","R1RFWF_fcw_17100301","R1RFWF","R1RFWF_fcw",18,"fcw","R1RFWF","R1RFWF_fcw","Red Fir / White Fir",3
"1_41_39_97955",6,113,640,2180,915,1710030107,"17100207","OSW","RaDFHEdy_fwi_17100301","RaDFHEdy","RaDFHEdy_fwi",31,"fwi","RaDFHEdy","RaDFHEdy_fwi","Douglas-fir Hemlock-Dry Mesic",3
"1_41_39_72122",6,113,640,2180,581,1710030107,"17100207","OSW","RaDFHEdy_fwi_17100301","RaDFHEdy","RaDFHEdy_fwi",31,"fwi","RaDFHEdy","RaDFHEdy_fwi","Douglas-fir Hemlock-Dry Mesic",3
"2_41_19_74679",6,113,640,2180,887,1710030107,"17100207","OSW","RaDFHEdy_fwi_17100301","RaDFHEdy","RaDFHEdy_fwi",31,"fwi","RaDFHEdy","RaDFHEdy_fwi","Douglas-fir Hemlock-Dry Mesic",3
"2_41_19_98674",6,113,640,2180,1022,1710030107,"17100207","OSW","RaDFHEdy_fwi_17100301","RaDFHEdy","RaDFHEdy_fwi",31,"fwi","RaDFHEdy","RaDFHEdy_fwi","Douglas-fir Hemlock-Dry Mesic",3
"2_41_19_65279",6,113,640,2186,1228,1710030107,"17100207","OSW","R1RFWF_fcw_17100301","R1RFWF","R1RFWF_fcw",18,"fcw","R1RFWF","R1RFWF_fcw","Red Fir / White Fir",3
"2_41_19_81168",6,113,641,2186,1454,1710030108,"17100207","OSW","R1RFWF_fcw_17100301","R1RFWF","R1RFWF_fcw",18,"fcw","R1RFWF","R1RFWF_fcw","Red Fir / White Fir",3
"2_41_19_97559",6,113,640,2186,1102,1710030107,"17100207","OSW","R1RFWF_fcw_17100301","R1RFWF","R1RFWF_fcw",18,"fcw","R1RFWF","R1RFWF_fcw","Red Fir / White Fir",3
"2_41_19_80715",6,113,641,2347,1002,1710030108,"17100207","OSW","RaDFHEwt_fwm_OSW","RaDFHEwt","RaDFHEwt_fwm",33,"fwm","RaDFHEwt","RaDFHEwt_fwm","Douglas-fir Hemlock-Wet Mesic",5
"2_41_19_53837",6,113,641,2347,892,1710030108,"17100207","OSW","RaDFHEwt_fwm_OSW","RaDFHEwt","RaDFHEwt_fwm",33,"fwm","RaDFHEwt","RaDFHEwt_fwm","Douglas-fir Hemlock-Wet Mesic",5
"2_41_19_71041",6,113,641,2186,824,1710030108,"17100207","OSW","R1RFWF_fcw_17100301","R1RFWF","R1RFWF_fcw",18,"fcw","R1RFWF","R1RFWF_fcw","Red Fir / White Fir",3
"2_41_19_90210",6,113,641,1130,1395,1710030108,"17100207","OSW","RaMCONsw_fiw_1710030108","RaMCONsw","RaMCONsw_fiw",20,"fiw","RaMCONsw","RaMCONsw_fiw","Mixed Conifer - Southwest Oregon",1
"2_41_19_69135",6,113,641,2345,1896,1710030108,"17100207","OSW","Na0710412_fmi_OSW","Na0710412","Na0710412_fmi",6,"fmi","Na0710412","Na0710412_fmi","North Pacific Mountain Hemlock Forest - Xeric",5
"2_41_19_88088",6,114,645,2211,1540,1710030201,"17100301","OSW","RaABAMlw_fsi_17100302","RaABAMlw","RaABAMlw_fsi",14,"fsi","RaABAMlw","RaABAMlw_fsi","Pacific Silver Fir - Low Elevation",3
"2_41_19_99659",6,114,645,2202,923,1710030201,"17100301","OSW","RaDFHEdy_fwi_17100302","RaDFHEdy","RaDFHEdy_fwi",31,"fwi","RaDFHEdy","RaDFHEdy_fwi","Douglas-fir Hemlock-Dry Mesic",3
"2_41_19_58407",6,114,645,1195,498,1710030201,"17100301","OSW","Na0710270_fdd_1710030201","Na0710270","Na0710270_fdd",43,"fdd","Na0710270","Na0710270_fdd","Mediterranean California Dry-Mesic Mixed Conifer Forest and Woodland",1
"2_41_19_58586",6,114,645,2202,1219,1710030201,"17100301","OSW","RaDFHEdy_fwi_17100302","RaDFHEdy","RaDFHEdy_fwi",31,"fwi","RaDFHEdy","RaDFHEdy_fwi","Douglas-fir Hemlock-Dry Mesic",3
"2_41_19_74719",6,114,645,1195,860,1710030201,"17100301","OSW","Na0710270_fdd_1710030201","Na0710270","Na0710270_fdd",43,"fdd","Na0710270","Na0710270_fdd","Mediterranean California Dry-Mesic Mixed Conifer Forest and Woodland",1
"2_41_19_75562",6,114,645,2202,517,1710030201,"17100301","OSW","RaDFHEdy_fwi_17100302","RaDFHEdy","RaDFHEdy_fwi",31,"fwi","RaDFHEdy","RaDFHEdy_fwi","Douglas-fir Hemlock-Dry Mesic",3
"2_41_19_64872",6,114,645,2202,475,1710030201,"17100301","OSW","RaDFHEdy_fwi_17100302","RaDFHEdy","RaDFHEdy_fwi",31,"fwi","RaDFHEdy","RaDFHEdy_fwi","Douglas-fir Hemlock-Dry Mesic",3
"2_41_19_85108",6,114,645,2202,623,1710030201,"17100301","OSW","RaDFHEdy_fwi_17100302","RaDFHEdy","RaDFHEdy_fwi",31,"fwi","RaDFHEdy","RaDFHEdy_fwi","Douglas-fir Hemlock-Dry Mesic",3
"2_41_19_51638",6,114,646,2202,628,1710030202,"17100301","OSW","RaDFHEdy_fwi_17100302","RaDFHEdy","RaDFHEdy_fwi",31,"fwi","RaDFHEdy","RaDFHEdy_fwi","Douglas-fir Hemlock-Dry Mesic",3
"2_41_19_88814",6,114,646,2202,1272,1710030202,"17100301","OSW","RaDFHEdy_fwi_17100302","RaDFHEdy","RaDFHEdy_fwi",31,"fwi","RaDFHEdy","RaDFHEdy_fwi","Douglas-fir Hemlock-Dry Mesic",3
"2_41_19_80482",6,114,646,2202,936,1710030202,"17100301","OSW","RaDFHEdy_fwi_17100302","RaDFHEdy","RaDFHEdy_fwi",31,"fwi","RaDFHEdy","RaDFHEdy_fwi","Douglas-fir Hemlock-Dry Mesic",3
"2_41_19_67168",6,114,646,1248,1853,1710030202,"17100301","OSW","RaMCONsw_fiw_1710030202","RaMCONsw","RaMCONsw_fiw",20,"fiw","RaMCONsw","RaMCONsw_fiw","Mixed Conifer - Southwest Oregon",1
"2_41_19_69759",6,114,646,2203,1623,1710030202,"17100301","OSW","RaREFI_fcw_17100302","RaREFI","RaREFI_fcw",19,"fcw","RaREFI","RaREFI_fcw","Red Fir",3
"2_41_29_87897",6,120,683,2219,1264,1710030705,"17100306","OSW","RaREFI_fcw_17100307","RaREFI","RaREFI_fcw",19,"fcw","RaREFI","RaREFI_fcw","Red Fir",3
"2_41_29_96831",6,120,683,2219,1238,1710030705,"17100306","OSW","RaREFI_fcw_17100307","RaREFI","RaREFI_fcw",19,"fcw","RaREFI","RaREFI_fcw","Red Fir",3
"2_41_29_91220",6,120,681,1389,3129,1710030703,"17100306","OSW","RaMCONsw_fiw_1710030703","RaMCONsw","RaMCONsw_fiw",20,"fiw","RaMCONsw","RaMCONsw_fiw","Mixed Conifer - Southwest Oregon",1
"2_41_29_59418",6,120,681,1398,1239,1710030703,"17100306","OSW","Na0710270_fdd_1710030703","Na0710270","Na0710270_fdd",43,"fdd","Na0710270","Na0710270_fdd","Mediterranean California Dry-Mesic Mixed Conifer Forest and Woodland",1
"2_41_29_68826",6,120,681,1389,2662,1710030703,"17100306","OSW","RaMCONsw_fiw_1710030703","RaMCONsw","RaMCONsw_fiw",20,"fiw","RaMCONsw","RaMCONsw_fiw","Mixed Conifer - Southwest Oregon",1
"2_41_29_98986",6,120,682,1451,1853,1710030704,"17100306","OSW","Na0710270_fdd_1710030704","Na0710270","Na0710270_fdd",43,"fdd","Na0710270","Na0710270_fdd","Mediterranean California Dry-Mesic Mixed Conifer Forest and Woodland",1
"2_41_29_95936",6,120,682,1451,2299,1710030704,"17100306","OSW","Na0710270_fdd_1710030704","Na0710270","Na0710270_fdd",43,"fdd","Na0710270","Na0710270_fdd","Mediterranean California Dry-Mesic Mixed Conifer Forest and Woodland",1
"2_41_29_88822",6,120,686,1524,1286,1710030708,"17100306","OSW","Na0710270_fdd_1710030708","Na0710270","Na0710270_fdd",43,"fdd","Na0710270","Na0710270_fdd","Mediterranean California Dry-Mesic Mixed Conifer Forest and Woodland",1
"2_41_29_68757",6,120,686,1523,1096,1710030708,"17100306","OSW","Na0210290_fwo_1710030708","Na0210290","Na0210290_fwo",57,"fwo","Na0210290","Na0210290_fwo","Mediterranean California Mixed Oak Woodland",1
"2_41_29_90513",6,120,686,1523,2508,1710030708,"17100306","OSW","Na0210290_fwo_1710030708","Na0210290","Na0210290_fwo",57,"fwo","Na0210290","Na0210290_fwo","Mediterranean California Mixed Oak Woodland",1
"2_41_29_88994",6,120,686,1523,2554,1710030708,"17100306","OSW","Na0210290_fwo_1710030708","Na0210290","Na0210290_fwo",57,"fwo","Na0210290","Na0210290_fwo","Mediterranean California Mixed Oak Woodland",1
"2_41_29_66105",6,120,686,1522,2953,1710030708,"17100306","OSW","RaMCONsw_fiw_1710030708","RaMCONsw","RaMCONsw_fiw",20,"fiw","RaMCONsw","RaMCONsw_fiw","Mixed Conifer - Southwest Oregon",1
"2_41_29_74122",6,121,687,1620,1178,1710030801,"17100307","OSW","RaMCONsw_fiw_1710030801","RaMCONsw","RaMCONsw_fiw",20,"fiw","RaMCONsw","RaMCONsw_fiw","Mixed Conifer - Southwest Oregon",1
"2_41_29_54652",6,121,687,1620,955,1710030801,"17100307","OSW","RaMCONsw_fiw_1710030801","RaMCONsw","RaMCONsw_fiw",20,"fiw","RaMCONsw","RaMCONsw_fiw","Mixed Conifer - Southwest Oregon",1
"2_41_29_71807",6,121,687,1620,2718,1710030801,"17100307","OSW","RaMCONsw_fiw_1710030801","RaMCONsw","RaMCONsw_fiw",20,"fiw","RaMCONsw","RaMCONsw_fiw","Mixed Conifer - Southwest Oregon",1
"6_53_31_79905",9,145,803,1836,1311,1711002001,"17110019","WCR","RaDFHEdy_fwi_17110020","RaDFHEdy","RaDFHEdy_fwi",31,"fwi","RaDFHEdy","RaDFHEdy_fwi","Douglas-fir Hemlock-Dry Mesic",3
"6_53_31_74738",9,145,803,1836,1443,1711002001,"17110019","WCR","RaDFHEdy_fwi_17110020","RaDFHEdy","RaDFHEdy_fwi",31,"fwi","RaDFHEdy","RaDFHEdy_fwi","Douglas-fir Hemlock-Dry Mesic",3
"6_53_31_81740",9,145,803,1836,1020,1711002001,"17110019","WCR","RaDFHEdy_fwi_17110020","RaDFHEdy","RaDFHEdy_fwi",31,"fwi","RaDFHEdy","RaDFHEdy_fwi","Douglas-fir Hemlock-Dry Mesic",3
"6_53_31_83243",9,143,794,1869,908,1711001807,"17110017","WCR","RaDFHEdy_fwi_17110018","RaDFHEdy","RaDFHEdy_fwi",31,"fwi","RaDFHEdy","RaDFHEdy_fwi","Douglas-fir Hemlock-Dry Mesic",3
"5_53_35_88873",9,143,788,1869,1549,1711001801,"17110017","WCR","RaDFHEdy_fwi_17110018","RaDFHEdy","RaDFHEdy_fwi",31,"fwi","RaDFHEdy","RaDFHEdy_fwi","Douglas-fir Hemlock-Dry Mesic",3
"6_53_67_96209",13,144,799,1812,2574,1711001905,"17110018","WWC","RaDFHEdy_fdg_17110019","RaDFHEdy","RaDFHEdy_fdg",24,"fdg","RaDFHEdy","RaDFHEdy_fdg","Douglas-fir Hemlock-Dry Mesic",3
"6_53_67_50154",13,144,799,1812,1535,1711001905,"17110018","WWC","RaDFHEdy_fdg_17110019","RaDFHEdy","RaDFHEdy_fdg",24,"fdg","RaDFHEdy","RaDFHEdy_fdg","Douglas-fir Hemlock-Dry Mesic",3
"6_53_67_68067",9,102,579,2296,909,1710010304,"17100102","WCR","RaDFHEwt_fwn_WCR","RaDFHEwt","RaDFHEwt_fwn",32,"fwn","RaDFHEwt","RaDFHEwt_fwn","Douglas-fir Hemlock-Wet Mesic",5
"6_53_67_53691",9,102,579,2296,1651,1710010304,"17100102","WCR","RaDFHEwt_fwn_WCR","RaDFHEwt","RaDFHEwt_fwn",32,"fwn","RaDFHEwt","RaDFHEwt_fwn","Douglas-fir Hemlock-Wet Mesic",5
"6_53_67_98031",9,102,578,2307,1818,1710010303,"17100102","WCR","RaDFHEwt_fwm_WCR","RaDFHEwt","RaDFHEwt_fwm",33,"fwm","RaDFHEwt","RaDFHEwt_fwm","Douglas-fir Hemlock-Wet Mesic",5
"7_53_41_94942",9,102,578,2307,1952,1710010303,"17100102","WCR","RaDFHEwt_fwm_WCR","RaDFHEwt","RaDFHEwt_fwm",33,"fwm","RaDFHEwt","RaDFHEwt_fwm","Douglas-fir Hemlock-Wet Mesic",5
"7_53_41_55884",9,102,578,2307,1921,1710010303,"17100102","WCR","RaDFHEwt_fwm_WCR","RaDFHEwt","RaDFHEwt_fwm",33,"fwm","RaDFHEwt","RaDFHEwt_fwm","Douglas-fir Hemlock-Wet Mesic",5
"7_53_41_75077",9,102,577,1932,1853,1710010302,"17100102","WCR","RaDFHEdy_fwi_17100103","RaDFHEdy","RaDFHEdy_fwi",31,"fwi","RaDFHEdy","RaDFHEdy_fwi","Douglas-fir Hemlock-Dry Mesic",3
"7_53_41_63547",13,83,478,1952,744,1708000503,"17080004","WWC","RaDFHEdy_fwi_17080005","RaDFHEdy","RaDFHEdy_fwi",31,"fwi","RaDFHEdy","RaDFHEdy_fwi","Douglas-fir Hemlock-Dry Mesic",3
"7_53_41_79568",13,83,478,1952,627,1708000503,"17080004","WWC","RaDFHEdy_fwi_17080005","RaDFHEdy","RaDFHEdy_fwi",31,"fwi","RaDFHEdy","RaDFHEdy_fwi","Douglas-fir Hemlock-Dry Mesic",3
"7_53_15_54138",13,83,482,1952,2437,1708000507,"17080004","WWC","RaDFHEdy_fwi_17080005","RaDFHEdy","RaDFHEdy_fwi",31,"fwi","RaDFHEdy","RaDFHEdy_fwi","Douglas-fir Hemlock-Dry Mesic",3
"7_53_15_76345",13,83,482,1952,947,1708000507,"17080004","WWC","RaDFHEdy_fwi_17080005","RaDFHEdy","RaDFHEdy_fwi",31,"fwi","RaDFHEdy","RaDFHEdy_fwi","Douglas-fir Hemlock-Dry Mesic",3
"7_53_15_94462",13,83,482,1952,987,1708000507,"17080004","WWC","RaDFHEdy_fwi_17080005","RaDFHEdy","RaDFHEdy_fwi",31,"fwi","RaDFHEdy","RaDFHEdy_fwi","Douglas-fir Hemlock-Dry Mesic",3
"7_53_15_89271",13,83,483,2292,1193,1708000508,"17080004","WWC","RaDFHEwt_fwm_WWC","RaDFHEwt","RaDFHEwt_fwm",33,"fwm","RaDFHEwt","RaDFHEwt_fwm","Douglas-fir Hemlock-Wet Mesic",5
"7_53_15_57470",13,83,483,2292,733,1708000508,"17080004","WWC","RaDFHEwt_fwm_WWC","RaDFHEwt","RaDFHEwt_fwm",33,"fwm","RaDFHEwt","RaDFHEwt_fwm","Douglas-fir Hemlock-Wet Mesic",5
"7_53_15_86655",13,83,483,1952,1027,1708000508,"17080004","WWC","RaDFHEdy_fwi_17080005","RaDFHEdy","RaDFHEdy_fwi",31,"fwi","RaDFHEdy","RaDFHEdy_fwi","Douglas-fir Hemlock-Dry Mesic",3
"7_53_15_84434",13,79,465,1980,1305,1708000301,"17080002","WWC","RaDFHEdy_fdg_17080003C","RaDFHEdy","RaDFHEdy_fdg",24,"fdg","RaDFHEdy","RaDFHEdy_fdg","Douglas-fir Hemlock-Dry Mesic",3
"7_53_11_78915",13,78,464,1971,1159,1708000206,"17080001A","WWC","RaDFHEdy_fdg_17080002","RaDFHEdy","RaDFHEdy_fdg",24,"fdg","RaDFHEdy","RaDFHEdy_fdg","Douglas-fir Hemlock-Dry Mesic",3
"7_53_11_62446",13,78,464,1971,681,1708000206,"17080001A","WWC","RaDFHEdy_fdg_17080002","RaDFHEdy","RaDFHEdy_fdg",24,"fdg","RaDFHEdy","RaDFHEdy_fdg","Douglas-fir Hemlock-Dry Mesic",3
"0_41_51_86478",3,98,559,422,56,1709001202,"17090011","OCR","RaDFWV_fwx_1709001202","RaDFWV","RaDFWV_fwx",37,"fwx","RaDFWV","RaDFWV_fwx","Douglas-fir Willamatte Valley Foothills",1
"5_53_55_62718",11,128,728,1796,1367,1711000304,"17110002","WNC","RaDFHEdy_fwi_17110003","RaDFHEdy","RaDFHEdy_fwi",31,"fwi","RaDFHEdy","RaDFHEdy_fwi","Douglas-fir Hemlock-Dry Mesic",3
"0_41_5_81651",3,93,533,492,725,1709000704,"17090006","OCR","RaDFWV_fwx_1709000704","RaDFWV","RaDFWV_fwx",37,"fwx","RaDFWV","RaDFWV_fwx","Douglas-fir Willamatte Valley Foothills",1
"0_41_47_72746",7,95,541,2052,1336,1709000901,"17090008","OWC","RaDFHEdy_fwi_17090009","RaDFHEdy","RaDFHEdy_fwi",31,"fwi","RaDFHEdy","RaDFHEdy_fwi","Douglas-fir Hemlock-Dry Mesic",3
"1_41_43_94102",7,92,527,2329,1479,1709000606,"17090005","OWC","RaDFHEwt_fwm_OWC","RaDFHEwt","RaDFHEwt_fwm",33,"fwm","RaDFHEwt","RaDFHEwt_fwm","Douglas-fir Hemlock-Wet Mesic",5
"1_41_43_59095",7,92,529,2082,1515,1709000608,"17090005","OWC","RaDFHEdy_fwi_17090006","RaDFHEdy","RaDFHEdy_fwi",31,"fwi","RaDFHEdy","RaDFHEdy_fwi","Douglas-fir Hemlock-Dry Mesic",3
"1_41_43_55075",7,92,526,2082,749,1709000605,"17090005","OWC","RaDFHEdy_fwi_17090006","RaDFHEdy","RaDFHEdy_fwi",31,"fwi","RaDFHEdy","RaDFHEdy_fwi","Douglas-fir Hemlock-Dry Mesic",3
"1_41_39_94156",7,90,514,2110,2633,1709000406,"17090003B","OWC","RaDFHEdy_fwi_17090004","RaDFHEdy","RaDFHEdy_fwi",31,"fwi","RaDFHEdy","RaDFHEdy_fwi","Douglas-fir Hemlock-Dry Mesic",3
"1_41_39_50736",7,90,515,2110,2134,1709000407,"17090003B","OWC","RaDFHEdy_fwi_17090004","RaDFHEdy","RaDFHEdy_fwi",31,"fwi","RaDFHEdy","RaDFHEdy_fwi","Douglas-fir Hemlock-Dry Mesic",3
"1_41_39_64057",7,90,515,2329,819,1709000407,"17090003B","OWC","RaDFHEwt_fwm_OWC","RaDFHEwt","RaDFHEwt_fwm",33,"fwm","RaDFHEwt","RaDFHEwt_fwm","Douglas-fir Hemlock-Wet Mesic",5
"1_41_39_93645",7,86,496,2329,1569,1709000108,"17080006A","OWC","RaDFHEwt_fwm_OWC","RaDFHEwt","RaDFHEwt_fwm",33,"fwm","RaDFHEwt","RaDFHEwt_fwm","Douglas-fir Hemlock-Wet Mesic",5
"1_41_39_58830",7,86,497,2139,1422,1709000109,"17080006A","OWC","RaDFHEdy_fwi_17090001","RaDFHEdy","RaDFHEdy_fwi",31,"fwi","RaDFHEdy","RaDFHEdy_fwi","Douglas-fir Hemlock-Dry Mesic",3
"1_41_39_73430",7,86,497,2329,2031,1709000109,"17080006A","OWC","RaDFHEwt_fwm_OWC","RaDFHEwt","RaDFHEwt_fwm",33,"fwm","RaDFHEwt","RaDFHEwt_fwm","Douglas-fir Hemlock-Wet Mesic",5
"1_41_39_88351",7,86,497,2139,2109,1709000109,"17080006A","OWC","RaDFHEdy_fwi_17090001","RaDFHEdy","RaDFHEdy_fwi",31,"fwi","RaDFHEdy","RaDFHEdy_fwi","Douglas-fir Hemlock-Dry Mesic",3
"1_41_39_94893",7,86,497,965,1091,1709000109,"17080006A","OWC","RaDFWV_fwx_1709000109","RaDFWV","RaDFWV_fwx",37,"fwx","RaDFWV","RaDFWV_fwx","Douglas-fir Willamatte Valley Foothills",1
"1_41_39_95503",7,86,495,2139,985,1709000107,"17080006A","OWC","RaDFHEdy_fwi_17090001","RaDFHEdy","RaDFHEdy_fwi",31,"fwi","RaDFHEdy","RaDFHEdy_fwi","Douglas-fir Hemlock-Dry Mesic",3
"1_41_39_54644",7,86,495,2139,780,1709000107,"17080006A","OWC","RaDFHEdy_fwi_17090001","RaDFHEdy","RaDFHEdy_fwi",31,"fwi","RaDFHEdy","RaDFHEdy_fwi","Douglas-fir Hemlock-Dry Mesic",3
"1_41_39_88070",7,86,495,997,971,1709000107,"17080006A","OWC","RaDFWV_fwx_1709000107","RaDFWV","RaDFWV_fwx",37,"fwx","RaDFWV","RaDFWV_fwx","Douglas-fir Willamatte Valley Foothills",1
"1_41_39_50753",7,86,495,2139,2312,1709000107,"17080006A","OWC","RaDFHEdy_fwi_17090001","RaDFHEdy","RaDFHEdy_fwi",31,"fwi","RaDFHEdy","RaDFHEdy_fwi","Douglas-fir Hemlock-Dry Mesic",3
"1_41_39_78804",7,86,495,2139,1763,1709000107,"17080006A","OWC","RaDFHEdy_fwi_17090001","RaDFHEdy","RaDFHEdy_fwi",31,"fwi","RaDFHEdy","RaDFHEdy_fwi","Douglas-fir Hemlock-Dry Mesic",3
"1_41_39_75833",7,86,495,2141,1439,1709000107,"17080006A","OWC","RaABAMlw_fsw_17090001","RaABAMlw","RaABAMlw_fsw",16,"fsw","RaABAMlw","RaABAMlw_fsw","Pacific Silver Fir - Low Elevation",3
"1_41_39_92023",7,86,495,2139,1497,1709000107,"17080006A","OWC","RaDFHEdy_fwi_17090001","RaDFHEdy","RaDFHEdy_fwi",31,"fwi","RaDFHEdy","RaDFHEdy_fwi","Douglas-fir Hemlock-Dry Mesic",3
"1_41_39_95072",7,86,495,2139,1102,1709000107,"17080006A","OWC","RaDFHEdy_fwi_17090001","RaDFHEdy","RaDFHEdy_fwi",31,"fwi","RaDFHEdy","RaDFHEdy_fwi","Douglas-fir Hemlock-Dry Mesic",3
"1_41_39_56218",7,87,500,2146,1686,1709000202,"17090001","OWC","RaDFHEdy_fwi_17090002","RaDFHEdy","RaDFHEdy_fwi",31,"fwi","RaDFHEdy","RaDFHEdy_fwi","Douglas-fir Hemlock-Dry Mesic",3
"1_41_39_55829",7,87,500,2146,1223,1709000202,"17090001","OWC","RaDFHEdy_fwi_17090002","RaDFHEdy","RaDFHEdy_fwi",31,"fwi","RaDFHEdy","RaDFHEdy_fwi","Douglas-fir Hemlock-Dry Mesic",3
"1_41_39_71560",7,87,500,2151,1581,1709000202,"17090001","OWC","RaABAMlw_fsw_17090002","RaABAMlw","RaABAMlw_fsw",16,"fsw","RaABAMlw","RaABAMlw_fsw","Pacific Silver Fir - Low Elevation",3
"1_41_39_52038",7,87,500,2161,1613,1709000202,"17090001","OWC","RaABAMlw_fsi_17090002","RaABAMlw","RaABAMlw_fsi",14,"fsi","RaABAMlw","RaABAMlw_fsi","Pacific Silver Fir - Low Elevation",3
"1_41_39_73370",7,87,500,2146,1337,1709000202,"17090001","OWC","RaDFHEdy_fwi_17090002","RaDFHEdy","RaDFHEdy_fwi",31,"fwi","RaDFHEdy","RaDFHEdy_fwi","Douglas-fir Hemlock-Dry Mesic",3
"1_41_39_62891",7,87,500,2161,949,1709000202,"17090001","OWC","RaABAMlw_fsi_17090002","RaABAMlw","RaABAMlw_fsi",14,"fsi","RaABAMlw","RaABAMlw_fsi","Pacific Silver Fir - Low Elevation",3
"1_41_39_51827",7,87,500,2151,986,1709000202,"17090001","OWC","RaABAMlw_fsw_17090002","RaABAMlw","RaABAMlw_fsw",16,"fsw","RaABAMlw","RaABAMlw_fsw","Pacific Silver Fir - Low Elevation",3
"1_41_39_66544",6,113,640,2177,948,1710030107,"17100207","OSW","RaABAMlw_fsi_17100301","RaABAMlw","RaABAMlw_fsi",14,"fsi","RaABAMlw","RaABAMlw_fsi","Pacific Silver Fir - Low Elevation",3
"1_41_39_64605",6,113,640,2180,820,1710030107,"17100207","OSW","RaDFHEdy_fwi_17100301","RaDFHEdy","RaDFHEdy_fwi",31,"fwi","RaDFHEdy","RaDFHEdy_fwi","Douglas-fir Hemlock-Dry Mesic",3
"1_41_39_80001",6,113,640,1088,787,1710030107,"17100207","OSW","RaDFWV_fwx_1710030107","RaDFWV","RaDFWV_fwx",37,"fwx","RaDFWV","RaDFWV_fwx","Douglas-fir Willamatte Valley Foothills",1
"1_41_39_67392",6,113,640,2180,716,1710030107,"17100207","OSW","RaDFHEdy_fwi_17100301","RaDFHEdy","RaDFHEdy_fwi",31,"fwi","RaDFHEdy","RaDFHEdy_fwi","Douglas-fir Hemlock-Dry Mesic",3
"1_41_39_73513",6,113,640,2347,1046,1710030107,"17100207","OSW","RaDFHEwt_fwm_OSW","RaDFHEwt","RaDFHEwt_fwm",33,"fwm","RaDFHEwt","RaDFHEwt_fwm","Douglas-fir Hemlock-Wet Mesic",5
"1_41_39_67917",6,113,640,2347,1221,1710030107,"17100207","OSW","RaDFHEwt_fwm_OSW","RaDFHEwt","RaDFHEwt_fwm",33,"fwm","RaDFHEwt","RaDFHEwt_fwm","Douglas-fir Hemlock-Wet Mesic",5
"2_41_19_92037",6,113,640,2347,1330,1710030107,"17100207","OSW","RaDFHEwt_fwm_OSW","RaDFHEwt","RaDFHEwt_fwm",33,"fwm","RaDFHEwt","RaDFHEwt_fwm","Douglas-fir Hemlock-Wet Mesic",5
"2_41_19_99905",6,113,640,2180,1284,1710030107,"17100207","OSW","RaDFHEdy_fwi_17100301","RaDFHEdy","RaDFHEdy_fwi",31,"fwi","RaDFHEdy","RaDFHEdy_fwi","Douglas-fir Hemlock-Dry Mesic",3
"2_41_19_86796",6,113,640,2186,1863,1710030107,"17100207","OSW","R1RFWF_fcw_17100301","R1RFWF","R1RFWF_fcw",18,"fcw","R1RFWF","R1RFWF_fcw","Red Fir / White Fir",3
"2_41_19_66268",6,113,640,2186,1128,1710030107,"17100207","OSW","R1RFWF_fcw_17100301","R1RFWF","R1RFWF_fcw",18,"fcw","R1RFWF","R1RFWF_fcw","Red Fir / White Fir",3
"2_41_19_82264",6,113,640,2186,906,1710030107,"17100207","OSW","R1RFWF_fcw_17100301","R1RFWF","R1RFWF_fcw",18,"fcw","R1RFWF","R1RFWF_fcw","Red Fir / White Fir",3
"2_41_19_88460",6,113,641,2347,533,1710030108,"17100207","OSW","RaDFHEwt_fwm_OSW","RaDFHEwt","RaDFHEwt_fwm",33,"fwm","RaDFHEwt","RaDFHEwt_fwm","Douglas-fir Hemlock-Wet Mesic",5
"2_41_19_60326",6,113,641,2186,1366,1710030108,"17100207","OSW","R1RFWF_fcw_17100301","R1RFWF","R1RFWF_fcw",18,"fcw","R1RFWF","R1RFWF_fcw","Red Fir / White Fir",3
"2_41_19_59464",6,113,641,1130,1435,1710030108,"17100207","OSW","RaMCONsw_fiw_1710030108","RaMCONsw","RaMCONsw_fiw",20,"fiw","RaMCONsw","RaMCONsw_fiw","Mixed Conifer - Southwest Oregon",1
"2_41_19_88443",6,113,641,1130,1268,1710030108,"17100207","OSW","RaMCONsw_fiw_1710030108","RaMCONsw","RaMCONsw_fiw",20,"fiw","RaMCONsw","RaMCONsw_fiw","Mixed Conifer - Southwest Oregon",1
"2_41_19_72400",6,113,641,1130,1412,1710030108,"17100207","OSW","RaMCONsw_fiw_1710030108","RaMCONsw","RaMCONsw_fiw",20,"fiw","RaMCONsw","RaMCONsw_fiw","Mixed Conifer - Southwest Oregon",1
"2_41_19_91113",6,114,645,1191,1069,1710030201,"17100301","OSW","RaMCONsw_fiw_1710030201","RaMCONsw","RaMCONsw_fiw",20,"fiw","RaMCONsw","RaMCONsw_fiw","Mixed Conifer - Southwest Oregon",1
"2_41_19_52897",6,114,645,1191,1239,1710030201,"17100301","OSW","RaMCONsw_fiw_1710030201","RaMCONsw","RaMCONsw_fiw",20,"fiw","RaMCONsw","RaMCONsw_fiw","Mixed Conifer - Southwest Oregon",1
"2_41_19_61762",6,114,645,1195,737,1710030201,"17100301","OSW","Na0710270_fdd_1710030201","Na0710270","Na0710270_fdd",43,"fdd","Na0710270","Na0710270_fdd","Mediterranean California Dry-Mesic Mixed Conifer Forest and Woodland",1
"2_41_19_73205",6,114,645,2202,876,1710030201,"17100301","OSW","RaDFHEdy_fwi_17100302","RaDFHEdy","RaDFHEdy_fwi",31,"fwi","RaDFHEdy","RaDFHEdy_fwi","Douglas-fir Hemlock-Dry Mesic",3
"2_41_19_82642",6,114,645,2203,842,1710030201,"17100301","OSW","RaREFI_fcw_17100302","RaREFI","RaREFI_fcw",19,"fcw","RaREFI","RaREFI_fcw","Red Fir",3
"2_41_19_99119",6,114,645,1195,595,1710030201,"17100301","OSW","Na0710270_fdd_1710030201","Na0710270","Na0710270_fdd",43,"fdd","Na0710270","Na0710270_fdd","Mediterranean California Dry-Mesic Mixed Conifer Forest and Woodland",1
"2_41_19_63082",6,114,645,2203,731,1710030201,"17100301","OSW","RaREFI_fcw_17100302","RaREFI","RaREFI_fcw",19,"fcw","RaREFI","RaREFI_fcw","Red Fir",3
"2_41_19_80815",6,114,645,2202,1094,1710030201,"17100301","OSW","RaDFHEdy_fwi_17100302","RaDFHEdy","RaDFHEdy_fwi",31,"fwi","RaDFHEdy","RaDFHEdy_fwi","Douglas-fir Hemlock-Dry Mesic",3
"2_41_19_75490",6,114,645,2202,805,1710030201,"17100301","OSW","RaDFHEdy_fwi_17100302","RaDFHEdy","RaDFHEdy_fwi",31,"fwi","RaDFHEdy","RaDFHEdy_fwi","Douglas-fir Hemlock-Dry Mesic",3
"2_41_19_59702",6,114,645,2202,743,1710030201,"17100301","OSW","RaDFHEdy_fwi_17100302","RaDFHEdy","RaDFHEdy_fwi",31,"fwi","RaDFHEdy","RaDFHEdy_fwi","Douglas-fir Hemlock-Dry Mesic",3
"2_41_19_64882",6,114,645,2202,1056,1710030201,"17100301","OSW","RaDFHEdy_fwi_17100302","RaDFHEdy","RaDFHEdy_fwi",31,"fwi","RaDFHEdy","RaDFHEdy_fwi","Douglas-fir Hemlock-Dry Mesic",3
"2_41_19_92925",6,114,646,2202,2414,1710030202,"17100301","OSW","RaDFHEdy_fwi_17100302","RaDFHEdy","RaDFHEdy_fwi",31,"fwi","RaDFHEdy","RaDFHEdy_fwi","Douglas-fir Hemlock-Dry Mesic",3
"2_41_19_81402",6,114,646,2202,696,1710030202,"17100301","OSW","RaDFHEdy_fwi_17100302","RaDFHEdy","RaDFHEdy_fwi",31,"fwi","RaDFHEdy","RaDFHEdy_fwi","Douglas-fir Hemlock-Dry Mesic",3
"2_41_19_56800",6,114,646,2203,969,1710030202,"17100301","OSW","RaREFI_fcw_17100302","RaREFI","RaREFI_fcw",19,"fcw","RaREFI","RaREFI_fcw","Red Fir",3
"2_41_19_67798",6,114,646,2203,1665,1710030202,"17100301","OSW","RaREFI_fcw_17100302","RaREFI","RaREFI_fcw",19,"fcw","RaREFI","RaREFI_fcw","Red Fir",3
"2_41_29_53846",6,120,679,1231,1974,1710030701,"17100306","OSW","RaMCONsw_fiw_1710030701","RaMCONsw","RaMCONsw_fiw",20,"fiw","RaMCONsw","RaMCONsw_fiw","Mixed Conifer - Southwest Oregon",1
"2_41_29_62358",6,120,679,1231,3187,1710030701,"17100306","OSW","RaMCONsw_fiw_1710030701","RaMCONsw","RaMCONsw_fiw",20,"fiw","RaMCONsw","RaMCONsw_fiw","Mixed Conifer - Southwest Oregon",1
"2_41_29_59825",6,120,679,2222,1728,1710030701,"17100306","OSW","RaDFHEdy_fwx_17100307","RaDFHEdy","RaDFHEdy_fwx",38,"fwx","RaDFHEdy","RaDFHEdy_fwx","Douglas-fir Hemlock-Dry Mesic",3
"2_41_29_65839",6,120,679,2222,1994,1710030701,"17100306","OSW","RaDFHEdy_fwx_17100307","RaDFHEdy","RaDFHEdy_fwx",38,"fwx","RaDFHEdy","RaDFHEdy_fwx","Douglas-fir Hemlock-Dry Mesic",3
"2_41_29_72059",6,120,683,1308,2979,1710030705,"17100306","OSW","RaMCONsw_fiw_1710030705","RaMCONsw","RaMCONsw_fiw",20,"fiw","RaMCONsw","RaMCONsw_fiw","Mixed Conifer - Southwest Oregon",1
"2_41_29_64946",6,120,683,1308,2275,1710030705,"17100306","OSW","RaMCONsw_fiw_1710030705","RaMCONsw","RaMCONsw_fiw",20,"fiw","RaMCONsw","RaMCONsw_fiw","Mixed Conifer - Southwest Oregon",1
"2_41_29_92225",6,120,681,1389,2942,1710030703,"17100306","OSW","RaMCONsw_fiw_1710030703","RaMCONsw","RaMCONsw_fiw",20,"fiw","RaMCONsw","RaMCONsw_fiw","Mixed Conifer - Southwest Oregon",1
"2_41_29_82236",6,120,686,1524,928,1710030708,"17100306","OSW","Na0710270_fdd_1710030708","Na0710270","Na0710270_fdd",43,"fdd","Na0710270","Na0710270_fdd","Mediterranean California Dry-Mesic Mixed Conifer Forest and Woodland",1
"2_41_29_70510",6,120,686,1524,1163,1710030708,"17100306","OSW","Na0710270_fdd_1710030708","Na0710270","Na0710270_fdd",43,"fdd","Na0710270","Na0710270_fdd","Mediterranean California Dry-Mesic Mixed Conifer Forest and Woodland",1
"2_41_29_59598",6,121,687,1620,3286,1710030801,"17100307","OSW","RaMCONsw_fiw_1710030801","RaMCONsw","RaMCONsw_fiw",20,"fiw","RaMCONsw","RaMCONsw_fiw","Mixed Conifer - Southwest Oregon",1
"2_41_29_83981",6,121,687,1620,3078,1710030801,"17100307","OSW","RaMCONsw_fiw_1710030801","RaMCONsw","RaMCONsw_fiw",20,"fiw","RaMCONsw","RaMCONsw_fiw","Mixed Conifer - Southwest Oregon",1
"2_41_29_58690",6,121,687,1620,2140,1710030801,"17100307","OSW","RaMCONsw_fiw_1710030801","RaMCONsw","RaMCONsw_fiw",20,"fiw","RaMCONsw","RaMCONsw_fiw","Mixed Conifer - Southwest Oregon",1
"2_41_29_75123",6,121,687,1585,1180,1710030801,"17100307","OSW","Na0210290_fwo_1710030801","Na0210290","Na0210290_fwo",57,"fwo","Na0210290","Na0210290_fwo","Mediterranean California Mixed Oak Woodland",1
"2_41_29_61993",6,121,687,1620,2288,1710030801,"17100307","OSW","RaMCONsw_fiw_1710030801","RaMCONsw","RaMCONsw_fiw",20,"fiw","RaMCONsw","RaMCONsw_fiw","Mixed Conifer - Southwest Oregon",1
"2_41_29_81309",6,161,920,1679,1035,1801020604,"18010204","OSW","Na0710270_fdd_1801020604","Na0710270","Na0710270_fdd",43,"fdd","Na0710270","Na0710270_fdd","Mediterranean California Dry-Mesic Mixed Conifer Forest and Woodland",1
"6_53_31_82359",9,145,803,1836,1296,1711002001,"17110019","WCR","RaDFHEdy_fwi_17110020","RaDFHEdy","RaDFHEdy_fwi",31,"fwi","RaDFHEdy","RaDFHEdy_fwi","Douglas-fir Hemlock-Dry Mesic",3
"6_53_31_84867",13,144,802,1813,1023,1711001908,"17110018","WWC","RaDFHEdy_fwi_17110019","RaDFHEdy","RaDFHEdy_fwi",31,"fwi","RaDFHEdy","RaDFHEdy_fwi","Douglas-fir Hemlock-Dry Mesic",3
"6_53_31_69231",13,144,802,1812,1519,1711001908,"17110018","WWC","RaDFHEdy_fdg_17110019","RaDFHEdy","RaDFHEdy_fdg",24,"fdg","RaDFHEdy","RaDFHEdy_fdg","Douglas-fir Hemlock-Dry Mesic",3
"6_53_31_81726",9,143,794,2296,1043,1711001807,"17110017","WCR","RaDFHEwt_fwn_WCR","RaDFHEwt","RaDFHEwt_fwn",32,"fwn","RaDFHEwt","RaDFHEwt_fwn","Douglas-fir Hemlock-Wet Mesic",5
"6_53_31_99608",9,143,794,2296,419,1711001807,"17110017","WCR","RaDFHEwt_fwn_WCR","RaDFHEwt","RaDFHEwt_fwn",32,"fwn","RaDFHEwt","RaDFHEwt_fwn","Douglas-fir Hemlock-Wet Mesic",5
"6_53_31_74694",9,143,794,2296,449,1711001807,"17110017","WCR","RaDFHEwt_fwn_WCR","RaDFHEwt","RaDFHEwt_fwn",32,"fwn","RaDFHEwt","RaDFHEwt_fwn","Douglas-fir Hemlock-Wet Mesic",5
"6_53_31_87058",9,143,794,1868,1237,1711001807,"17110017","WCR","RaDFHEdy_fdg_17110018","RaDFHEdy","RaDFHEdy_fdg",24,"fdg","RaDFHEdy","RaDFHEdy_fdg","Douglas-fir Hemlock-Dry Mesic",3
"5_53_35_56880",9,143,788,1869,2054,1711001801,"17110017","WCR","RaDFHEdy_fwi_17110018","RaDFHEdy","RaDFHEdy_fwi",31,"fwi","RaDFHEdy","RaDFHEdy_fwi","Douglas-fir Hemlock-Dry Mesic",3
"5_53_35_53227",9,143,788,1869,1177,1711001801,"17110017","WCR","RaDFHEdy_fwi_17110018","RaDFHEdy","RaDFHEdy_fwi",31,"fwi","RaDFHEdy","RaDFHEdy_fwi","Douglas-fir Hemlock-Dry Mesic",3
"5_53_35_51253",9,143,788,1868,884,1711001801,"17110017","WCR","RaDFHEdy_fdg_17110018","RaDFHEdy","RaDFHEdy_fdg",24,"fdg","RaDFHEdy","RaDFHEdy_fdg","Douglas-fir Hemlock-Dry Mesic",3
"5_53_35_59147",13,144,800,1813,985,1711001906,"17110018","WWC","RaDFHEdy_fwi_17110019","RaDFHEdy","RaDFHEdy_fwi",31,"fwi","RaDFHEdy","RaDFHEdy_fwi","Douglas-fir Hemlock-Dry Mesic",3
"5_53_35_86966",13,144,800,1813,2228,1711001906,"17110018","WWC","RaDFHEdy_fwi_17110019","RaDFHEdy","RaDFHEdy_fwi",31,"fwi","RaDFHEdy","RaDFHEdy_fwi","Douglas-fir Hemlock-Dry Mesic",3
"5_53_53_52332",13,144,801,2292,573,1711001907,"17110018","WWC","RaDFHEwt_fwm_WWC","RaDFHEwt","RaDFHEwt_fwm",33,"fwm","RaDFHEwt","RaDFHEwt_fwm","Douglas-fir Hemlock-Wet Mesic",5
"6_53_67_72970",13,141,785,2292,828,1711001602,"17110015","WWC","RaDFHEwt_fwm_WWC","RaDFHEwt","RaDFHEwt_fwm",33,"fwm","RaDFHEwt","RaDFHEwt_fwm","Douglas-fir Hemlock-Wet Mesic",5
"6_53_67_99779",9,102,578,1932,1067,1710010303,"17100102","WCR","RaDFHEdy_fwi_17100103","RaDFHEdy","RaDFHEdy_fwi",31,"fwi","RaDFHEdy","RaDFHEdy_fwi","Douglas-fir Hemlock-Dry Mesic",3
"7_53_41_61448",9,102,577,1932,1099,1710010302,"17100102","WCR","RaDFHEdy_fwi_17100103","RaDFHEdy","RaDFHEdy_fwi",31,"fwi","RaDFHEdy","RaDFHEdy_fwi","Douglas-fir Hemlock-Dry Mesic",3
"7_53_41_64037",13,83,478,1950,709,1708000503,"17080004","WWC","RaDFHEdy_fdg_17080005","RaDFHEdy","RaDFHEdy_fdg",24,"fdg","RaDFHEdy","RaDFHEdy_fdg","Douglas-fir Hemlock-Dry Mesic",3
"7_53_41_94708",13,83,478,2299,841,1708000503,"17080004","WWC","RaDFHEwt_fwn_WWC","RaDFHEwt","RaDFHEwt_fwn",32,"fwn","RaDFHEwt","RaDFHEwt_fwn","Douglas-fir Hemlock-Wet Mesic",5
"7_53_15_91827",13,83,483,2292,1829,1708000508,"17080004","WWC","RaDFHEwt_fwm_WWC","RaDFHEwt","RaDFHEwt_fwm",33,"fwm","RaDFHEwt","RaDFHEwt_fwm","Douglas-fir Hemlock-Wet Mesic",5
"7_53_15_62314",13,79,465,2292,926,1708000301,"17080002","WWC","RaDFHEwt_fwm_WWC","RaDFHEwt","RaDFHEwt_fwm",33,"fwm","RaDFHEwt","RaDFHEwt_fwm","Douglas-fir Hemlock-Wet Mesic",5
"7_53_15_92049",13,79,465,2292,1631,1708000301,"17080002","WWC","RaDFHEwt_fwm_WWC","RaDFHEwt","RaDFHEwt_fwm",33,"fwm","RaDFHEwt","RaDFHEwt_fwm","Douglas-fir Hemlock-Wet Mesic",5
"7_53_11_73073",13,78,464,2292,1224,1708000206,"17080001A","WWC","RaDFHEwt_fwm_WWC","RaDFHEwt","RaDFHEwt_fwm",33,"fwm","RaDFHEwt","RaDFHEwt_fwm","Douglas-fir Hemlock-Wet Mesic",5
"5_53_55_84391",11,128,728,1796,2258,1711000304,"17110002","WNC","RaDFHEdy_fwi_17110003","RaDFHEdy","RaDFHEdy_fwi",31,"fwi","RaDFHEdy","RaDFHEdy_fwi","Douglas-fir Hemlock-Dry Mesic",3
"0_41_5_96741",7,95,546,513,835,1709000906,"17090008","OWC","RaDFWV_fwx_1709000906","RaDFWV","RaDFWV_fwx",37,"fwx","RaDFWV","RaDFWV_fwx","Douglas-fir Willamatte Valley Foothills",1
"5_53_55_61711",11,128,728,1796,471,1711000304,"17110002","WNC","RaDFHEdy_fwi_17110003","RaDFHEdy","RaDFHEdy_fwi",31,"fwi","RaDFHEdy","RaDFHEdy_fwi","Douglas-fir Hemlock-Dry Mesic",3
"0_41_5_79617",7,95,543,2329,372,1709000903,"17090008","OWC","RaDFHEwt_fwm_OWC","RaDFHEwt","RaDFHEwt_fwm",33,"fwm","RaDFHEwt","RaDFHEwt_fwm","Douglas-fir Hemlock-Wet Mesic",5
"0_41_47_86400",7,95,542,2052,1507,1709000902,"17090008","OWC","RaDFHEdy_fwi_17090009","RaDFHEdy","RaDFHEdy_fwi",31,"fwi","RaDFHEdy","RaDFHEdy_fwi","Douglas-fir Hemlock-Dry Mesic",3
"0_41_47_59472",7,95,541,2329,1680,1709000901,"17090008","OWC","RaDFHEwt_fwm_OWC","RaDFHEwt","RaDFHEwt_fwm",33,"fwm","RaDFHEwt","RaDFHEwt_fwm","Douglas-fir Hemlock-Wet Mesic",5
"0_41_47_83095",7,95,541,2052,999,1709000901,"17090008","OWC","RaDFHEdy_fwi_17090009","RaDFHEdy","RaDFHEdy_fwi",31,"fwi","RaDFHEdy","RaDFHEdy_fwi","Douglas-fir Hemlock-Dry Mesic",3
"0_41_47_88464",7,95,541,587,1066,1709000901,"17090008","OWC","RaDFWV_fwx_1709000901","RaDFWV","RaDFWV_fwx",37,"fwx","RaDFWV","RaDFWV_fwx","Douglas-fir Willamatte Valley Foothills",1
"0_41_47_81093",7,91,521,678,1343,1709000506,"17090004","OWC","RaDFWV_fwx_1709000506","RaDFWV","RaDFWV_fwx",37,"fwx","RaDFWV","RaDFWV_fwx","Douglas-fir Willamatte Valley Foothills",1
"1_41_43_55177",7,91,521,2335,1232,1709000506,"17090004","OWC","RaDFHEwt_fwn_OWC","RaDFHEwt","RaDFHEwt_fwn",32,"fwn","RaDFHEwt","RaDFHEwt_fwn","Douglas-fir Hemlock-Wet Mesic",5
"1_41_43_81508",7,92,528,692,1494,1709000607,"17090005","OWC","RaDFWV_fwx_1709000607","RaDFWV","RaDFWV_fwx",37,"fwx","RaDFWV","RaDFWV_fwx","Douglas-fir Willamatte Valley Foothills",1
"5_53_55_67426",11,128,730,1796,2068,1711000306,"17110002","WNC","RaDFHEdy_fwi_17110003","RaDFHEdy","RaDFHEdy_fwi",31,"fwi","RaDFHEdy","RaDFHEdy_fwi","Douglas-fir Hemlock-Dry Mesic",3
"1_41_43_55300",7,92,528,2082,1656,1709000607,"17090005","OWC","RaDFHEdy_fwi_17090006","RaDFHEdy","RaDFHEdy_fwi",31,"fwi","RaDFHEdy","RaDFHEdy_fwi","Douglas-fir Hemlock-Dry Mesic",3
"1_41_43_65898",7,92,527,2082,2067,1709000606,"17090005","OWC","RaDFHEdy_fwi_17090006","RaDFHEdy","RaDFHEdy_fwi",31,"fwi","RaDFHEdy","RaDFHEdy_fwi","Douglas-fir Hemlock-Dry Mesic",3
"1_41_43_69404",7,92,527,2329,1285,1709000606,"17090005","OWC","RaDFHEwt_fwm_OWC","RaDFHEwt","RaDFHEwt_fwm",33,"fwm","RaDFHEwt","RaDFHEwt_fwm","Douglas-fir Hemlock-Wet Mesic",5
"1_41_43_51761",7,92,527,2082,1506,1709000606,"17090005","OWC","RaDFHEdy_fwi_17090006","RaDFHEdy","RaDFHEdy_fwi",31,"fwi","RaDFHEdy","RaDFHEdy_fwi","Douglas-fir Hemlock-Dry Mesic",3
"1_41_43_79421",7,92,529,2082,526,1709000608,"17090005","OWC","RaDFHEdy_fwi_17090006","RaDFHEdy","RaDFHEdy_fwi",31,"fwi","RaDFHEdy","RaDFHEdy_fwi","Douglas-fir Hemlock-Dry Mesic",3
"1_41_43_58695",7,92,525,2082,943,1709000604,"17090005","OWC","RaDFHEdy_fwi_17090006","RaDFHEdy","RaDFHEdy_fwi",31,"fwi","RaDFHEdy","RaDFHEdy_fwi","Douglas-fir Hemlock-Dry Mesic",3
"1_41_43_73721",7,92,525,2329,773,1709000604,"17090005","OWC","RaDFHEwt_fwm_OWC","RaDFHEwt","RaDFHEwt_fwm",33,"fwm","RaDFHEwt","RaDFHEwt_fwm","Douglas-fir Hemlock-Wet Mesic",5
"1_41_43_76481",7,92,526,2082,1636,1709000605,"17090005","OWC","RaDFHEdy_fwi_17090006","RaDFHEdy","RaDFHEdy_fwi",31,"fwi","RaDFHEdy","RaDFHEdy_fwi","Douglas-fir Hemlock-Dry Mesic",3
"1_41_43_90430",7,89,505,2104,1365,1709000303,"17090003A","OWC","RaDFHEdy_fwi_17090003B","RaDFHEdy","RaDFHEdy_fwi",31,"fwi","RaDFHEdy","RaDFHEdy_fwi","Douglas-fir Hemlock-Dry Mesic",3
"1_41_43_81185",7,89,505,2104,2188,1709000303,"17090003A","OWC","RaDFHEdy_fwi_17090003B","RaDFHEdy","RaDFHEdy_fwi",31,"fwi","RaDFHEdy","RaDFHEdy_fwi","Douglas-fir Hemlock-Dry Mesic",3
"1_41_39_85513",7,90,515,2110,1186,1709000407,"17090003B","OWC","RaDFHEdy_fwi_17090004","RaDFHEdy","RaDFHEdy_fwi",31,"fwi","RaDFHEdy","RaDFHEdy_fwi","Douglas-fir Hemlock-Dry Mesic",3
"1_41_39_61346",7,86,496,2139,2710,1709000108,"17080006A","OWC","RaDFHEdy_fwi_17090001","RaDFHEdy","RaDFHEdy_fwi",31,"fwi","RaDFHEdy","RaDFHEdy_fwi","Douglas-fir Hemlock-Dry Mesic",3
"1_41_39_94241",7,86,496,2139,1769,1709000108,"17080006A","OWC","RaDFHEdy_fwi_17090001","RaDFHEdy","RaDFHEdy_fwi",31,"fwi","RaDFHEdy","RaDFHEdy_fwi","Douglas-fir Hemlock-Dry Mesic",3
"1_41_39_81441",7,86,497,2139,2493,1709000109,"17080006A","OWC","RaDFHEdy_fwi_17090001","RaDFHEdy","RaDFHEdy_fwi",31,"fwi","RaDFHEdy","RaDFHEdy_fwi","Douglas-fir Hemlock-Dry Mesic",3
"1_41_39_86795",7,86,497,2139,1387,1709000109,"17080006A","OWC","RaDFHEdy_fwi_17090001","RaDFHEdy","RaDFHEdy_fwi",31,"fwi","RaDFHEdy","RaDFHEdy_fwi","Douglas-fir Hemlock-Dry Mesic",3
"1_41_39_95225",7,86,497,2329,1860,1709000109,"17080006A","OWC","RaDFHEwt_fwm_OWC","RaDFHEwt","RaDFHEwt_fwm",33,"fwm","RaDFHEwt","RaDFHEwt_fwm","Douglas-fir Hemlock-Wet Mesic",5
"1_41_39_95508",7,86,497,2139,2507,1709000109,"17080006A","OWC","RaDFHEdy_fwi_17090001","RaDFHEdy","RaDFHEdy_fwi",31,"fwi","RaDFHEdy","RaDFHEdy_fwi","Douglas-fir Hemlock-Dry Mesic",3
"1_41_39_63306",7,86,497,2139,1571,1709000109,"17080006A","OWC","RaDFHEdy_fwi_17090001","RaDFHEdy","RaDFHEdy_fwi",31,"fwi","RaDFHEdy","RaDFHEdy_fwi","Douglas-fir Hemlock-Dry Mesic",3
"1_41_39_91894",7,86,497,2139,694,1709000109,"17080006A","OWC","RaDFHEdy_fwi_17090001","RaDFHEdy","RaDFHEdy_fwi",31,"fwi","RaDFHEdy","RaDFHEdy_fwi","Douglas-fir Hemlock-Dry Mesic",3
"1_41_39_54290",7,86,497,2139,827,1709000109,"17080006A","OWC","RaDFHEdy_fwi_17090001","RaDFHEdy","RaDFHEdy_fwi",31,"fwi","RaDFHEdy","RaDFHEdy_fwi","Douglas-fir Hemlock-Dry Mesic",3
"1_41_39_94614",7,86,495,2139,717,1709000107,"17080006A","OWC","RaDFHEdy_fwi_17090001","RaDFHEdy","RaDFHEdy_fwi",31,"fwi","RaDFHEdy","RaDFHEdy_fwi","Douglas-fir Hemlock-Dry Mesic",3
"1_41_39_66552",7,86,495,2139,713,1709000107,"17080006A","OWC","RaDFHEdy_fwi_17090001","RaDFHEdy","RaDFHEdy_fwi",31,"fwi","RaDFHEdy","RaDFHEdy_fwi","Douglas-fir Hemlock-Dry Mesic",3
"1_41_39_54912",7,86,495,2139,1152,1709000107,"17080006A","OWC","RaDFHEdy_fwi_17090001","RaDFHEdy","RaDFHEdy_fwi",31,"fwi","RaDFHEdy","RaDFHEdy_fwi","Douglas-fir Hemlock-Dry Mesic",3
"1_41_39_88654",7,86,495,997,728,1709000107,"17080006A","OWC","RaDFWV_fwx_1709000107","RaDFWV","RaDFWV_fwx",37,"fwx","RaDFWV","RaDFWV_fwx","Douglas-fir Willamatte Valley Foothills",1
"1_41_39_50760",7,86,495,2139,2155,1709000107,"17080006A","OWC","RaDFHEdy_fwi_17090001","RaDFHEdy","RaDFHEdy_fwi",31,"fwi","RaDFHEdy","RaDFHEdy_fwi","Douglas-fir Hemlock-Dry Mesic",3
"1_41_39_86462",7,86,493,2141,1148,1709000105,"17080006A","OWC","RaABAMlw_fsw_17090001","RaABAMlw","RaABAMlw_fsw",16,"fsw","RaABAMlw","RaABAMlw_fsw","Pacific Silver Fir - Low Elevation",3
"1_41_39_90586",7,86,493,2141,1154,1709000105,"17080006A","OWC","RaABAMlw_fsw_17090001","RaABAMlw","RaABAMlw_fsw",16,"fsw","RaABAMlw","RaABAMlw_fsw","Pacific Silver Fir - Low Elevation",3
"1_41_39_67302",7,86,493,2141,1109,1709000105,"17080006A","OWC","RaABAMlw_fsw_17090001","RaABAMlw","RaABAMlw_fsw",16,"fsw","RaABAMlw","RaABAMlw_fsw","Pacific Silver Fir - Low Elevation",3
"1_41_39_68360",7,87,500,2161,1022,1709000202,"17090001","OWC","RaABAMlw_fsi_17090002","RaABAMlw","RaABAMlw_fsi",14,"fsi","RaABAMlw","RaABAMlw_fsi","Pacific Silver Fir - Low Elevation",3
"1_41_39_71238",7,87,500,2151,1290,1709000202,"17090001","OWC","RaABAMlw_fsw_17090002","RaABAMlw","RaABAMlw_fsw",16,"fsw","RaABAMlw","RaABAMlw_fsw","Pacific Silver Fir - Low Elevation",3
"1_41_39_78038",7,87,500,2151,1082,1709000202,"17090001","OWC","RaABAMlw_fsw_17090002","RaABAMlw","RaABAMlw_fsw",16,"fsw","RaABAMlw","RaABAMlw_fsw","Pacific Silver Fir - Low Elevation",3
"1_41_39_56255",6,113,640,2177,807,1710030107,"17100207","OSW","RaABAMlw_fsi_17100301","RaABAMlw","RaABAMlw_fsi",14,"fsi","RaABAMlw","RaABAMlw_fsi","Pacific Silver Fir - Low Elevation",3
"1_41_39_52997",6,113,640,2186,1324,1710030107,"17100207","OSW","R1RFWF_fcw_17100301","R1RFWF","R1RFWF_fcw",18,"fcw","R1RFWF","R1RFWF_fcw","Red Fir / White Fir",3
"1_41_39_56638",6,113,640,1088,1369,1710030107,"17100207","OSW","RaDFWV_fwx_1710030107","RaDFWV","RaDFWV_fwx",37,"fwx","RaDFWV","RaDFWV_fwx","Douglas-fir Willamatte Valley Foothills",1
"1_41_39_99805",6,113,640,2186,1793,1710030107,"17100207","OSW","R1RFWF_fcw_17100301","R1RFWF","R1RFWF_fcw",18,"fcw","R1RFWF","R1RFWF_fcw","Red Fir / White Fir",3
"1_41_39_88229",6,113,640,2180,1110,1710030107,"17100207","OSW","RaDFHEdy_fwi_17100301","RaDFHEdy","RaDFHEdy_fwi",31,"fwi","RaDFHEdy","RaDFHEdy_fwi","Douglas-fir Hemlock-Dry Mesic",3
"2_41_19_71944",6,113,640,2180,930,1710030107,"17100207","OSW","RaDFHEdy_fwi_17100301","RaDFHEdy","RaDFHEdy_fwi",31,"fwi","RaDFHEdy","RaDFHEdy_fwi","Douglas-fir Hemlock-Dry Mesic",3
"2_41_19_93205",6,113,640,2186,1724,1710030107,"17100207","OSW","R1RFWF_fcw_17100301","R1RFWF","R1RFWF_fcw",18,"fcw","R1RFWF","R1RFWF_fcw","Red Fir / White Fir",3
"2_41_19_54865",6,113,640,2186,949,1710030107,"17100207","OSW","R1RFWF_fcw_17100301","R1RFWF","R1RFWF_fcw",18,"fcw","R1RFWF","R1RFWF_fcw","Red Fir / White Fir",3
"2_41_19_70930",6,113,640,1094,1360,1710030107,"17100207","OSW","RaMCONsw_fiw_1710030107","RaMCONsw","RaMCONsw_fiw",20,"fiw","RaMCONsw","RaMCONsw_fiw","Mixed Conifer - Southwest Oregon",1
"2_41_19_80209",6,113,641,2186,2130,1710030108,"17100207","OSW","R1RFWF_fcw_17100301","R1RFWF","R1RFWF_fcw",18,"fcw","R1RFWF","R1RFWF_fcw","Red Fir / White Fir",3
"2_41_19_68055",6,113,641,1130,1253,1710030108,"17100207","OSW","RaMCONsw_fiw_1710030108","RaMCONsw","RaMCONsw_fiw",20,"fiw","RaMCONsw","RaMCONsw_fiw","Mixed Conifer - Southwest Oregon",1
"2_41_19_92871",6,113,641,2347,1036,1710030108,"17100207","OSW","RaDFHEwt_fwm_OSW","RaDFHEwt","RaDFHEwt_fwm",33,"fwm","RaDFHEwt","RaDFHEwt_fwm","Douglas-fir Hemlock-Wet Mesic",5
"2_41_19_66627",6,113,641,1130,609,1710030108,"17100207","OSW","RaMCONsw_fiw_1710030108","RaMCONsw","RaMCONsw_fiw",20,"fiw","RaMCONsw","RaMCONsw_fiw","Mixed Conifer - Southwest Oregon",1
"2_41_19_92246",6,113,641,2186,1144,1710030108,"17100207","OSW","R1RFWF_fcw_17100301","R1RFWF","R1RFWF_fcw",18,"fcw","R1RFWF","R1RFWF_fcw","Red Fir / White Fir",3
"2_41_19_88202",6,113,641,2186,829,1710030108,"17100207","OSW","R1RFWF_fcw_17100301","R1RFWF","R1RFWF_fcw",18,"fcw","R1RFWF","R1RFWF_fcw","Red Fir / White Fir",3
"2_41_19_63321",6,113,641,2186,1250,1710030108,"17100207","OSW","R1RFWF_fcw_17100301","R1RFWF","R1RFWF_fcw",18,"fcw","R1RFWF","R1RFWF_fcw","Red Fir / White Fir",3
"2_41_19_87929",6,113,641,2186,1056,1710030108,"17100207","OSW","R1RFWF_fcw_17100301","R1RFWF","R1RFWF_fcw",18,"fcw","R1RFWF","R1RFWF_fcw","Red Fir / White Fir",3
"2_41_19_76980",6,113,641,1130,998,1710030108,"17100207","OSW","RaMCONsw_fiw_1710030108","RaMCONsw","RaMCONsw_fiw",20,"fiw","RaMCONsw","RaMCONsw_fiw","Mixed Conifer - Southwest Oregon",1
"2_41_19_79896",6,113,641,1130,1052,1710030108,"17100207","OSW","RaMCONsw_fiw_1710030108","RaMCONsw","RaMCONsw_fiw",20,"fiw","RaMCONsw","RaMCONsw_fiw","Mixed Conifer - Southwest Oregon",1
"2_41_19_94368",6,114,645,2202,1180,1710030201,"17100301","OSW","RaDFHEdy_fwi_17100302","RaDFHEdy","RaDFHEdy_fwi",31,"fwi","RaDFHEdy","RaDFHEdy_fwi","Douglas-fir Hemlock-Dry Mesic",3
"2_41_19_55261",6,114,645,1191,831,1710030201,"17100301","OSW","RaMCONsw_fiw_1710030201","RaMCONsw","RaMCONsw_fiw",20,"fiw","RaMCONsw","RaMCONsw_fiw","Mixed Conifer - Southwest Oregon",1
"2_41_19_75369",6,114,645,1191,533,1710030201,"17100301","OSW","RaMCONsw_fiw_1710030201","RaMCONsw","RaMCONsw_fiw",20,"fiw","RaMCONsw","RaMCONsw_fiw","Mixed Conifer - Southwest Oregon",1
"2_41_19_91403",6,114,645,2202,608,1710030201,"17100301","OSW","RaDFHEdy_fwi_17100302","RaDFHEdy","RaDFHEdy_fwi",31,"fwi","RaDFHEdy","RaDFHEdy_fwi","Douglas-fir Hemlock-Dry Mesic",3
"2_41_19_91169",6,114,645,1191,868,1710030201,"17100301","OSW","RaMCONsw_fiw_1710030201","RaMCONsw","RaMCONsw_fiw",20,"fiw","RaMCONsw","RaMCONsw_fiw","Mixed Conifer - Southwest Oregon",1
"2_41_19_82566",6,114,646,1248,770,1710030202,"17100301","OSW","RaMCONsw_fiw_1710030202","RaMCONsw","RaMCONsw_fiw",20,"fiw","RaMCONsw","RaMCONsw_fiw","Mixed Conifer - Southwest Oregon",1
"2_41_19_88808",6,114,646,1248,1341,1710030202,"17100301","OSW","RaMCONsw_fiw_1710030202","RaMCONsw","RaMCONsw_fiw",20,"fiw","RaMCONsw","RaMCONsw_fiw","Mixed Conifer - Southwest Oregon",1
"2_41_19_89488",6,120,679,2219,1239,1710030701,"17100306","OSW","RaREFI_fcw_17100307","RaREFI","RaREFI_fcw",19,"fcw","RaREFI","RaREFI_fcw","Red Fir",3
"2_41_29_92667",6,120,679,1231,3361,1710030701,"17100306","OSW","RaMCONsw_fiw_1710030701","RaMCONsw","RaMCONsw_fiw",20,"fiw","RaMCONsw","RaMCONsw_fiw","Mixed Conifer - Southwest Oregon",1
"2_41_29_56042",6,120,679,1231,2032,1710030701,"17100306","OSW","RaMCONsw_fiw_1710030701","RaMCONsw","RaMCONsw_fiw",20,"fiw","RaMCONsw","RaMCONsw_fiw","Mixed Conifer - Southwest Oregon",1
"2_41_29_95167",6,120,679,1231,2750,1710030701,"17100306","OSW","RaMCONsw_fiw_1710030701","RaMCONsw","RaMCONsw_fiw",20,"fiw","RaMCONsw","RaMCONsw_fiw","Mixed Conifer - Southwest Oregon",1
"2_41_29_80370",6,120,679,1231,2712,1710030701,"17100306","OSW","RaMCONsw_fiw_1710030701","RaMCONsw","RaMCONsw_fiw",20,"fiw","RaMCONsw","RaMCONsw_fiw","Mixed Conifer - Southwest Oregon",1
"2_41_29_65711",6,120,679,1231,1991,1710030701,"17100306","OSW","RaMCONsw_fiw_1710030701","RaMCONsw","RaMCONsw_fiw",20,"fiw","RaMCONsw","RaMCONsw_fiw","Mixed Conifer - Southwest Oregon",1
"2_41_29_89755",6,120,679,1231,2489,1710030701,"17100306","OSW","RaMCONsw_fiw_1710030701","RaMCONsw","RaMCONsw_fiw",20,"fiw","RaMCONsw","RaMCONsw_fiw","Mixed Conifer - Southwest Oregon",1
"2_41_29_61877",6,120,680,1350,721,1710030702,"17100306","OSW","RaMCONsw_fiw_1710030702","RaMCONsw","RaMCONsw_fiw",20,"fiw","RaMCONsw","RaMCONsw_fiw","Mixed Conifer - Southwest Oregon",1
"2_41_29_83860",6,120,680,1359,1160,1710030702,"17100306","OSW","Na0710270_fdd_1710030702","Na0710270","Na0710270_fdd",43,"fdd","Na0710270","Na0710270_fdd","Mediterranean California Dry-Mesic Mixed Conifer Forest and Woodland",1
"2_41_29_73437",6,120,680,2219,661,1710030702,"17100306","OSW","RaREFI_fcw_17100307","RaREFI","RaREFI_fcw",19,"fcw","RaREFI","RaREFI_fcw","Red Fir",3
"2_41_29_77309",6,120,682,1453,1823,1710030704,"17100306","OSW","RaMCONsw_fiw_1710030704","RaMCONsw","RaMCONsw_fiw",20,"fiw","RaMCONsw","RaMCONsw_fiw","Mixed Conifer - Southwest Oregon",1
"2_41_29_95588",6,120,682,1453,2712,1710030704,"17100306","OSW","RaMCONsw_fiw_1710030704","RaMCONsw","RaMCONsw_fiw",20,"fiw","RaMCONsw","RaMCONsw_fiw","Mixed Conifer - Southwest Oregon",1
"2_41_29_87592",6,120,682,1453,1743,1710030704,"17100306","OSW","RaMCONsw_fiw_1710030704","RaMCONsw","RaMCONsw_fiw",20,"fiw","RaMCONsw","RaMCONsw_fiw","Mixed Conifer - Southwest Oregon",1
"2_41_29_83312",6,120,686,1522,2192,1710030708,"17100306","OSW","RaMCONsw_fiw_1710030708","RaMCONsw","RaMCONsw_fiw",20,"fiw","RaMCONsw","RaMCONsw_fiw","Mixed Conifer - Southwest Oregon",1
"2_41_29_85551",6,120,686,1522,3130,1710030708,"17100306","OSW","RaMCONsw_fiw_1710030708","RaMCONsw","RaMCONsw_fiw",20,"fiw","RaMCONsw","RaMCONsw_fiw","Mixed Conifer - Southwest Oregon",1
"2_41_29_88655",6,120,686,1522,1490,1710030708,"17100306","OSW","RaMCONsw_fiw_1710030708","RaMCONsw","RaMCONsw_fiw",20,"fiw","RaMCONsw","RaMCONsw_fiw","Mixed Conifer - Southwest Oregon",1
"2_41_29_87031",6,120,686,1522,3005,1710030708,"17100306","OSW","RaMCONsw_fiw_1710030708","RaMCONsw","RaMCONsw_fiw",20,"fiw","RaMCONsw","RaMCONsw_fiw","Mixed Conifer - Southwest Oregon",1
"2_41_29_69131",6,121,687,1620,1870,1710030801,"17100307","OSW","RaMCONsw_fiw_1710030801","RaMCONsw","RaMCONsw_fiw",20,"fiw","RaMCONsw","RaMCONsw_fiw","Mixed Conifer - Southwest Oregon",1
"2_41_29_93320",6,121,687,1620,2270,1710030801,"17100307","OSW","RaMCONsw_fiw_1710030801","RaMCONsw","RaMCONsw_fiw",20,"fiw","RaMCONsw","RaMCONsw_fiw","Mixed Conifer - Southwest Oregon",1
"2_41_29_88642",6,121,687,1620,1072,1710030801,"17100307","OSW","RaMCONsw_fiw_1710030801","RaMCONsw","RaMCONsw_fiw",20,"fiw","RaMCONsw","RaMCONsw_fiw","Mixed Conifer - Southwest Oregon",1
"2_41_29_58219",6,121,687,1620,1051,1710030801,"17100307","OSW","RaMCONsw_fiw_1710030801","RaMCONsw","RaMCONsw_fiw",20,"fiw","RaMCONsw","RaMCONsw_fiw","Mixed Conifer - Southwest Oregon",1
"2_41_29_98788",6,161,920,1649,3362,1801020604,"18010204","OSW","RaMCONsw_fiw_1801020604","RaMCONsw","RaMCONsw_fiw",20,"fiw","RaMCONsw","RaMCONsw_fiw","Mixed Conifer - Southwest Oregon",1
"6_53_31_93767",13,144,802,1813,680,1711001908,"17110018","WWC","RaDFHEdy_fwi_17110019","RaDFHEdy","RaDFHEdy_fwi",31,"fwi","RaDFHEdy","RaDFHEdy_fwi","Douglas-fir Hemlock-Dry Mesic",3
"6_53_31_72466",13,144,802,1813,506,1711001908,"17110018","WWC","RaDFHEdy_fwi_17110019","RaDFHEdy","RaDFHEdy_fwi",31,"fwi","RaDFHEdy","RaDFHEdy_fwi","Douglas-fir Hemlock-Dry Mesic",3
"6_53_31_75147",9,143,794,2296,756,1711001807,"17110017","WCR","RaDFHEwt_fwn_WCR","RaDFHEwt","RaDFHEwt_fwn",32,"fwn","RaDFHEwt","RaDFHEwt_fwn","Douglas-fir Hemlock-Wet Mesic",5
"5_53_35_85469",9,143,788,1869,1023,1711001801,"17110017","WCR","RaDFHEdy_fwi_17110018","RaDFHEdy","RaDFHEdy_fwi",31,"fwi","RaDFHEdy","RaDFHEdy_fwi","Douglas-fir Hemlock-Dry Mesic",3
"5_53_35_79289",9,143,788,1868,1603,1711001801,"17110017","WCR","RaDFHEdy_fdg_17110018","RaDFHEdy","RaDFHEdy_fdg",24,"fdg","RaDFHEdy","RaDFHEdy_fdg","Douglas-fir Hemlock-Dry Mesic",3
"5_53_35_91868",13,144,801,1813,1215,1711001907,"17110018","WWC","RaDFHEdy_fwi_17110019","RaDFHEdy","RaDFHEdy_fwi",31,"fwi","RaDFHEdy","RaDFHEdy_fwi","Douglas-fir Hemlock-Dry Mesic",3
"5_53_35_97719",9,143,788,1869,946,1711001801,"17110017","WCR","RaDFHEdy_fwi_17110018","RaDFHEdy","RaDFHEdy_fwi",31,"fwi","RaDFHEdy","RaDFHEdy_fwi","Douglas-fir Hemlock-Dry Mesic",3
"5_53_53_52792",13,144,800,1812,1357,1711001906,"17110018","WWC","RaDFHEdy_fdg_17110019","RaDFHEdy","RaDFHEdy_fdg",24,"fdg","RaDFHEdy","RaDFHEdy_fdg","Douglas-fir Hemlock-Dry Mesic",3
"5_53_53_65931",13,144,800,1812,964,1711001906,"17110018","WWC","RaDFHEdy_fdg_17110019","RaDFHEdy","RaDFHEdy_fdg",24,"fdg","RaDFHEdy","RaDFHEdy_fdg","Douglas-fir Hemlock-Dry Mesic",3
"6_53_67_74319",13,140,783,1926,768,1711001503,"17110014","WWC","RaDFHEdy_fwi_17110015","RaDFHEdy","RaDFHEdy_fwi",31,"fwi","RaDFHEdy","RaDFHEdy_fwi","Douglas-fir Hemlock-Dry Mesic",3
"6_53_67_50399",9,102,578,1932,1658,1710010303,"17100102","WCR","RaDFHEdy_fwi_17100103","RaDFHEdy","RaDFHEdy_fwi",31,"fwi","RaDFHEdy","RaDFHEdy_fwi","Douglas-fir Hemlock-Dry Mesic",3
"6_53_67_94217",9,102,578,2307,1944,1710010303,"17100102","WCR","RaDFHEwt_fwm_WCR","RaDFHEwt","RaDFHEwt_fwm",33,"fwm","RaDFHEwt","RaDFHEwt_fwm","Douglas-fir Hemlock-Wet Mesic",5
"7_53_41_76007",9,102,578,2307,1487,1710010303,"17100102","WCR","RaDFHEwt_fwm_WCR","RaDFHEwt","RaDFHEwt_fwm",33,"fwm","RaDFHEwt","RaDFHEwt_fwm","Douglas-fir Hemlock-Wet Mesic",5
"7_53_41_75634",9,102,578,2307,888,1710010303,"17100102","WCR","RaDFHEwt_fwm_WCR","RaDFHEwt","RaDFHEwt_fwm",33,"fwm","RaDFHEwt","RaDFHEwt_fwm","Douglas-fir Hemlock-Wet Mesic",5
"7_53_41_66095",9,102,577,1932,610,1710010302,"17100102","WCR","RaDFHEdy_fwi_17100103","RaDFHEdy","RaDFHEdy_fwi",31,"fwi","RaDFHEdy","RaDFHEdy_fwi","Douglas-fir Hemlock-Dry Mesic",3
"7_53_41_64929",9,102,577,1932,2628,1710010302,"17100102","WCR","RaDFHEdy_fwi_17100103","RaDFHEdy","RaDFHEdy_fwi",31,"fwi","RaDFHEdy","RaDFHEdy_fwi","Douglas-fir Hemlock-Dry Mesic",3
"7_53_41_54984",13,83,478,1952,880,1708000503,"17080004","WWC","RaDFHEdy_fwi_17080005","RaDFHEdy","RaDFHEdy_fwi",31,"fwi","RaDFHEdy","RaDFHEdy_fwi","Douglas-fir Hemlock-Dry Mesic",3
"7_53_15_66758",13,83,480,1952,597,1708000505,"17080004","WWC","RaDFHEdy_fwi_17080005","RaDFHEdy","RaDFHEdy_fwi",31,"fwi","RaDFHEdy","RaDFHEdy_fwi","Douglas-fir Hemlock-Dry Mesic",3
"7_53_15_55840",13,83,481,2292,1525,1708000506,"17080004","WWC","RaDFHEwt_fwm_WWC","RaDFHEwt","RaDFHEwt_fwm",33,"fwm","RaDFHEwt","RaDFHEwt_fwm","Douglas-fir Hemlock-Wet Mesic",5
"7_53_15_81794",13,83,481,2292,2254,1708000506,"17080004","WWC","RaDFHEwt_fwm_WWC","RaDFHEwt","RaDFHEwt_fwm",33,"fwm","RaDFHEwt","RaDFHEwt_fwm","Douglas-fir Hemlock-Wet Mesic",5
"7_53_15_81954",13,83,483,1951,1037,1708000508,"17080004","WWC","RaABAMlw_fwc_17080005","RaABAMlw","RaABAMlw_fwc",35,"fwc","RaABAMlw","RaABAMlw_fwc","Pacific Silver Fir - Low Elevation",3
"7_53_15_71817",13,83,483,2292,1313,1708000508,"17080004","WWC","RaDFHEwt_fwm_WWC","RaDFHEwt","RaDFHEwt_fwm",33,"fwm","RaDFHEwt","RaDFHEwt_fwm","Douglas-fir Hemlock-Wet Mesic",5
"7_53_15_81897",13,79,465,2292,606,1708000301,"17080002","WWC","RaDFHEwt_fwm_WWC","RaDFHEwt","RaDFHEwt_fwm",33,"fwm","RaDFHEwt","RaDFHEwt_fwm","Douglas-fir Hemlock-Wet Mesic",5
"7_53_15_87971",13,79,465,2292,1397,1708000301,"17080002","WWC","RaDFHEwt_fwm_WWC","RaDFHEwt","RaDFHEwt_fwm",33,"fwm","RaDFHEwt","RaDFHEwt_fwm","Douglas-fir Hemlock-Wet Mesic",5
"7_53_15_79407",13,79,465,2292,1212,1708000301,"17080002","WWC","RaDFHEwt_fwm_WWC","RaDFHEwt","RaDFHEwt_fwm",33,"fwm","RaDFHEwt","RaDFHEwt_fwm","Douglas-fir Hemlock-Wet Mesic",5
"7_53_15_81947",13,78,464,2292,1154,1708000206,"17080001A","WWC","RaDFHEwt_fwm_WWC","RaDFHEwt","RaDFHEwt_fwm",33,"fwm","RaDFHEwt","RaDFHEwt_fwm","Douglas-fir Hemlock-Wet Mesic",5
"7_53_11_57817",13,78,464,2292,2684,1708000206,"17080001A","WWC","RaDFHEwt_fwm_WWC","RaDFHEwt","RaDFHEwt_fwm",33,"fwm","RaDFHEwt","RaDFHEwt_fwm","Douglas-fir Hemlock-Wet Mesic",5
"7_53_11_62008",13,78,463,1973,421,1708000205,"17080001A","WWC","RaDFHEdy_fwi_17080002","RaDFHEdy","RaDFHEdy_fwi",31,"fwi","RaDFHEdy","RaDFHEdy_fwi","Douglas-fir Hemlock-Dry Mesic",3
"5_53_55_80064",11,128,728,1796,1011,1711000304,"17110002","WNC","RaDFHEdy_fwi_17110003","RaDFHEdy","RaDFHEdy_fwi",31,"fwi","RaDFHEdy","RaDFHEdy_fwi","Douglas-fir Hemlock-Dry Mesic",3
"0_41_5_58249",3,93,533,492,711,1709000704,"17090006","OCR","RaDFWV_fwx_1709000704","RaDFWV","RaDFWV_fwx",37,"fwx","RaDFWV","RaDFWV_fwx","Douglas-fir Willamatte Valley Foothills",1
"0_41_47_61424",7,95,542,2329,1916,1709000902,"17090008","OWC","RaDFHEwt_fwm_OWC","RaDFHEwt","RaDFHEwt_fwm",33,"fwm","RaDFHEwt","RaDFHEwt_fwm","Douglas-fir Hemlock-Wet Mesic",5
"0_41_47_73975",7,91,520,2329,778,1709000505,"17090004","OWC","RaDFHEwt_fwm_OWC","RaDFHEwt","RaDFHEwt_fwm",33,"fwm","RaDFHEwt","RaDFHEwt_fwm","Douglas-fir Hemlock-Wet Mesic",5
"1_41_43_72487",7,92,527,2093,821,1709000606,"17090005","OWC","RaABAMlw_fsw_17090006","RaABAMlw","RaABAMlw_fsw",16,"fsw","RaABAMlw","RaABAMlw_fsw","Pacific Silver Fir - Low Elevation",3
"1_41_43_68961",7,92,527,2082,1493,1709000606,"17090005","OWC","RaDFHEdy_fwi_17090006","RaDFHEdy","RaDFHEdy_fwi",31,"fwi","RaDFHEdy","RaDFHEdy_fwi","Douglas-fir Hemlock-Dry Mesic",3
"1_41_43_65609",7,92,524,2082,1259,1709000603,"17090005","OWC","RaDFHEdy_fwi_17090006","RaDFHEdy","RaDFHEdy_fwi",31,"fwi","RaDFHEdy","RaDFHEdy_fwi","Douglas-fir Hemlock-Dry Mesic",3
"1_41_43_64319",7,92,526,2082,2172,1709000605,"17090005","OWC","RaDFHEdy_fwi_17090006","RaDFHEdy","RaDFHEdy_fwi",31,"fwi","RaDFHEdy","RaDFHEdy_fwi","Douglas-fir Hemlock-Dry Mesic",3
"1_41_43_66824",7,89,505,2104,1317,1709000303,"17090003A","OWC","RaDFHEdy_fwi_17090003B","RaDFHEdy","RaDFHEdy_fwi",31,"fwi","RaDFHEdy","RaDFHEdy_fwi","Douglas-fir Hemlock-Dry Mesic",3
"1_41_43_80101",7,89,505,2104,2220,1709000303,"17090003A","OWC","RaDFHEdy_fwi_17090003B","RaDFHEdy","RaDFHEdy_fwi",31,"fwi","RaDFHEdy","RaDFHEdy_fwi","Douglas-fir Hemlock-Dry Mesic",3
"1_41_39_79043",7,90,515,2110,2361,1709000407,"17090003B","OWC","RaDFHEdy_fwi_17090004","RaDFHEdy","RaDFHEdy_fwi",31,"fwi","RaDFHEdy","RaDFHEdy_fwi","Douglas-fir Hemlock-Dry Mesic",3
"1_41_39_97105",7,90,515,2110,1231,1709000407,"17090003B","OWC","RaDFHEdy_fwi_17090004","RaDFHEdy","RaDFHEdy_fwi",31,"fwi","RaDFHEdy","RaDFHEdy_fwi","Douglas-fir Hemlock-Dry Mesic",3
"1_41_39_74205",7,90,515,2329,1252,1709000407,"17090003B","OWC","RaDFHEwt_fwm_OWC","RaDFHEwt","RaDFHEwt_fwm",33,"fwm","RaDFHEwt","RaDFHEwt_fwm","Douglas-fir Hemlock-Wet Mesic",5
"1_41_39_77313",7,90,515,2110,1861,1709000407,"17090003B","OWC","RaDFHEdy_fwi_17090004","RaDFHEdy","RaDFHEdy_fwi",31,"fwi","RaDFHEdy","RaDFHEdy_fwi","Douglas-fir Hemlock-Dry Mesic",3
"1_41_39_60135",7,86,496,2139,2786,1709000108,"17080006A","OWC","RaDFHEdy_fwi_17090001","RaDFHEdy","RaDFHEdy_fwi",31,"fwi","RaDFHEdy","RaDFHEdy_fwi","Douglas-fir Hemlock-Dry Mesic",3
"1_41_39_52618",7,86,497,2139,2138,1709000109,"17080006A","OWC","RaDFHEdy_fwi_17090001","RaDFHEdy","RaDFHEdy_fwi",31,"fwi","RaDFHEdy","RaDFHEdy_fwi","Douglas-fir Hemlock-Dry Mesic",3
"1_41_39_64621",7,86,497,2329,1728,1709000109,"17080006A","OWC","RaDFHEwt_fwm_OWC","RaDFHEwt","RaDFHEwt_fwm",33,"fwm","RaDFHEwt","RaDFHEwt_fwm","Douglas-fir Hemlock-Wet Mesic",5
"1_41_39_60819",7,86,497,2329,1271,1709000109,"17080006A","OWC","RaDFHEwt_fwm_OWC","RaDFHEwt","RaDFHEwt_fwm",33,"fwm","RaDFHEwt","RaDFHEwt_fwm","Douglas-fir Hemlock-Wet Mesic",5
"1_41_39_75374",7,86,497,2139,2632,1709000109,"17080006A","OWC","RaDFHEdy_fwi_17090001","RaDFHEdy","RaDFHEdy_fwi",31,"fwi","RaDFHEdy","RaDFHEdy_fwi","Douglas-fir Hemlock-Dry Mesic",3
"1_41_39_87662",7,86,497,2139,2174,1709000109,"17080006A","OWC","RaDFHEdy_fwi_17090001","RaDFHEdy","RaDFHEdy_fwi",31,"fwi","RaDFHEdy","RaDFHEdy_fwi","Douglas-fir Hemlock-Dry Mesic",3
"1_41_39_58432",7,86,497,2139,2586,1709000109,"17080006A","OWC","RaDFHEdy_fwi_17090001","RaDFHEdy","RaDFHEdy_fwi",31,"fwi","RaDFHEdy","RaDFHEdy_fwi","Douglas-fir Hemlock-Dry Mesic",3
"1_41_39_58805",7,86,497,2140,1049,1709000109,"17080006A","OWC","RaABAMlw_fsi_17090001","RaABAMlw","RaABAMlw_fsi",14,"fsi","RaABAMlw","RaABAMlw_fsi","Pacific Silver Fir - Low Elevation",3
"1_41_39_51718",7,86,497,2139,2995,1709000109,"17080006A","OWC","RaDFHEdy_fwi_17090001","RaDFHEdy","RaDFHEdy_fwi",31,"fwi","RaDFHEdy","RaDFHEdy_fwi","Douglas-fir Hemlock-Dry Mesic",3
"1_41_39_96357",7,86,497,2139,1273,1709000109,"17080006A","OWC","RaDFHEdy_fwi_17090001","RaDFHEdy","RaDFHEdy_fwi",31,"fwi","RaDFHEdy","RaDFHEdy_fwi","Douglas-fir Hemlock-Dry Mesic",3
"1_41_39_90058",7,86,497,2139,1295,1709000109,"17080006A","OWC","RaDFHEdy_fwi_17090001","RaDFHEdy","RaDFHEdy_fwi",31,"fwi","RaDFHEdy","RaDFHEdy_fwi","Douglas-fir Hemlock-Dry Mesic",3
"1_41_39_80916",7,86,495,2139,969,1709000107,"17080006A","OWC","RaDFHEdy_fwi_17090001","RaDFHEdy","RaDFHEdy_fwi",31,"fwi","RaDFHEdy","RaDFHEdy_fwi","Douglas-fir Hemlock-Dry Mesic",3
"1_41_39_62558",7,86,495,2139,1716,1709000107,"17080006A","OWC","RaDFHEdy_fwi_17090001","RaDFHEdy","RaDFHEdy_fwi",31,"fwi","RaDFHEdy","RaDFHEdy_fwi","Douglas-fir Hemlock-Dry Mesic",3
"1_41_39_59989",7,86,495,2139,940,1709000107,"17080006A","OWC","RaDFHEdy_fwi_17090001","RaDFHEdy","RaDFHEdy_fwi",31,"fwi","RaDFHEdy","RaDFHEdy_fwi","Douglas-fir Hemlock-Dry Mesic",3
"1_41_39_84384",7,86,495,997,1191,1709000107,"17080006A","OWC","RaDFWV_fwx_1709000107","RaDFWV","RaDFWV_fwx",37,"fwx","RaDFWV","RaDFWV_fwx","Douglas-fir Willamatte Valley Foothills",1
"1_41_39_62104",7,86,493,2139,1495,1709000105,"17080006A","OWC","RaDFHEdy_fwi_17090001","RaDFHEdy","RaDFHEdy_fwi",31,"fwi","RaDFHEdy","RaDFHEdy_fwi","Douglas-fir Hemlock-Dry Mesic",3
"1_41_39_80953",7,86,493,2139,2408,1709000105,"17080006A","OWC","RaDFHEdy_fwi_17090001","RaDFHEdy","RaDFHEdy_fwi",31,"fwi","RaDFHEdy","RaDFHEdy_fwi","Douglas-fir Hemlock-Dry Mesic",3
"1_41_39_70214",7,86,493,2139,2734,1709000105,"17080006A","OWC","RaDFHEdy_fwi_17090001","RaDFHEdy","RaDFHEdy_fwi",31,"fwi","RaDFHEdy","RaDFHEdy_fwi","Douglas-fir Hemlock-Dry Mesic",3
"1_41_39_52452",7,86,493,2139,2193,1709000105,"17080006A","OWC","RaDFHEdy_fwi_17090001","RaDFHEdy","RaDFHEdy_fwi",31,"fwi","RaDFHEdy","RaDFHEdy_fwi","Douglas-fir Hemlock-Dry Mesic",3
"1_41_39_72265",7,86,493,2141,2048,1709000105,"17080006A","OWC","RaABAMlw_fsw_17090001","RaABAMlw","RaABAMlw_fsw",16,"fsw","RaABAMlw","RaABAMlw_fsw","Pacific Silver Fir - Low Elevation",3
"1_41_39_92588",7,86,493,2141,1020,1709000105,"17080006A","OWC","RaABAMlw_fsw_17090001","RaABAMlw","RaABAMlw_fsw",16,"fsw","RaABAMlw","RaABAMlw_fsw","Pacific Silver Fir - Low Elevation",3
"1_41_39_90983",7,86,493,2139,1783,1709000105,"17080006A","OWC","RaDFHEdy_fwi_17090001","RaDFHEdy","RaDFHEdy_fwi",31,"fwi","RaDFHEdy","RaDFHEdy_fwi","Douglas-fir Hemlock-Dry Mesic",3
"1_41_39_75776",7,86,493,2139,2408,1709000105,"17080006A","OWC","RaDFHEdy_fwi_17090001","RaDFHEdy","RaDFHEdy_fwi",31,"fwi","RaDFHEdy","RaDFHEdy_fwi","Douglas-fir Hemlock-Dry Mesic",3
"1_41_39_77967",6,113,640,2180,943,1710030107,"17100207","OSW","RaDFHEdy_fwi_17100301","RaDFHEdy","RaDFHEdy_fwi",31,"fwi","RaDFHEdy","RaDFHEdy_fwi","Douglas-fir Hemlock-Dry Mesic",3
"1_41_39_98895",6,113,640,1094,1445,1710030107,"17100207","OSW","RaMCONsw_fiw_1710030107","RaMCONsw","RaMCONsw_fiw",20,"fiw","RaMCONsw","RaMCONsw_fiw","Mixed Conifer - Southwest Oregon",1
"1_41_39_78162",6,113,640,2186,936,1710030107,"17100207","OSW","R1RFWF_fcw_17100301","R1RFWF","R1RFWF_fcw",18,"fcw","R1RFWF","R1RFWF_fcw","Red Fir / White Fir",3
"1_41_39_81835",6,113,640,2186,1115,1710030107,"17100207","OSW","R1RFWF_fcw_17100301","R1RFWF","R1RFWF_fcw",18,"fcw","R1RFWF","R1RFWF_fcw","Red Fir / White Fir",3
"2_41_19_75590",6,113,640,1094,1019,1710030107,"17100207","OSW","RaMCONsw_fiw_1710030107","RaMCONsw","RaMCONsw_fiw",20,"fiw","RaMCONsw","RaMCONsw_fiw","Mixed Conifer - Southwest Oregon",1
"2_41_19_86218",6,113,640,2177,1229,1710030107,"17100207","OSW","RaABAMlw_fsi_17100301","RaABAMlw","RaABAMlw_fsi",14,"fsi","RaABAMlw","RaABAMlw_fsi","Pacific Silver Fir - Low Elevation",3
"2_41_19_68736",6,113,640,1094,1548,1710030107,"17100207","OSW","RaMCONsw_fiw_1710030107","RaMCONsw","RaMCONsw_fiw",20,"fiw","RaMCONsw","RaMCONsw_fiw","Mixed Conifer - Southwest Oregon",1
"2_41_19_99628",6,113,640,1094,1173,1710030107,"17100207","OSW","RaMCONsw_fiw_1710030107","RaMCONsw","RaMCONsw_fiw",20,"fiw","RaMCONsw","RaMCONsw_fiw","Mixed Conifer - Southwest Oregon",1
"2_41_19_94474",6,113,641,1130,632,1710030108,"17100207","OSW","RaMCONsw_fiw_1710030108","RaMCONsw","RaMCONsw_fiw",20,"fiw","RaMCONsw","RaMCONsw_fiw","Mixed Conifer - Southwest Oregon",1
"2_41_19_70844",6,113,641,2186,1740,1710030108,"17100207","OSW","R1RFWF_fcw_17100301","R1RFWF","R1RFWF_fcw",18,"fcw","R1RFWF","R1RFWF_fcw","Red Fir / White Fir",3
"2_41_19_68375",6,113,641,2186,1463,1710030108,"17100207","OSW","R1RFWF_fcw_17100301","R1RFWF","R1RFWF_fcw",18,"fcw","R1RFWF","R1RFWF_fcw","Red Fir / White Fir",3
"2_41_19_58106",6,114,645,1191,1398,1710030201,"17100301","OSW","RaMCONsw_fiw_1710030201","RaMCONsw","RaMCONsw_fiw",20,"fiw","RaMCONsw","RaMCONsw_fiw","Mixed Conifer - Southwest Oregon",1
"2_41_19_66129",6,114,645,2202,913,1710030201,"17100301","OSW","RaDFHEdy_fwi_17100302","RaDFHEdy","RaDFHEdy_fwi",31,"fwi","RaDFHEdy","RaDFHEdy_fwi","Douglas-fir Hemlock-Dry Mesic",3
"2_41_19_68182",6,114,645,2203,905,1710030201,"17100301","OSW","RaREFI_fcw_17100302","RaREFI","RaREFI_fcw",19,"fcw","RaREFI","RaREFI_fcw","Red Fir",3
"2_41_19_61192",6,114,645,2202,894,1710030201,"17100301","OSW","RaDFHEdy_fwi_17100302","RaDFHEdy","RaDFHEdy_fwi",31,"fwi","RaDFHEdy","RaDFHEdy_fwi","Douglas-fir Hemlock-Dry Mesic",3
"2_41_19_94799",6,114,645,1191,1399,1710030201,"17100301","OSW","RaMCONsw_fiw_1710030201","RaMCONsw","RaMCONsw_fiw",20,"fiw","RaMCONsw","RaMCONsw_fiw","Mixed Conifer - Southwest Oregon",1
"2_41_19_67978",6,114,646,2203,1012,1710030202,"17100301","OSW","RaREFI_fcw_17100302","RaREFI","RaREFI_fcw",19,"fcw","RaREFI","RaREFI_fcw","Red Fir",3
"2_41_19_89550",6,114,646,1248,967,1710030202,"17100301","OSW","RaMCONsw_fiw_1710030202","RaMCONsw","RaMCONsw_fiw",20,"fiw","RaMCONsw","RaMCONsw_fiw","Mixed Conifer - Southwest Oregon",1
"2_41_19_90305",6,120,679,1231,1540,1710030701,"17100306","OSW","RaMCONsw_fiw_1710030701","RaMCONsw","RaMCONsw_fiw",20,"fiw","RaMCONsw","RaMCONsw_fiw","Mixed Conifer - Southwest Oregon",1
"2_41_29_90045",6,120,679,1231,2318,1710030701,"17100306","OSW","RaMCONsw_fiw_1710030701","RaMCONsw","RaMCONsw_fiw",20,"fiw","RaMCONsw","RaMCONsw_fiw","Mixed Conifer - Southwest Oregon",1
"2_41_29_61730",6,120,679,1231,1852,1710030701,"17100306","OSW","RaMCONsw_fiw_1710030701","RaMCONsw","RaMCONsw_fiw",20,"fiw","RaMCONsw","RaMCONsw_fiw","Mixed Conifer - Southwest Oregon",1
"2_41_29_93430",6,120,679,1231,1814,1710030701,"17100306","OSW","RaMCONsw_fiw_1710030701","RaMCONsw","RaMCONsw_fiw",20,"fiw","RaMCONsw","RaMCONsw_fiw","Mixed Conifer - Southwest Oregon",1
"2_41_29_70810",6,120,679,2222,2100,1710030701,"17100306","OSW","RaDFHEdy_fwx_17100307","RaDFHEdy","RaDFHEdy_fwx",38,"fwx","RaDFHEdy","RaDFHEdy_fwx","Douglas-fir Hemlock-Dry Mesic",3
"2_41_29_57062",6,120,679,2222,3217,1710030701,"17100306","OSW","RaDFHEdy_fwx_17100307","RaDFHEdy","RaDFHEdy_fwx",38,"fwx","RaDFHEdy","RaDFHEdy_fwx","Douglas-fir Hemlock-Dry Mesic",3
"2_41_29_65417",6,120,679,1231,2081,1710030701,"17100306","OSW","RaMCONsw_fiw_1710030701","RaMCONsw","RaMCONsw_fiw",20,"fiw","RaMCONsw","RaMCONsw_fiw","Mixed Conifer - Southwest Oregon",1
"2_41_29_67963",6,120,680,1350,1131,1710030702,"17100306","OSW","RaMCONsw_fiw_1710030702","RaMCONsw","RaMCONsw_fiw",20,"fiw","RaMCONsw","RaMCONsw_fiw","Mixed Conifer - Southwest Oregon",1
"2_41_29_88969",6,120,680,1350,2383,1710030702,"17100306","OSW","RaMCONsw_fiw_1710030702","RaMCONsw","RaMCONsw_fiw",20,"fiw","RaMCONsw","RaMCONsw_fiw","Mixed Conifer - Southwest Oregon",1
"2_41_29_73125",6,120,682,1453,1696,1710030704,"17100306","OSW","RaMCONsw_fiw_1710030704","RaMCONsw","RaMCONsw_fiw",20,"fiw","RaMCONsw","RaMCONsw_fiw","Mixed Conifer - Southwest Oregon",1
"2_41_29_88338",6,120,682,1453,1962,1710030704,"17100306","OSW","RaMCONsw_fiw_1710030704","RaMCONsw","RaMCONsw_fiw",20,"fiw","RaMCONsw","RaMCONsw_fiw","Mixed Conifer - Southwest Oregon",1
"2_41_29_75744",6,120,686,1522,1827,1710030708,"17100306","OSW","RaMCONsw_fiw_1710030708","RaMCONsw","RaMCONsw_fiw",20,"fiw","RaMCONsw","RaMCONsw_fiw","Mixed Conifer - Southwest Oregon",1
"2_41_29_62542",6,120,686,1522,2911,1710030708,"17100306","OSW","RaMCONsw_fiw_1710030708","RaMCONsw","RaMCONsw_fiw",20,"fiw","RaMCONsw","RaMCONsw_fiw","Mixed Conifer - Southwest Oregon",1
"2_41_29_51317",6,120,686,1522,1127,1710030708,"17100306","OSW","RaMCONsw_fiw_1710030708","RaMCONsw","RaMCONsw_fiw",20,"fiw","RaMCONsw","RaMCONsw_fiw","Mixed Conifer - Southwest Oregon",1
"2_41_29_65060",6,120,686,1522,3443,1710030708,"17100306","OSW","RaMCONsw_fiw_1710030708","RaMCONsw","RaMCONsw_fiw",20,"fiw","RaMCONsw","RaMCONsw_fiw","Mixed Conifer - Southwest Oregon",1
"2_41_29_76565",6,120,686,1522,1536,1710030708,"17100306","OSW","RaMCONsw_fiw_1710030708","RaMCONsw","RaMCONsw_fiw",20,"fiw","RaMCONsw","RaMCONsw_fiw","Mixed Conifer - Southwest Oregon",1
"2_41_29_99576",6,161,920,1649,2145,1801020604,"18010204","OSW","RaMCONsw_fiw_1801020604","RaMCONsw","RaMCONsw_fiw",20,"fiw","RaMCONsw","RaMCONsw_fiw","Mixed Conifer - Southwest Oregon",1
"2_41_29_76749",6,161,920,1649,2581,1801020604,"18010204","OSW","RaMCONsw_fiw_1801020604","RaMCONsw","RaMCONsw_fiw",20,"fiw","RaMCONsw","RaMCONsw_fiw","Mixed Conifer - Southwest Oregon",1
"2_41_29_64646",6,161,920,1649,3305,1801020604,"18010204","OSW","RaMCONsw_fiw_1801020604","RaMCONsw","RaMCONsw_fiw",20,"fiw","RaMCONsw","RaMCONsw_fiw","Mixed Conifer - Southwest Oregon",1
"2_41_29_57300",6,161,920,1649,3003,1801020604,"18010204","OSW","RaMCONsw_fiw_1801020604","RaMCONsw","RaMCONsw_fiw",20,"fiw","RaMCONsw","RaMCONsw_fiw","Mixed Conifer - Southwest Oregon",1
"2_41_29_87121",6,161,920,1715,1627,1801020604,"18010204","OSW","Na0210290_fwo_1801020604","Na0210290","Na0210290_fwo",57,"fwo","Na0210290","Na0210290_fwo","Mediterranean California Mixed Oak Woodland",1
"2_41_29_80118",6,161,920,1679,910,1801020604,"18010204","OSW","Na0710270_fdd_1801020604","Na0710270","Na0710270_fdd",43,"fdd","Na0710270","Na0710270_fdd","Mediterranean California Dry-Mesic Mixed Conifer Forest and Woodland",1
"6_53_31_53151",13,144,802,1813,1871,1711001908,"17110018","WWC","RaDFHEdy_fwi_17110019","RaDFHEdy","RaDFHEdy_fwi",31,"fwi","RaDFHEdy","RaDFHEdy_fwi","Douglas-fir Hemlock-Dry Mesic",3
"6_53_31_99548",13,144,802,1813,1862,1711001908,"17110018","WWC","RaDFHEdy_fwi_17110019","RaDFHEdy","RaDFHEdy_fwi",31,"fwi","RaDFHEdy","RaDFHEdy_fwi","Douglas-fir Hemlock-Dry Mesic",3
"5_53_73_57333",11,127,725,1761,920,1711000201,"17110001","WNC","RaDFHEdy_fwi_17110002","RaDFHEdy","RaDFHEdy_fwi",31,"fwi","RaDFHEdy","RaDFHEdy_fwi","Douglas-fir Hemlock-Dry Mesic",3
"6_53_31_81232",9,143,794,2296,1245,1711001807,"17110017","WCR","RaDFHEwt_fwn_WCR","RaDFHEwt","RaDFHEwt_fwn",32,"fwn","RaDFHEwt","RaDFHEwt_fwn","Douglas-fir Hemlock-Wet Mesic",5
"6_53_31_87060",9,143,794,1868,621,1711001807,"17110017","WCR","RaDFHEdy_fdg_17110018","RaDFHEdy","RaDFHEdy_fdg",24,"fdg","RaDFHEdy","RaDFHEdy_fdg","Douglas-fir Hemlock-Dry Mesic",3
"5_53_35_58379",13,144,801,1813,870,1711001907,"17110018","WWC","RaDFHEdy_fwi_17110019","RaDFHEdy","RaDFHEdy_fwi",31,"fwi","RaDFHEdy","RaDFHEdy_fwi","Douglas-fir Hemlock-Dry Mesic",3
"5_53_35_50446",13,144,801,1812,1180,1711001907,"17110018","WWC","RaDFHEdy_fdg_17110019","RaDFHEdy","RaDFHEdy_fdg",24,"fdg","RaDFHEdy","RaDFHEdy_fdg","Douglas-fir Hemlock-Dry Mesic",3
"5_53_35_59735",13,144,801,1812,1988,1711001907,"17110018","WWC","RaDFHEdy_fdg_17110019","RaDFHEdy","RaDFHEdy_fdg",24,"fdg","RaDFHEdy","RaDFHEdy_fdg","Douglas-fir Hemlock-Dry Mesic",3
"5_53_53_84369",13,144,801,1812,874,1711001907,"17110018","WWC","RaDFHEdy_fdg_17110019","RaDFHEdy","RaDFHEdy_fdg",24,"fdg","RaDFHEdy","RaDFHEdy_fdg","Douglas-fir Hemlock-Dry Mesic",3
"5_53_53_67132",13,144,798,1813,957,1711001904,"17110018","WWC","RaDFHEdy_fwi_17110019","RaDFHEdy","RaDFHEdy_fwi",31,"fwi","RaDFHEdy","RaDFHEdy_fwi","Douglas-fir Hemlock-Dry Mesic",3
"5_53_53_87951",13,144,798,1813,958,1711001904,"17110018","WWC","RaDFHEdy_fwi_17110019","RaDFHEdy","RaDFHEdy_fwi",31,"fwi","RaDFHEdy","RaDFHEdy_fwi","Douglas-fir Hemlock-Dry Mesic",3
"5_53_53_58301",13,140,783,1926,1868,1711001503,"17110014","WWC","RaDFHEdy_fwi_17110015","RaDFHEdy","RaDFHEdy_fwi",31,"fwi","RaDFHEdy","RaDFHEdy_fwi","Douglas-fir Hemlock-Dry Mesic",3
"6_53_67_70068",13,140,783,1926,1794,1711001503,"17110014","WWC","RaDFHEdy_fwi_17110015","RaDFHEdy","RaDFHEdy_fwi",31,"fwi","RaDFHEdy","RaDFHEdy_fwi","Douglas-fir Hemlock-Dry Mesic",3
"6_53_67_60703",13,141,784,1929,1500,1711001601,"17110015","WWC","RaDFHEdy_fwi_17110016","RaDFHEdy","RaDFHEdy_fwi",31,"fwi","RaDFHEdy","RaDFHEdy_fwi","Douglas-fir Hemlock-Dry Mesic",3
"7_53_41_63105",13,83,478,2299,1714,1708000503,"17080004","WWC","RaDFHEwt_fwn_WWC","RaDFHEwt","RaDFHEwt_fwn",32,"fwn","RaDFHEwt","RaDFHEwt_fwn","Douglas-fir Hemlock-Wet Mesic",5
"7_53_41_58720",13,83,478,1952,987,1708000503,"17080004","WWC","RaDFHEdy_fwi_17080005","RaDFHEdy","RaDFHEdy_fwi",31,"fwi","RaDFHEdy","RaDFHEdy_fwi","Douglas-fir Hemlock-Dry Mesic",3
"7_53_41_54645",13,83,478,2299,538,1708000503,"17080004","WWC","RaDFHEwt_fwn_WWC","RaDFHEwt","RaDFHEwt_fwn",32,"fwn","RaDFHEwt","RaDFHEwt_fwn","Douglas-fir Hemlock-Wet Mesic",5
"7_53_15_97965",13,83,480,1952,729,1708000505,"17080004","WWC","RaDFHEdy_fwi_17080005","RaDFHEdy","RaDFHEdy_fwi",31,"fwi","RaDFHEdy","RaDFHEdy_fwi","Douglas-fir Hemlock-Dry Mesic",3
"7_53_15_50221",13,83,480,2292,1332,1708000505,"17080004","WWC","RaDFHEwt_fwm_WWC","RaDFHEwt","RaDFHEwt_fwm",33,"fwm","RaDFHEwt","RaDFHEwt_fwm","Douglas-fir Hemlock-Wet Mesic",5
"7_53_15_99031",13,78,464,1973,1001,1708000206,"17080001A","WWC","RaDFHEdy_fwi_17080002","RaDFHEdy","RaDFHEdy_fwi",31,"fwi","RaDFHEdy","RaDFHEdy_fwi","Douglas-fir Hemlock-Dry Mesic",3
"0_41_5_84296",7,95,546,513,1403,1709000906,"17090008","OWC","RaDFWV_fwx_1709000906","RaDFWV","RaDFWV_fwx",37,"fwx","RaDFWV","RaDFWV_fwx","Douglas-fir Willamatte Valley Foothills",1
"0_41_5_85823",7,95,546,513,598,1709000906,"17090008","OWC","RaDFWV_fwx_1709000906","RaDFWV","RaDFWV_fwx",37,"fwx","RaDFWV","RaDFWV_fwx","Douglas-fir Willamatte Valley Foothills",1
"0_41_5_73317",7,95,546,513,743,1709000906,"17090008","OWC","RaDFWV_fwx_1709000906","RaDFWV","RaDFWV_fwx",37,"fwx","RaDFWV","RaDFWV_fwx","Douglas-fir Willamatte Valley Foothills",1
"0_41_5_64034",7,95,544,2329,538,1709000904,"17090008","OWC","RaDFHEwt_fwm_OWC","RaDFHEwt","RaDFHEwt_fwm",33,"fwm","RaDFHEwt","RaDFHEwt_fwm","Douglas-fir Hemlock-Wet Mesic",5
"0_41_5_84832",7,95,543,2052,857,1709000903,"17090008","OWC","RaDFHEdy_fwi_17090009","RaDFHEdy","RaDFHEdy_fwi",31,"fwi","RaDFHEdy","RaDFHEdy_fwi","Douglas-fir Hemlock-Dry Mesic",3
"0_41_5_57160",7,95,542,2329,1359,1709000902,"17090008","OWC","RaDFHEwt_fwm_OWC","RaDFHEwt","RaDFHEwt_fwm",33,"fwm","RaDFHEwt","RaDFHEwt_fwm","Douglas-fir Hemlock-Wet Mesic",5
"0_41_5_58380",7,95,542,2329,1484,1709000902,"17090008","OWC","RaDFHEwt_fwm_OWC","RaDFHEwt","RaDFHEwt_fwm",33,"fwm","RaDFHEwt","RaDFHEwt_fwm","Douglas-fir Hemlock-Wet Mesic",5
"0_41_5_56346",7,95,542,2052,1716,1709000902,"17090008","OWC","RaDFHEdy_fwi_17090009","RaDFHEdy","RaDFHEdy_fwi",31,"fwi","RaDFHEdy","RaDFHEdy_fwi","Douglas-fir Hemlock-Dry Mesic",3
"0_41_47_99240",7,95,541,2052,1286,1709000901,"17090008","OWC","RaDFHEdy_fwi_17090009","RaDFHEdy","RaDFHEdy_fwi",31,"fwi","RaDFHEdy","RaDFHEdy_fwi","Douglas-fir Hemlock-Dry Mesic",3
"0_41_47_89141",7,95,541,2052,3014,1709000901,"17090008","OWC","RaDFHEdy_fwi_17090009","RaDFHEdy","RaDFHEdy_fwi",31,"fwi","RaDFHEdy","RaDFHEdy_fwi","Douglas-fir Hemlock-Dry Mesic",3
"0_41_47_74182",7,91,520,2076,1812,1709000505,"17090004","OWC","RaDFHEdy_fwi_17090005","RaDFHEdy","RaDFHEdy_fwi",31,"fwi","RaDFHEdy","RaDFHEdy_fwi","Douglas-fir Hemlock-Dry Mesic",3
"0_41_47_76288",7,91,521,2076,1686,1709000506,"17090004","OWC","RaDFHEdy_fwi_17090005","RaDFHEdy","RaDFHEdy_fwi",31,"fwi","RaDFHEdy","RaDFHEdy_fwi","Douglas-fir Hemlock-Dry Mesic",3
"0_41_47_81424",7,91,520,2329,2278,1709000505,"17090004","OWC","RaDFHEwt_fwm_OWC","RaDFHEwt","RaDFHEwt_fwm",33,"fwm","RaDFHEwt","RaDFHEwt_fwm","Douglas-fir Hemlock-Wet Mesic",5
"1_41_43_80438",7,91,519,2329,977,1709000504,"17090004","OWC","RaDFHEwt_fwm_OWC","RaDFHEwt","RaDFHEwt_fwm",33,"fwm","RaDFHEwt","RaDFHEwt_fwm","Douglas-fir Hemlock-Wet Mesic",5
"1_41_43_85054",7,92,528,2082,1196,1709000607,"17090005","OWC","RaDFHEdy_fwi_17090006","RaDFHEdy","RaDFHEdy_fwi",31,"fwi","RaDFHEdy","RaDFHEdy_fwi","Douglas-fir Hemlock-Dry Mesic",3
"1_41_43_60661",7,92,528,692,1215,1709000607,"17090005","OWC","RaDFWV_fwx_1709000607","RaDFWV","RaDFWV_fwx",37,"fwx","RaDFWV","RaDFWV_fwx","Douglas-fir Willamatte Valley Foothills",1
"1_41_43_83731",7,92,528,2082,1120,1709000607,"17090005","OWC","RaDFHEdy_fwi_17090006","RaDFHEdy","RaDFHEdy_fwi",31,"fwi","RaDFHEdy","RaDFHEdy_fwi","Douglas-fir Hemlock-Dry Mesic",3
"1_41_43_73863",7,92,527,2082,1005,1709000606,"17090005","OWC","RaDFHEdy_fwi_17090006","RaDFHEdy","RaDFHEdy_fwi",31,"fwi","RaDFHEdy","RaDFHEdy_fwi","Douglas-fir Hemlock-Dry Mesic",3
"1_41_43_51299",7,92,527,2082,964,1709000606,"17090005","OWC","RaDFHEdy_fwi_17090006","RaDFHEdy","RaDFHEdy_fwi",31,"fwi","RaDFHEdy","RaDFHEdy_fwi","Douglas-fir Hemlock-Dry Mesic",3
"1_41_43_94109",7,92,527,2082,685,1709000606,"17090005","OWC","RaDFHEdy_fwi_17090006","RaDFHEdy","RaDFHEdy_fwi",31,"fwi","RaDFHEdy","RaDFHEdy_fwi","Douglas-fir Hemlock-Dry Mesic",3
"1_41_43_72521",7,92,524,2082,1827,1709000603,"17090005","OWC","RaDFHEdy_fwi_17090006","RaDFHEdy","RaDFHEdy_fwi",31,"fwi","RaDFHEdy","RaDFHEdy_fwi","Douglas-fir Hemlock-Dry Mesic",3
"1_41_43_93371",7,92,524,2329,1296,1709000603,"17090005","OWC","RaDFHEwt_fwm_OWC","RaDFHEwt","RaDFHEwt_fwm",33,"fwm","RaDFHEwt","RaDFHEwt_fwm","Douglas-fir Hemlock-Wet Mesic",5
"1_41_43_61446",7,92,525,2329,1728,1709000604,"17090005","OWC","RaDFHEwt_fwm_OWC","RaDFHEwt","RaDFHEwt_fwm",33,"fwm","RaDFHEwt","RaDFHEwt_fwm","Douglas-fir Hemlock-Wet Mesic",5
"1_41_43_97960",7,92,525,2329,1620,1709000604,"17090005","OWC","RaDFHEwt_fwm_OWC","RaDFHEwt","RaDFHEwt_fwm",33,"fwm","RaDFHEwt","RaDFHEwt_fwm","Douglas-fir Hemlock-Wet Mesic",5
"1_41_43_90704",7,92,525,2329,1596,1709000604,"17090005","OWC","RaDFHEwt_fwm_OWC","RaDFHEwt","RaDFHEwt_fwm",33,"fwm","RaDFHEwt","RaDFHEwt_fwm","Douglas-fir Hemlock-Wet Mesic",5
"1_41_39_86838",7,90,515,2110,929,1709000407,"17090003B","OWC","RaDFHEdy_fwi_17090004","RaDFHEdy","RaDFHEdy_fwi",31,"fwi","RaDFHEdy","RaDFHEdy_fwi","Douglas-fir Hemlock-Dry Mesic",3
"1_41_39_84956",7,90,515,2110,2632,1709000407,"17090003B","OWC","RaDFHEdy_fwi_17090004","RaDFHEdy","RaDFHEdy_fwi",31,"fwi","RaDFHEdy","RaDFHEdy_fwi","Douglas-fir Hemlock-Dry Mesic",3
"1_41_39_88711",7,86,496,2139,1731,1709000108,"17080006A","OWC","RaDFHEdy_fwi_17090001","RaDFHEdy","RaDFHEdy_fwi",31,"fwi","RaDFHEdy","RaDFHEdy_fwi","Douglas-fir Hemlock-Dry Mesic",3
"1_41_39_54246",7,86,497,2139,2057,1709000109,"17080006A","OWC","RaDFHEdy_fwi_17090001","RaDFHEdy","RaDFHEdy_fwi",31,"fwi","RaDFHEdy","RaDFHEdy_fwi","Douglas-fir Hemlock-Dry Mesic",3
"1_41_39_92347",7,86,497,2139,1841,1709000109,"17080006A","OWC","RaDFHEdy_fwi_17090001","RaDFHEdy","RaDFHEdy_fwi",31,"fwi","RaDFHEdy","RaDFHEdy_fwi","Douglas-fir Hemlock-Dry Mesic",3
"1_41_39_96984",7,86,497,2139,1865,1709000109,"17080006A","OWC","RaDFHEdy_fwi_17090001","RaDFHEdy","RaDFHEdy_fwi",31,"fwi","RaDFHEdy","RaDFHEdy_fwi","Douglas-fir Hemlock-Dry Mesic",3
"1_41_39_87307",7,86,497,2139,1207,1709000109,"17080006A","OWC","RaDFHEdy_fwi_17090001","RaDFHEdy","RaDFHEdy_fwi",31,"fwi","RaDFHEdy","RaDFHEdy_fwi","Douglas-fir Hemlock-Dry Mesic",3
"1_41_39_68244",7,86,497,2139,1358,1709000109,"17080006A","OWC","RaDFHEdy_fwi_17090001","RaDFHEdy","RaDFHEdy_fwi",31,"fwi","RaDFHEdy","RaDFHEdy_fwi","Douglas-fir Hemlock-Dry Mesic",3
"1_41_39_76274",7,86,497,2139,2031,1709000109,"17080006A","OWC","RaDFHEdy_fwi_17090001","RaDFHEdy","RaDFHEdy_fwi",31,"fwi","RaDFHEdy","RaDFHEdy_fwi","Douglas-fir Hemlock-Dry Mesic",3
"1_41_39_93612",7,86,497,2140,1432,1709000109,"17080006A","OWC","RaABAMlw_fsi_17090001","RaABAMlw","RaABAMlw_fsi",14,"fsi","RaABAMlw","RaABAMlw_fsi","Pacific Silver Fir - Low Elevation",3
"1_41_39_95286",7,86,497,2140,1573,1709000109,"17080006A","OWC","RaABAMlw_fsi_17090001","RaABAMlw","RaABAMlw_fsi",14,"fsi","RaABAMlw","RaABAMlw_fsi","Pacific Silver Fir - Low Elevation",3
"1_41_39_60488",7,86,497,2140,1245,1709000109,"17080006A","OWC","RaABAMlw_fsi_17090001","RaABAMlw","RaABAMlw_fsi",14,"fsi","RaABAMlw","RaABAMlw_fsi","Pacific Silver Fir - Low Elevation",3
"1_41_39_53391",7,86,497,2140,921,1709000109,"17080006A","OWC","RaABAMlw_fsi_17090001","RaABAMlw","RaABAMlw_fsi",14,"fsi","RaABAMlw","RaABAMlw_fsi","Pacific Silver Fir - Low Elevation",3
"1_41_39_73432",7,86,494,2139,1576,1709000106,"17080006A","OWC","RaDFHEdy_fwi_17090001","RaDFHEdy","RaDFHEdy_fwi",31,"fwi","RaDFHEdy","RaDFHEdy_fwi","Douglas-fir Hemlock-Dry Mesic",3
"1_41_39_60784",7,86,494,2139,856,1709000106,"17080006A","OWC","RaDFHEdy_fwi_17090001","RaDFHEdy","RaDFHEdy_fwi",31,"fwi","RaDFHEdy","RaDFHEdy_fwi","Douglas-fir Hemlock-Dry Mesic",3
"1_41_39_64501",7,86,494,999,1400,1709000106,"17080006A","OWC","RaDFWV_fwx_1709000106","RaDFWV","RaDFWV_fwx",37,"fwx","RaDFWV","RaDFWV_fwx","Douglas-fir Willamatte Valley Foothills",1
"1_41_39_88451",7,86,493,2139,1088,1709000105,"17080006A","OWC","RaDFHEdy_fwi_17090001","RaDFHEdy","RaDFHEdy_fwi",31,"fwi","RaDFHEdy","RaDFHEdy_fwi","Douglas-fir Hemlock-Dry Mesic",3
"1_41_39_90157",7,86,493,2139,2651,1709000105,"17080006A","OWC","RaDFHEdy_fwi_17090001","RaDFHEdy","RaDFHEdy_fwi",31,"fwi","RaDFHEdy","RaDFHEdy_fwi","Douglas-fir Hemlock-Dry Mesic",3
"1_41_39_80304",7,86,493,2139,2316,1709000105,"17080006A","OWC","RaDFHEdy_fwi_17090001","RaDFHEdy","RaDFHEdy_fwi",31,"fwi","RaDFHEdy","RaDFHEdy_fwi","Douglas-fir Hemlock-Dry Mesic",3
"1_41_39_73621",7,86,493,2139,2004,1709000105,"17080006A","OWC","RaDFHEdy_fwi_17090001","RaDFHEdy","RaDFHEdy_fwi",31,"fwi","RaDFHEdy","RaDFHEdy_fwi","Douglas-fir Hemlock-Dry Mesic",3
"1_41_39_79757",7,86,493,2139,2180,1709000105,"17080006A","OWC","RaDFHEdy_fwi_17090001","RaDFHEdy","RaDFHEdy_fwi",31,"fwi","RaDFHEdy","RaDFHEdy_fwi","Douglas-fir Hemlock-Dry Mesic",3
"1_41_39_73599",7,86,493,2139,1878,1709000105,"17080006A","OWC","RaDFHEdy_fwi_17090001","RaDFHEdy","RaDFHEdy_fwi",31,"fwi","RaDFHEdy","RaDFHEdy_fwi","Douglas-fir Hemlock-Dry Mesic",3
"1_41_39_90661",7,86,493,2139,1341,1709000105,"17080006A","OWC","RaDFHEdy_fwi_17090001","RaDFHEdy","RaDFHEdy_fwi",31,"fwi","RaDFHEdy","RaDFHEdy_fwi","Douglas-fir Hemlock-Dry Mesic",3
"1_41_39_89783",7,86,493,2141,1082,1709000105,"17080006A","OWC","RaABAMlw_fsw_17090001","RaABAMlw","RaABAMlw_fsw",16,"fsw","RaABAMlw","RaABAMlw_fsw","Pacific Silver Fir - Low Elevation",3
"1_41_39_96616",7,86,493,2141,1936,1709000105,"17080006A","OWC","RaABAMlw_fsw_17090001","RaABAMlw","RaABAMlw_fsw",16,"fsw","RaABAMlw","RaABAMlw_fsw","Pacific Silver Fir - Low Elevation",3
"1_41_39_98616",6,113,640,1094,1411,1710030107,"17100207","OSW","RaMCONsw_fiw_1710030107","RaMCONsw","RaMCONsw_fiw",20,"fiw","RaMCONsw","RaMCONsw_fiw","Mixed Conifer - Southwest Oregon",1
"2_41_19_63301",6,113,640,2177,1431,1710030107,"17100207","OSW","RaABAMlw_fsi_17100301","RaABAMlw","RaABAMlw_fsi",14,"fsi","RaABAMlw","RaABAMlw_fsi","Pacific Silver Fir - Low Elevation",3
"2_41_19_81216",6,113,640,2344,1489,1710030107,"17100207","OSW","Na0710412_fmc_OSW","Na0710412","Na0710412_fmc",7,"fmc","Na0710412","Na0710412_fmc","North Pacific Mountain Hemlock Forest - Xeric",5
"2_41_19_89865",6,113,641,1130,1902,1710030108,"17100207","OSW","RaMCONsw_fiw_1710030108","RaMCONsw","RaMCONsw_fiw",20,"fiw","RaMCONsw","RaMCONsw_fiw","Mixed Conifer - Southwest Oregon",1
"2_41_19_90722",6,113,641,2186,2135,1710030108,"17100207","OSW","R1RFWF_fcw_17100301","R1RFWF","R1RFWF_fcw",18,"fcw","R1RFWF","R1RFWF_fcw","Red Fir / White Fir",3
"2_41_19_53798",6,113,638,2186,1407,1710030105,"17100207","OSW","R1RFWF_fcw_17100301","R1RFWF","R1RFWF_fcw",18,"fcw","R1RFWF","R1RFWF_fcw","Red Fir / White Fir",3
"2_41_19_79949",6,113,637,2346,426,1710030104,"17100207","OSW","RaDFHEwt_fdm_OSW","RaDFHEwt","RaDFHEwt_fdm",40,"fdm","RaDFHEwt","RaDFHEwt_fdm","Douglas-fir Hemlock-Wet Mesic",5
"2_41_19_75734",6,113,638,2186,1156,1710030105,"17100207","OSW","R1RFWF_fcw_17100301","R1RFWF","R1RFWF_fcw",18,"fcw","R1RFWF","R1RFWF_fcw","Red Fir / White Fir",3
"2_41_19_58835",6,113,637,2186,791,1710030104,"17100207","OSW","R1RFWF_fcw_17100301","R1RFWF","R1RFWF_fcw",18,"fcw","R1RFWF","R1RFWF_fcw","Red Fir / White Fir",3
"2_41_19_82299",6,113,637,2186,1136,1710030104,"17100207","OSW","R1RFWF_fcw_17100301","R1RFWF","R1RFWF_fcw",18,"fcw","R1RFWF","R1RFWF_fcw","Red Fir / White Fir",3
"2_41_19_88004",6,113,637,2186,2844,1710030104,"17100207","OSW","R1RFWF_fcw_17100301","R1RFWF","R1RFWF_fcw",18,"fcw","R1RFWF","R1RFWF_fcw","Red Fir / White Fir",3
"2_41_19_53244",6,113,637,1167,1153,1710030104,"17100207","OSW","RaMCONsw_fiw_1710030104","RaMCONsw","RaMCONsw_fiw",20,"fiw","RaMCONsw","RaMCONsw_fiw","Mixed Conifer - Southwest Oregon",1
"2_41_19_78582",6,113,637,2186,1349,1710030104,"17100207","OSW","R1RFWF_fcw_17100301","R1RFWF","R1RFWF_fcw",18,"fcw","R1RFWF","R1RFWF_fcw","Red Fir / White Fir",3
"2_41_19_82186",6,113,637,2345,2590,1710030104,"17100207","OSW","Na0710412_fmi_OSW","Na0710412","Na0710412_fmi",6,"fmi","Na0710412","Na0710412_fmi","North Pacific Mountain Hemlock Forest - Xeric",5
"2_41_19_90578",6,120,679,2219,646,1710030701,"17100306","OSW","RaREFI_fcw_17100307","RaREFI","RaREFI_fcw",19,"fcw","RaREFI","RaREFI_fcw","Red Fir",3
"2_41_19_74915",6,120,679,2222,941,1710030701,"17100306","OSW","RaDFHEdy_fwx_17100307","RaDFHEdy","RaDFHEdy_fwx",38,"fwx","RaDFHEdy","RaDFHEdy_fwx","Douglas-fir Hemlock-Dry Mesic",3
"2_41_19_68820",6,120,679,2222,996,1710030701,"17100306","OSW","RaDFHEdy_fwx_17100307","RaDFHEdy","RaDFHEdy_fwx",38,"fwx","RaDFHEdy","RaDFHEdy_fwx","Douglas-fir Hemlock-Dry Mesic",3
"2_41_29_54908",6,120,679,1231,1638,1710030701,"17100306","OSW","RaMCONsw_fiw_1710030701","RaMCONsw","RaMCONsw_fiw",20,"fiw","RaMCONsw","RaMCONsw_fiw","Mixed Conifer - Southwest Oregon",1
"2_41_29_95425",6,120,679,1231,2204,1710030701,"17100306","OSW","RaMCONsw_fiw_1710030701","RaMCONsw","RaMCONsw_fiw",20,"fiw","RaMCONsw","RaMCONsw_fiw","Mixed Conifer - Southwest Oregon",1
"2_41_29_64280",6,120,679,1231,1569,1710030701,"17100306","OSW","RaMCONsw_fiw_1710030701","RaMCONsw","RaMCONsw_fiw",20,"fiw","RaMCONsw","RaMCONsw_fiw","Mixed Conifer - Southwest Oregon",1
"2_41_29_76518",6,120,679,1231,1617,1710030701,"17100306","OSW","RaMCONsw_fiw_1710030701","RaMCONsw","RaMCONsw_fiw",20,"fiw","RaMCONsw","RaMCONsw_fiw","Mixed Conifer - Southwest Oregon",1
"2_41_29_99810",6,120,679,2222,1842,1710030701,"17100306","OSW","RaDFHEdy_fwx_17100307","RaDFHEdy","RaDFHEdy_fwx",38,"fwx","RaDFHEdy","RaDFHEdy_fwx","Douglas-fir Hemlock-Dry Mesic",3
"2_41_29_99504",6,120,679,2222,2251,1710030701,"17100306","OSW","RaDFHEdy_fwx_17100307","RaDFHEdy","RaDFHEdy_fwx",38,"fwx","RaDFHEdy","RaDFHEdy_fwx","Douglas-fir Hemlock-Dry Mesic",3
"2_41_29_66624",6,120,679,1231,2594,1710030701,"17100306","OSW","RaMCONsw_fiw_1710030701","RaMCONsw","RaMCONsw_fiw",20,"fiw","RaMCONsw","RaMCONsw_fiw","Mixed Conifer - Southwest Oregon",1
"2_41_29_93993",6,120,680,1350,2311,1710030702,"17100306","OSW","RaMCONsw_fiw_1710030702","RaMCONsw","RaMCONsw_fiw",20,"fiw","RaMCONsw","RaMCONsw_fiw","Mixed Conifer - Southwest Oregon",1
"2_41_29_55774",6,120,680,1350,1419,1710030702,"17100306","OSW","RaMCONsw_fiw_1710030702","RaMCONsw","RaMCONsw_fiw",20,"fiw","RaMCONsw","RaMCONsw_fiw","Mixed Conifer - Southwest Oregon",1
"2_41_29_85443",6,120,682,1453,3196,1710030704,"17100306","OSW","RaMCONsw_fiw_1710030704","RaMCONsw","RaMCONsw_fiw",20,"fiw","RaMCONsw","RaMCONsw_fiw","Mixed Conifer - Southwest Oregon",1
"2_41_29_78293",6,120,682,1453,2441,1710030704,"17100306","OSW","RaMCONsw_fiw_1710030704","RaMCONsw","RaMCONsw_fiw",20,"fiw","RaMCONsw","RaMCONsw_fiw","Mixed Conifer - Southwest Oregon",1
"2_41_29_81974",6,120,682,1453,2421,1710030704,"17100306","OSW","RaMCONsw_fiw_1710030704","RaMCONsw","RaMCONsw_fiw",20,"fiw","RaMCONsw","RaMCONsw_fiw","Mixed Conifer - Southwest Oregon",1
"2_41_29_84313",6,120,682,1453,1983,1710030704,"17100306","OSW","RaMCONsw_fiw_1710030704","RaMCONsw","RaMCONsw_fiw",20,"fiw","RaMCONsw","RaMCONsw_fiw","Mixed Conifer - Southwest Oregon",1
"2_41_29_93904",6,120,682,1453,1733,1710030704,"17100306","OSW","RaMCONsw_fiw_1710030704","RaMCONsw","RaMCONsw_fiw",20,"fiw","RaMCONsw","RaMCONsw_fiw","Mixed Conifer - Southwest Oregon",1
"2_41_29_66950",6,120,682,1453,1919,1710030704,"17100306","OSW","RaMCONsw_fiw_1710030704","RaMCONsw","RaMCONsw_fiw",20,"fiw","RaMCONsw","RaMCONsw_fiw","Mixed Conifer - Southwest Oregon",1
"2_41_29_58185",6,120,682,1453,2223,1710030704,"17100306","OSW","RaMCONsw_fiw_1710030704","RaMCONsw","RaMCONsw_fiw",20,"fiw","RaMCONsw","RaMCONsw_fiw","Mixed Conifer - Southwest Oregon",1
"2_41_29_77587",6,120,682,1453,1150,1710030704,"17100306","OSW","RaMCONsw_fiw_1710030704","RaMCONsw","RaMCONsw_fiw",20,"fiw","RaMCONsw","RaMCONsw_fiw","Mixed Conifer - Southwest Oregon",1
"2_41_29_86665",6,120,686,1522,1846,1710030708,"17100306","OSW","RaMCONsw_fiw_1710030708","RaMCONsw","RaMCONsw_fiw",20,"fiw","RaMCONsw","RaMCONsw_fiw","Mixed Conifer - Southwest Oregon",1
"2_41_29_97371",6,120,686,1522,3487,1710030708,"17100306","OSW","RaMCONsw_fiw_1710030708","RaMCONsw","RaMCONsw_fiw",20,"fiw","RaMCONsw","RaMCONsw_fiw","Mixed Conifer - Southwest Oregon",1
"2_41_29_58757",6,120,686,1522,2013,1710030708,"17100306","OSW","RaMCONsw_fiw_1710030708","RaMCONsw","RaMCONsw_fiw",20,"fiw","RaMCONsw","RaMCONsw_fiw","Mixed Conifer - Southwest Oregon",1
"2_41_29_96304",6,120,686,1522,3406,1710030708,"17100306","OSW","RaMCONsw_fiw_1710030708","RaMCONsw","RaMCONsw_fiw",20,"fiw","RaMCONsw","RaMCONsw_fiw","Mixed Conifer - Southwest Oregon",1
"6_53_31_81130",13,144,802,1812,1379,1711001908,"17110018","WWC","RaDFHEdy_fdg_17110019","RaDFHEdy","RaDFHEdy_fdg",24,"fdg","RaDFHEdy","RaDFHEdy_fdg","Douglas-fir Hemlock-Dry Mesic",3
"6_53_31_77691",13,144,802,1812,923,1711001908,"17110018","WWC","RaDFHEdy_fdg_17110019","RaDFHEdy","RaDFHEdy_fdg",24,"fdg","RaDFHEdy","RaDFHEdy_fdg","Douglas-fir Hemlock-Dry Mesic",3
"5_53_35_83961",13,144,801,1813,1177,1711001907,"17110018","WWC","RaDFHEdy_fwi_17110019","RaDFHEdy","RaDFHEdy_fwi",31,"fwi","RaDFHEdy","RaDFHEdy_fwi","Douglas-fir Hemlock-Dry Mesic",3
"5_53_35_63491",13,144,801,1813,1049,1711001907,"17110018","WWC","RaDFHEdy_fwi_17110019","RaDFHEdy","RaDFHEdy_fwi",31,"fwi","RaDFHEdy","RaDFHEdy_fwi","Douglas-fir Hemlock-Dry Mesic",3
"5_53_35_55290",13,144,801,1813,454,1711001907,"17110018","WWC","RaDFHEdy_fwi_17110019","RaDFHEdy","RaDFHEdy_fwi",31,"fwi","RaDFHEdy","RaDFHEdy_fwi","Douglas-fir Hemlock-Dry Mesic",3
"5_53_53_77769",13,144,797,1813,1283,1711001903,"17110018","WWC","RaDFHEdy_fwi_17110019","RaDFHEdy","RaDFHEdy_fwi",31,"fwi","RaDFHEdy","RaDFHEdy_fwi","Douglas-fir Hemlock-Dry Mesic",3
"6_53_67_85653",13,140,783,1926,1468,1711001503,"17110014","WWC","RaDFHEdy_fwi_17110015","RaDFHEdy","RaDFHEdy_fwi",31,"fwi","RaDFHEdy","RaDFHEdy_fwi","Douglas-fir Hemlock-Dry Mesic",3
"6_53_67_90615",13,140,783,1926,1542,1711001503,"17110014","WWC","RaDFHEdy_fwi_17110015","RaDFHEdy","RaDFHEdy_fwi",31,"fwi","RaDFHEdy","RaDFHEdy_fwi","Douglas-fir Hemlock-Dry Mesic",3
"6_53_67_86158",13,141,784,1929,1280,1711001601,"17110015","WWC","RaDFHEdy_fwi_17110016","RaDFHEdy","RaDFHEdy_fwi",31,"fwi","RaDFHEdy","RaDFHEdy_fwi","Douglas-fir Hemlock-Dry Mesic",3
"6_53_67_52634",9,102,578,2307,1028,1710010303,"17100102","WCR","RaDFHEwt_fwm_WCR","RaDFHEwt","RaDFHEwt_fwm",33,"fwm","RaDFHEwt","RaDFHEwt_fwm","Douglas-fir Hemlock-Wet Mesic",5
"7_53_41_87254",9,102,577,2307,954,1710010302,"17100102","WCR","RaDFHEwt_fwm_WCR","RaDFHEwt","RaDFHEwt_fwm",33,"fwm","RaDFHEwt","RaDFHEwt_fwm","Douglas-fir Hemlock-Wet Mesic",5
"7_53_41_86974",9,102,577,2307,985,1710010302,"17100102","WCR","RaDFHEwt_fwm_WCR","RaDFHEwt","RaDFHEwt_fwm",33,"fwm","RaDFHEwt","RaDFHEwt_fwm","Douglas-fir Hemlock-Wet Mesic",5
"7_53_41_99394",9,102,577,1932,1137,1710010302,"17100102","WCR","RaDFHEdy_fwi_17100103","RaDFHEdy","RaDFHEdy_fwi",31,"fwi","RaDFHEdy","RaDFHEdy_fwi","Douglas-fir Hemlock-Dry Mesic",3
"7_53_41_63401",9,102,577,1932,1211,1710010302,"17100102","WCR","RaDFHEdy_fwi_17100103","RaDFHEdy","RaDFHEdy_fwi",31,"fwi","RaDFHEdy","RaDFHEdy_fwi","Douglas-fir Hemlock-Dry Mesic",3
"5_53_73_67949",11,127,725,1762,2047,1711000201,"17110001","WNC","RaDFHEdy_fdg_17110002","RaDFHEdy","RaDFHEdy_fdg",24,"fdg","RaDFHEdy","RaDFHEdy_fdg","Douglas-fir Hemlock-Dry Mesic",3
"7_53_15_78432",13,83,481,1952,1357,1708000506,"17080004","WWC","RaDFHEdy_fwi_17080005","RaDFHEdy","RaDFHEdy_fwi",31,"fwi","RaDFHEdy","RaDFHEdy_fwi","Douglas-fir Hemlock-Dry Mesic",3
"7_53_15_75909",13,83,481,2292,1879,1708000506,"17080004","WWC","RaDFHEwt_fwm_WWC","RaDFHEwt","RaDFHEwt_fwm",33,"fwm","RaDFHEwt","RaDFHEwt_fwm","Douglas-fir Hemlock-Wet Mesic",5
"7_53_15_60351",13,83,483,2292,765,1708000508,"17080004","WWC","RaDFHEwt_fwm_WWC","RaDFHEwt","RaDFHEwt_fwm",33,"fwm","RaDFHEwt","RaDFHEwt_fwm","Douglas-fir Hemlock-Wet Mesic",5
"7_53_15_94920",13,83,483,1952,1098,1708000508,"17080004","WWC","RaDFHEdy_fwi_17080005","RaDFHEdy","RaDFHEdy_fwi",31,"fwi","RaDFHEdy","RaDFHEdy_fwi","Douglas-fir Hemlock-Dry Mesic",3
"7_53_15_74294",13,83,483,2292,1238,1708000508,"17080004","WWC","RaDFHEwt_fwm_WWC","RaDFHEwt","RaDFHEwt_fwm",33,"fwm","RaDFHEwt","RaDFHEwt_fwm","Douglas-fir Hemlock-Wet Mesic",5
"7_53_15_63737",13,79,465,1982,831,1708000301,"17080002","WWC","RaDFHEdy_fwi_17080003C","RaDFHEdy","RaDFHEdy_fwi",31,"fwi","RaDFHEdy","RaDFHEdy_fwi","Douglas-fir Hemlock-Dry Mesic",3
"7_53_15_83301",13,79,465,2292,2105,1708000301,"17080002","WWC","RaDFHEwt_fwm_WWC","RaDFHEwt","RaDFHEwt_fwm",33,"fwm","RaDFHEwt","RaDFHEwt_fwm","Douglas-fir Hemlock-Wet Mesic",5
"7_53_15_74139",13,78,464,2292,850,1708000206,"17080001A","WWC","RaDFHEwt_fwm_WWC","RaDFHEwt","RaDFHEwt_fwm",33,"fwm","RaDFHEwt","RaDFHEwt_fwm","Douglas-fir Hemlock-Wet Mesic",5
"7_53_11_79085",13,78,464,2292,782,1708000206,"17080001A","WWC","RaDFHEwt_fwm_WWC","RaDFHEwt","RaDFHEwt_fwm",33,"fwm","RaDFHEwt","RaDFHEwt_fwm","Douglas-fir Hemlock-Wet Mesic",5
"7_53_11_94557",13,78,463,1973,993,1708000205,"17080001A","WWC","RaDFHEdy_fwi_17080002","RaDFHEdy","RaDFHEdy_fwi",31,"fwi","RaDFHEdy","RaDFHEdy_fwi","Douglas-fir Hemlock-Dry Mesic",3
"0_41_5_66355",3,93,533,492,1470,1709000704,"17090006","OCR","RaDFWV_fwx_1709000704","RaDFWV","RaDFWV_fwx",37,"fwx","RaDFWV","RaDFWV_fwx","Douglas-fir Willamatte Valley Foothills",1
"0_41_5_80021",7,95,546,513,266,1709000906,"17090008","OWC","RaDFWV_fwx_1709000906","RaDFWV","RaDFWV_fwx",37,"fwx","RaDFWV","RaDFWV_fwx","Douglas-fir Willamatte Valley Foothills",1
"0_41_5_60189",7,95,544,568,449,1709000904,"17090008","OWC","RaDFWV_fwx_1709000904","RaDFWV","RaDFWV_fwx",37,"fwx","RaDFWV","RaDFWV_fwx","Douglas-fir Willamatte Valley Foothills",1
"0_41_5_90412",7,95,544,2329,1799,1709000904,"17090008","OWC","RaDFHEwt_fwm_OWC","RaDFHEwt","RaDFHEwt_fwm",33,"fwm","RaDFHEwt","RaDFHEwt_fwm","Douglas-fir Hemlock-Wet Mesic",5
"0_41_47_79372",7,91,520,2329,1953,1709000505,"17090004","OWC","RaDFHEwt_fwm_OWC","RaDFHEwt","RaDFHEwt_fwm",33,"fwm","RaDFHEwt","RaDFHEwt_fwm","Douglas-fir Hemlock-Wet Mesic",5
"0_41_47_98886",7,91,519,2076,1602,1709000504,"17090004","OWC","RaDFHEdy_fwi_17090005","RaDFHEdy","RaDFHEdy_fwi",31,"fwi","RaDFHEdy","RaDFHEdy_fwi","Douglas-fir Hemlock-Dry Mesic",3
"5_53_57_84157",11,129,736,1767,414,1711000406,"17110003","WNC","RaDFHEdy_fwi_17110004","RaDFHEdy","RaDFHEdy_fwi",31,"fwi","RaDFHEdy","RaDFHEdy_fwi","Douglas-fir Hemlock-Dry Mesic",3
"1_41_43_83934",7,92,527,2082,1307,1709000606,"17090005","OWC","RaDFHEdy_fwi_17090006","RaDFHEdy","RaDFHEdy_fwi",31,"fwi","RaDFHEdy","RaDFHEdy_fwi","Douglas-fir Hemlock-Dry Mesic",3
"1_41_43_84905",7,92,525,2082,2046,1709000604,"17090005","OWC","RaDFHEdy_fwi_17090006","RaDFHEdy","RaDFHEdy_fwi",31,"fwi","RaDFHEdy","RaDFHEdy_fwi","Douglas-fir Hemlock-Dry Mesic",3
"1_41_43_87635",7,92,525,2082,2066,1709000604,"17090005","OWC","RaDFHEdy_fwi_17090006","RaDFHEdy","RaDFHEdy_fwi",31,"fwi","RaDFHEdy","RaDFHEdy_fwi","Douglas-fir Hemlock-Dry Mesic",3
"1_41_43_54589",7,92,526,2082,1437,1709000605,"17090005","OWC","RaDFHEdy_fwi_17090006","RaDFHEdy","RaDFHEdy_fwi",31,"fwi","RaDFHEdy","RaDFHEdy_fwi","Douglas-fir Hemlock-Dry Mesic",3
"1_41_43_68849",7,89,505,2104,2018,1709000303,"17090003A","OWC","RaDFHEdy_fwi_17090003B","RaDFHEdy","RaDFHEdy_fwi",31,"fwi","RaDFHEdy","RaDFHEdy_fwi","Douglas-fir Hemlock-Dry Mesic",3
"1_41_43_60473",7,90,515,2110,1711,1709000407,"17090003B","OWC","RaDFHEdy_fwi_17090004","RaDFHEdy","RaDFHEdy_fwi",31,"fwi","RaDFHEdy","RaDFHEdy_fwi","Douglas-fir Hemlock-Dry Mesic",3
"1_41_39_91944",7,90,515,2110,1561,1709000407,"17090003B","OWC","RaDFHEdy_fwi_17090004","RaDFHEdy","RaDFHEdy_fwi",31,"fwi","RaDFHEdy","RaDFHEdy_fwi","Douglas-fir Hemlock-Dry Mesic",3
"1_41_39_52527",7,90,515,2329,1574,1709000407,"17090003B","OWC","RaDFHEwt_fwm_OWC","RaDFHEwt","RaDFHEwt_fwm",33,"fwm","RaDFHEwt","RaDFHEwt_fwm","Douglas-fir Hemlock-Wet Mesic",5
"1_41_39_66082",7,90,515,2329,1083,1709000407,"17090003B","OWC","RaDFHEwt_fwm_OWC","RaDFHEwt","RaDFHEwt_fwm",33,"fwm","RaDFHEwt","RaDFHEwt_fwm","Douglas-fir Hemlock-Wet Mesic",5
"1_41_39_58404",7,90,515,2110,2983,1709000407,"17090003B","OWC","RaDFHEdy_fwi_17090004","RaDFHEdy","RaDFHEdy_fwi",31,"fwi","RaDFHEdy","RaDFHEdy_fwi","Douglas-fir Hemlock-Dry Mesic",3
"1_41_39_57187",7,86,497,2139,1946,1709000109,"17080006A","OWC","RaDFHEdy_fwi_17090001","RaDFHEdy","RaDFHEdy_fwi",31,"fwi","RaDFHEdy","RaDFHEdy_fwi","Douglas-fir Hemlock-Dry Mesic",3
"1_41_39_90417",7,86,497,2139,1603,1709000109,"17080006A","OWC","RaDFHEdy_fwi_17090001","RaDFHEdy","RaDFHEdy_fwi",31,"fwi","RaDFHEdy","RaDFHEdy_fwi","Douglas-fir Hemlock-Dry Mesic",3
"1_41_39_83131",7,86,497,2139,1428,1709000109,"17080006A","OWC","RaDFHEdy_fwi_17090001","RaDFHEdy","RaDFHEdy_fwi",31,"fwi","RaDFHEdy","RaDFHEdy_fwi","Douglas-fir Hemlock-Dry Mesic",3
"1_41_39_56409",7,86,497,2139,1322,1709000109,"17080006A","OWC","RaDFHEdy_fwi_17090001","RaDFHEdy","RaDFHEdy_fwi",31,"fwi","RaDFHEdy","RaDFHEdy_fwi","Douglas-fir Hemlock-Dry Mesic",3
"1_41_39_94642",7,86,497,2139,1026,1709000109,"17080006A","OWC","RaDFHEdy_fwi_17090001","RaDFHEdy","RaDFHEdy_fwi",31,"fwi","RaDFHEdy","RaDFHEdy_fwi","Douglas-fir Hemlock-Dry Mesic",3
"1_41_39_51529",7,86,497,2139,1912,1709000109,"17080006A","OWC","RaDFHEdy_fwi_17090001","RaDFHEdy","RaDFHEdy_fwi",31,"fwi","RaDFHEdy","RaDFHEdy_fwi","Douglas-fir Hemlock-Dry Mesic",3
"1_41_39_54839",7,86,497,2139,2181,1709000109,"17080006A","OWC","RaDFHEdy_fwi_17090001","RaDFHEdy","RaDFHEdy_fwi",31,"fwi","RaDFHEdy","RaDFHEdy_fwi","Douglas-fir Hemlock-Dry Mesic",3
"1_41_39_83710",7,86,497,2139,1275,1709000109,"17080006A","OWC","RaDFHEdy_fwi_17090001","RaDFHEdy","RaDFHEdy_fwi",31,"fwi","RaDFHEdy","RaDFHEdy_fwi","Douglas-fir Hemlock-Dry Mesic",3
"1_41_39_57490",7,86,494,2139,1647,1709000106,"17080006A","OWC","RaDFHEdy_fwi_17090001","RaDFHEdy","RaDFHEdy_fwi",31,"fwi","RaDFHEdy","RaDFHEdy_fwi","Douglas-fir Hemlock-Dry Mesic",3
"1_41_39_59625",7,86,494,2140,1695,1709000106,"17080006A","OWC","RaABAMlw_fsi_17090001","RaABAMlw","RaABAMlw_fsi",14,"fsi","RaABAMlw","RaABAMlw_fsi","Pacific Silver Fir - Low Elevation",3
"1_41_39_74105",7,86,494,2139,2363,1709000106,"17080006A","OWC","RaDFHEdy_fwi_17090001","RaDFHEdy","RaDFHEdy_fwi",31,"fwi","RaDFHEdy","RaDFHEdy_fwi","Douglas-fir Hemlock-Dry Mesic",3
"1_41_39_51312",7,86,494,2139,1526,1709000106,"17080006A","OWC","RaDFHEdy_fwi_17090001","RaDFHEdy","RaDFHEdy_fwi",31,"fwi","RaDFHEdy","RaDFHEdy_fwi","Douglas-fir Hemlock-Dry Mesic",3
"1_41_39_95809",7,86,493,2139,674,1709000105,"17080006A","OWC","RaDFHEdy_fwi_17090001","RaDFHEdy","RaDFHEdy_fwi",31,"fwi","RaDFHEdy","RaDFHEdy_fwi","Douglas-fir Hemlock-Dry Mesic",3
"1_41_39_87819",7,86,493,2139,2599,1709000105,"17080006A","OWC","RaDFHEdy_fwi_17090001","RaDFHEdy","RaDFHEdy_fwi",31,"fwi","RaDFHEdy","RaDFHEdy_fwi","Douglas-fir Hemlock-Dry Mesic",3
"1_41_39_81558",7,86,493,2139,1869,1709000105,"17080006A","OWC","RaDFHEdy_fwi_17090001","RaDFHEdy","RaDFHEdy_fwi",31,"fwi","RaDFHEdy","RaDFHEdy_fwi","Douglas-fir Hemlock-Dry Mesic",3
"1_41_39_54737",7,86,493,2139,1237,1709000105,"17080006A","OWC","RaDFHEdy_fwi_17090001","RaDFHEdy","RaDFHEdy_fwi",31,"fwi","RaDFHEdy","RaDFHEdy_fwi","Douglas-fir Hemlock-Dry Mesic",3
"5_53_73_94930",11,127,725,1762,1612,1711000201,"17110001","WNC","RaDFHEdy_fdg_17110002","RaDFHEdy","RaDFHEdy_fdg",24,"fdg","RaDFHEdy","RaDFHEdy_fdg","Douglas-fir Hemlock-Dry Mesic",3
"1_41_39_80853",7,86,493,2139,1471,1709000105,"17080006A","OWC","RaDFHEdy_fwi_17090001","RaDFHEdy","RaDFHEdy_fwi",31,"fwi","RaDFHEdy","RaDFHEdy_fwi","Douglas-fir Hemlock-Dry Mesic",3
"1_41_39_72819",7,86,493,2139,882,1709000105,"17080006A","OWC","RaDFHEdy_fwi_17090001","RaDFHEdy","RaDFHEdy_fwi",31,"fwi","RaDFHEdy","RaDFHEdy_fwi","Douglas-fir Hemlock-Dry Mesic",3
"1_41_39_77813",7,86,493,2139,1712,1709000105,"17080006A","OWC","RaDFHEdy_fwi_17090001","RaDFHEdy","RaDFHEdy_fwi",31,"fwi","RaDFHEdy","RaDFHEdy_fwi","Douglas-fir Hemlock-Dry Mesic",3
"1_41_39_93293",7,86,493,2141,1446,1709000105,"17080006A","OWC","RaABAMlw_fsw_17090001","RaABAMlw","RaABAMlw_fsw",16,"fsw","RaABAMlw","RaABAMlw_fsw","Pacific Silver Fir - Low Elevation",3
"2_41_19_73962",7,86,493,2140,1162,1709000105,"17080006A","OWC","RaABAMlw_fsi_17090001","RaABAMlw","RaABAMlw_fsi",14,"fsi","RaABAMlw","RaABAMlw_fsi","Pacific Silver Fir - Low Elevation",3
"2_41_19_50261",6,113,641,2344,1145,1710030108,"17100207","OSW","Na0710412_fmc_OSW","Na0710412","Na0710412_fmc",7,"fmc","Na0710412","Na0710412_fmc","North Pacific Mountain Hemlock Forest - Xeric",5
"2_41_19_72707",6,113,641,2177,629,1710030108,"17100207","OSW","RaABAMlw_fsi_17100301","RaABAMlw","RaABAMlw_fsi",14,"fsi","RaABAMlw","RaABAMlw_fsi","Pacific Silver Fir - Low Elevation",3
"2_41_19_65338",6,113,641,1130,785,1710030108,"17100207","OSW","RaMCONsw_fiw_1710030108","RaMCONsw","RaMCONsw_fiw",20,"fiw","RaMCONsw","RaMCONsw_fiw","Mixed Conifer - Southwest Oregon",1
"2_41_19_93399",6,113,638,2186,1110,1710030105,"17100207","OSW","R1RFWF_fcw_17100301","R1RFWF","R1RFWF_fcw",18,"fcw","R1RFWF","R1RFWF_fcw","Red Fir / White Fir",3
"2_41_19_98478",6,113,638,2186,1328,1710030105,"17100207","OSW","R1RFWF_fcw_17100301","R1RFWF","R1RFWF_fcw",18,"fcw","R1RFWF","R1RFWF_fcw","Red Fir / White Fir",3
"2_41_19_57324",6,113,638,2186,545,1710030105,"17100207","OSW","R1RFWF_fcw_17100301","R1RFWF","R1RFWF_fcw",18,"fcw","R1RFWF","R1RFWF_fcw","Red Fir / White Fir",3
"2_41_19_97939",6,113,638,2186,612,1710030105,"17100207","OSW","R1RFWF_fcw_17100301","R1RFWF","R1RFWF_fcw",18,"fcw","R1RFWF","R1RFWF_fcw","Red Fir / White Fir",3
"2_41_19_66120",6,113,637,1167,771,1710030104,"17100207","OSW","RaMCONsw_fiw_1710030104","RaMCONsw","RaMCONsw_fiw",20,"fiw","RaMCONsw","RaMCONsw_fiw","Mixed Conifer - Southwest Oregon",1
"2_41_19_88502",6,113,637,2186,1385,1710030104,"17100207","OSW","R1RFWF_fcw_17100301","R1RFWF","R1RFWF_fcw",18,"fcw","R1RFWF","R1RFWF_fcw","Red Fir / White Fir",3
"2_41_19_93661",6,113,637,1167,1490,1710030104,"17100207","OSW","RaMCONsw_fiw_1710030104","RaMCONsw","RaMCONsw_fiw",20,"fiw","RaMCONsw","RaMCONsw_fiw","Mixed Conifer - Southwest Oregon",1
"2_41_19_93601",6,113,637,2345,2163,1710030104,"17100207","OSW","Na0710412_fmi_OSW","Na0710412","Na0710412_fmi",6,"fmi","Na0710412","Na0710412_fmi","North Pacific Mountain Hemlock Forest - Xeric",5
"2_41_19_58256",6,113,637,2345,2782,1710030104,"17100207","OSW","Na0710412_fmi_OSW","Na0710412","Na0710412_fmi",6,"fmi","Na0710412","Na0710412_fmi","North Pacific Mountain Hemlock Forest - Xeric",5
"2_41_19_96135",6,113,637,2345,1626,1710030104,"17100207","OSW","Na0710412_fmi_OSW","Na0710412","Na0710412_fmi",6,"fmi","Na0710412","Na0710412_fmi","North Pacific Mountain Hemlock Forest - Xeric",5
"2_41_19_79346",6,120,679,1231,847,1710030701,"17100306","OSW","RaMCONsw_fiw_1710030701","RaMCONsw","RaMCONsw_fiw",20,"fiw","RaMCONsw","RaMCONsw_fiw","Mixed Conifer - Southwest Oregon",1
"2_41_19_87691",6,120,679,1231,742,1710030701,"17100306","OSW","RaMCONsw_fiw_1710030701","RaMCONsw","RaMCONsw_fiw",20,"fiw","RaMCONsw","RaMCONsw_fiw","Mixed Conifer - Southwest Oregon",1
"2_41_19_55122",6,120,679,1231,1199,1710030701,"17100306","OSW","RaMCONsw_fiw_1710030701","RaMCONsw","RaMCONsw_fiw",20,"fiw","RaMCONsw","RaMCONsw_fiw","Mixed Conifer - Southwest Oregon",1
"2_41_19_94001",6,120,679,2222,1278,1710030701,"17100306","OSW","RaDFHEdy_fwx_17100307","RaDFHEdy","RaDFHEdy_fwx",38,"fwx","RaDFHEdy","RaDFHEdy_fwx","Douglas-fir Hemlock-Dry Mesic",3
"2_41_29_59121",6,120,679,1231,1055,1710030701,"17100306","OSW","RaMCONsw_fiw_1710030701","RaMCONsw","RaMCONsw_fiw",20,"fiw","RaMCONsw","RaMCONsw_fiw","Mixed Conifer - Southwest Oregon",1
"2_41_29_73600",6,120,679,1231,1759,1710030701,"17100306","OSW","RaMCONsw_fiw_1710030701","RaMCONsw","RaMCONsw_fiw",20,"fiw","RaMCONsw","RaMCONsw_fiw","Mixed Conifer - Southwest Oregon",1
"2_41_29_66433",6,120,679,1231,2808,1710030701,"17100306","OSW","RaMCONsw_fiw_1710030701","RaMCONsw","RaMCONsw_fiw",20,"fiw","RaMCONsw","RaMCONsw_fiw","Mixed Conifer - Southwest Oregon",1
"2_41_29_69858",6,120,679,1231,1641,1710030701,"17100306","OSW","RaMCONsw_fiw_1710030701","RaMCONsw","RaMCONsw_fiw",20,"fiw","RaMCONsw","RaMCONsw_fiw","Mixed Conifer - Southwest Oregon",1
"2_41_29_62564",6,120,679,1231,1237,1710030701,"17100306","OSW","RaMCONsw_fiw_1710030701","RaMCONsw","RaMCONsw_fiw",20,"fiw","RaMCONsw","RaMCONsw_fiw","Mixed Conifer - Southwest Oregon",1
"2_41_29_58162",6,120,679,1231,1461,1710030701,"17100306","OSW","RaMCONsw_fiw_1710030701","RaMCONsw","RaMCONsw_fiw",20,"fiw","RaMCONsw","RaMCONsw_fiw","Mixed Conifer - Southwest Oregon",1
"2_41_29_83177",6,120,679,2222,675,1710030701,"17100306","OSW","RaDFHEdy_fwx_17100307","RaDFHEdy","RaDFHEdy_fwx",38,"fwx","RaDFHEdy","RaDFHEdy_fwx","Douglas-fir Hemlock-Dry Mesic",3
"2_41_29_68574",6,120,680,1350,1081,1710030702,"17100306","OSW","RaMCONsw_fiw_1710030702","RaMCONsw","RaMCONsw_fiw",20,"fiw","RaMCONsw","RaMCONsw_fiw","Mixed Conifer - Southwest Oregon",1
"2_41_29_70278",6,120,680,1350,1148,1710030702,"17100306","OSW","RaMCONsw_fiw_1710030702","RaMCONsw","RaMCONsw_fiw",20,"fiw","RaMCONsw","RaMCONsw_fiw","Mixed Conifer - Southwest Oregon",1
"2_41_29_94104",6,120,680,2222,811,1710030702,"17100306","OSW","RaDFHEdy_fwx_17100307","RaDFHEdy","RaDFHEdy_fwx",38,"fwx","RaDFHEdy","RaDFHEdy_fwx","Douglas-fir Hemlock-Dry Mesic",3
"2_41_29_71790",6,120,680,1350,939,1710030702,"17100306","OSW","RaMCONsw_fiw_1710030702","RaMCONsw","RaMCONsw_fiw",20,"fiw","RaMCONsw","RaMCONsw_fiw","Mixed Conifer - Southwest Oregon",1
"2_41_29_60543",6,120,680,1350,1747,1710030702,"17100306","OSW","RaMCONsw_fiw_1710030702","RaMCONsw","RaMCONsw_fiw",20,"fiw","RaMCONsw","RaMCONsw_fiw","Mixed Conifer - Southwest Oregon",1
"2_41_29_70637",6,120,680,1350,907,1710030702,"17100306","OSW","RaMCONsw_fiw_1710030702","RaMCONsw","RaMCONsw_fiw",20,"fiw","RaMCONsw","RaMCONsw_fiw","Mixed Conifer - Southwest Oregon",1
"2_41_29_95199",6,120,682,1453,1417,1710030704,"17100306","OSW","RaMCONsw_fiw_1710030704","RaMCONsw","RaMCONsw_fiw",20,"fiw","RaMCONsw","RaMCONsw_fiw","Mixed Conifer - Southwest Oregon",1
"2_41_29_60660",6,120,682,1453,3085,1710030704,"17100306","OSW","RaMCONsw_fiw_1710030704","RaMCONsw","RaMCONsw_fiw",20,"fiw","RaMCONsw","RaMCONsw_fiw","Mixed Conifer - Southwest Oregon",1
"2_41_29_84636",6,120,682,1453,3240,1710030704,"17100306","OSW","RaMCONsw_fiw_1710030704","RaMCONsw","RaMCONsw_fiw",20,"fiw","RaMCONsw","RaMCONsw_fiw","Mixed Conifer - Southwest Oregon",1
"2_41_29_59972",6,120,682,1453,1174,1710030704,"17100306","OSW","RaMCONsw_fiw_1710030704","RaMCONsw","RaMCONsw_fiw",20,"fiw","RaMCONsw","RaMCONsw_fiw","Mixed Conifer - Southwest Oregon",1
"2_41_29_93544",6,120,682,1453,3377,1710030704,"17100306","OSW","RaMCONsw_fiw_1710030704","RaMCONsw","RaMCONsw_fiw",20,"fiw","RaMCONsw","RaMCONsw_fiw","Mixed Conifer - Southwest Oregon",1
"2_41_29_50371",6,120,682,1453,2854,1710030704,"17100306","OSW","RaMCONsw_fiw_1710030704","RaMCONsw","RaMCONsw_fiw",20,"fiw","RaMCONsw","RaMCONsw_fiw","Mixed Conifer - Southwest Oregon",1
"2_41_29_93873",6,120,682,1453,2682,1710030704,"17100306","OSW","RaMCONsw_fiw_1710030704","RaMCONsw","RaMCONsw_fiw",20,"fiw","RaMCONsw","RaMCONsw_fiw","Mixed Conifer - Southwest Oregon",1
"2_41_29_78382",6,120,682,1453,2919,1710030704,"17100306","OSW","RaMCONsw_fiw_1710030704","RaMCONsw","RaMCONsw_fiw",20,"fiw","RaMCONsw","RaMCONsw_fiw","Mixed Conifer - Southwest Oregon",1
"2_41_29_67942",6,120,682,1453,3126,1710030704,"17100306","OSW","RaMCONsw_fiw_1710030704","RaMCONsw","RaMCONsw_fiw",20,"fiw","RaMCONsw","RaMCONsw_fiw","Mixed Conifer - Southwest Oregon",1
"2_41_29_71313",6,120,682,1453,2205,1710030704,"17100306","OSW","RaMCONsw_fiw_1710030704","RaMCONsw","RaMCONsw_fiw",20,"fiw","RaMCONsw","RaMCONsw_fiw","Mixed Conifer - Southwest Oregon",1
"2_41_29_65910",6,120,686,1522,2825,1710030708,"17100306","OSW","RaMCONsw_fiw_1710030708","RaMCONsw","RaMCONsw_fiw",20,"fiw","RaMCONsw","RaMCONsw_fiw","Mixed Conifer - Southwest Oregon",1
"2_41_29_62954",6,120,682,1453,2070,1710030704,"17100306","OSW","RaMCONsw_fiw_1710030704","RaMCONsw","RaMCONsw_fiw",20,"fiw","RaMCONsw","RaMCONsw_fiw","Mixed Conifer - Southwest Oregon",1
"2_41_29_77955",6,120,686,2219,2093,1710030708,"17100306","OSW","RaREFI_fcw_17100307","RaREFI","RaREFI_fcw",19,"fcw","RaREFI","RaREFI_fcw","Red Fir",3
"2_41_29_55947",6,120,686,1522,3182,1710030708,"17100306","OSW","RaMCONsw_fiw_1710030708","RaMCONsw","RaMCONsw_fiw",20,"fiw","RaMCONsw","RaMCONsw_fiw","Mixed Conifer - Southwest Oregon",1
"2_41_29_56352",6,120,686,1522,2837,1710030708,"17100306","OSW","RaMCONsw_fiw_1710030708","RaMCONsw","RaMCONsw_fiw",20,"fiw","RaMCONsw","RaMCONsw_fiw","Mixed Conifer - Southwest Oregon",1
"5_53_29_99056",13,144,795,1812,942,1711001901,"17110018","WWC","RaDFHEdy_fdg_17110019","RaDFHEdy","RaDFHEdy_fdg",24,"fdg","RaDFHEdy","RaDFHEdy_fdg","Douglas-fir Hemlock-Dry Mesic",3
"2_41_29_72778",6,161,920,1649,2976,1801020604,"18010204","OSW","RaMCONsw_fiw_1801020604","RaMCONsw","RaMCONsw_fiw",20,"fiw","RaMCONsw","RaMCONsw_fiw","Mixed Conifer - Southwest Oregon",1
"2_41_29_96607",6,161,920,1649,1694,1801020604,"18010204","OSW","RaMCONsw_fiw_1801020604","RaMCONsw","RaMCONsw_fiw",20,"fiw","RaMCONsw","RaMCONsw_fiw","Mixed Conifer - Southwest Oregon",1
"2_41_29_79947",6,161,920,1649,2611,1801020604,"18010204","OSW","RaMCONsw_fiw_1801020604","RaMCONsw","RaMCONsw_fiw",20,"fiw","RaMCONsw","RaMCONsw_fiw","Mixed Conifer - Southwest Oregon",1
"2_41_29_86078",6,161,920,1696,1977,1801020604,"18010204","OSW","RaPIPOm_fpd_1801020604","RaPIPOm","RaPIPOm_fpd",51,"fpd","RaPIPOm","RaPIPOm_fpd","Dry Ponderosa Pine - Mesic",1
"2_41_29_63199",6,161,920,1715,769,1801020604,"18010204","OSW","Na0210290_fwo_1801020604","Na0210290","Na0210290_fwo",57,"fwo","Na0210290","Na0210290_fwo","Mediterranean California Mixed Oak Woodland",1
"6_53_31_72928",9,143,794,2296,580,1711001807,"17110017","WCR","RaDFHEwt_fwn_WCR","RaDFHEwt","RaDFHEwt_fwn",32,"fwn","RaDFHEwt","RaDFHEwt_fwn","Douglas-fir Hemlock-Wet Mesic",5
"5_53_73_55663",11,127,725,1761,1870,1711000201,"17110001","WNC","RaDFHEdy_fwi_17110002","RaDFHEdy","RaDFHEdy_fwi",31,"fwi","RaDFHEdy","RaDFHEdy_fwi","Douglas-fir Hemlock-Dry Mesic",3
"6_53_31_95146",9,143,794,2296,792,1711001807,"17110017","WCR","RaDFHEwt_fwn_WCR","RaDFHEwt","RaDFHEwt_fwn",32,"fwn","RaDFHEwt","RaDFHEwt_fwn","Douglas-fir Hemlock-Wet Mesic",5
"5_53_53_89232",13,144,801,1812,1537,1711001907,"17110018","WWC","RaDFHEdy_fdg_17110019","RaDFHEdy","RaDFHEdy_fdg",24,"fdg","RaDFHEdy","RaDFHEdy_fdg","Douglas-fir Hemlock-Dry Mesic",3
"5_53_53_90033",13,144,801,1813,1098,1711001907,"17110018","WWC","RaDFHEdy_fwi_17110019","RaDFHEdy","RaDFHEdy_fwi",31,"fwi","RaDFHEdy","RaDFHEdy_fwi","Douglas-fir Hemlock-Dry Mesic",3
"5_53_53_61050",13,144,801,2292,1263,1711001907,"17110018","WWC","RaDFHEwt_fwm_WWC","RaDFHEwt","RaDFHEwt_fwm",33,"fwm","RaDFHEwt","RaDFHEwt_fwm","Douglas-fir Hemlock-Wet Mesic",5
"5_53_53_96934",13,144,797,1813,1183,1711001903,"17110018","WWC","RaDFHEdy_fwi_17110019","RaDFHEdy","RaDFHEdy_fwi",31,"fwi","RaDFHEdy","RaDFHEdy_fwi","Douglas-fir Hemlock-Dry Mesic",3
"5_53_53_93140",13,144,797,1813,1461,1711001903,"17110018","WWC","RaDFHEdy_fwi_17110019","RaDFHEdy","RaDFHEdy_fwi",31,"fwi","RaDFHEdy","RaDFHEdy_fwi","Douglas-fir Hemlock-Dry Mesic",3
"5_53_53_99161",13,140,783,1926,1893,1711001503,"17110014","WWC","RaDFHEdy_fwi_17110015","RaDFHEdy","RaDFHEdy_fwi",31,"fwi","RaDFHEdy","RaDFHEdy_fwi","Douglas-fir Hemlock-Dry Mesic",3
"5_53_53_90518",13,140,783,1926,1031,1711001503,"17110014","WWC","RaDFHEdy_fwi_17110015","RaDFHEdy","RaDFHEdy_fwi",31,"fwi","RaDFHEdy","RaDFHEdy_fwi","Douglas-fir Hemlock-Dry Mesic",3
"6_53_67_70409",9,102,578,2307,1487,1710010303,"17100102","WCR","RaDFHEwt_fwm_WCR","RaDFHEwt","RaDFHEwt_fwm",33,"fwm","RaDFHEwt","RaDFHEwt_fwm","Douglas-fir Hemlock-Wet Mesic",5
"7_53_41_88152",9,102,578,2307,1753,1710010303,"17100102","WCR","RaDFHEwt_fwm_WCR","RaDFHEwt","RaDFHEwt_fwm",33,"fwm","RaDFHEwt","RaDFHEwt_fwm","Douglas-fir Hemlock-Wet Mesic",5
"7_53_41_70176",9,102,577,1932,811,1710010302,"17100102","WCR","RaDFHEdy_fwi_17100103","RaDFHEdy","RaDFHEdy_fwi",31,"fwi","RaDFHEdy","RaDFHEdy_fwi","Douglas-fir Hemlock-Dry Mesic",3
"7_53_41_76357",9,102,577,2307,1021,1710010302,"17100102","WCR","RaDFHEwt_fwm_WCR","RaDFHEwt","RaDFHEwt_fwm",33,"fwm","RaDFHEwt","RaDFHEwt_fwm","Douglas-fir Hemlock-Wet Mesic",5
"7_53_41_98540",9,102,577,2307,1806,1710010302,"17100102","WCR","RaDFHEwt_fwm_WCR","RaDFHEwt","RaDFHEwt_fwm",33,"fwm","RaDFHEwt","RaDFHEwt_fwm","Douglas-fir Hemlock-Wet Mesic",5
"7_53_41_91778",13,83,478,1952,1195,1708000503,"17080004","WWC","RaDFHEdy_fwi_17080005","RaDFHEdy","RaDFHEdy_fwi",31,"fwi","RaDFHEdy","RaDFHEdy_fwi","Douglas-fir Hemlock-Dry Mesic",3
"7_53_41_81513",13,83,478,2299,657,1708000503,"17080004","WWC","RaDFHEwt_fwn_WWC","RaDFHEwt","RaDFHEwt_fwn",32,"fwn","RaDFHEwt","RaDFHEwt_fwn","Douglas-fir Hemlock-Wet Mesic",5
"7_53_41_74605",13,83,478,2299,1067,1708000503,"17080004","WWC","RaDFHEwt_fwn_WWC","RaDFHEwt","RaDFHEwt_fwn",32,"fwn","RaDFHEwt","RaDFHEwt_fwn","Douglas-fir Hemlock-Wet Mesic",5
"7_53_41_58019",13,83,478,2299,886,1708000503,"17080004","WWC","RaDFHEwt_fwn_WWC","RaDFHEwt","RaDFHEwt_fwn",32,"fwn","RaDFHEwt","RaDFHEwt_fwn","Douglas-fir Hemlock-Wet Mesic",5
"7_53_15_63943",13,83,480,2292,1260,1708000505,"17080004","WWC","RaDFHEwt_fwm_WWC","RaDFHEwt","RaDFHEwt_fwm",33,"fwm","RaDFHEwt","RaDFHEwt_fwm","Douglas-fir Hemlock-Wet Mesic",5
"7_53_15_87560",13,83,483,1951,1217,1708000508,"17080004","WWC","RaABAMlw_fwc_17080005","RaABAMlw","RaABAMlw_fwc",35,"fwc","RaABAMlw","RaABAMlw_fwc","Pacific Silver Fir - Low Elevation",3
"7_53_15_71545",13,79,465,2292,1004,1708000301,"17080002","WWC","RaDFHEwt_fwm_WWC","RaDFHEwt","RaDFHEwt_fwm",33,"fwm","RaDFHEwt","RaDFHEwt_fwm","Douglas-fir Hemlock-Wet Mesic",5
"7_53_11_87781",13,78,464,2292,745,1708000206,"17080001A","WWC","RaDFHEwt_fwm_WWC","RaDFHEwt","RaDFHEwt_fwm",33,"fwm","RaDFHEwt","RaDFHEwt_fwm","Douglas-fir Hemlock-Wet Mesic",5
"7_53_11_63748",13,77,456,2011,769,1708000106,"17080001B","WWC","RaDFHEdy_fwi_17080001A","RaDFHEdy","RaDFHEdy_fwi",31,"fwi","RaDFHEdy","RaDFHEdy_fwi","Douglas-fir Hemlock-Dry Mesic",3
"0_41_5_61228",7,97,557,475,787,1709001106,"17090010","OWC","RaDFWV_fwx_1709001106","RaDFWV","RaDFWV_fwx",37,"fwx","RaDFWV","RaDFWV_fwx","Douglas-fir Willamatte Valley Foothills",1
"0_41_5_78675",3,93,533,492,1399,1709000704,"17090006","OCR","RaDFWV_fwx_1709000704","RaDFWV","RaDFWV_fwx",37,"fwx","RaDFWV","RaDFWV_fwx","Douglas-fir Willamatte Valley Foothills",1
"0_41_5_83027",7,95,546,513,853,1709000906,"17090008","OWC","RaDFWV_fwx_1709000906","RaDFWV","RaDFWV_fwx",37,"fwx","RaDFWV","RaDFWV_fwx","Douglas-fir Willamatte Valley Foothills",1
"0_41_5_87480",7,95,546,513,683,1709000906,"17090008","OWC","RaDFWV_fwx_1709000906","RaDFWV","RaDFWV_fwx",37,"fwx","RaDFWV","RaDFWV_fwx","Douglas-fir Willamatte Valley Foothills",1
"0_41_5_88399",7,95,544,2329,1806,1709000904,"17090008","OWC","RaDFHEwt_fwm_OWC","RaDFHEwt","RaDFHEwt_fwm",33,"fwm","RaDFHEwt","RaDFHEwt_fwm","Douglas-fir Hemlock-Wet Mesic",5
"0_41_5_62835",7,95,544,2052,1107,1709000904,"17090008","OWC","RaDFHEdy_fwi_17090009","RaDFHEdy","RaDFHEdy_fwi",31,"fwi","RaDFHEdy","RaDFHEdy_fwi","Douglas-fir Hemlock-Dry Mesic",3
"0_41_5_92252",7,95,544,2329,943,1709000904,"17090008","OWC","RaDFHEwt_fwm_OWC","RaDFHEwt","RaDFHEwt_fwm",33,"fwm","RaDFHEwt","RaDFHEwt_fwm","Douglas-fir Hemlock-Wet Mesic",5
"0_41_5_61270",7,95,544,2329,2134,1709000904,"17090008","OWC","RaDFHEwt_fwm_OWC","RaDFHEwt","RaDFHEwt_fwm",33,"fwm","RaDFHEwt","RaDFHEwt_fwm","Douglas-fir Hemlock-Wet Mesic",5
"0_41_47_89223",7,95,542,2052,1551,1709000902,"17090008","OWC","RaDFHEdy_fwi_17090009","RaDFHEdy","RaDFHEdy_fwi",31,"fwi","RaDFHEdy","RaDFHEdy_fwi","Douglas-fir Hemlock-Dry Mesic",3
"0_41_47_93669",7,95,541,2060,1137,1709000901,"17090008","OWC","RaABAMlw_fsi_17090009","RaABAMlw","RaABAMlw_fsi",14,"fsi","RaABAMlw","RaABAMlw_fsi","Pacific Silver Fir - Low Elevation",3
"0_41_47_91125",7,91,520,2076,1403,1709000505,"17090004","OWC","RaDFHEdy_fwi_17090005","RaDFHEdy","RaDFHEdy_fwi",31,"fwi","RaDFHEdy","RaDFHEdy_fwi","Douglas-fir Hemlock-Dry Mesic",3
"0_41_47_52145",7,91,520,2076,1731,1709000505,"17090004","OWC","RaDFHEdy_fwi_17090005","RaDFHEdy","RaDFHEdy_fwi",31,"fwi","RaDFHEdy","RaDFHEdy_fwi","Douglas-fir Hemlock-Dry Mesic",3
"1_41_43_87134",7,91,519,2076,1958,1709000504,"17090004","OWC","RaDFHEdy_fwi_17090005","RaDFHEdy","RaDFHEdy_fwi",31,"fwi","RaDFHEdy","RaDFHEdy_fwi","Douglas-fir Hemlock-Dry Mesic",3
"1_41_43_82831",7,92,528,2082,1241,1709000607,"17090005","OWC","RaDFHEdy_fwi_17090006","RaDFHEdy","RaDFHEdy_fwi",31,"fwi","RaDFHEdy","RaDFHEdy_fwi","Douglas-fir Hemlock-Dry Mesic",3
"1_41_43_81526",7,92,527,2082,647,1709000606,"17090005","OWC","RaDFHEdy_fwi_17090006","RaDFHEdy","RaDFHEdy_fwi",31,"fwi","RaDFHEdy","RaDFHEdy_fwi","Douglas-fir Hemlock-Dry Mesic",3
"1_41_43_68090",7,92,527,2094,488,1709000606,"17090005","OWC","RaABAMlw_fsi_17090006","RaABAMlw","RaABAMlw_fsi",14,"fsi","RaABAMlw","RaABAMlw_fsi","Pacific Silver Fir - Low Elevation",3
"1_41_43_91332",7,92,524,2094,1001,1709000603,"17090005","OWC","RaABAMlw_fsi_17090006","RaABAMlw","RaABAMlw_fsi",14,"fsi","RaABAMlw","RaABAMlw_fsi","Pacific Silver Fir - Low Elevation",3
"1_41_43_77288",7,92,524,2094,755,1709000603,"17090005","OWC","RaABAMlw_fsi_17090006","RaABAMlw","RaABAMlw_fsi",14,"fsi","RaABAMlw","RaABAMlw_fsi","Pacific Silver Fir - Low Elevation",3
"1_41_43_88687",7,92,524,2329,1047,1709000603,"17090005","OWC","RaDFHEwt_fwm_OWC","RaDFHEwt","RaDFHEwt_fwm",33,"fwm","RaDFHEwt","RaDFHEwt_fwm","Douglas-fir Hemlock-Wet Mesic",5
"1_41_43_55070",7,92,523,2082,1121,1709000602,"17090005","OWC","RaDFHEdy_fwi_17090006","RaDFHEdy","RaDFHEdy_fwi",31,"fwi","RaDFHEdy","RaDFHEdy_fwi","Douglas-fir Hemlock-Dry Mesic",3
"1_41_39_52243",7,90,515,2110,1861,1709000407,"17090003B","OWC","RaDFHEdy_fwi_17090004","RaDFHEdy","RaDFHEdy_fwi",31,"fwi","RaDFHEdy","RaDFHEdy_fwi","Douglas-fir Hemlock-Dry Mesic",3
"1_41_39_92364",7,90,515,2110,1173,1709000407,"17090003B","OWC","RaDFHEdy_fwi_17090004","RaDFHEdy","RaDFHEdy_fwi",31,"fwi","RaDFHEdy","RaDFHEdy_fwi","Douglas-fir Hemlock-Dry Mesic",3
"1_41_39_60109",7,90,515,2329,1042,1709000407,"17090003B","OWC","RaDFHEwt_fwm_OWC","RaDFHEwt","RaDFHEwt_fwm",33,"fwm","RaDFHEwt","RaDFHEwt_fwm","Douglas-fir Hemlock-Wet Mesic",5
"1_41_39_72235",7,90,515,2329,798,1709000407,"17090003B","OWC","RaDFHEwt_fwm_OWC","RaDFHEwt","RaDFHEwt_fwm",33,"fwm","RaDFHEwt","RaDFHEwt_fwm","Douglas-fir Hemlock-Wet Mesic",5
"1_41_39_91306",7,90,515,2110,1977,1709000407,"17090003B","OWC","RaDFHEdy_fwi_17090004","RaDFHEdy","RaDFHEdy_fwi",31,"fwi","RaDFHEdy","RaDFHEdy_fwi","Douglas-fir Hemlock-Dry Mesic",3
"1_41_39_79567",7,86,497,2139,2333,1709000109,"17080006A","OWC","RaDFHEdy_fwi_17090001","RaDFHEdy","RaDFHEdy_fwi",31,"fwi","RaDFHEdy","RaDFHEdy_fwi","Douglas-fir Hemlock-Dry Mesic",3
"1_41_39_90568",7,86,497,2139,2169,1709000109,"17080006A","OWC","RaDFHEdy_fwi_17090001","RaDFHEdy","RaDFHEdy_fwi",31,"fwi","RaDFHEdy","RaDFHEdy_fwi","Douglas-fir Hemlock-Dry Mesic",3
"1_41_39_60795",7,86,497,2139,1791,1709000109,"17080006A","OWC","RaDFHEdy_fwi_17090001","RaDFHEdy","RaDFHEdy_fwi",31,"fwi","RaDFHEdy","RaDFHEdy_fwi","Douglas-fir Hemlock-Dry Mesic",3
"1_41_39_69190",7,86,497,2139,1154,1709000109,"17080006A","OWC","RaDFHEdy_fwi_17090001","RaDFHEdy","RaDFHEdy_fwi",31,"fwi","RaDFHEdy","RaDFHEdy_fwi","Douglas-fir Hemlock-Dry Mesic",3
"1_41_39_91493",7,86,497,2139,3180,1709000109,"17080006A","OWC","RaDFHEdy_fwi_17090001","RaDFHEdy","RaDFHEdy_fwi",31,"fwi","RaDFHEdy","RaDFHEdy_fwi","Douglas-fir Hemlock-Dry Mesic",3
"1_41_39_88030",7,86,497,2139,841,1709000109,"17080006A","OWC","RaDFHEdy_fwi_17090001","RaDFHEdy","RaDFHEdy_fwi",31,"fwi","RaDFHEdy","RaDFHEdy_fwi","Douglas-fir Hemlock-Dry Mesic",3
"1_41_39_94661",7,86,494,2139,1074,1709000106,"17080006A","OWC","RaDFHEdy_fwi_17090001","RaDFHEdy","RaDFHEdy_fwi",31,"fwi","RaDFHEdy","RaDFHEdy_fwi","Douglas-fir Hemlock-Dry Mesic",3
"1_41_39_91244",7,86,494,2139,2674,1709000106,"17080006A","OWC","RaDFHEdy_fwi_17090001","RaDFHEdy","RaDFHEdy_fwi",31,"fwi","RaDFHEdy","RaDFHEdy_fwi","Douglas-fir Hemlock-Dry Mesic",3
"1_41_39_69785",7,86,494,2139,1666,1709000106,"17080006A","OWC","RaDFHEdy_fwi_17090001","RaDFHEdy","RaDFHEdy_fwi",31,"fwi","RaDFHEdy","RaDFHEdy_fwi","Douglas-fir Hemlock-Dry Mesic",3
"1_41_39_59207",7,86,494,2139,1408,1709000106,"17080006A","OWC","RaDFHEdy_fwi_17090001","RaDFHEdy","RaDFHEdy_fwi",31,"fwi","RaDFHEdy","RaDFHEdy_fwi","Douglas-fir Hemlock-Dry Mesic",3
"1_41_39_55907",7,86,494,2139,1753,1709000106,"17080006A","OWC","RaDFHEdy_fwi_17090001","RaDFHEdy","RaDFHEdy_fwi",31,"fwi","RaDFHEdy","RaDFHEdy_fwi","Douglas-fir Hemlock-Dry Mesic",3
"1_41_39_74344",7,86,492,2139,1791,1709000104,"17080006A","OWC","RaDFHEdy_fwi_17090001","RaDFHEdy","RaDFHEdy_fwi",31,"fwi","RaDFHEdy","RaDFHEdy_fwi","Douglas-fir Hemlock-Dry Mesic",3
"1_41_39_96881",7,86,492,1036,1231,1709000104,"17080006A","OWC","RaDFWV_fwx_1709000104","RaDFWV","RaDFWV_fwx",37,"fwx","RaDFWV","RaDFWV_fwx","Douglas-fir Willamatte Valley Foothills",1
"1_41_39_64742",7,86,491,1063,678,1709000103,"17080006A","OWC","RaDFWV_fwx_1709000103","RaDFWV","RaDFWV_fwx",37,"fwx","RaDFWV","RaDFWV_fwx","Douglas-fir Willamatte Valley Foothills",1
"1_41_39_93292",7,86,493,2139,1152,1709000105,"17080006A","OWC","RaDFHEdy_fwi_17090001","RaDFHEdy","RaDFHEdy_fwi",31,"fwi","RaDFHEdy","RaDFHEdy_fwi","Douglas-fir Hemlock-Dry Mesic",3
"1_41_39_78970",7,86,493,2139,864,1709000105,"17080006A","OWC","RaDFHEdy_fwi_17090001","RaDFHEdy","RaDFHEdy_fwi",31,"fwi","RaDFHEdy","RaDFHEdy_fwi","Douglas-fir Hemlock-Dry Mesic",3
"1_41_39_66371",7,86,493,2139,2282,1709000105,"17080006A","OWC","RaDFHEdy_fwi_17090001","RaDFHEdy","RaDFHEdy_fwi",31,"fwi","RaDFHEdy","RaDFHEdy_fwi","Douglas-fir Hemlock-Dry Mesic",3
"5_53_57_60817",13,144,795,1813,1376,1711001901,"17110018","WWC","RaDFHEdy_fwi_17110019","RaDFHEdy","RaDFHEdy_fwi",31,"fwi","RaDFHEdy","RaDFHEdy_fwi","Douglas-fir Hemlock-Dry Mesic",3
"1_41_39_95163",7,86,493,2139,1887,1709000105,"17080006A","OWC","RaDFHEdy_fwi_17090001","RaDFHEdy","RaDFHEdy_fwi",31,"fwi","RaDFHEdy","RaDFHEdy_fwi","Douglas-fir Hemlock-Dry Mesic",3
"1_41_39_57098",7,86,493,2139,889,1709000105,"17080006A","OWC","RaDFHEdy_fwi_17090001","RaDFHEdy","RaDFHEdy_fwi",31,"fwi","RaDFHEdy","RaDFHEdy_fwi","Douglas-fir Hemlock-Dry Mesic",3
"1_41_39_98643",7,86,493,2140,1281,1709000105,"17080006A","OWC","RaABAMlw_fsi_17090001","RaABAMlw","RaABAMlw_fsi",14,"fsi","RaABAMlw","RaABAMlw_fsi","Pacific Silver Fir - Low Elevation",3
"1_41_39_68799",7,86,493,2140,932,1709000105,"17080006A","OWC","RaABAMlw_fsi_17090001","RaABAMlw","RaABAMlw_fsi",14,"fsi","RaABAMlw","RaABAMlw_fsi","Pacific Silver Fir - Low Elevation",3
"1_41_39_93535",7,86,493,2139,1173,1709000105,"17080006A","OWC","RaDFHEdy_fwi_17090001","RaDFHEdy","RaDFHEdy_fwi",31,"fwi","RaDFHEdy","RaDFHEdy_fwi","Douglas-fir Hemlock-Dry Mesic",3
"1_41_39_62174",7,86,493,2139,1256,1709000105,"17080006A","OWC","RaDFHEdy_fwi_17090001","RaDFHEdy","RaDFHEdy_fwi",31,"fwi","RaDFHEdy","RaDFHEdy_fwi","Douglas-fir Hemlock-Dry Mesic",3
"1_41_39_99662",7,86,489,2139,829,1709000101,"17080006A","OWC","RaDFHEdy_fwi_17090001","RaDFHEdy","RaDFHEdy_fwi",31,"fwi","RaDFHEdy","RaDFHEdy_fwi","Douglas-fir Hemlock-Dry Mesic",3
"1_41_39_67296",7,86,493,2139,1508,1709000105,"17080006A","OWC","RaDFHEdy_fwi_17090001","RaDFHEdy","RaDFHEdy_fwi",31,"fwi","RaDFHEdy","RaDFHEdy_fwi","Douglas-fir Hemlock-Dry Mesic",3
"1_41_39_92847",7,86,493,2139,1293,1709000105,"17080006A","OWC","RaDFHEdy_fwi_17090001","RaDFHEdy","RaDFHEdy_fwi",31,"fwi","RaDFHEdy","RaDFHEdy_fwi","Douglas-fir Hemlock-Dry Mesic",3
"2_41_19_78125",7,86,489,2140,766,1709000101,"17080006A","OWC","RaABAMlw_fsi_17090001","RaABAMlw","RaABAMlw_fsi",14,"fsi","RaABAMlw","RaABAMlw_fsi","Pacific Silver Fir - Low Elevation",3
"2_41_19_67701",7,86,493,2141,1334,1709000105,"17080006A","OWC","RaABAMlw_fsw_17090001","RaABAMlw","RaABAMlw_fsw",16,"fsw","RaABAMlw","RaABAMlw_fsw","Pacific Silver Fir - Low Elevation",3
"2_41_19_88382",7,86,493,2140,1572,1709000105,"17080006A","OWC","RaABAMlw_fsi_17090001","RaABAMlw","RaABAMlw_fsi",14,"fsi","RaABAMlw","RaABAMlw_fsi","Pacific Silver Fir - Low Elevation",3
"2_41_19_63412",7,86,489,2331,1745,1709000101,"17080006A","OWC","Na0710412_fmc_OWC","Na0710412","Na0710412_fmc",7,"fmc","Na0710412","Na0710412_fmc","North Pacific Mountain Hemlock Forest - Xeric",5
"2_41_19_68734",6,113,638,1131,1801,1710030105,"17100207","OSW","RaMCONsw_fiw_1710030105","RaMCONsw","RaMCONsw_fiw",20,"fiw","RaMCONsw","RaMCONsw_fiw","Mixed Conifer - Southwest Oregon",1
"2_41_19_78513",6,113,638,1131,1842,1710030105,"17100207","OSW","RaMCONsw_fiw_1710030105","RaMCONsw","RaMCONsw_fiw",20,"fiw","RaMCONsw","RaMCONsw_fiw","Mixed Conifer - Southwest Oregon",1
"2_41_19_56101",6,113,638,1131,1857,1710030105,"17100207","OSW","RaMCONsw_fiw_1710030105","RaMCONsw","RaMCONsw_fiw",20,"fiw","RaMCONsw","RaMCONsw_fiw","Mixed Conifer - Southwest Oregon",1
"2_41_19_83451",6,113,638,2186,805,1710030105,"17100207","OSW","R1RFWF_fcw_17100301","R1RFWF","R1RFWF_fcw",18,"fcw","R1RFWF","R1RFWF_fcw","Red Fir / White Fir",3
"2_41_19_99401",6,113,636,2180,664,1710030103,"17100207","OSW","RaDFHEdy_fwi_17100301","RaDFHEdy","RaDFHEdy_fwi",31,"fwi","RaDFHEdy","RaDFHEdy_fwi","Douglas-fir Hemlock-Dry Mesic",3
"2_41_19_60169",6,113,636,1163,666,1710030103,"17100207","OSW","RaMCONsw_fiw_1710030103","RaMCONsw","RaMCONsw_fiw",20,"fiw","RaMCONsw","RaMCONsw_fiw","Mixed Conifer - Southwest Oregon",1
"2_41_19_67714",6,113,637,2186,1056,1710030104,"17100207","OSW","R1RFWF_fcw_17100301","R1RFWF","R1RFWF_fcw",18,"fcw","R1RFWF","R1RFWF_fcw","Red Fir / White Fir",3
"2_41_19_76816",6,113,637,2186,1499,1710030104,"17100207","OSW","R1RFWF_fcw_17100301","R1RFWF","R1RFWF_fcw",18,"fcw","R1RFWF","R1RFWF_fcw","Red Fir / White Fir",3
"2_41_19_65018",6,113,637,2186,1952,1710030104,"17100207","OSW","R1RFWF_fcw_17100301","R1RFWF","R1RFWF_fcw",18,"fcw","R1RFWF","R1RFWF_fcw","Red Fir / White Fir",3
"2_41_19_60370",6,113,637,1167,2588,1710030104,"17100207","OSW","RaMCONsw_fiw_1710030104","RaMCONsw","RaMCONsw_fiw",20,"fiw","RaMCONsw","RaMCONsw_fiw","Mixed Conifer - Southwest Oregon",1
"2_41_19_84543",6,113,637,2345,2213,1710030104,"17100207","OSW","Na0710412_fmi_OSW","Na0710412","Na0710412_fmi",6,"fmi","Na0710412","Na0710412_fmi","North Pacific Mountain Hemlock Forest - Xeric",5
"5_53_57_97494",13,144,795,1813,621,1711001901,"17110018","WWC","RaDFHEdy_fwi_17110019","RaDFHEdy","RaDFHEdy_fwi",31,"fwi","RaDFHEdy","RaDFHEdy_fwi","Douglas-fir Hemlock-Dry Mesic",3
"2_41_19_74050",6,120,679,1231,1806,1710030701,"17100306","OSW","RaMCONsw_fiw_1710030701","RaMCONsw","RaMCONsw_fiw",20,"fiw","RaMCONsw","RaMCONsw_fiw","Mixed Conifer - Southwest Oregon",1
"2_41_19_53869",6,120,679,2222,2352,1710030701,"17100306","OSW","RaDFHEdy_fwx_17100307","RaDFHEdy","RaDFHEdy_fwx",38,"fwx","RaDFHEdy","RaDFHEdy_fwx","Douglas-fir Hemlock-Dry Mesic",3
"2_41_29_92028",6,120,679,2222,792,1710030701,"17100306","OSW","RaDFHEdy_fwx_17100307","RaDFHEdy","RaDFHEdy_fwx",38,"fwx","RaDFHEdy","RaDFHEdy_fwx","Douglas-fir Hemlock-Dry Mesic",3
"2_41_29_81566",6,120,679,2222,2747,1710030701,"17100306","OSW","RaDFHEdy_fwx_17100307","RaDFHEdy","RaDFHEdy_fwx",38,"fwx","RaDFHEdy","RaDFHEdy_fwx","Douglas-fir Hemlock-Dry Mesic",3
"2_41_29_81556",6,120,679,2222,1934,1710030701,"17100306","OSW","RaDFHEdy_fwx_17100307","RaDFHEdy","RaDFHEdy_fwx",38,"fwx","RaDFHEdy","RaDFHEdy_fwx","Douglas-fir Hemlock-Dry Mesic",3
"2_41_29_50355",6,120,679,2222,2265,1710030701,"17100306","OSW","RaDFHEdy_fwx_17100307","RaDFHEdy","RaDFHEdy_fwx",38,"fwx","RaDFHEdy","RaDFHEdy_fwx","Douglas-fir Hemlock-Dry Mesic",3
"2_41_29_77342",6,120,679,2222,1358,1710030701,"17100306","OSW","RaDFHEdy_fwx_17100307","RaDFHEdy","RaDFHEdy_fwx",38,"fwx","RaDFHEdy","RaDFHEdy_fwx","Douglas-fir Hemlock-Dry Mesic",3
"2_41_29_84341",6,120,679,2222,1330,1710030701,"17100306","OSW","RaDFHEdy_fwx_17100307","RaDFHEdy","RaDFHEdy_fwx",38,"fwx","RaDFHEdy","RaDFHEdy_fwx","Douglas-fir Hemlock-Dry Mesic",3
"2_41_29_52366",6,120,679,2219,1358,1710030701,"17100306","OSW","RaREFI_fcw_17100307","RaREFI","RaREFI_fcw",19,"fcw","RaREFI","RaREFI_fcw","Red Fir",3
"2_41_29_56864",6,120,679,2219,2047,1710030701,"17100306","OSW","RaREFI_fcw_17100307","RaREFI","RaREFI_fcw",19,"fcw","RaREFI","RaREFI_fcw","Red Fir",3
"2_41_29_53686",6,120,679,2222,919,1710030701,"17100306","OSW","RaDFHEdy_fwx_17100307","RaDFHEdy","RaDFHEdy_fwx",38,"fwx","RaDFHEdy","RaDFHEdy_fwx","Douglas-fir Hemlock-Dry Mesic",3
"2_41_29_71936",6,120,679,1231,1593,1710030701,"17100306","OSW","RaMCONsw_fiw_1710030701","RaMCONsw","RaMCONsw_fiw",20,"fiw","RaMCONsw","RaMCONsw_fiw","Mixed Conifer - Southwest Oregon",1
"2_41_29_64781",6,120,680,1350,1367,1710030702,"17100306","OSW","RaMCONsw_fiw_1710030702","RaMCONsw","RaMCONsw_fiw",20,"fiw","RaMCONsw","RaMCONsw_fiw","Mixed Conifer - Southwest Oregon",1
"2_41_29_80225",6,120,680,1350,1333,1710030702,"17100306","OSW","RaMCONsw_fiw_1710030702","RaMCONsw","RaMCONsw_fiw",20,"fiw","RaMCONsw","RaMCONsw_fiw","Mixed Conifer - Southwest Oregon",1
"2_41_29_51387",6,120,680,2222,957,1710030702,"17100306","OSW","RaDFHEdy_fwx_17100307","RaDFHEdy","RaDFHEdy_fwx",38,"fwx","RaDFHEdy","RaDFHEdy_fwx","Douglas-fir Hemlock-Dry Mesic",3
"2_41_29_96377",6,120,680,2222,2470,1710030702,"17100306","OSW","RaDFHEdy_fwx_17100307","RaDFHEdy","RaDFHEdy_fwx",38,"fwx","RaDFHEdy","RaDFHEdy_fwx","Douglas-fir Hemlock-Dry Mesic",3
"2_41_29_67550",6,120,680,2222,521,1710030702,"17100306","OSW","RaDFHEdy_fwx_17100307","RaDFHEdy","RaDFHEdy_fwx",38,"fwx","RaDFHEdy","RaDFHEdy_fwx","Douglas-fir Hemlock-Dry Mesic",3
"2_41_29_84602",6,120,680,2222,1187,1710030702,"17100306","OSW","RaDFHEdy_fwx_17100307","RaDFHEdy","RaDFHEdy_fwx",38,"fwx","RaDFHEdy","RaDFHEdy_fwx","Douglas-fir Hemlock-Dry Mesic",3
"2_41_29_79899",6,120,680,1350,1729,1710030702,"17100306","OSW","RaMCONsw_fiw_1710030702","RaMCONsw","RaMCONsw_fiw",20,"fiw","RaMCONsw","RaMCONsw_fiw","Mixed Conifer - Southwest Oregon",1
"2_41_29_72285",6,120,680,1350,1032,1710030702,"17100306","OSW","RaMCONsw_fiw_1710030702","RaMCONsw","RaMCONsw_fiw",20,"fiw","RaMCONsw","RaMCONsw_fiw","Mixed Conifer - Southwest Oregon",1
"2_41_29_68082",6,120,680,2219,1625,1710030702,"17100306","OSW","RaREFI_fcw_17100307","RaREFI","RaREFI_fcw",19,"fcw","RaREFI","RaREFI_fcw","Red Fir",3
"2_41_29_62610",6,120,682,1453,2869,1710030704,"17100306","OSW","RaMCONsw_fiw_1710030704","RaMCONsw","RaMCONsw_fiw",20,"fiw","RaMCONsw","RaMCONsw_fiw","Mixed Conifer - Southwest Oregon",1
"2_41_29_93911",6,120,682,1453,2974,1710030704,"17100306","OSW","RaMCONsw_fiw_1710030704","RaMCONsw","RaMCONsw_fiw",20,"fiw","RaMCONsw","RaMCONsw_fiw","Mixed Conifer - Southwest Oregon",1
"2_41_29_77403",6,120,682,1453,3484,1710030704,"17100306","OSW","RaMCONsw_fiw_1710030704","RaMCONsw","RaMCONsw_fiw",20,"fiw","RaMCONsw","RaMCONsw_fiw","Mixed Conifer - Southwest Oregon",1
"2_41_29_89265",6,120,682,1453,3486,1710030704,"17100306","OSW","RaMCONsw_fiw_1710030704","RaMCONsw","RaMCONsw_fiw",20,"fiw","RaMCONsw","RaMCONsw_fiw","Mixed Conifer - Southwest Oregon",1
"5_53_29_51535",13,144,795,1812,1633,1711001901,"17110018","WWC","RaDFHEdy_fdg_17110019","RaDFHEdy","RaDFHEdy_fdg",24,"fdg","RaDFHEdy","RaDFHEdy_fdg","Douglas-fir Hemlock-Dry Mesic",3
"2_41_29_89354",6,120,682,1453,2997,1710030704,"17100306","OSW","RaMCONsw_fiw_1710030704","RaMCONsw","RaMCONsw_fiw",20,"fiw","RaMCONsw","RaMCONsw_fiw","Mixed Conifer - Southwest Oregon",1
"2_41_29_98732",6,120,682,1453,3254,1710030704,"17100306","OSW","RaMCONsw_fiw_1710030704","RaMCONsw","RaMCONsw_fiw",20,"fiw","RaMCONsw","RaMCONsw_fiw","Mixed Conifer - Southwest Oregon",1
"2_41_29_59023",6,120,682,1453,1564,1710030704,"17100306","OSW","RaMCONsw_fiw_1710030704","RaMCONsw","RaMCONsw_fiw",20,"fiw","RaMCONsw","RaMCONsw_fiw","Mixed Conifer - Southwest Oregon",1
"2_41_29_97810",6,120,682,1453,1902,1710030704,"17100306","OSW","RaMCONsw_fiw_1710030704","RaMCONsw","RaMCONsw_fiw",20,"fiw","RaMCONsw","RaMCONsw_fiw","Mixed Conifer - Southwest Oregon",1
"2_41_29_61615",6,120,682,1453,1271,1710030704,"17100306","OSW","RaMCONsw_fiw_1710030704","RaMCONsw","RaMCONsw_fiw",20,"fiw","RaMCONsw","RaMCONsw_fiw","Mixed Conifer - Southwest Oregon",1
"2_41_29_85868",6,120,686,1522,1507,1710030708,"17100306","OSW","RaMCONsw_fiw_1710030708","RaMCONsw","RaMCONsw_fiw",20,"fiw","RaMCONsw","RaMCONsw_fiw","Mixed Conifer - Southwest Oregon",1
"2_41_29_58110",6,120,686,1522,1998,1710030708,"17100306","OSW","RaMCONsw_fiw_1710030708","RaMCONsw","RaMCONsw_fiw",20,"fiw","RaMCONsw","RaMCONsw_fiw","Mixed Conifer - Southwest Oregon",1
"2_41_29_60099",6,120,686,1522,3041,1710030708,"17100306","OSW","RaMCONsw_fiw_1710030708","RaMCONsw","RaMCONsw_fiw",20,"fiw","RaMCONsw","RaMCONsw_fiw","Mixed Conifer - Southwest Oregon",1
"2_41_29_59774",6,120,686,1522,2158,1710030708,"17100306","OSW","RaMCONsw_fiw_1710030708","RaMCONsw","RaMCONsw_fiw",20,"fiw","RaMCONsw","RaMCONsw_fiw","Mixed Conifer - Southwest Oregon",1
"2_41_29_64332",6,120,686,1522,1013,1710030708,"17100306","OSW","RaMCONsw_fiw_1710030708","RaMCONsw","RaMCONsw_fiw",20,"fiw","RaMCONsw","RaMCONsw_fiw","Mixed Conifer - Southwest Oregon",1
"2_41_29_77228",6,161,920,1649,3032,1801020604,"18010204","OSW","RaMCONsw_fiw_1801020604","RaMCONsw","RaMCONsw_fiw",20,"fiw","RaMCONsw","RaMCONsw_fiw","Mixed Conifer - Southwest Oregon",1
"2_41_29_61495",6,161,920,1649,2329,1801020604,"18010204","OSW","RaMCONsw_fiw_1801020604","RaMCONsw","RaMCONsw_fiw",20,"fiw","RaMCONsw","RaMCONsw_fiw","Mixed Conifer - Southwest Oregon",1
"2_41_29_63798",6,161,920,1696,1201,1801020604,"18010204","OSW","RaPIPOm_fpd_1801020604","RaPIPOm","RaPIPOm_fpd",51,"fpd","RaPIPOm","RaPIPOm_fpd","Dry Ponderosa Pine - Mesic",1
"5_53_29_69061",13,144,795,1812,2092,1711001901,"17110018","WWC","RaDFHEdy_fdg_17110019","RaDFHEdy","RaDFHEdy_fdg",24,"fdg","RaDFHEdy","RaDFHEdy_fdg","Douglas-fir Hemlock-Dry Mesic",3
"5_53_35_74856",9,143,788,2307,1148,1711001801,"17110017","WCR","RaDFHEwt_fwm_WCR","RaDFHEwt","RaDFHEwt_fwm",33,"fwm","RaDFHEwt","RaDFHEwt_fwm","Douglas-fir Hemlock-Wet Mesic",5
"5_53_35_96689",9,143,788,1869,1444,1711001801,"17110017","WCR","RaDFHEdy_fwi_17110018","RaDFHEdy","RaDFHEdy_fwi",31,"fwi","RaDFHEdy","RaDFHEdy_fwi","Douglas-fir Hemlock-Dry Mesic",3
"5_53_35_82806",13,144,801,1813,1030,1711001907,"17110018","WWC","RaDFHEdy_fwi_17110019","RaDFHEdy","RaDFHEdy_fwi",31,"fwi","RaDFHEdy","RaDFHEdy_fwi","Douglas-fir Hemlock-Dry Mesic",3
"5_53_35_94435",13,144,801,1813,1217,1711001907,"17110018","WWC","RaDFHEdy_fwi_17110019","RaDFHEdy","RaDFHEdy_fwi",31,"fwi","RaDFHEdy","RaDFHEdy_fwi","Douglas-fir Hemlock-Dry Mesic",3
"5_53_35_50121",13,144,801,2292,1349,1711001907,"17110018","WWC","RaDFHEwt_fwm_WWC","RaDFHEwt","RaDFHEwt_fwm",33,"fwm","RaDFHEwt","RaDFHEwt_fwm","Douglas-fir Hemlock-Wet Mesic",5
"5_53_53_53056",13,144,801,1813,1243,1711001907,"17110018","WWC","RaDFHEdy_fwi_17110019","RaDFHEdy","RaDFHEdy_fwi",31,"fwi","RaDFHEdy","RaDFHEdy_fwi","Douglas-fir Hemlock-Dry Mesic",3
"5_53_73_82503",11,129,735,1767,309,1711000405,"17110003","WNC","RaDFHEdy_fwi_17110004","RaDFHEdy","RaDFHEdy_fwi",31,"fwi","RaDFHEdy","RaDFHEdy_fwi","Douglas-fir Hemlock-Dry Mesic",3
"7_53_41_82866",9,102,578,1932,1450,1710010303,"17100102","WCR","RaDFHEdy_fwi_17100103","RaDFHEdy","RaDFHEdy_fwi",31,"fwi","RaDFHEdy","RaDFHEdy_fwi","Douglas-fir Hemlock-Dry Mesic",3
"7_53_41_87980",9,102,577,2307,1452,1710010302,"17100102","WCR","RaDFHEwt_fwm_WCR","RaDFHEwt","RaDFHEwt_fwm",33,"fwm","RaDFHEwt","RaDFHEwt_fwm","Douglas-fir Hemlock-Wet Mesic",5
"5_53_73_52601",11,129,735,1767,1312,1711000405,"17110003","WNC","RaDFHEdy_fwi_17110004","RaDFHEdy","RaDFHEdy_fwi",31,"fwi","RaDFHEdy","RaDFHEdy_fwi","Douglas-fir Hemlock-Dry Mesic",3
"7_53_41_64687",13,83,478,2299,1125,1708000503,"17080004","WWC","RaDFHEwt_fwn_WWC","RaDFHEwt","RaDFHEwt_fwn",32,"fwn","RaDFHEwt","RaDFHEwt_fwn","Douglas-fir Hemlock-Wet Mesic",5
"7_53_41_52429",13,83,479,2292,848,1708000504,"17080004","WWC","RaDFHEwt_fwm_WWC","RaDFHEwt","RaDFHEwt_fwm",33,"fwm","RaDFHEwt","RaDFHEwt_fwm","Douglas-fir Hemlock-Wet Mesic",5
"5_53_73_91974",11,127,725,1761,1093,1711000201,"17110001","WNC","RaDFHEdy_fwi_17110002","RaDFHEdy","RaDFHEdy_fwi",31,"fwi","RaDFHEdy","RaDFHEdy_fwi","Douglas-fir Hemlock-Dry Mesic",3
"7_53_15_73292",13,83,480,1952,887,1708000505,"17080004","WWC","RaDFHEdy_fwi_17080005","RaDFHEdy","RaDFHEdy_fwi",31,"fwi","RaDFHEdy","RaDFHEdy_fwi","Douglas-fir Hemlock-Dry Mesic",3
"7_53_15_59379",13,83,481,2292,1185,1708000506,"17080004","WWC","RaDFHEwt_fwm_WWC","RaDFHEwt","RaDFHEwt_fwm",33,"fwm","RaDFHEwt","RaDFHEwt_fwm","Douglas-fir Hemlock-Wet Mesic",5
"7_53_15_52099",13,83,481,2292,885,1708000506,"17080004","WWC","RaDFHEwt_fwm_WWC","RaDFHEwt","RaDFHEwt_fwm",33,"fwm","RaDFHEwt","RaDFHEwt_fwm","Douglas-fir Hemlock-Wet Mesic",5
"7_53_15_84280",13,83,481,1949,936,1708000506,"17080004","WWC","RaABAMlw_fsi_17080005","RaABAMlw","RaABAMlw_fsi",14,"fsi","RaABAMlw","RaABAMlw_fsi","Pacific Silver Fir - Low Elevation",3
"7_53_15_99551",13,83,483,1949,1385,1708000508,"17080004","WWC","RaABAMlw_fsi_17080005","RaABAMlw","RaABAMlw_fsi",14,"fsi","RaABAMlw","RaABAMlw_fsi","Pacific Silver Fir - Low Elevation",3
"7_53_15_62232",13,79,465,2292,799,1708000301,"17080002","WWC","RaDFHEwt_fwm_WWC","RaDFHEwt","RaDFHEwt_fwm",33,"fwm","RaDFHEwt","RaDFHEwt_fwm","Douglas-fir Hemlock-Wet Mesic",5
"7_53_15_56736",13,78,464,2292,1212,1708000206,"17080001A","WWC","RaDFHEwt_fwm_WWC","RaDFHEwt","RaDFHEwt_fwm",33,"fwm","RaDFHEwt","RaDFHEwt_fwm","Douglas-fir Hemlock-Wet Mesic",5
"7_53_11_96513",13,78,464,2292,800,1708000206,"17080001A","WWC","RaDFHEwt_fwm_WWC","RaDFHEwt","RaDFHEwt_fwm",33,"fwm","RaDFHEwt","RaDFHEwt_fwm","Douglas-fir Hemlock-Wet Mesic",5
"7_53_11_87283",13,78,463,2292,885,1708000205,"17080001A","WWC","RaDFHEwt_fwm_WWC","RaDFHEwt","RaDFHEwt_fwm",33,"fwm","RaDFHEwt","RaDFHEwt_fwm","Douglas-fir Hemlock-Wet Mesic",5
"0_41_51_64368",3,98,559,422,107,1709001202,"17090011","OCR","RaDFWV_fwx_1709001202","RaDFWV","RaDFWV_fwx",37,"fwx","RaDFWV","RaDFWV_fwx","Douglas-fir Willamatte Valley Foothills",1
"5_53_73_52600",11,129,736,2282,604,1711000406,"17110003","WNC","RaDFHEwt_fwm_WNC","RaDFHEwt","RaDFHEwt_fwm",33,"fwm","RaDFHEwt","RaDFHEwt_fwm","Douglas-fir Hemlock-Wet Mesic",5
"0_41_5_64050",7,95,546,2329,741,1709000906,"17090008","OWC","RaDFHEwt_fwm_OWC","RaDFHEwt","RaDFHEwt_fwm",33,"fwm","RaDFHEwt","RaDFHEwt_fwm","Douglas-fir Hemlock-Wet Mesic",5
"0_41_5_72933",7,95,544,568,776,1709000904,"17090008","OWC","RaDFWV_fwx_1709000904","RaDFWV","RaDFWV_fwx",37,"fwx","RaDFWV","RaDFWV_fwx","Douglas-fir Willamatte Valley Foothills",1
"0_41_47_71948",7,91,520,2076,3393,1709000505,"17090004","OWC","RaDFHEdy_fwi_17090005","RaDFHEdy","RaDFHEdy_fwi",31,"fwi","RaDFHEdy","RaDFHEdy_fwi","Douglas-fir Hemlock-Dry Mesic",3
"0_41_47_51040",7,91,520,2076,891,1709000505,"17090004","OWC","RaDFHEdy_fwi_17090005","RaDFHEdy","RaDFHEdy_fwi",31,"fwi","RaDFHEdy","RaDFHEdy_fwi","Douglas-fir Hemlock-Dry Mesic",3
"0_41_47_76318",7,91,519,2076,1451,1709000504,"17090004","OWC","RaDFHEdy_fwi_17090005","RaDFHEdy","RaDFHEdy_fwi",31,"fwi","RaDFHEdy","RaDFHEdy_fwi","Douglas-fir Hemlock-Dry Mesic",3
"1_41_43_88878",7,91,519,2076,1786,1709000504,"17090004","OWC","RaDFHEdy_fwi_17090005","RaDFHEdy","RaDFHEdy_fwi",31,"fwi","RaDFHEdy","RaDFHEdy_fwi","Douglas-fir Hemlock-Dry Mesic",3
"1_41_43_79818",7,92,528,2082,1822,1709000607,"17090005","OWC","RaDFHEdy_fwi_17090006","RaDFHEdy","RaDFHEdy_fwi",31,"fwi","RaDFHEdy","RaDFHEdy_fwi","Douglas-fir Hemlock-Dry Mesic",3
"1_41_43_54581",7,92,528,2094,789,1709000607,"17090005","OWC","RaABAMlw_fsi_17090006","RaABAMlw","RaABAMlw_fsi",14,"fsi","RaABAMlw","RaABAMlw_fsi","Pacific Silver Fir - Low Elevation",3
"1_41_43_60663",7,92,524,2082,1408,1709000603,"17090005","OWC","RaDFHEdy_fwi_17090006","RaDFHEdy","RaDFHEdy_fwi",31,"fwi","RaDFHEdy","RaDFHEdy_fwi","Douglas-fir Hemlock-Dry Mesic",3
"1_41_43_58861",7,92,524,2329,1032,1709000603,"17090005","OWC","RaDFHEwt_fwm_OWC","RaDFHEwt","RaDFHEwt_fwm",33,"fwm","RaDFHEwt","RaDFHEwt_fwm","Douglas-fir Hemlock-Wet Mesic",5
"1_41_43_71971",7,92,524,2082,2372,1709000603,"17090005","OWC","RaDFHEdy_fwi_17090006","RaDFHEdy","RaDFHEdy_fwi",31,"fwi","RaDFHEdy","RaDFHEdy_fwi","Douglas-fir Hemlock-Dry Mesic",3
"1_41_43_87203",7,92,524,2082,1462,1709000603,"17090005","OWC","RaDFHEdy_fwi_17090006","RaDFHEdy","RaDFHEdy_fwi",31,"fwi","RaDFHEdy","RaDFHEdy_fwi","Douglas-fir Hemlock-Dry Mesic",3
"1_41_43_76022",7,92,524,2329,1803,1709000603,"17090005","OWC","RaDFHEwt_fwm_OWC","RaDFHEwt","RaDFHEwt_fwm",33,"fwm","RaDFHEwt","RaDFHEwt_fwm","Douglas-fir Hemlock-Wet Mesic",5
"1_41_43_63878",7,92,523,2329,1437,1709000602,"17090005","OWC","RaDFHEwt_fwm_OWC","RaDFHEwt","RaDFHEwt_fwm",33,"fwm","RaDFHEwt","RaDFHEwt_fwm","Douglas-fir Hemlock-Wet Mesic",5
"1_41_43_85769",7,92,523,823,1181,1709000602,"17090005","OWC","RaDFWV_fwx_1709000602","RaDFWV","RaDFWV_fwx",37,"fwx","RaDFWV","RaDFWV_fwx","Douglas-fir Willamatte Valley Foothills",1
"1_41_43_86053",7,92,523,2082,2084,1709000602,"17090005","OWC","RaDFHEdy_fwi_17090006","RaDFHEdy","RaDFHEdy_fwi",31,"fwi","RaDFHEdy","RaDFHEdy_fwi","Douglas-fir Hemlock-Dry Mesic",3
"1_41_43_98622",7,92,523,2082,1153,1709000602,"17090005","OWC","RaDFHEdy_fwi_17090006","RaDFHEdy","RaDFHEdy_fwi",31,"fwi","RaDFHEdy","RaDFHEdy_fwi","Douglas-fir Hemlock-Dry Mesic",3
"1_41_43_89377",7,89,505,2104,1820,1709000303,"17090003A","OWC","RaDFHEdy_fwi_17090003B","RaDFHEdy","RaDFHEdy_fwi",31,"fwi","RaDFHEdy","RaDFHEdy_fwi","Douglas-fir Hemlock-Dry Mesic",3
"1_41_43_67125",7,89,505,2104,1540,1709000303,"17090003A","OWC","RaDFHEdy_fwi_17090003B","RaDFHEdy","RaDFHEdy_fwi",31,"fwi","RaDFHEdy","RaDFHEdy_fwi","Douglas-fir Hemlock-Dry Mesic",3
"1_41_43_97728",7,89,505,2104,2359,1709000303,"17090003A","OWC","RaDFHEdy_fwi_17090003B","RaDFHEdy","RaDFHEdy_fwi",31,"fwi","RaDFHEdy","RaDFHEdy_fwi","Douglas-fir Hemlock-Dry Mesic",3
"1_41_39_76524",7,90,513,2110,1964,1709000405,"17090003B","OWC","RaDFHEdy_fwi_17090004","RaDFHEdy","RaDFHEdy_fwi",31,"fwi","RaDFHEdy","RaDFHEdy_fwi","Douglas-fir Hemlock-Dry Mesic",3
"1_41_39_83252",7,90,513,2110,1546,1709000405,"17090003B","OWC","RaDFHEdy_fwi_17090004","RaDFHEdy","RaDFHEdy_fwi",31,"fwi","RaDFHEdy","RaDFHEdy_fwi","Douglas-fir Hemlock-Dry Mesic",3
"1_41_39_91752",7,90,515,2110,669,1709000407,"17090003B","OWC","RaDFHEdy_fwi_17090004","RaDFHEdy","RaDFHEdy_fwi",31,"fwi","RaDFHEdy","RaDFHEdy_fwi","Douglas-fir Hemlock-Dry Mesic",3
"1_41_39_98947",7,86,497,2139,2257,1709000109,"17080006A","OWC","RaDFHEdy_fwi_17090001","RaDFHEdy","RaDFHEdy_fwi",31,"fwi","RaDFHEdy","RaDFHEdy_fwi","Douglas-fir Hemlock-Dry Mesic",3
"1_41_39_63206",7,86,497,2139,2664,1709000109,"17080006A","OWC","RaDFHEdy_fwi_17090001","RaDFHEdy","RaDFHEdy_fwi",31,"fwi","RaDFHEdy","RaDFHEdy_fwi","Douglas-fir Hemlock-Dry Mesic",3
"1_41_39_82940",7,86,497,2139,2543,1709000109,"17080006A","OWC","RaDFHEdy_fwi_17090001","RaDFHEdy","RaDFHEdy_fwi",31,"fwi","RaDFHEdy","RaDFHEdy_fwi","Douglas-fir Hemlock-Dry Mesic",3
"1_41_39_65607",7,86,497,2140,1918,1709000109,"17080006A","OWC","RaABAMlw_fsi_17090001","RaABAMlw","RaABAMlw_fsi",14,"fsi","RaABAMlw","RaABAMlw_fsi","Pacific Silver Fir - Low Elevation",3
"1_41_39_83269",7,86,494,2139,1838,1709000106,"17080006A","OWC","RaDFHEdy_fwi_17090001","RaDFHEdy","RaDFHEdy_fwi",31,"fwi","RaDFHEdy","RaDFHEdy_fwi","Douglas-fir Hemlock-Dry Mesic",3
"1_41_39_84410",7,86,494,2139,3054,1709000106,"17080006A","OWC","RaDFHEdy_fwi_17090001","RaDFHEdy","RaDFHEdy_fwi",31,"fwi","RaDFHEdy","RaDFHEdy_fwi","Douglas-fir Hemlock-Dry Mesic",3
"1_41_39_72461",7,86,494,2139,2636,1709000106,"17080006A","OWC","RaDFHEdy_fwi_17090001","RaDFHEdy","RaDFHEdy_fwi",31,"fwi","RaDFHEdy","RaDFHEdy_fwi","Douglas-fir Hemlock-Dry Mesic",3
"1_41_39_72255",7,86,494,2139,1297,1709000106,"17080006A","OWC","RaDFHEdy_fwi_17090001","RaDFHEdy","RaDFHEdy_fwi",31,"fwi","RaDFHEdy","RaDFHEdy_fwi","Douglas-fir Hemlock-Dry Mesic",3
"1_41_39_84026",7,86,494,2139,1260,1709000106,"17080006A","OWC","RaDFHEdy_fwi_17090001","RaDFHEdy","RaDFHEdy_fwi",31,"fwi","RaDFHEdy","RaDFHEdy_fwi","Douglas-fir Hemlock-Dry Mesic",3
"1_41_39_85801",7,86,494,2139,1525,1709000106,"17080006A","OWC","RaDFHEdy_fwi_17090001","RaDFHEdy","RaDFHEdy_fwi",31,"fwi","RaDFHEdy","RaDFHEdy_fwi","Douglas-fir Hemlock-Dry Mesic",3
"1_41_39_76807",7,86,494,2139,1390,1709000106,"17080006A","OWC","RaDFHEdy_fwi_17090001","RaDFHEdy","RaDFHEdy_fwi",31,"fwi","RaDFHEdy","RaDFHEdy_fwi","Douglas-fir Hemlock-Dry Mesic",3
"1_41_39_63856",7,86,492,1036,1174,1709000104,"17080006A","OWC","RaDFWV_fwx_1709000104","RaDFWV","RaDFWV_fwx",37,"fwx","RaDFWV","RaDFWV_fwx","Douglas-fir Willamatte Valley Foothills",1
"1_41_39_85200",7,86,491,2139,805,1709000103,"17080006A","OWC","RaDFHEdy_fwi_17090001","RaDFHEdy","RaDFHEdy_fwi",31,"fwi","RaDFHEdy","RaDFHEdy_fwi","Douglas-fir Hemlock-Dry Mesic",3
"1_41_39_91962",7,86,490,2139,2079,1709000102,"17080006A","OWC","RaDFHEdy_fwi_17090001","RaDFHEdy","RaDFHEdy_fwi",31,"fwi","RaDFHEdy","RaDFHEdy_fwi","Douglas-fir Hemlock-Dry Mesic",3
"1_41_39_56285",7,86,493,2139,1222,1709000105,"17080006A","OWC","RaDFHEdy_fwi_17090001","RaDFHEdy","RaDFHEdy_fwi",31,"fwi","RaDFHEdy","RaDFHEdy_fwi","Douglas-fir Hemlock-Dry Mesic",3
"1_41_39_96094",7,86,493,2139,1979,1709000105,"17080006A","OWC","RaDFHEdy_fwi_17090001","RaDFHEdy","RaDFHEdy_fwi",31,"fwi","RaDFHEdy","RaDFHEdy_fwi","Douglas-fir Hemlock-Dry Mesic",3
"1_41_39_51925",7,86,493,2139,2101,1709000105,"17080006A","OWC","RaDFHEdy_fwi_17090001","RaDFHEdy","RaDFHEdy_fwi",31,"fwi","RaDFHEdy","RaDFHEdy_fwi","Douglas-fir Hemlock-Dry Mesic",3
"5_53_73_55713",11,127,725,1761,763,1711000201,"17110001","WNC","RaDFHEdy_fwi_17110002","RaDFHEdy","RaDFHEdy_fwi",31,"fwi","RaDFHEdy","RaDFHEdy_fwi","Douglas-fir Hemlock-Dry Mesic",3
"1_41_39_93978",7,86,493,2140,1030,1709000105,"17080006A","OWC","RaABAMlw_fsi_17090001","RaABAMlw","RaABAMlw_fsi",14,"fsi","RaABAMlw","RaABAMlw_fsi","Pacific Silver Fir - Low Elevation",3
"1_41_39_69540",7,86,489,2139,2016,1709000101,"17080006A","OWC","RaDFHEdy_fwi_17090001","RaDFHEdy","RaDFHEdy_fwi",31,"fwi","RaDFHEdy","RaDFHEdy_fwi","Douglas-fir Hemlock-Dry Mesic",3
"1_41_39_71907",7,86,489,2139,1202,1709000101,"17080006A","OWC","RaDFHEdy_fwi_17090001","RaDFHEdy","RaDFHEdy_fwi",31,"fwi","RaDFHEdy","RaDFHEdy_fwi","Douglas-fir Hemlock-Dry Mesic",3
"2_41_19_50176",7,86,489,2139,2299,1709000101,"17080006A","OWC","RaDFHEdy_fwi_17090001","RaDFHEdy","RaDFHEdy_fwi",31,"fwi","RaDFHEdy","RaDFHEdy_fwi","Douglas-fir Hemlock-Dry Mesic",3
"2_41_19_59295",7,86,489,2140,1133,1709000101,"17080006A","OWC","RaABAMlw_fsi_17090001","RaABAMlw","RaABAMlw_fsi",14,"fsi","RaABAMlw","RaABAMlw_fsi","Pacific Silver Fir - Low Elevation",3
"2_41_19_93011",7,86,489,2139,1570,1709000101,"17080006A","OWC","RaDFHEdy_fwi_17090001","RaDFHEdy","RaDFHEdy_fwi",31,"fwi","RaDFHEdy","RaDFHEdy_fwi","Douglas-fir Hemlock-Dry Mesic",3
"2_41_19_95337",7,86,489,2140,1660,1709000101,"17080006A","OWC","RaABAMlw_fsi_17090001","RaABAMlw","RaABAMlw_fsi",14,"fsi","RaABAMlw","RaABAMlw_fsi","Pacific Silver Fir - Low Elevation",3
"2_41_19_61292",7,86,489,2331,1280,1709000101,"17080006A","OWC","Na0710412_fmc_OWC","Na0710412","Na0710412_fmc",7,"fmc","Na0710412","Na0710412_fmc","North Pacific Mountain Hemlock Forest - Xeric",5
"2_41_19_56279",6,113,638,1131,1102,1710030105,"17100207","OSW","RaMCONsw_fiw_1710030105","RaMCONsw","RaMCONsw_fiw",20,"fiw","RaMCONsw","RaMCONsw_fiw","Mixed Conifer - Southwest Oregon",1
"2_41_19_55683",6,113,638,2186,914,1710030105,"17100207","OSW","R1RFWF_fcw_17100301","R1RFWF","R1RFWF_fcw",18,"fcw","R1RFWF","R1RFWF_fcw","Red Fir / White Fir",3
"2_41_19_71952",6,113,638,2186,1749,1710030105,"17100207","OSW","R1RFWF_fcw_17100301","R1RFWF","R1RFWF_fcw",18,"fcw","R1RFWF","R1RFWF_fcw","Red Fir / White Fir",3
"2_41_19_99239",6,113,636,1163,1075,1710030103,"17100207","OSW","RaMCONsw_fiw_1710030103","RaMCONsw","RaMCONsw_fiw",20,"fiw","RaMCONsw","RaMCONsw_fiw","Mixed Conifer - Southwest Oregon",1
"2_41_19_57996",6,113,636,2180,926,1710030103,"17100207","OSW","RaDFHEdy_fwi_17100301","RaDFHEdy","RaDFHEdy_fwi",31,"fwi","RaDFHEdy","RaDFHEdy_fwi","Douglas-fir Hemlock-Dry Mesic",3
"2_41_19_87582",6,113,636,2196,737,1710030103,"17100207","OSW","RaDFHEdy_fwx_17100301","RaDFHEdy","RaDFHEdy_fwx",38,"fwx","RaDFHEdy","RaDFHEdy_fwx","Douglas-fir Hemlock-Dry Mesic",3
"2_41_19_99733",6,113,637,1167,2208,1710030104,"17100207","OSW","RaMCONsw_fiw_1710030104","RaMCONsw","RaMCONsw_fiw",20,"fiw","RaMCONsw","RaMCONsw_fiw","Mixed Conifer - Southwest Oregon",1
"2_41_19_85805",6,113,637,1167,2258,1710030104,"17100207","OSW","RaMCONsw_fiw_1710030104","RaMCONsw","RaMCONsw_fiw",20,"fiw","RaMCONsw","RaMCONsw_fiw","Mixed Conifer - Southwest Oregon",1
"2_41_19_73966",6,113,637,1167,3009,1710030104,"17100207","OSW","RaMCONsw_fiw_1710030104","RaMCONsw","RaMCONsw_fiw",20,"fiw","RaMCONsw","RaMCONsw_fiw","Mixed Conifer - Southwest Oregon",1
"2_41_19_62201",6,113,637,2345,2431,1710030104,"17100207","OSW","Na0710412_fmi_OSW","Na0710412","Na0710412_fmi",6,"fmi","Na0710412","Na0710412_fmi","North Pacific Mountain Hemlock Forest - Xeric",5
"2_41_19_60618",6,120,679,1231,2106,1710030701,"17100306","OSW","RaMCONsw_fiw_1710030701","RaMCONsw","RaMCONsw_fiw",20,"fiw","RaMCONsw","RaMCONsw_fiw","Mixed Conifer - Southwest Oregon",1
"2_41_19_77187",6,120,679,1231,2238,1710030701,"17100306","OSW","RaMCONsw_fiw_1710030701","RaMCONsw","RaMCONsw_fiw",20,"fiw","RaMCONsw","RaMCONsw_fiw","Mixed Conifer - Southwest Oregon",1
"2_41_19_71099",6,120,679,2222,1641,1710030701,"17100306","OSW","RaDFHEdy_fwx_17100307","RaDFHEdy","RaDFHEdy_fwx",38,"fwx","RaDFHEdy","RaDFHEdy_fwx","Douglas-fir Hemlock-Dry Mesic",3
"2_41_29_68502",6,120,679,1231,1203,1710030701,"17100306","OSW","RaMCONsw_fiw_1710030701","RaMCONsw","RaMCONsw_fiw",20,"fiw","RaMCONsw","RaMCONsw_fiw","Mixed Conifer - Southwest Oregon",1
"2_41_29_85408",6,120,679,1231,1224,1710030701,"17100306","OSW","RaMCONsw_fiw_1710030701","RaMCONsw","RaMCONsw_fiw",20,"fiw","RaMCONsw","RaMCONsw_fiw","Mixed Conifer - Southwest Oregon",1
"2_41_29_79448",6,120,679,1231,644,1710030701,"17100306","OSW","RaMCONsw_fiw_1710030701","RaMCONsw","RaMCONsw_fiw",20,"fiw","RaMCONsw","RaMCONsw_fiw","Mixed Conifer - Southwest Oregon",1
"2_41_29_96208",6,120,679,2219,1006,1710030701,"17100306","OSW","RaREFI_fcw_17100307","RaREFI","RaREFI_fcw",19,"fcw","RaREFI","RaREFI_fcw","Red Fir",3
"2_41_29_71912",6,120,679,2219,763,1710030701,"17100306","OSW","RaREFI_fcw_17100307","RaREFI","RaREFI_fcw",19,"fcw","RaREFI","RaREFI_fcw","Red Fir",3
"2_41_29_91117",6,120,679,2218,1097,1710030701,"17100306","OSW","RaREFI_frm_17100307","RaREFI","RaREFI_frm",11,"frm","RaREFI","RaREFI_frm","Red Fir",3
"2_41_29_62820",6,120,679,2219,1008,1710030701,"17100306","OSW","RaREFI_fcw_17100307","RaREFI","RaREFI_fcw",19,"fcw","RaREFI","RaREFI_fcw","Red Fir",3
"2_41_29_70941",6,120,680,2219,1100,1710030702,"17100306","OSW","RaREFI_fcw_17100307","RaREFI","RaREFI_fcw",19,"fcw","RaREFI","RaREFI_fcw","Red Fir",3
"2_41_29_94596",6,120,680,2222,1331,1710030702,"17100306","OSW","RaDFHEdy_fwx_17100307","RaDFHEdy","RaDFHEdy_fwx",38,"fwx","RaDFHEdy","RaDFHEdy_fwx","Douglas-fir Hemlock-Dry Mesic",3
"2_41_29_93804",6,120,680,1350,2067,1710030702,"17100306","OSW","RaMCONsw_fiw_1710030702","RaMCONsw","RaMCONsw_fiw",20,"fiw","RaMCONsw","RaMCONsw_fiw","Mixed Conifer - Southwest Oregon",1
"2_41_29_75310",6,120,680,1350,1828,1710030702,"17100306","OSW","RaMCONsw_fiw_1710030702","RaMCONsw","RaMCONsw_fiw",20,"fiw","RaMCONsw","RaMCONsw_fiw","Mixed Conifer - Southwest Oregon",1
"2_41_29_86977",6,120,680,1350,1636,1710030702,"17100306","OSW","RaMCONsw_fiw_1710030702","RaMCONsw","RaMCONsw_fiw",20,"fiw","RaMCONsw","RaMCONsw_fiw","Mixed Conifer - Southwest Oregon",1
"2_41_29_82037",6,120,680,1350,1515,1710030702,"17100306","OSW","RaMCONsw_fiw_1710030702","RaMCONsw","RaMCONsw_fiw",20,"fiw","RaMCONsw","RaMCONsw_fiw","Mixed Conifer - Southwest Oregon",1
"2_41_29_67825",6,120,680,1350,1462,1710030702,"17100306","OSW","RaMCONsw_fiw_1710030702","RaMCONsw","RaMCONsw_fiw",20,"fiw","RaMCONsw","RaMCONsw_fiw","Mixed Conifer - Southwest Oregon",1
"2_41_29_93949",6,120,680,1350,1414,1710030702,"17100306","OSW","RaMCONsw_fiw_1710030702","RaMCONsw","RaMCONsw_fiw",20,"fiw","RaMCONsw","RaMCONsw_fiw","Mixed Conifer - Southwest Oregon",1
"2_41_29_69708",6,120,680,2219,1664,1710030702,"17100306","OSW","RaREFI_fcw_17100307","RaREFI","RaREFI_fcw",19,"fcw","RaREFI","RaREFI_fcw","Red Fir",3
"2_41_29_93858",6,120,682,2219,1816,1710030704,"17100306","OSW","RaREFI_fcw_17100307","RaREFI","RaREFI_fcw",19,"fcw","RaREFI","RaREFI_fcw","Red Fir",3
"2_41_29_71919",6,120,682,2219,1598,1710030704,"17100306","OSW","RaREFI_fcw_17100307","RaREFI","RaREFI_fcw",19,"fcw","RaREFI","RaREFI_fcw","Red Fir",3
"2_41_29_91883",6,120,682,1453,1522,1710030704,"17100306","OSW","RaMCONsw_fiw_1710030704","RaMCONsw","RaMCONsw_fiw",20,"fiw","RaMCONsw","RaMCONsw_fiw","Mixed Conifer - Southwest Oregon",1
"2_41_29_79507",6,120,682,1453,2921,1710030704,"17100306","OSW","RaMCONsw_fiw_1710030704","RaMCONsw","RaMCONsw_fiw",20,"fiw","RaMCONsw","RaMCONsw_fiw","Mixed Conifer - Southwest Oregon",1
"2_41_29_75751",6,120,682,2219,1445,1710030704,"17100306","OSW","RaREFI_fcw_17100307","RaREFI","RaREFI_fcw",19,"fcw","RaREFI","RaREFI_fcw","Red Fir",3
"2_41_29_54172",6,120,686,2219,823,1710030708,"17100306","OSW","RaREFI_fcw_17100307","RaREFI","RaREFI_fcw",19,"fcw","RaREFI","RaREFI_fcw","Red Fir",3
"2_41_29_85967",6,120,686,2219,2023,1710030708,"17100306","OSW","RaREFI_fcw_17100307","RaREFI","RaREFI_fcw",19,"fcw","RaREFI","RaREFI_fcw","Red Fir",3
"2_41_29_84104",6,120,686,2219,1262,1710030708,"17100306","OSW","RaREFI_fcw_17100307","RaREFI","RaREFI_fcw",19,"fcw","RaREFI","RaREFI_fcw","Red Fir",3
"2_41_29_91900",6,120,686,2219,1039,1710030708,"17100306","OSW","RaREFI_fcw_17100307","RaREFI","RaREFI_fcw",19,"fcw","RaREFI","RaREFI_fcw","Red Fir",3
"2_41_29_62504",6,120,686,2219,1218,1710030708,"17100306","OSW","RaREFI_fcw_17100307","RaREFI","RaREFI_fcw",19,"fcw","RaREFI","RaREFI_fcw","Red Fir",3
"2_41_29_97622",6,120,686,1522,2459,1710030708,"17100306","OSW","RaMCONsw_fiw_1710030708","RaMCONsw","RaMCONsw_fiw",20,"fiw","RaMCONsw","RaMCONsw_fiw","Mixed Conifer - Southwest Oregon",1
"2_41_29_55213",6,120,686,2219,1598,1710030708,"17100306","OSW","RaREFI_fcw_17100307","RaREFI","RaREFI_fcw",19,"fcw","RaREFI","RaREFI_fcw","Red Fir",3
"2_41_29_60119",6,161,920,2268,1715,1801020604,"18010204","OSW","RaREFI_fcw_18010206","RaREFI","RaREFI_fcw",19,"fcw","RaREFI","RaREFI_fcw","Red Fir",3
"2_41_29_72894",6,120,686,2218,1642,1710030708,"17100306","OSW","RaREFI_frm_17100307","RaREFI","RaREFI_frm",11,"frm","RaREFI","RaREFI_frm","Red Fir",3
"2_41_29_63535",6,161,920,1649,1747,1801020604,"18010204","OSW","RaMCONsw_fiw_1801020604","RaMCONsw","RaMCONsw_fiw",20,"fiw","RaMCONsw","RaMCONsw_fiw","Mixed Conifer - Southwest Oregon",1
"2_41_29_76270",6,161,920,1649,1615,1801020604,"18010204","OSW","RaMCONsw_fiw_1801020604","RaMCONsw","RaMCONsw_fiw",20,"fiw","RaMCONsw","RaMCONsw_fiw","Mixed Conifer - Southwest Oregon",1
"2_41_29_57767",6,161,920,1649,1839,1801020604,"18010204","OSW","RaMCONsw_fiw_1801020604","RaMCONsw","RaMCONsw_fiw",20,"fiw","RaMCONsw","RaMCONsw_fiw","Mixed Conifer - Southwest Oregon",1
"2_41_29_92950",6,161,920,1679,2237,1801020604,"18010204","OSW","Na0710270_fdd_1801020604","Na0710270","Na0710270_fdd",43,"fdd","Na0710270","Na0710270_fdd","Mediterranean California Dry-Mesic Mixed Conifer Forest and Woodland",1
"2_41_29_79396",6,161,920,1649,1288,1801020604,"18010204","OSW","RaMCONsw_fiw_1801020604","RaMCONsw","RaMCONsw_fiw",20,"fiw","RaMCONsw","RaMCONsw_fiw","Mixed Conifer - Southwest Oregon",1
"2_41_29_86617",6,161,920,1649,729,1801020604,"18010204","OSW","RaMCONsw_fiw_1801020604","RaMCONsw","RaMCONsw_fiw",20,"fiw","RaMCONsw","RaMCONsw_fiw","Mixed Conifer - Southwest Oregon",1
"5_53_29_66441",13,144,795,1812,1080,1711001901,"17110018","WWC","RaDFHEdy_fdg_17110019","RaDFHEdy","RaDFHEdy_fdg",24,"fdg","RaDFHEdy","RaDFHEdy_fdg","Douglas-fir Hemlock-Dry Mesic",3
"5_53_29_60161",13,144,795,1813,730,1711001901,"17110018","WWC","RaDFHEdy_fwi_17110019","RaDFHEdy","RaDFHEdy_fwi",31,"fwi","RaDFHEdy","RaDFHEdy_fwi","Douglas-fir Hemlock-Dry Mesic",3
"5_53_35_97886",13,144,798,1813,923,1711001904,"17110018","WWC","RaDFHEdy_fwi_17110019","RaDFHEdy","RaDFHEdy_fwi",31,"fwi","RaDFHEdy","RaDFHEdy_fwi","Douglas-fir Hemlock-Dry Mesic",3
"5_53_35_93878",13,144,798,1813,1205,1711001904,"17110018","WWC","RaDFHEdy_fwi_17110019","RaDFHEdy","RaDFHEdy_fwi",31,"fwi","RaDFHEdy","RaDFHEdy_fwi","Douglas-fir Hemlock-Dry Mesic",3
"5_53_35_90314",13,144,801,1813,1362,1711001907,"17110018","WWC","RaDFHEdy_fwi_17110019","RaDFHEdy","RaDFHEdy_fwi",31,"fwi","RaDFHEdy","RaDFHEdy_fwi","Douglas-fir Hemlock-Dry Mesic",3
"5_53_73_99145",11,129,735,1767,938,1711000405,"17110003","WNC","RaDFHEdy_fwi_17110004","RaDFHEdy","RaDFHEdy_fwi",31,"fwi","RaDFHEdy","RaDFHEdy_fwi","Douglas-fir Hemlock-Dry Mesic",3
"5_53_53_52200",13,140,783,1926,3160,1711001503,"17110014","WWC","RaDFHEdy_fwi_17110015","RaDFHEdy","RaDFHEdy_fwi",31,"fwi","RaDFHEdy","RaDFHEdy_fwi","Douglas-fir Hemlock-Dry Mesic",3
"6_53_67_53383",13,140,783,1926,714,1711001503,"17110014","WWC","RaDFHEdy_fwi_17110015","RaDFHEdy","RaDFHEdy_fwi",31,"fwi","RaDFHEdy","RaDFHEdy_fwi","Douglas-fir Hemlock-Dry Mesic",3
"6_53_67_77019",13,140,782,1926,1839,1711001502,"17110014","WWC","RaDFHEdy_fwi_17110015","RaDFHEdy","RaDFHEdy_fwi",31,"fwi","RaDFHEdy","RaDFHEdy_fwi","Douglas-fir Hemlock-Dry Mesic",3
"7_53_41_92167",13,141,784,2292,490,1711001601,"17110015","WWC","RaDFHEwt_fwm_WWC","RaDFHEwt","RaDFHEwt_fwm",33,"fwm","RaDFHEwt","RaDFHEwt_fwm","Douglas-fir Hemlock-Wet Mesic",5
"7_53_41_54378",9,102,578,2307,1195,1710010303,"17100102","WCR","RaDFHEwt_fwm_WCR","RaDFHEwt","RaDFHEwt_fwm",33,"fwm","RaDFHEwt","RaDFHEwt_fwm","Douglas-fir Hemlock-Wet Mesic",5
"7_53_41_76239",13,83,476,2292,837,1708000501,"17080004","WWC","RaDFHEwt_fwm_WWC","RaDFHEwt","RaDFHEwt_fwm",33,"fwm","RaDFHEwt","RaDFHEwt_fwm","Douglas-fir Hemlock-Wet Mesic",5
"7_53_41_72256",13,83,477,2292,1247,1708000502,"17080004","WWC","RaDFHEwt_fwm_WWC","RaDFHEwt","RaDFHEwt_fwm",33,"fwm","RaDFHEwt","RaDFHEwt_fwm","Douglas-fir Hemlock-Wet Mesic",5
"7_53_41_81753",13,83,477,1952,836,1708000502,"17080004","WWC","RaDFHEdy_fwi_17080005","RaDFHEdy","RaDFHEdy_fwi",31,"fwi","RaDFHEdy","RaDFHEdy_fwi","Douglas-fir Hemlock-Dry Mesic",3
"7_53_41_61635",13,83,478,1951,1299,1708000503,"17080004","WWC","RaABAMlw_fwc_17080005","RaABAMlw","RaABAMlw_fwc",35,"fwc","RaABAMlw","RaABAMlw_fwc","Pacific Silver Fir - Low Elevation",3
"7_53_41_98930",13,83,479,2292,1105,1708000504,"17080004","WWC","RaDFHEwt_fwm_WWC","RaDFHEwt","RaDFHEwt_fwm",33,"fwm","RaDFHEwt","RaDFHEwt_fwm","Douglas-fir Hemlock-Wet Mesic",5
"7_53_15_85424",13,83,480,1951,979,1708000505,"17080004","WWC","RaABAMlw_fwc_17080005","RaABAMlw","RaABAMlw_fwc",35,"fwc","RaABAMlw","RaABAMlw_fwc","Pacific Silver Fir - Low Elevation",3
"2_41_11_60777",3,117,668,2314,723,1710030403,"17100303A","OCR","RaSSHE_fss_OCR","RaSSHE","RaSSHE_fss",60,"fss","RaSSHE","RaSSHE_fss","Sitka Spruce - Western Hemlock",5
"2_41_11_84371",6,118,674,2350,1699,1710030505,"17100304","OSW","RaDFHEwt_fwn_OSW","RaDFHEwt","RaDFHEwt_fwn",32,"fwn","RaDFHEwt","RaDFHEwt_fwn","Douglas-fir Hemlock-Wet Mesic",5
"2_41_11_54503",6,119,675,2350,1972,1710030601,"17100305","OSW","RaDFHEwt_fwn_OSW","RaDFHEwt","RaDFHEwt_fwn",32,"fwn","RaDFHEwt","RaDFHEwt_fwn","Douglas-fir Hemlock-Wet Mesic",5
"2_41_11_68183",6,119,675,2350,1373,1710030601,"17100305","OSW","RaDFHEwt_fwn_OSW","RaDFHEwt","RaDFHEwt_fwn",32,"fwn","RaDFHEwt","RaDFHEwt_fwn","Douglas-fir Hemlock-Wet Mesic",5
"2_41_15_89459",6,119,675,2350,2117,1710030601,"17100305","OSW","RaDFHEwt_fwn_OSW","RaDFHEwt","RaDFHEwt_fwn",32,"fwn","RaDFHEwt","RaDFHEwt_fwn","Douglas-fir Hemlock-Wet Mesic",5
"2_41_15_70340",6,119,675,1236,2215,1710030601,"17100305","OSW","RaTAOAco_fto_1710030601","RaTAOAco","RaTAOAco_fto",46,"fto","RaTAOAco","RaTAOAco_fto","Oregon Coastal Tanoak",1
"2_41_15_91426",6,119,676,2347,3088,1710030602,"17100305","OSW","RaDFHEwt_fwm_OSW","RaDFHEwt","RaDFHEwt_fwm",33,"fwm","RaDFHEwt","RaDFHEwt_fwm","Douglas-fir Hemlock-Wet Mesic",5
"2_41_15_80080",6,119,676,1283,1029,1710030602,"17100305","OSW","RaTAOAco_ftm_1710030602","RaTAOAco","RaTAOAco_ftm",47,"ftm","RaTAOAco","RaTAOAco_ftm","Oregon Coastal Tanoak",1
"2_41_15_91015",6,119,676,2347,1708,1710030602,"17100305","OSW","RaDFHEwt_fwm_OSW","RaDFHEwt","RaDFHEwt_fwm",33,"fwm","RaDFHEwt","RaDFHEwt_fwm","Douglas-fir Hemlock-Wet Mesic",5
"2_41_15_69385",6,119,676,1283,888,1710030602,"17100305","OSW","RaTAOAco_ftm_1710030602","RaTAOAco","RaTAOAco_ftm",47,"ftm","RaTAOAco","RaTAOAco_ftm","Oregon Coastal Tanoak",1
"2_41_15_56625",6,119,677,1311,1254,1710030603,"17100305","OSW","RaTAOAco_ftm_1710030603","RaTAOAco","RaTAOAco_ftm",47,"ftm","RaTAOAco","RaTAOAco_ftm","Oregon Coastal Tanoak",1
"2_41_15_91606",6,119,677,1311,1523,1710030603,"17100305","OSW","RaTAOAco_ftm_1710030603","RaTAOAco","RaTAOAco_ftm",47,"ftm","RaTAOAco","RaTAOAco_ftm","Oregon Coastal Tanoak",1
"2_41_15_55215",6,119,678,1304,2003,1710030604,"17100305","OSW","RaTAOAco_ftm_1710030604","RaTAOAco","RaTAOAco_ftm",47,"ftm","RaTAOAco","RaTAOAco_ftm","Oregon Coastal Tanoak",1
"2_41_15_67130",6,119,678,1304,1380,1710030604,"17100305","OSW","RaTAOAco_ftm_1710030604","RaTAOAco","RaTAOAco_ftm",47,"ftm","RaTAOAco","RaTAOAco_ftm","Oregon Coastal Tanoak",1
"2_41_15_57264",6,123,704,1465,1007,1710031008,"17100309","OSW","RaMEVG_fuc_1710031008","RaMEVG","RaMEVG_fuc",59,"fuc","RaMEVG","RaMEVG_fuc","California Mixed Evergreen North",1
"2_41_15_70298",6,125,720,1559,1323,1710031205,"17100311","OSW","RaMEVG_fuc_1710031205","RaMEVG","RaMEVG_fuc",59,"fuc","RaMEVG","RaMEVG_fuc","California Mixed Evergreen North",1
"2_41_15_70613",6,125,720,1559,1528,1710031205,"17100311","OSW","RaMEVG_fuc_1710031205","RaMEVG","RaMEVG_fuc",59,"fuc","RaMEVG","RaMEVG_fuc","California Mixed Evergreen North",1
"2_41_15_70591",6,125,719,1588,869,1710031204,"17100311","OSW","RaMEVG_fuc_1710031204","RaMEVG","RaMEVG_fuc",59,"fuc","RaMEVG","RaMEVG_fuc","California Mixed Evergreen North",1
"2_41_15_66094",6,125,719,1575,1623,1710031204,"17100311","OSW","RaTAOAco_ftm_1710031204","RaTAOAco","RaTAOAco_ftm",47,"ftm","RaTAOAco","RaTAOAco_ftm","Oregon Coastal Tanoak",1
"2_41_15_89222",6,125,719,1575,3036,1710031204,"17100311","OSW","RaTAOAco_ftm_1710031204","RaTAOAco","RaTAOAco_ftm",47,"ftm","RaTAOAco","RaTAOAco_ftm","Oregon Coastal Tanoak",1
"2_41_15_88301",6,125,718,1552,1537,1710031203,"17100311","OSW","RaTAOAco_ftm_1710031203","RaTAOAco","RaTAOAco_ftm",47,"ftm","RaTAOAco","RaTAOAco_ftm","Oregon Coastal Tanoak",1
"2_41_15_71660",6,125,716,2354,576,1710031201,"17100311","OSW","RaSSHE_fss_OSW","RaSSHE","RaSSHE_fss",60,"fss","RaSSHE","RaSSHE_fss","Sitka Spruce - Western Hemlock",5
"2_41_15_60317",6,125,716,2354,16,1710031201,"17100311","OSW","RaSSHE_fss_OSW","RaSSHE","RaSSHE_fss",60,"fss","RaSSHE","RaSSHE_fss","Sitka Spruce - Western Hemlock",5
"7_53_15_76519",13,83,480,1949,1229,1708000505,"17080004","WWC","RaABAMlw_fsi_17080005","RaABAMlw","RaABAMlw_fsi",14,"fsi","RaABAMlw","RaABAMlw_fsi","Pacific Silver Fir - Low Elevation",3
"7_53_15_66299",13,79,465,2292,965,1708000301,"17080002","WWC","RaDFHEwt_fwm_WWC","RaDFHEwt","RaDFHEwt_fwm",33,"fwm","RaDFHEwt","RaDFHEwt_fwm","Douglas-fir Hemlock-Wet Mesic",5
"7_53_11_70706",13,78,464,2292,2222,1708000206,"17080001A","WWC","RaDFHEwt_fwm_WWC","RaDFHEwt","RaDFHEwt_fwm",33,"fwm","RaDFHEwt","RaDFHEwt_fwm","Douglas-fir Hemlock-Wet Mesic",5
"7_53_11_96696",13,78,464,2292,1334,1708000206,"17080001A","WWC","RaDFHEwt_fwm_WWC","RaDFHEwt","RaDFHEwt_fwm",33,"fwm","RaDFHEwt","RaDFHEwt_fwm","Douglas-fir Hemlock-Wet Mesic",5
"7_53_11_78614",13,99,560,2292,924,1709001203,"17090012B","WWC","RaDFHEwt_fwm_WWC","RaDFHEwt","RaDFHEwt_fwm",33,"fwm","RaDFHEwt","RaDFHEwt_fwm","Douglas-fir Hemlock-Wet Mesic",5
"7_53_11_50496",13,99,560,2292,1170,1709001203,"17090012B","WWC","RaDFHEwt_fwm_WWC","RaDFHEwt","RaDFHEwt_fwm",33,"fwm","RaDFHEwt","RaDFHEwt_fwm","Douglas-fir Hemlock-Wet Mesic",5
"7_53_11_98417",13,77,456,2012,1201,1708000106,"17080001B","WWC","RaDFHEdy_fdg_17080001A","RaDFHEdy","RaDFHEdy_fdg",24,"fdg","RaDFHEdy","RaDFHEdy_fdg","Douglas-fir Hemlock-Dry Mesic",3
"7_53_11_73147",13,77,456,2292,865,1708000106,"17080001B","WWC","RaDFHEwt_fwm_WWC","RaDFHEwt","RaDFHEwt_fwm",33,"fwm","RaDFHEwt","RaDFHEwt_fwm","Douglas-fir Hemlock-Wet Mesic",5
"0_41_5_74773",3,98,558,467,858,1709001201,"17090011","OCR","RaDFWV_fwx_1709001201","RaDFWV","RaDFWV_fwx",37,"fwx","RaDFWV","RaDFWV_fwx","Douglas-fir Willamatte Valley Foothills",1
"0_41_5_60634",7,97,557,475,1321,1709001106,"17090010","OWC","RaDFWV_fwx_1709001106","RaDFWV","RaDFWV_fwx",37,"fwx","RaDFWV","RaDFWV_fwx","Douglas-fir Willamatte Valley Foothills",1
"0_41_5_79488",7,97,557,475,669,1709001106,"17090010","OWC","RaDFWV_fwx_1709001106","RaDFWV","RaDFWV_fwx",37,"fwx","RaDFWV","RaDFWV_fwx","Douglas-fir Willamatte Valley Foothills",1
"0_41_5_74584",7,95,546,2329,1747,1709000906,"17090008","OWC","RaDFHEwt_fwm_OWC","RaDFHEwt","RaDFHEwt_fwm",33,"fwm","RaDFHEwt","RaDFHEwt_fwm","Douglas-fir Hemlock-Wet Mesic",5
"0_41_5_88884",7,95,546,2052,860,1709000906,"17090008","OWC","RaDFHEdy_fwi_17090009","RaDFHEdy","RaDFHEdy_fwi",31,"fwi","RaDFHEdy","RaDFHEdy_fwi","Douglas-fir Hemlock-Dry Mesic",3
"0_41_5_66396",7,95,544,2052,2721,1709000904,"17090008","OWC","RaDFHEdy_fwi_17090009","RaDFHEdy","RaDFHEdy_fwi",31,"fwi","RaDFHEdy","RaDFHEdy_fwi","Douglas-fir Hemlock-Dry Mesic",3
"0_41_5_71384",7,95,544,2052,2186,1709000904,"17090008","OWC","RaDFHEdy_fwi_17090009","RaDFHEdy","RaDFHEdy_fwi",31,"fwi","RaDFHEdy","RaDFHEdy_fwi","Douglas-fir Hemlock-Dry Mesic",3
"0_41_5_60736",7,95,544,2329,869,1709000904,"17090008","OWC","RaDFHEwt_fwm_OWC","RaDFHEwt","RaDFHEwt_fwm",33,"fwm","RaDFHEwt","RaDFHEwt_fwm","Douglas-fir Hemlock-Wet Mesic",5
"0_41_5_73022",7,95,544,2060,1244,1709000904,"17090008","OWC","RaABAMlw_fsi_17090009","RaABAMlw","RaABAMlw_fsi",14,"fsi","RaABAMlw","RaABAMlw_fsi","Pacific Silver Fir - Low Elevation",3
"0_41_47_70480",7,91,520,2076,566,1709000505,"17090004","OWC","RaDFHEdy_fwi_17090005","RaDFHEdy","RaDFHEdy_fwi",31,"fwi","RaDFHEdy","RaDFHEdy_fwi","Douglas-fir Hemlock-Dry Mesic",3
"1_41_43_73453",7,92,528,2082,1277,1709000607,"17090005","OWC","RaDFHEdy_fwi_17090006","RaDFHEdy","RaDFHEdy_fwi",31,"fwi","RaDFHEdy","RaDFHEdy_fwi","Douglas-fir Hemlock-Dry Mesic",3
"1_41_43_98558",7,92,523,2082,2764,1709000602,"17090005","OWC","RaDFHEdy_fwi_17090006","RaDFHEdy","RaDFHEdy_fwi",31,"fwi","RaDFHEdy","RaDFHEdy_fwi","Douglas-fir Hemlock-Dry Mesic",3
"1_41_43_66923",7,92,523,2082,1246,1709000602,"17090005","OWC","RaDFHEdy_fwi_17090006","RaDFHEdy","RaDFHEdy_fwi",31,"fwi","RaDFHEdy","RaDFHEdy_fwi","Douglas-fir Hemlock-Dry Mesic",3
"1_41_43_96570",7,92,523,2082,1362,1709000602,"17090005","OWC","RaDFHEdy_fwi_17090006","RaDFHEdy","RaDFHEdy_fwi",31,"fwi","RaDFHEdy","RaDFHEdy_fwi","Douglas-fir Hemlock-Dry Mesic",3
"1_41_43_86772",7,92,523,2329,1837,1709000602,"17090005","OWC","RaDFHEwt_fwm_OWC","RaDFHEwt","RaDFHEwt_fwm",33,"fwm","RaDFHEwt","RaDFHEwt_fwm","Douglas-fir Hemlock-Wet Mesic",5
"1_41_43_56945",7,92,523,2082,2345,1709000602,"17090005","OWC","RaDFHEdy_fwi_17090006","RaDFHEdy","RaDFHEdy_fwi",31,"fwi","RaDFHEdy","RaDFHEdy_fwi","Douglas-fir Hemlock-Dry Mesic",3
"1_41_43_94964",7,92,523,2082,1453,1709000602,"17090005","OWC","RaDFHEdy_fwi_17090006","RaDFHEdy","RaDFHEdy_fwi",31,"fwi","RaDFHEdy","RaDFHEdy_fwi","Douglas-fir Hemlock-Dry Mesic",3
"1_41_43_57575",7,92,523,2082,795,1709000602,"17090005","OWC","RaDFHEdy_fwi_17090006","RaDFHEdy","RaDFHEdy_fwi",31,"fwi","RaDFHEdy","RaDFHEdy_fwi","Douglas-fir Hemlock-Dry Mesic",3
"1_41_43_66548",7,92,523,2094,1505,1709000602,"17090005","OWC","RaABAMlw_fsi_17090006","RaABAMlw","RaABAMlw_fsi",14,"fsi","RaABAMlw","RaABAMlw_fsi","Pacific Silver Fir - Low Elevation",3
"1_41_43_65068",7,92,523,2094,979,1709000602,"17090005","OWC","RaABAMlw_fsi_17090006","RaABAMlw","RaABAMlw_fsi",14,"fsi","RaABAMlw","RaABAMlw_fsi","Pacific Silver Fir - Low Elevation",3
"1_41_43_61812",7,89,505,2104,1934,1709000303,"17090003A","OWC","RaDFHEdy_fwi_17090003B","RaDFHEdy","RaDFHEdy_fwi",31,"fwi","RaDFHEdy","RaDFHEdy_fwi","Douglas-fir Hemlock-Dry Mesic",3
"1_41_43_90939",7,89,505,2125,992,1709000303,"17090003A","OWC","RaABAMlw_fsi_17090003B","RaABAMlw","RaABAMlw_fsi",14,"fsi","RaABAMlw","RaABAMlw_fsi","Pacific Silver Fir - Low Elevation",3
"1_41_39_72520",7,90,512,2110,1065,1709000404,"17090003B","OWC","RaDFHEdy_fwi_17090004","RaDFHEdy","RaDFHEdy_fwi",31,"fwi","RaDFHEdy","RaDFHEdy_fwi","Douglas-fir Hemlock-Dry Mesic",3
"1_41_39_85740",7,90,512,2110,1365,1709000404,"17090003B","OWC","RaDFHEdy_fwi_17090004","RaDFHEdy","RaDFHEdy_fwi",31,"fwi","RaDFHEdy","RaDFHEdy_fwi","Douglas-fir Hemlock-Dry Mesic",3
"1_41_39_52147",7,90,513,2329,1263,1709000405,"17090003B","OWC","RaDFHEwt_fwm_OWC","RaDFHEwt","RaDFHEwt_fwm",33,"fwm","RaDFHEwt","RaDFHEwt_fwm","Douglas-fir Hemlock-Wet Mesic",5
"1_41_39_84535",7,90,513,2110,470,1709000405,"17090003B","OWC","RaDFHEdy_fwi_17090004","RaDFHEdy","RaDFHEdy_fwi",31,"fwi","RaDFHEdy","RaDFHEdy_fwi","Douglas-fir Hemlock-Dry Mesic",3
"1_41_39_53336",7,90,513,2110,1391,1709000405,"17090003B","OWC","RaDFHEdy_fwi_17090004","RaDFHEdy","RaDFHEdy_fwi",31,"fwi","RaDFHEdy","RaDFHEdy_fwi","Douglas-fir Hemlock-Dry Mesic",3
"1_41_39_86964",7,90,513,2110,1892,1709000405,"17090003B","OWC","RaDFHEdy_fwi_17090004","RaDFHEdy","RaDFHEdy_fwi",31,"fwi","RaDFHEdy","RaDFHEdy_fwi","Douglas-fir Hemlock-Dry Mesic",3
"1_41_39_55722",7,86,497,2139,2842,1709000109,"17080006A","OWC","RaDFHEdy_fwi_17090001","RaDFHEdy","RaDFHEdy_fwi",31,"fwi","RaDFHEdy","RaDFHEdy_fwi","Douglas-fir Hemlock-Dry Mesic",3
"1_41_39_92083",7,86,497,2139,895,1709000109,"17080006A","OWC","RaDFHEdy_fwi_17090001","RaDFHEdy","RaDFHEdy_fwi",31,"fwi","RaDFHEdy","RaDFHEdy_fwi","Douglas-fir Hemlock-Dry Mesic",3
"1_41_39_76301",7,86,497,2139,3076,1709000109,"17080006A","OWC","RaDFHEdy_fwi_17090001","RaDFHEdy","RaDFHEdy_fwi",31,"fwi","RaDFHEdy","RaDFHEdy_fwi","Douglas-fir Hemlock-Dry Mesic",3
"1_41_39_99539",7,86,497,2139,3368,1709000109,"17080006A","OWC","RaDFHEdy_fwi_17090001","RaDFHEdy","RaDFHEdy_fwi",31,"fwi","RaDFHEdy","RaDFHEdy_fwi","Douglas-fir Hemlock-Dry Mesic",3
"1_41_39_65324",7,86,494,2139,2499,1709000106,"17080006A","OWC","RaDFHEdy_fwi_17090001","RaDFHEdy","RaDFHEdy_fwi",31,"fwi","RaDFHEdy","RaDFHEdy_fwi","Douglas-fir Hemlock-Dry Mesic",3
"1_41_39_78663",7,86,494,2139,2989,1709000106,"17080006A","OWC","RaDFHEdy_fwi_17090001","RaDFHEdy","RaDFHEdy_fwi",31,"fwi","RaDFHEdy","RaDFHEdy_fwi","Douglas-fir Hemlock-Dry Mesic",3
"1_41_39_54262",7,86,494,2139,2264,1709000106,"17080006A","OWC","RaDFHEdy_fwi_17090001","RaDFHEdy","RaDFHEdy_fwi",31,"fwi","RaDFHEdy","RaDFHEdy_fwi","Douglas-fir Hemlock-Dry Mesic",3
"1_41_39_73783",7,86,494,2139,1636,1709000106,"17080006A","OWC","RaDFHEdy_fwi_17090001","RaDFHEdy","RaDFHEdy_fwi",31,"fwi","RaDFHEdy","RaDFHEdy_fwi","Douglas-fir Hemlock-Dry Mesic",3
"1_41_39_97574",7,86,494,2139,1985,1709000106,"17080006A","OWC","RaDFHEdy_fwi_17090001","RaDFHEdy","RaDFHEdy_fwi",31,"fwi","RaDFHEdy","RaDFHEdy_fwi","Douglas-fir Hemlock-Dry Mesic",3
"1_41_39_91297",7,86,492,2139,1031,1709000104,"17080006A","OWC","RaDFHEdy_fwi_17090001","RaDFHEdy","RaDFHEdy_fwi",31,"fwi","RaDFHEdy","RaDFHEdy_fwi","Douglas-fir Hemlock-Dry Mesic",3
"1_41_39_61965",7,86,492,2139,1438,1709000104,"17080006A","OWC","RaDFHEdy_fwi_17090001","RaDFHEdy","RaDFHEdy_fwi",31,"fwi","RaDFHEdy","RaDFHEdy_fwi","Douglas-fir Hemlock-Dry Mesic",3
"1_41_39_91905",7,86,492,2139,3074,1709000104,"17080006A","OWC","RaDFHEdy_fwi_17090001","RaDFHEdy","RaDFHEdy_fwi",31,"fwi","RaDFHEdy","RaDFHEdy_fwi","Douglas-fir Hemlock-Dry Mesic",3
"1_41_39_52904",7,86,491,2333,663,1709000103,"17080006A","OWC","RaDFHEwt_fdm_OWC","RaDFHEwt","RaDFHEwt_fdm",40,"fdm","RaDFHEwt","RaDFHEwt_fdm","Douglas-fir Hemlock-Wet Mesic",5
"1_41_39_94312",7,86,491,2139,1363,1709000103,"17080006A","OWC","RaDFHEdy_fwi_17090001","RaDFHEdy","RaDFHEdy_fwi",31,"fwi","RaDFHEdy","RaDFHEdy_fwi","Douglas-fir Hemlock-Dry Mesic",3
"1_41_39_99700",7,86,490,2139,980,1709000102,"17080006A","OWC","RaDFHEdy_fwi_17090001","RaDFHEdy","RaDFHEdy_fwi",31,"fwi","RaDFHEdy","RaDFHEdy_fwi","Douglas-fir Hemlock-Dry Mesic",3
"1_41_39_54612",7,86,490,2139,1625,1709000102,"17080006A","OWC","RaDFHEdy_fwi_17090001","RaDFHEdy","RaDFHEdy_fwi",31,"fwi","RaDFHEdy","RaDFHEdy_fwi","Douglas-fir Hemlock-Dry Mesic",3
"1_41_39_87795",7,86,490,2139,868,1709000102,"17080006A","OWC","RaDFHEdy_fwi_17090001","RaDFHEdy","RaDFHEdy_fwi",31,"fwi","RaDFHEdy","RaDFHEdy_fwi","Douglas-fir Hemlock-Dry Mesic",3
"1_41_39_96554",7,86,490,2141,1425,1709000102,"17080006A","OWC","RaABAMlw_fsw_17090001","RaABAMlw","RaABAMlw_fsw",16,"fsw","RaABAMlw","RaABAMlw_fsw","Pacific Silver Fir - Low Elevation",3
"1_41_39_60513",7,86,490,2141,1805,1709000102,"17080006A","OWC","RaABAMlw_fsw_17090001","RaABAMlw","RaABAMlw_fsw",16,"fsw","RaABAMlw","RaABAMlw_fsw","Pacific Silver Fir - Low Elevation",3
"1_41_39_65648",7,86,493,2141,1033,1709000105,"17080006A","OWC","RaABAMlw_fsw_17090001","RaABAMlw","RaABAMlw_fsw",16,"fsw","RaABAMlw","RaABAMlw_fsw","Pacific Silver Fir - Low Elevation",3
"5_53_57_70086",11,127,727,1761,872,1711000203,"17110001","WNC","RaDFHEdy_fwi_17110002","RaDFHEdy","RaDFHEdy_fwi",31,"fwi","RaDFHEdy","RaDFHEdy_fwi","Douglas-fir Hemlock-Dry Mesic",3
"1_41_39_76553",7,86,493,2140,1071,1709000105,"17080006A","OWC","RaABAMlw_fsi_17090001","RaABAMlw","RaABAMlw_fsi",14,"fsi","RaABAMlw","RaABAMlw_fsi","Pacific Silver Fir - Low Elevation",3
"1_41_39_55243",7,86,489,2140,971,1709000101,"17080006A","OWC","RaABAMlw_fsi_17090001","RaABAMlw","RaABAMlw_fsi",14,"fsi","RaABAMlw","RaABAMlw_fsi","Pacific Silver Fir - Low Elevation",3
"1_41_39_56173",7,86,489,2140,982,1709000101,"17080006A","OWC","RaABAMlw_fsi_17090001","RaABAMlw","RaABAMlw_fsi",14,"fsi","RaABAMlw","RaABAMlw_fsi","Pacific Silver Fir - Low Elevation",3
"1_41_39_59531",7,86,493,2331,1033,1709000105,"17080006A","OWC","Na0710412_fmc_OWC","Na0710412","Na0710412_fmc",7,"fmc","Na0710412","Na0710412_fmc","North Pacific Mountain Hemlock Forest - Xeric",5
"1_41_39_57440",7,86,489,2139,617,1709000101,"17080006A","OWC","RaDFHEdy_fwi_17090001","RaDFHEdy","RaDFHEdy_fwi",31,"fwi","RaDFHEdy","RaDFHEdy_fwi","Douglas-fir Hemlock-Dry Mesic",3
"1_41_39_74864",7,86,489,2139,1611,1709000101,"17080006A","OWC","RaDFHEdy_fwi_17090001","RaDFHEdy","RaDFHEdy_fwi",31,"fwi","RaDFHEdy","RaDFHEdy_fwi","Douglas-fir Hemlock-Dry Mesic",3
"1_41_39_92455",7,86,489,2139,720,1709000101,"17080006A","OWC","RaDFHEdy_fwi_17090001","RaDFHEdy","RaDFHEdy_fwi",31,"fwi","RaDFHEdy","RaDFHEdy_fwi","Douglas-fir Hemlock-Dry Mesic",3
"1_41_39_98970",7,86,489,2139,1071,1709000101,"17080006A","OWC","RaDFHEdy_fwi_17090001","RaDFHEdy","RaDFHEdy_fwi",31,"fwi","RaDFHEdy","RaDFHEdy_fwi","Douglas-fir Hemlock-Dry Mesic",3
"1_41_39_91668",7,86,489,2141,1402,1709000101,"17080006A","OWC","RaABAMlw_fsw_17090001","RaABAMlw","RaABAMlw_fsw",16,"fsw","RaABAMlw","RaABAMlw_fsw","Pacific Silver Fir - Low Elevation",3
"2_41_19_87061",7,86,489,2140,1947,1709000101,"17080006A","OWC","RaABAMlw_fsi_17090001","RaABAMlw","RaABAMlw_fsi",14,"fsi","RaABAMlw","RaABAMlw_fsi","Pacific Silver Fir - Low Elevation",3
"2_41_19_76531",7,86,489,2140,2087,1709000101,"17080006A","OWC","RaABAMlw_fsi_17090001","RaABAMlw","RaABAMlw_fsi",14,"fsi","RaABAMlw","RaABAMlw_fsi","Pacific Silver Fir - Low Elevation",3
"2_41_19_81942",7,86,489,2140,1690,1709000101,"17080006A","OWC","RaABAMlw_fsi_17090001","RaABAMlw","RaABAMlw_fsi",14,"fsi","RaABAMlw","RaABAMlw_fsi","Pacific Silver Fir - Low Elevation",3
"2_41_19_71432",7,86,489,2331,904,1709000101,"17080006A","OWC","Na0710412_fmc_OWC","Na0710412","Na0710412_fmc",7,"fmc","Na0710412","Na0710412_fmc","North Pacific Mountain Hemlock Forest - Xeric",5
"2_41_19_80356",6,113,638,1131,1363,1710030105,"17100207","OSW","RaMCONsw_fiw_1710030105","RaMCONsw","RaMCONsw_fiw",20,"fiw","RaMCONsw","RaMCONsw_fiw","Mixed Conifer - Southwest Oregon",1
"2_41_19_53138",6,113,638,1131,622,1710030105,"17100207","OSW","RaMCONsw_fiw_1710030105","RaMCONsw","RaMCONsw_fiw",20,"fiw","RaMCONsw","RaMCONsw_fiw","Mixed Conifer - Southwest Oregon",1
"2_41_19_77441",6,113,638,1131,2196,1710030105,"17100207","OSW","RaMCONsw_fiw_1710030105","RaMCONsw","RaMCONsw_fiw",20,"fiw","RaMCONsw","RaMCONsw_fiw","Mixed Conifer - Southwest Oregon",1
"2_41_19_98368",6,113,636,2196,2167,1710030103,"17100207","OSW","RaDFHEdy_fwx_17100301","RaDFHEdy","RaDFHEdy_fwx",38,"fwx","RaDFHEdy","RaDFHEdy_fwx","Douglas-fir Hemlock-Dry Mesic",3
"2_41_19_60105",6,113,636,2177,1054,1710030103,"17100207","OSW","RaABAMlw_fsi_17100301","RaABAMlw","RaABAMlw_fsi",14,"fsi","RaABAMlw","RaABAMlw_fsi","Pacific Silver Fir - Low Elevation",3
"2_41_19_80294",6,113,636,2196,1241,1710030103,"17100207","OSW","RaDFHEdy_fwx_17100301","RaDFHEdy","RaDFHEdy_fwx",38,"fwx","RaDFHEdy","RaDFHEdy_fwx","Douglas-fir Hemlock-Dry Mesic",3
"2_41_19_67162",6,113,637,1167,1759,1710030104,"17100207","OSW","RaMCONsw_fiw_1710030104","RaMCONsw","RaMCONsw_fiw",20,"fiw","RaMCONsw","RaMCONsw_fiw","Mixed Conifer - Southwest Oregon",1
"2_41_19_64738",6,113,637,2344,1076,1710030104,"17100207","OSW","Na0710412_fmc_OSW","Na0710412","Na0710412_fmc",7,"fmc","Na0710412","Na0710412_fmc","North Pacific Mountain Hemlock Forest - Xeric",5
"2_41_19_81065",6,113,637,2352,1331,1710030104,"17100207","OSW","Na0710412_fmh_OSW","Na0710412","Na0710412_fmh",4,"fmh","Na0710412","Na0710412_fmh","North Pacific Mountain Hemlock Forest - Xeric",5
"2_41_19_65924",6,113,637,1167,1745,1710030104,"17100207","OSW","RaMCONsw_fiw_1710030104","RaMCONsw","RaMCONsw_fiw",20,"fiw","RaMCONsw","RaMCONsw_fiw","Mixed Conifer - Southwest Oregon",1
"2_41_19_51194",6,120,679,1231,1579,1710030701,"17100306","OSW","RaMCONsw_fiw_1710030701","RaMCONsw","RaMCONsw_fiw",20,"fiw","RaMCONsw","RaMCONsw_fiw","Mixed Conifer - Southwest Oregon",1
"2_41_19_67021",6,120,679,2352,1885,1710030701,"17100306","OSW","Na0710412_fmh_OSW","Na0710412","Na0710412_fmh",4,"fmh","Na0710412","Na0710412_fmh","North Pacific Mountain Hemlock Forest - Xeric",5
"5_53_57_65575",13,144,795,1813,911,1711001901,"17110018","WWC","RaDFHEdy_fwi_17110019","RaDFHEdy","RaDFHEdy_fwi",31,"fwi","RaDFHEdy","RaDFHEdy_fwi","Douglas-fir Hemlock-Dry Mesic",3
"2_41_19_86444",6,120,679,1231,1525,1710030701,"17100306","OSW","RaMCONsw_fiw_1710030701","RaMCONsw","RaMCONsw_fiw",20,"fiw","RaMCONsw","RaMCONsw_fiw","Mixed Conifer - Southwest Oregon",1
"2_41_19_52425",6,120,679,2222,970,1710030701,"17100306","OSW","RaDFHEdy_fwx_17100307","RaDFHEdy","RaDFHEdy_fwx",38,"fwx","RaDFHEdy","RaDFHEdy_fwx","Douglas-fir Hemlock-Dry Mesic",3
"2_41_29_62548",6,120,679,2219,1045,1710030701,"17100306","OSW","RaREFI_fcw_17100307","RaREFI","RaREFI_fcw",19,"fcw","RaREFI","RaREFI_fcw","Red Fir",3
"2_41_29_88208",6,120,679,2222,1065,1710030701,"17100306","OSW","RaDFHEdy_fwx_17100307","RaDFHEdy","RaDFHEdy_fwx",38,"fwx","RaDFHEdy","RaDFHEdy_fwx","Douglas-fir Hemlock-Dry Mesic",3
"2_41_29_93067",6,120,679,1231,1076,1710030701,"17100306","OSW","RaMCONsw_fiw_1710030701","RaMCONsw","RaMCONsw_fiw",20,"fiw","RaMCONsw","RaMCONsw_fiw","Mixed Conifer - Southwest Oregon",1
"2_41_29_81660",6,120,679,2352,607,1710030701,"17100306","OSW","Na0710412_fmh_OSW","Na0710412","Na0710412_fmh",4,"fmh","Na0710412","Na0710412_fmh","North Pacific Mountain Hemlock Forest - Xeric",5
"2_41_29_70121",6,120,679,2222,989,1710030701,"17100306","OSW","RaDFHEdy_fwx_17100307","RaDFHEdy","RaDFHEdy_fwx",38,"fwx","RaDFHEdy","RaDFHEdy_fwx","Douglas-fir Hemlock-Dry Mesic",3
"2_41_29_69542",6,120,679,1231,1472,1710030701,"17100306","OSW","RaMCONsw_fiw_1710030701","RaMCONsw","RaMCONsw_fiw",20,"fiw","RaMCONsw","RaMCONsw_fiw","Mixed Conifer - Southwest Oregon",1
"2_41_29_97610",6,120,679,2353,979,1710030701,"17100306","OSW","RaPICOpu_flp_OSW","RaPICOpu","RaPICOpu_flp",54,"flp","RaPICOpu","RaPICOpu_flp","Lodgepole Pine - Pumice Soils",4
"2_41_29_58849",6,120,679,2352,1251,1710030701,"17100306","OSW","Na0710412_fmh_OSW","Na0710412","Na0710412_fmh",4,"fmh","Na0710412","Na0710412_fmh","North Pacific Mountain Hemlock Forest - Xeric",5
"2_41_29_89549",6,120,679,2352,1399,1710030701,"17100306","OSW","Na0710412_fmh_OSW","Na0710412","Na0710412_fmh",4,"fmh","Na0710412","Na0710412_fmh","North Pacific Mountain Hemlock Forest - Xeric",5
"2_41_29_67352",6,120,679,2352,1132,1710030701,"17100306","OSW","Na0710412_fmh_OSW","Na0710412","Na0710412_fmh",4,"fmh","Na0710412","Na0710412_fmh","North Pacific Mountain Hemlock Forest - Xeric",5
"2_41_29_86944",6,120,679,2352,2461,1710030701,"17100306","OSW","Na0710412_fmh_OSW","Na0710412","Na0710412_fmh",4,"fmh","Na0710412","Na0710412_fmh","North Pacific Mountain Hemlock Forest - Xeric",5
"2_41_29_91022",6,120,679,2352,1047,1710030701,"17100306","OSW","Na0710412_fmh_OSW","Na0710412","Na0710412_fmh",4,"fmh","Na0710412","Na0710412_fmh","North Pacific Mountain Hemlock Forest - Xeric",5
"2_41_29_83324",6,120,679,2352,1054,1710030701,"17100306","OSW","Na0710412_fmh_OSW","Na0710412","Na0710412_fmh",4,"fmh","Na0710412","Na0710412_fmh","North Pacific Mountain Hemlock Forest - Xeric",5
"2_41_29_55484",6,120,680,1350,1886,1710030702,"17100306","OSW","RaMCONsw_fiw_1710030702","RaMCONsw","RaMCONsw_fiw",20,"fiw","RaMCONsw","RaMCONsw_fiw","Mixed Conifer - Southwest Oregon",1
"2_41_29_58812",6,120,680,2218,1266,1710030702,"17100306","OSW","RaREFI_frm_17100307","RaREFI","RaREFI_frm",11,"frm","RaREFI","RaREFI_frm","Red Fir",3
"2_41_29_94431",6,120,680,2219,1575,1710030702,"17100306","OSW","RaREFI_fcw_17100307","RaREFI","RaREFI_fcw",19,"fcw","RaREFI","RaREFI_fcw","Red Fir",3
"2_41_29_82967",6,120,680,1350,1578,1710030702,"17100306","OSW","RaMCONsw_fiw_1710030702","RaMCONsw","RaMCONsw_fiw",20,"fiw","RaMCONsw","RaMCONsw_fiw","Mixed Conifer - Southwest Oregon",1
"2_41_29_58376",6,120,680,1350,2220,1710030702,"17100306","OSW","RaMCONsw_fiw_1710030702","RaMCONsw","RaMCONsw_fiw",20,"fiw","RaMCONsw","RaMCONsw_fiw","Mixed Conifer - Southwest Oregon",1
"2_41_29_97400",6,120,680,1350,1373,1710030702,"17100306","OSW","RaMCONsw_fiw_1710030702","RaMCONsw","RaMCONsw_fiw",20,"fiw","RaMCONsw","RaMCONsw_fiw","Mixed Conifer - Southwest Oregon",1
"2_41_29_65040",6,120,680,1350,2464,1710030702,"17100306","OSW","RaMCONsw_fiw_1710030702","RaMCONsw","RaMCONsw_fiw",20,"fiw","RaMCONsw","RaMCONsw_fiw","Mixed Conifer - Southwest Oregon",1
"2_41_29_95815",6,120,680,1350,1559,1710030702,"17100306","OSW","RaMCONsw_fiw_1710030702","RaMCONsw","RaMCONsw_fiw",20,"fiw","RaMCONsw","RaMCONsw_fiw","Mixed Conifer - Southwest Oregon",1
"2_41_29_80418",6,120,680,2219,827,1710030702,"17100306","OSW","RaREFI_fcw_17100307","RaREFI","RaREFI_fcw",19,"fcw","RaREFI","RaREFI_fcw","Red Fir",3
"2_41_29_84457",6,120,680,2352,1490,1710030702,"17100306","OSW","Na0710412_fmh_OSW","Na0710412","Na0710412_fmh",4,"fmh","Na0710412","Na0710412_fmh","North Pacific Mountain Hemlock Forest - Xeric",5
"2_41_29_89723",6,120,680,2218,1555,1710030702,"17100306","OSW","RaREFI_frm_17100307","RaREFI","RaREFI_frm",11,"frm","RaREFI","RaREFI_frm","Red Fir",3
"2_41_29_92807",6,120,682,2218,1854,1710030704,"17100306","OSW","RaREFI_frm_17100307","RaREFI","RaREFI_frm",11,"frm","RaREFI","RaREFI_frm","Red Fir",3
"2_41_29_86657",4,159,906,2227,670,1801020302,"18010202","OEC","RaSAWD_fal_18010203","RaSAWD","RaSAWD_fal",2,"fal","RaSAWD","RaSAWD_fal","Subalpine Woodland",3
"2_41_29_95369",6,120,686,1522,2457,1710030708,"17100306","OSW","RaMCONsw_fiw_1710030708","RaMCONsw","RaMCONsw_fiw",20,"fiw","RaMCONsw","RaMCONsw_fiw","Mixed Conifer - Southwest Oregon",1
"2_41_29_88622",6,120,686,1522,947,1710030708,"17100306","OSW","RaMCONsw_fiw_1710030708","RaMCONsw","RaMCONsw_fiw",20,"fiw","RaMCONsw","RaMCONsw_fiw","Mixed Conifer - Southwest Oregon",1
"2_41_29_87936",6,120,686,2219,756,1710030708,"17100306","OSW","RaREFI_fcw_17100307","RaREFI","RaREFI_fcw",19,"fcw","RaREFI","RaREFI_fcw","Red Fir",3
"3_41_35_54996",6,120,686,2219,530,1710030708,"17100306","OSW","RaREFI_fcw_17100307","RaREFI","RaREFI_fcw",19,"fcw","RaREFI","RaREFI_fcw","Red Fir",3
"2_41_29_64660",6,120,686,2219,2359,1710030708,"17100306","OSW","RaREFI_fcw_17100307","RaREFI","RaREFI_fcw",19,"fcw","RaREFI","RaREFI_fcw","Red Fir",3
"3_41_35_83311",6,120,686,2219,1810,1710030708,"17100306","OSW","RaREFI_fcw_17100307","RaREFI","RaREFI_fcw",19,"fcw","RaREFI","RaREFI_fcw","Red Fir",3
"3_41_35_89847",6,161,920,1696,1240,1801020604,"18010204","OSW","RaPIPOm_fpd_1801020604","RaPIPOm","RaPIPOm_fpd",51,"fpd","RaPIPOm","RaPIPOm_fpd","Dry Ponderosa Pine - Mesic",1
"3_41_35_93894",6,161,920,1649,2428,1801020604,"18010204","OSW","RaMCONsw_fiw_1801020604","RaMCONsw","RaMCONsw_fiw",20,"fiw","RaMCONsw","RaMCONsw_fiw","Mixed Conifer - Southwest Oregon",1
"3_41_35_88339",6,161,919,1721,1308,1801020603,"18010204","OSW","RaMCONsw_fiw_1801020603","RaMCONsw","RaMCONsw_fiw",20,"fiw","RaMCONsw","RaMCONsw_fiw","Mixed Conifer - Southwest Oregon",1
"5_53_29_59375",13,144,795,1813,936,1711001901,"17110018","WWC","RaDFHEdy_fwi_17110019","RaDFHEdy","RaDFHEdy_fwi",31,"fwi","RaDFHEdy","RaDFHEdy_fwi","Douglas-fir Hemlock-Dry Mesic",3
"5_53_35_96968",13,144,801,1813,1516,1711001907,"17110018","WWC","RaDFHEdy_fwi_17110019","RaDFHEdy","RaDFHEdy_fwi",31,"fwi","RaDFHEdy","RaDFHEdy_fwi","Douglas-fir Hemlock-Dry Mesic",3
"5_53_35_79599",13,144,801,1813,1866,1711001907,"17110018","WWC","RaDFHEdy_fwi_17110019","RaDFHEdy","RaDFHEdy_fwi",31,"fwi","RaDFHEdy","RaDFHEdy_fwi","Douglas-fir Hemlock-Dry Mesic",3
"5_53_35_68293",13,144,801,1813,1611,1711001907,"17110018","WWC","RaDFHEdy_fwi_17110019","RaDFHEdy","RaDFHEdy_fwi",31,"fwi","RaDFHEdy","RaDFHEdy_fwi","Douglas-fir Hemlock-Dry Mesic",3
"5_53_53_51085",13,144,797,1813,1354,1711001903,"17110018","WWC","RaDFHEdy_fwi_17110019","RaDFHEdy","RaDFHEdy_fwi",31,"fwi","RaDFHEdy","RaDFHEdy_fwi","Douglas-fir Hemlock-Dry Mesic",3
"5_53_53_70944",13,140,783,1926,1528,1711001503,"17110014","WWC","RaDFHEdy_fwi_17110015","RaDFHEdy","RaDFHEdy_fwi",31,"fwi","RaDFHEdy","RaDFHEdy_fwi","Douglas-fir Hemlock-Dry Mesic",3
"5_53_53_87230",13,140,783,1926,777,1711001503,"17110014","WWC","RaDFHEdy_fwi_17110015","RaDFHEdy","RaDFHEdy_fwi",31,"fwi","RaDFHEdy","RaDFHEdy_fwi","Douglas-fir Hemlock-Dry Mesic",3
"5_53_53_92147",13,140,783,1926,1476,1711001503,"17110014","WWC","RaDFHEdy_fwi_17110015","RaDFHEdy","RaDFHEdy_fwi",31,"fwi","RaDFHEdy","RaDFHEdy_fwi","Douglas-fir Hemlock-Dry Mesic",3
"6_53_67_55658",13,141,784,2292,1248,1711001601,"17110015","WWC","RaDFHEwt_fwm_WWC","RaDFHEwt","RaDFHEwt_fwm",33,"fwm","RaDFHEwt","RaDFHEwt_fwm","Douglas-fir Hemlock-Wet Mesic",5
"7_53_15_73349",13,83,480,1952,1101,1708000505,"17080004","WWC","RaDFHEdy_fwi_17080005","RaDFHEdy","RaDFHEdy_fwi",31,"fwi","RaDFHEdy","RaDFHEdy_fwi","Douglas-fir Hemlock-Dry Mesic",3
"7_53_15_63719",13,83,480,1949,1509,1708000505,"17080004","WWC","RaABAMlw_fsi_17080005","RaABAMlw","RaABAMlw_fsi",14,"fsi","RaABAMlw","RaABAMlw_fsi","Pacific Silver Fir - Low Elevation",3
"7_53_15_76591",13,83,480,1949,989,1708000505,"17080004","WWC","RaABAMlw_fsi_17080005","RaABAMlw","RaABAMlw_fsi",14,"fsi","RaABAMlw","RaABAMlw_fsi","Pacific Silver Fir - Low Elevation",3
"7_53_15_75381",13,83,481,1952,1167,1708000506,"17080004","WWC","RaDFHEdy_fwi_17080005","RaDFHEdy","RaDFHEdy_fwi",31,"fwi","RaDFHEdy","RaDFHEdy_fwi","Douglas-fir Hemlock-Dry Mesic",3
"7_53_15_63024",13,83,481,1949,1332,1708000506,"17080004","WWC","RaABAMlw_fsi_17080005","RaABAMlw","RaABAMlw_fsi",14,"fsi","RaABAMlw","RaABAMlw_fsi","Pacific Silver Fir - Low Elevation",3
"7_53_15_54039",13,79,465,1978,628,1708000301,"17080002","WWC","RaABAMlw_fsi_17080003C","RaABAMlw","RaABAMlw_fsi",14,"fsi","RaABAMlw","RaABAMlw_fsi","Pacific Silver Fir - Low Elevation",3
"7_53_15_90441",13,78,464,2292,1611,1708000206,"17080001A","WWC","RaDFHEwt_fwm_WWC","RaDFHEwt","RaDFHEwt_fwm",33,"fwm","RaDFHEwt","RaDFHEwt_fwm","Douglas-fir Hemlock-Wet Mesic",5
"7_53_15_64269",13,78,464,2292,955,1708000206,"17080001A","WWC","RaDFHEwt_fwm_WWC","RaDFHEwt","RaDFHEwt_fwm",33,"fwm","RaDFHEwt","RaDFHEwt_fwm","Douglas-fir Hemlock-Wet Mesic",5
"7_53_11_97813",13,78,464,1973,919,1708000206,"17080001A","WWC","RaDFHEdy_fwi_17080002","RaDFHEdy","RaDFHEdy_fwi",31,"fwi","RaDFHEdy","RaDFHEdy_fwi","Douglas-fir Hemlock-Dry Mesic",3
"7_53_11_81829",13,78,463,2292,1043,1708000205,"17080001A","WWC","RaDFHEwt_fwm_WWC","RaDFHEwt","RaDFHEwt_fwm",33,"fwm","RaDFHEwt","RaDFHEwt_fwm","Douglas-fir Hemlock-Wet Mesic",5
"0_41_5_60366",7,95,546,2052,1847,1709000906,"17090008","OWC","RaDFHEdy_fwi_17090009","RaDFHEdy","RaDFHEdy_fwi",31,"fwi","RaDFHEdy","RaDFHEdy_fwi","Douglas-fir Hemlock-Dry Mesic",3
"0_41_5_64014",7,95,544,2060,968,1709000904,"17090008","OWC","RaABAMlw_fsi_17090009","RaABAMlw","RaABAMlw_fsi",14,"fsi","RaABAMlw","RaABAMlw_fsi","Pacific Silver Fir - Low Elevation",3
"0_41_5_60654",7,95,544,2052,1281,1709000904,"17090008","OWC","RaDFHEdy_fwi_17090009","RaDFHEdy","RaDFHEdy_fwi",31,"fwi","RaDFHEdy","RaDFHEdy_fwi","Douglas-fir Hemlock-Dry Mesic",3
"0_41_5_50558",7,95,544,2052,1643,1709000904,"17090008","OWC","RaDFHEdy_fwi_17090009","RaDFHEdy","RaDFHEdy_fwi",31,"fwi","RaDFHEdy","RaDFHEdy_fwi","Douglas-fir Hemlock-Dry Mesic",3
"0_41_5_89675",7,95,544,2052,1278,1709000904,"17090008","OWC","RaDFHEdy_fwi_17090009","RaDFHEdy","RaDFHEdy_fwi",31,"fwi","RaDFHEdy","RaDFHEdy_fwi","Douglas-fir Hemlock-Dry Mesic",3
"0_41_47_78089",7,91,520,2076,1685,1709000505,"17090004","OWC","RaDFHEdy_fwi_17090005","RaDFHEdy","RaDFHEdy_fwi",31,"fwi","RaDFHEdy","RaDFHEdy_fwi","Douglas-fir Hemlock-Dry Mesic",3
"0_41_47_80938",7,91,519,2076,1590,1709000504,"17090004","OWC","RaDFHEdy_fwi_17090005","RaDFHEdy","RaDFHEdy_fwi",31,"fwi","RaDFHEdy","RaDFHEdy_fwi","Douglas-fir Hemlock-Dry Mesic",3
"1_41_43_70622",7,91,519,2076,1976,1709000504,"17090004","OWC","RaDFHEdy_fwi_17090005","RaDFHEdy","RaDFHEdy_fwi",31,"fwi","RaDFHEdy","RaDFHEdy_fwi","Douglas-fir Hemlock-Dry Mesic",3
"1_41_43_88925",7,92,528,2082,1000,1709000607,"17090005","OWC","RaDFHEdy_fwi_17090006","RaDFHEdy","RaDFHEdy_fwi",31,"fwi","RaDFHEdy","RaDFHEdy_fwi","Douglas-fir Hemlock-Dry Mesic",3
"1_41_43_75059",7,92,524,2082,2150,1709000603,"17090005","OWC","RaDFHEdy_fwi_17090006","RaDFHEdy","RaDFHEdy_fwi",31,"fwi","RaDFHEdy","RaDFHEdy_fwi","Douglas-fir Hemlock-Dry Mesic",3
"1_41_43_91293",7,92,524,2082,2153,1709000603,"17090005","OWC","RaDFHEdy_fwi_17090006","RaDFHEdy","RaDFHEdy_fwi",31,"fwi","RaDFHEdy","RaDFHEdy_fwi","Douglas-fir Hemlock-Dry Mesic",3
"1_41_43_63586",7,92,524,2082,2113,1709000603,"17090005","OWC","RaDFHEdy_fwi_17090006","RaDFHEdy","RaDFHEdy_fwi",31,"fwi","RaDFHEdy","RaDFHEdy_fwi","Douglas-fir Hemlock-Dry Mesic",3
"1_41_43_68514",7,92,522,2082,1713,1709000601,"17090005","OWC","RaDFHEdy_fwi_17090006","RaDFHEdy","RaDFHEdy_fwi",31,"fwi","RaDFHEdy","RaDFHEdy_fwi","Douglas-fir Hemlock-Dry Mesic",3
"1_41_43_92384",7,92,523,2082,1417,1709000602,"17090005","OWC","RaDFHEdy_fwi_17090006","RaDFHEdy","RaDFHEdy_fwi",31,"fwi","RaDFHEdy","RaDFHEdy_fwi","Douglas-fir Hemlock-Dry Mesic",3
"1_41_43_99640",7,92,523,2082,2279,1709000602,"17090005","OWC","RaDFHEdy_fwi_17090006","RaDFHEdy","RaDFHEdy_fwi",31,"fwi","RaDFHEdy","RaDFHEdy_fwi","Douglas-fir Hemlock-Dry Mesic",3
"1_41_43_57823",7,92,523,2082,982,1709000602,"17090005","OWC","RaDFHEdy_fwi_17090006","RaDFHEdy","RaDFHEdy_fwi",31,"fwi","RaDFHEdy","RaDFHEdy_fwi","Douglas-fir Hemlock-Dry Mesic",3
"1_41_43_54310",7,92,523,2082,755,1709000602,"17090005","OWC","RaDFHEdy_fwi_17090006","RaDFHEdy","RaDFHEdy_fwi",31,"fwi","RaDFHEdy","RaDFHEdy_fwi","Douglas-fir Hemlock-Dry Mesic",3
"1_41_43_60876",7,92,523,2329,1523,1709000602,"17090005","OWC","RaDFHEwt_fwm_OWC","RaDFHEwt","RaDFHEwt_fwm",33,"fwm","RaDFHEwt","RaDFHEwt_fwm","Douglas-fir Hemlock-Wet Mesic",5
"1_41_43_55581",7,92,523,2082,1326,1709000602,"17090005","OWC","RaDFHEdy_fwi_17090006","RaDFHEdy","RaDFHEdy_fwi",31,"fwi","RaDFHEdy","RaDFHEdy_fwi","Douglas-fir Hemlock-Dry Mesic",3
"1_41_43_71626",7,92,523,2094,1453,1709000602,"17090005","OWC","RaABAMlw_fsi_17090006","RaABAMlw","RaABAMlw_fsi",14,"fsi","RaABAMlw","RaABAMlw_fsi","Pacific Silver Fir - Low Elevation",3
"1_41_39_85520",7,90,512,2108,1235,1709000404,"17090003B","OWC","RaABAMlw_fsi_17090004","RaABAMlw","RaABAMlw_fsi",14,"fsi","RaABAMlw","RaABAMlw_fsi","Pacific Silver Fir - Low Elevation",3
"1_41_39_75324",7,90,512,2110,1065,1709000404,"17090003B","OWC","RaDFHEdy_fwi_17090004","RaDFHEdy","RaDFHEdy_fwi",31,"fwi","RaDFHEdy","RaDFHEdy_fwi","Douglas-fir Hemlock-Dry Mesic",3
"1_41_39_95110",7,90,512,2110,2301,1709000404,"17090003B","OWC","RaDFHEdy_fwi_17090004","RaDFHEdy","RaDFHEdy_fwi",31,"fwi","RaDFHEdy","RaDFHEdy_fwi","Douglas-fir Hemlock-Dry Mesic",3
"1_41_39_55610",7,90,512,2110,1478,1709000404,"17090003B","OWC","RaDFHEdy_fwi_17090004","RaDFHEdy","RaDFHEdy_fwi",31,"fwi","RaDFHEdy","RaDFHEdy_fwi","Douglas-fir Hemlock-Dry Mesic",3
"1_41_39_65436",7,90,512,2329,609,1709000404,"17090003B","OWC","RaDFHEwt_fwm_OWC","RaDFHEwt","RaDFHEwt_fwm",33,"fwm","RaDFHEwt","RaDFHEwt_fwm","Douglas-fir Hemlock-Wet Mesic",5
"1_41_39_82777",7,90,512,2110,1119,1709000404,"17090003B","OWC","RaDFHEdy_fwi_17090004","RaDFHEdy","RaDFHEdy_fwi",31,"fwi","RaDFHEdy","RaDFHEdy_fwi","Douglas-fir Hemlock-Dry Mesic",3
"1_41_39_70322",7,90,513,2329,889,1709000405,"17090003B","OWC","RaDFHEwt_fwm_OWC","RaDFHEwt","RaDFHEwt_fwm",33,"fwm","RaDFHEwt","RaDFHEwt_fwm","Douglas-fir Hemlock-Wet Mesic",5
"1_41_39_65228",7,90,513,2110,1571,1709000405,"17090003B","OWC","RaDFHEdy_fwi_17090004","RaDFHEdy","RaDFHEdy_fwi",31,"fwi","RaDFHEdy","RaDFHEdy_fwi","Douglas-fir Hemlock-Dry Mesic",3
"1_41_39_60537",7,90,513,2110,1435,1709000405,"17090003B","OWC","RaDFHEdy_fwi_17090004","RaDFHEdy","RaDFHEdy_fwi",31,"fwi","RaDFHEdy","RaDFHEdy_fwi","Douglas-fir Hemlock-Dry Mesic",3
"1_41_39_55943",7,86,497,2139,1299,1709000109,"17080006A","OWC","RaDFHEdy_fwi_17090001","RaDFHEdy","RaDFHEdy_fwi",31,"fwi","RaDFHEdy","RaDFHEdy_fwi","Douglas-fir Hemlock-Dry Mesic",3
"1_41_39_62643",7,86,497,2140,1494,1709000109,"17080006A","OWC","RaABAMlw_fsi_17090001","RaABAMlw","RaABAMlw_fsi",14,"fsi","RaABAMlw","RaABAMlw_fsi","Pacific Silver Fir - Low Elevation",3
"1_41_39_90860",7,86,494,2140,1495,1709000106,"17080006A","OWC","RaABAMlw_fsi_17090001","RaABAMlw","RaABAMlw_fsi",14,"fsi","RaABAMlw","RaABAMlw_fsi","Pacific Silver Fir - Low Elevation",3
"1_41_39_70047",7,86,494,2139,2745,1709000106,"17080006A","OWC","RaDFHEdy_fwi_17090001","RaDFHEdy","RaDFHEdy_fwi",31,"fwi","RaDFHEdy","RaDFHEdy_fwi","Douglas-fir Hemlock-Dry Mesic",3
"1_41_39_88166",7,86,494,2139,3088,1709000106,"17080006A","OWC","RaDFHEdy_fwi_17090001","RaDFHEdy","RaDFHEdy_fwi",31,"fwi","RaDFHEdy","RaDFHEdy_fwi","Douglas-fir Hemlock-Dry Mesic",3
"1_41_39_57439",7,86,494,2139,2575,1709000106,"17080006A","OWC","RaDFHEdy_fwi_17090001","RaDFHEdy","RaDFHEdy_fwi",31,"fwi","RaDFHEdy","RaDFHEdy_fwi","Douglas-fir Hemlock-Dry Mesic",3
"1_41_39_54402",7,86,494,2140,1638,1709000106,"17080006A","OWC","RaABAMlw_fsi_17090001","RaABAMlw","RaABAMlw_fsi",14,"fsi","RaABAMlw","RaABAMlw_fsi","Pacific Silver Fir - Low Elevation",3
"1_41_39_63014",7,86,492,2140,1484,1709000104,"17080006A","OWC","RaABAMlw_fsi_17090001","RaABAMlw","RaABAMlw_fsi",14,"fsi","RaABAMlw","RaABAMlw_fsi","Pacific Silver Fir - Low Elevation",3
"1_41_39_71170",7,86,492,2139,1987,1709000104,"17080006A","OWC","RaDFHEdy_fwi_17090001","RaDFHEdy","RaDFHEdy_fwi",31,"fwi","RaDFHEdy","RaDFHEdy_fwi","Douglas-fir Hemlock-Dry Mesic",3
"1_41_39_59626",7,86,492,2139,1481,1709000104,"17080006A","OWC","RaDFHEdy_fwi_17090001","RaDFHEdy","RaDFHEdy_fwi",31,"fwi","RaDFHEdy","RaDFHEdy_fwi","Douglas-fir Hemlock-Dry Mesic",3
"1_41_39_61299",7,86,492,2141,1079,1709000104,"17080006A","OWC","RaABAMlw_fsw_17090001","RaABAMlw","RaABAMlw_fsw",16,"fsw","RaABAMlw","RaABAMlw_fsw","Pacific Silver Fir - Low Elevation",3
"1_41_39_80906",7,86,491,2333,1089,1709000103,"17080006A","OWC","RaDFHEwt_fdm_OWC","RaDFHEwt","RaDFHEwt_fdm",40,"fdm","RaDFHEwt","RaDFHEwt_fdm","Douglas-fir Hemlock-Wet Mesic",5
"1_41_39_79976",7,86,491,2139,1045,1709000103,"17080006A","OWC","RaDFHEdy_fwi_17090001","RaDFHEdy","RaDFHEdy_fwi",31,"fwi","RaDFHEdy","RaDFHEdy_fwi","Douglas-fir Hemlock-Dry Mesic",3
"1_41_39_68412",7,86,490,2333,835,1709000102,"17080006A","OWC","RaDFHEwt_fdm_OWC","RaDFHEwt","RaDFHEwt_fdm",40,"fdm","RaDFHEwt","RaDFHEwt_fdm","Douglas-fir Hemlock-Wet Mesic",5
"1_41_39_79109",7,86,490,2139,1834,1709000102,"17080006A","OWC","RaDFHEdy_fwi_17090001","RaDFHEdy","RaDFHEdy_fwi",31,"fwi","RaDFHEdy","RaDFHEdy_fwi","Douglas-fir Hemlock-Dry Mesic",3
"1_41_39_73964",7,86,490,2139,1166,1709000102,"17080006A","OWC","RaDFHEdy_fwi_17090001","RaDFHEdy","RaDFHEdy_fwi",31,"fwi","RaDFHEdy","RaDFHEdy_fwi","Douglas-fir Hemlock-Dry Mesic",3
"1_41_39_90218",7,86,490,2141,825,1709000102,"17080006A","OWC","RaABAMlw_fsw_17090001","RaABAMlw","RaABAMlw_fsw",16,"fsw","RaABAMlw","RaABAMlw_fsw","Pacific Silver Fir - Low Elevation",3
"1_41_39_73341",7,86,490,2141,1708,1709000102,"17080006A","OWC","RaABAMlw_fsw_17090001","RaABAMlw","RaABAMlw_fsw",16,"fsw","RaABAMlw","RaABAMlw_fsw","Pacific Silver Fir - Low Elevation",3
"1_41_39_59239",7,86,489,2140,2820,1709000101,"17080006A","OWC","RaABAMlw_fsi_17090001","RaABAMlw","RaABAMlw_fsi",14,"fsi","RaABAMlw","RaABAMlw_fsi","Pacific Silver Fir - Low Elevation",3
"1_41_39_78674",7,86,489,2139,1041,1709000101,"17080006A","OWC","RaDFHEdy_fwi_17090001","RaDFHEdy","RaDFHEdy_fwi",31,"fwi","RaDFHEdy","RaDFHEdy_fwi","Douglas-fir Hemlock-Dry Mesic",3
"1_41_39_79673",7,86,489,2139,692,1709000101,"17080006A","OWC","RaDFHEdy_fwi_17090001","RaDFHEdy","RaDFHEdy_fwi",31,"fwi","RaDFHEdy","RaDFHEdy_fwi","Douglas-fir Hemlock-Dry Mesic",3
"1_41_39_87523",7,86,489,2139,2054,1709000101,"17080006A","OWC","RaDFHEdy_fwi_17090001","RaDFHEdy","RaDFHEdy_fwi",31,"fwi","RaDFHEdy","RaDFHEdy_fwi","Douglas-fir Hemlock-Dry Mesic",3
"1_41_39_71008",7,86,489,2331,1232,1709000101,"17080006A","OWC","Na0710412_fmc_OWC","Na0710412","Na0710412_fmc",7,"fmc","Na0710412","Na0710412_fmc","North Pacific Mountain Hemlock Forest - Xeric",5
"2_41_19_97696",7,86,489,2140,1622,1709000101,"17080006A","OWC","RaABAMlw_fsi_17090001","RaABAMlw","RaABAMlw_fsi",14,"fsi","RaABAMlw","RaABAMlw_fsi","Pacific Silver Fir - Low Elevation",3
"2_41_19_76395",7,86,489,2331,2547,1709000101,"17080006A","OWC","Na0710412_fmc_OWC","Na0710412","Na0710412_fmc",7,"fmc","Na0710412","Na0710412_fmc","North Pacific Mountain Hemlock Forest - Xeric",5
"2_41_19_84407",7,86,489,2140,2144,1709000101,"17080006A","OWC","RaABAMlw_fsi_17090001","RaABAMlw","RaABAMlw_fsi",14,"fsi","RaABAMlw","RaABAMlw_fsi","Pacific Silver Fir - Low Elevation",3
"2_41_19_78019",6,113,638,1131,1508,1710030105,"17100207","OSW","RaMCONsw_fiw_1710030105","RaMCONsw","RaMCONsw_fiw",20,"fiw","RaMCONsw","RaMCONsw_fiw","Mixed Conifer - Southwest Oregon",1
"2_41_19_79340",6,113,638,1131,2021,1710030105,"17100207","OSW","RaMCONsw_fiw_1710030105","RaMCONsw","RaMCONsw_fiw",20,"fiw","RaMCONsw","RaMCONsw_fiw","Mixed Conifer - Southwest Oregon",1
"2_41_19_94545",6,113,638,2186,1063,1710030105,"17100207","OSW","R1RFWF_fcw_17100301","R1RFWF","R1RFWF_fcw",18,"fcw","R1RFWF","R1RFWF_fcw","Red Fir / White Fir",3
"2_41_19_55678",6,113,638,1131,1121,1710030105,"17100207","OSW","RaMCONsw_fiw_1710030105","RaMCONsw","RaMCONsw_fiw",20,"fiw","RaMCONsw","RaMCONsw_fiw","Mixed Conifer - Southwest Oregon",1
"2_41_19_60697",6,113,636,2196,1878,1710030103,"17100207","OSW","RaDFHEdy_fwx_17100301","RaDFHEdy","RaDFHEdy_fwx",38,"fwx","RaDFHEdy","RaDFHEdy_fwx","Douglas-fir Hemlock-Dry Mesic",3
"2_41_19_55857",6,113,636,2180,822,1710030103,"17100207","OSW","RaDFHEdy_fwi_17100301","RaDFHEdy","RaDFHEdy_fwi",31,"fwi","RaDFHEdy","RaDFHEdy_fwi","Douglas-fir Hemlock-Dry Mesic",3
"2_41_19_95191",6,113,636,2352,993,1710030103,"17100207","OSW","Na0710412_fmh_OSW","Na0710412","Na0710412_fmh",4,"fmh","Na0710412","Na0710412_fmh","North Pacific Mountain Hemlock Forest - Xeric",5
"2_41_19_59875",6,113,636,2352,1605,1710030103,"17100207","OSW","Na0710412_fmh_OSW","Na0710412","Na0710412_fmh",4,"fmh","Na0710412","Na0710412_fmh","North Pacific Mountain Hemlock Forest - Xeric",5
"2_41_19_70377",6,113,637,2344,1681,1710030104,"17100207","OSW","Na0710412_fmc_OSW","Na0710412","Na0710412_fmc",7,"fmc","Na0710412","Na0710412_fmc","North Pacific Mountain Hemlock Forest - Xeric",5
"2_41_19_89906",6,113,637,2344,1575,1710030104,"17100207","OSW","Na0710412_fmc_OSW","Na0710412","Na0710412_fmc",7,"fmc","Na0710412","Na0710412_fmc","North Pacific Mountain Hemlock Forest - Xeric",5
"2_41_19_78828",6,120,679,2352,1372,1710030701,"17100306","OSW","Na0710412_fmh_OSW","Na0710412","Na0710412_fmh",4,"fmh","Na0710412","Na0710412_fmh","North Pacific Mountain Hemlock Forest - Xeric",5
"2_41_19_72364",6,120,679,2352,1528,1710030701,"17100306","OSW","Na0710412_fmh_OSW","Na0710412","Na0710412_fmh",4,"fmh","Na0710412","Na0710412_fmh","North Pacific Mountain Hemlock Forest - Xeric",5
"2_41_19_82727",6,120,679,1231,1683,1710030701,"17100306","OSW","RaMCONsw_fiw_1710030701","RaMCONsw","RaMCONsw_fiw",20,"fiw","RaMCONsw","RaMCONsw_fiw","Mixed Conifer - Southwest Oregon",1
"3_41_35_63726",6,120,679,2352,1121,1710030701,"17100306","OSW","Na0710412_fmh_OSW","Na0710412","Na0710412_fmh",4,"fmh","Na0710412","Na0710412_fmh","North Pacific Mountain Hemlock Forest - Xeric",5
"2_41_19_71503",6,120,679,1231,1195,1710030701,"17100306","OSW","RaMCONsw_fiw_1710030701","RaMCONsw","RaMCONsw_fiw",20,"fiw","RaMCONsw","RaMCONsw_fiw","Mixed Conifer - Southwest Oregon",1
"2_41_19_88684",6,120,679,2352,1658,1710030701,"17100306","OSW","Na0710412_fmh_OSW","Na0710412","Na0710412_fmh",4,"fmh","Na0710412","Na0710412_fmh","North Pacific Mountain Hemlock Forest - Xeric",5
"2_41_29_56281",6,120,679,2219,722,1710030701,"17100306","OSW","RaREFI_fcw_17100307","RaREFI","RaREFI_fcw",19,"fcw","RaREFI","RaREFI_fcw","Red Fir",3
"3_41_35_56188",6,120,679,2352,1937,1710030701,"17100306","OSW","Na0710412_fmh_OSW","Na0710412","Na0710412_fmh",4,"fmh","Na0710412","Na0710412_fmh","North Pacific Mountain Hemlock Forest - Xeric",5
"3_41_35_58994",4,159,906,2252,682,1801020302,"18010202","OEC","RaREFI_frm_18010203","RaREFI","RaREFI_frm",11,"frm","RaREFI","RaREFI_frm","Red Fir",3
"3_41_35_91701",4,159,906,2252,1293,1801020302,"18010202","OEC","RaREFI_frm_18010203","RaREFI","RaREFI_frm",11,"frm","RaREFI","RaREFI_frm","Red Fir",3
"3_41_35_71874",4,159,906,2252,1078,1801020302,"18010202","OEC","RaREFI_frm_18010203","RaREFI","RaREFI_frm",11,"frm","RaREFI","RaREFI_frm","Red Fir",3
"3_41_35_75343",6,120,686,2219,1406,1710030708,"17100306","OSW","RaREFI_fcw_17100307","RaREFI","RaREFI_fcw",19,"fcw","RaREFI","RaREFI_fcw","Red Fir",3
"3_41_35_93508",6,120,686,2219,931,1710030708,"17100306","OSW","RaREFI_fcw_17100307","RaREFI","RaREFI_fcw",19,"fcw","RaREFI","RaREFI_fcw","Red Fir",3
"3_41_35_61339",6,161,917,2267,1727,1801020601,"18010204","OSW","RaREFI_frm_18010206","RaREFI","RaREFI_frm",11,"frm","RaREFI","RaREFI_frm","Red Fir",3
"3_41_35_79602",6,120,686,2219,1429,1710030708,"17100306","OSW","RaREFI_fcw_17100307","RaREFI","RaREFI_fcw",19,"fcw","RaREFI","RaREFI_fcw","Red Fir",3
"3_41_35_78814",6,161,920,2268,1666,1801020604,"18010204","OSW","RaREFI_fcw_18010206","RaREFI","RaREFI_fcw",19,"fcw","RaREFI","RaREFI_fcw","Red Fir",3
"3_41_35_93742",6,161,920,2268,2101,1801020604,"18010204","OSW","RaREFI_fcw_18010206","RaREFI","RaREFI_fcw",19,"fcw","RaREFI","RaREFI_fcw","Red Fir",3
"3_41_35_52992",6,161,919,1721,1956,1801020603,"18010204","OSW","RaMCONsw_fiw_1801020603","RaMCONsw","RaMCONsw_fiw",20,"fiw","RaMCONsw","RaMCONsw_fiw","Mixed Conifer - Southwest Oregon",1
"3_41_35_97839",6,161,919,1728,737,1801020603,"18010204","OSW","RaPIPOm_fpd_1801020603","RaPIPOm","RaPIPOm_fpd",51,"fpd","RaPIPOm","RaPIPOm_fpd","Dry Ponderosa Pine - Mesic",1
"5_53_35_66128",13,144,801,2292,668,1711001907,"17110018","WWC","RaDFHEwt_fwm_WWC","RaDFHEwt","RaDFHEwt_fwm",33,"fwm","RaDFHEwt","RaDFHEwt_fwm","Douglas-fir Hemlock-Wet Mesic",5
"5_53_33_98383",13,144,798,1813,550,1711001904,"17110018","WWC","RaDFHEdy_fwi_17110019","RaDFHEdy","RaDFHEdy_fwi",31,"fwi","RaDFHEdy","RaDFHEdy_fwi","Douglas-fir Hemlock-Dry Mesic",3
"5_53_73_87438",11,129,735,1767,905,1711000405,"17110003","WNC","RaDFHEdy_fwi_17110004","RaDFHEdy","RaDFHEdy_fwi",31,"fwi","RaDFHEdy","RaDFHEdy_fwi","Douglas-fir Hemlock-Dry Mesic",3
"5_53_53_78165",13,144,797,1813,1257,1711001903,"17110018","WWC","RaDFHEdy_fwi_17110019","RaDFHEdy","RaDFHEdy_fwi",31,"fwi","RaDFHEdy","RaDFHEdy_fwi","Douglas-fir Hemlock-Dry Mesic",3
"6_53_67_78192",13,140,782,1926,1818,1711001502,"17110014","WWC","RaDFHEdy_fwi_17110015","RaDFHEdy","RaDFHEdy_fwi",31,"fwi","RaDFHEdy","RaDFHEdy_fwi","Douglas-fir Hemlock-Dry Mesic",3
"6_53_67_95820",13,141,784,1929,1713,1711001601,"17110015","WWC","RaDFHEdy_fwi_17110016","RaDFHEdy","RaDFHEdy_fwi",31,"fwi","RaDFHEdy","RaDFHEdy_fwi","Douglas-fir Hemlock-Dry Mesic",3
"7_53_41_72062",13,141,784,2292,954,1711001601,"17110015","WWC","RaDFHEwt_fwm_WWC","RaDFHEwt","RaDFHEwt_fwm",33,"fwm","RaDFHEwt","RaDFHEwt_fwm","Douglas-fir Hemlock-Wet Mesic",5
"7_53_41_83522",13,141,784,2303,920,1711001601,"17110015","WWC","RaABAMup_fst_WWC","RaABAMup","RaABAMup_fst",13,"fst","RaABAMup","RaABAMup_fst","Pacific Silver Fir - High Elevation",5
"7_53_41_51749",13,83,476,1952,558,1708000501,"17080004","WWC","RaDFHEdy_fwi_17080005","RaDFHEdy","RaDFHEdy_fwi",31,"fwi","RaDFHEdy","RaDFHEdy_fwi","Douglas-fir Hemlock-Dry Mesic",3
"7_53_41_63987",13,83,476,2303,479,1708000501,"17080004","WWC","RaABAMup_fst_WWC","RaABAMup","RaABAMup_fst",13,"fst","RaABAMup","RaABAMup_fst","Pacific Silver Fir - High Elevation",5
"7_53_41_55979",13,83,476,2292,877,1708000501,"17080004","WWC","RaDFHEwt_fwm_WWC","RaDFHEwt","RaDFHEwt_fwm",33,"fwm","RaDFHEwt","RaDFHEwt_fwm","Douglas-fir Hemlock-Wet Mesic",5
"7_53_41_53922",13,83,477,2292,1410,1708000502,"17080004","WWC","RaDFHEwt_fwm_WWC","RaDFHEwt","RaDFHEwt_fwm",33,"fwm","RaDFHEwt","RaDFHEwt_fwm","Douglas-fir Hemlock-Wet Mesic",5
"7_53_41_67490",13,83,477,2292,511,1708000502,"17080004","WWC","RaDFHEwt_fwm_WWC","RaDFHEwt","RaDFHEwt_fwm",33,"fwm","RaDFHEwt","RaDFHEwt_fwm","Douglas-fir Hemlock-Wet Mesic",5
"7_53_41_83079",13,83,477,1952,1126,1708000502,"17080004","WWC","RaDFHEdy_fwi_17080005","RaDFHEdy","RaDFHEdy_fwi",31,"fwi","RaDFHEdy","RaDFHEdy_fwi","Douglas-fir Hemlock-Dry Mesic",3
"7_53_41_58031",13,83,477,1951,1558,1708000502,"17080004","WWC","RaABAMlw_fwc_17080005","RaABAMlw","RaABAMlw_fwc",35,"fwc","RaABAMlw","RaABAMlw_fwc","Pacific Silver Fir - Low Elevation",3
"7_53_41_65116",13,83,479,2292,775,1708000504,"17080004","WWC","RaDFHEwt_fwm_WWC","RaDFHEwt","RaDFHEwt_fwm",33,"fwm","RaDFHEwt","RaDFHEwt_fwm","Douglas-fir Hemlock-Wet Mesic",5
"7_53_15_64811",13,83,480,1952,947,1708000505,"17080004","WWC","RaDFHEdy_fwi_17080005","RaDFHEdy","RaDFHEdy_fwi",31,"fwi","RaDFHEdy","RaDFHEdy_fwi","Douglas-fir Hemlock-Dry Mesic",3
"7_53_15_50505",13,83,480,1952,921,1708000505,"17080004","WWC","RaDFHEdy_fwi_17080005","RaDFHEdy","RaDFHEdy_fwi",31,"fwi","RaDFHEdy","RaDFHEdy_fwi","Douglas-fir Hemlock-Dry Mesic",3
"7_53_15_73010",13,83,481,1949,1731,1708000506,"17080004","WWC","RaABAMlw_fsi_17080005","RaABAMlw","RaABAMlw_fsi",14,"fsi","RaABAMlw","RaABAMlw_fsi","Pacific Silver Fir - Low Elevation",3
"7_53_15_56072",13,83,481,2305,1638,1708000506,"17080004","WWC","Na0710412_fmc_WWC","Na0710412","Na0710412_fmc",7,"fmc","Na0710412","Na0710412_fmc","North Pacific Mountain Hemlock Forest - Xeric",5
"7_53_15_64792",13,79,465,2303,738,1708000301,"17080002","WWC","RaABAMup_fst_WWC","RaABAMup","RaABAMup_fst",13,"fst","RaABAMup","RaABAMup_fst","Pacific Silver Fir - High Elevation",5
"7_53_15_93763",13,78,462,2303,965,1708000204,"17080001A","WWC","RaABAMup_fst_WWC","RaABAMup","RaABAMup_fst",13,"fst","RaABAMup","RaABAMup_fst","Pacific Silver Fir - High Elevation",5
"7_53_15_85627",13,78,462,2292,645,1708000204,"17080001A","WWC","RaDFHEwt_fwm_WWC","RaDFHEwt","RaDFHEwt_fwm",33,"fwm","RaDFHEwt","RaDFHEwt_fwm","Douglas-fir Hemlock-Wet Mesic",5
"5_53_73_69029",11,129,736,2282,1487,1711000406,"17110003","WNC","RaDFHEwt_fwm_WNC","RaDFHEwt","RaDFHEwt_fwm",33,"fwm","RaDFHEwt","RaDFHEwt_fwm","Douglas-fir Hemlock-Wet Mesic",5
"7_53_11_65760",13,78,464,2292,1911,1708000206,"17080001A","WWC","RaDFHEwt_fwm_WWC","RaDFHEwt","RaDFHEwt_fwm",33,"fwm","RaDFHEwt","RaDFHEwt_fwm","Douglas-fir Hemlock-Wet Mesic",5
"7_53_11_71475",13,78,464,2292,1804,1708000206,"17080001A","WWC","RaDFHEwt_fwm_WWC","RaDFHEwt","RaDFHEwt_fwm",33,"fwm","RaDFHEwt","RaDFHEwt_fwm","Douglas-fir Hemlock-Wet Mesic",5
"7_53_11_52689",13,78,463,2292,2297,1708000205,"17080001A","WWC","RaDFHEwt_fwm_WWC","RaDFHEwt","RaDFHEwt_fwm",33,"fwm","RaDFHEwt","RaDFHEwt_fwm","Douglas-fir Hemlock-Wet Mesic",5
"7_53_11_51057",13,78,463,2292,1783,1708000205,"17080001A","WWC","RaDFHEwt_fwm_WWC","RaDFHEwt","RaDFHEwt_fwm",33,"fwm","RaDFHEwt","RaDFHEwt_fwm","Douglas-fir Hemlock-Wet Mesic",5
"5_53_73_52794",11,129,736,2282,1180,1711000406,"17110003","WNC","RaDFHEwt_fwm_WNC","RaDFHEwt","RaDFHEwt_fwm",33,"fwm","RaDFHEwt","RaDFHEwt_fwm","Douglas-fir Hemlock-Wet Mesic",5
"7_53_11_89580",13,78,463,2292,1849,1708000205,"17080001A","WWC","RaDFHEwt_fwm_WWC","RaDFHEwt","RaDFHEwt_fwm",33,"fwm","RaDFHEwt","RaDFHEwt_fwm","Douglas-fir Hemlock-Wet Mesic",5
"7_53_11_85171",13,77,456,2292,1228,1708000106,"17080001B","WWC","RaDFHEwt_fwm_WWC","RaDFHEwt","RaDFHEwt_fwm",33,"fwm","RaDFHEwt","RaDFHEwt_fwm","Douglas-fir Hemlock-Wet Mesic",5
"7_53_11_98228",13,77,456,2292,584,1708000106,"17080001B","WWC","RaDFHEwt_fwm_WWC","RaDFHEwt","RaDFHEwt_fwm",33,"fwm","RaDFHEwt","RaDFHEwt_fwm","Douglas-fir Hemlock-Wet Mesic",5
"7_53_11_54392",13,77,456,2292,1051,1708000106,"17080001B","WWC","RaDFHEwt_fwm_WWC","RaDFHEwt","RaDFHEwt_fwm",33,"fwm","RaDFHEwt","RaDFHEwt_fwm","Douglas-fir Hemlock-Wet Mesic",5
"0_41_51_66549",7,76,457,449,682,1708000107,"17070307","OWC","RaDFWV_fwx_1708000107","RaDFWV","RaDFWV_fwx",37,"fwx","RaDFWV","RaDFWV_fwx","Douglas-fir Willamatte Valley Foothills",1
"0_41_5_94935",7,97,557,475,1149,1709001106,"17090010","OWC","RaDFWV_fwx_1709001106","RaDFWV","RaDFWV_fwx",37,"fwx","RaDFWV","RaDFWV_fwx","Douglas-fir Willamatte Valley Foothills",1
"0_41_5_59644",7,97,557,2329,437,1709001106,"17090010","OWC","RaDFHEwt_fwm_OWC","RaDFHEwt","RaDFHEwt_fwm",33,"fwm","RaDFHEwt","RaDFHEwt_fwm","Douglas-fir Hemlock-Wet Mesic",5
"0_41_5_55189",7,97,557,2329,1700,1709001106,"17090010","OWC","RaDFHEwt_fwm_OWC","RaDFHEwt","RaDFHEwt_fwm",33,"fwm","RaDFHEwt","RaDFHEwt_fwm","Douglas-fir Hemlock-Wet Mesic",5
"0_41_5_52212",7,95,546,2052,1385,1709000906,"17090008","OWC","RaDFHEdy_fwi_17090009","RaDFHEdy","RaDFHEdy_fwi",31,"fwi","RaDFHEdy","RaDFHEdy_fwi","Douglas-fir Hemlock-Dry Mesic",3
"0_41_5_57372",7,95,544,2052,1619,1709000904,"17090008","OWC","RaDFHEdy_fwi_17090009","RaDFHEdy","RaDFHEdy_fwi",31,"fwi","RaDFHEdy","RaDFHEdy_fwi","Douglas-fir Hemlock-Dry Mesic",3
"0_41_5_71111",7,95,544,2052,1105,1709000904,"17090008","OWC","RaDFHEdy_fwi_17090009","RaDFHEdy","RaDFHEdy_fwi",31,"fwi","RaDFHEdy","RaDFHEdy_fwi","Douglas-fir Hemlock-Dry Mesic",3
"0_41_5_79521",7,95,544,2060,1366,1709000904,"17090008","OWC","RaABAMlw_fsi_17090009","RaABAMlw","RaABAMlw_fsi",14,"fsi","RaABAMlw","RaABAMlw_fsi","Pacific Silver Fir - Low Elevation",3
"0_41_5_86607",7,95,544,2060,897,1709000904,"17090008","OWC","RaABAMlw_fsi_17090009","RaABAMlw","RaABAMlw_fsi",14,"fsi","RaABAMlw","RaABAMlw_fsi","Pacific Silver Fir - Low Elevation",3
"0_41_5_68130",7,95,544,2052,2667,1709000904,"17090008","OWC","RaDFHEdy_fwi_17090009","RaDFHEdy","RaDFHEdy_fwi",31,"fwi","RaDFHEdy","RaDFHEdy_fwi","Douglas-fir Hemlock-Dry Mesic",3
"0_41_47_67580",7,91,520,2076,1912,1709000505,"17090004","OWC","RaDFHEdy_fwi_17090005","RaDFHEdy","RaDFHEdy_fwi",31,"fwi","RaDFHEdy","RaDFHEdy_fwi","Douglas-fir Hemlock-Dry Mesic",3
"0_41_47_70361",7,91,520,2076,1745,1709000505,"17090004","OWC","RaDFHEdy_fwi_17090005","RaDFHEdy","RaDFHEdy_fwi",31,"fwi","RaDFHEdy","RaDFHEdy_fwi","Douglas-fir Hemlock-Dry Mesic",3
"0_41_47_68840",7,91,520,2075,828,1709000505,"17090004","OWC","RaABAMlw_fsi_17090005","RaABAMlw","RaABAMlw_fsi",14,"fsi","RaABAMlw","RaABAMlw_fsi","Pacific Silver Fir - Low Elevation",3
"1_41_43_59313",7,91,519,2076,1045,1709000504,"17090004","OWC","RaDFHEdy_fwi_17090005","RaDFHEdy","RaDFHEdy_fwi",31,"fwi","RaDFHEdy","RaDFHEdy_fwi","Douglas-fir Hemlock-Dry Mesic",3
"1_41_43_95244",7,91,518,2075,1361,1709000503,"17090004","OWC","RaABAMlw_fsi_17090005","RaABAMlw","RaABAMlw_fsi",14,"fsi","RaABAMlw","RaABAMlw_fsi","Pacific Silver Fir - Low Elevation",3
"1_41_43_80820",7,91,518,2075,733,1709000503,"17090004","OWC","RaABAMlw_fsi_17090005","RaABAMlw","RaABAMlw_fsi",14,"fsi","RaABAMlw","RaABAMlw_fsi","Pacific Silver Fir - Low Elevation",3
"1_41_43_70667",7,92,524,2082,1758,1709000603,"17090005","OWC","RaDFHEdy_fwi_17090006","RaDFHEdy","RaDFHEdy_fwi",31,"fwi","RaDFHEdy","RaDFHEdy_fwi","Douglas-fir Hemlock-Dry Mesic",3
"1_41_43_79390",7,92,524,2082,1470,1709000603,"17090005","OWC","RaDFHEdy_fwi_17090006","RaDFHEdy","RaDFHEdy_fwi",31,"fwi","RaDFHEdy","RaDFHEdy_fwi","Douglas-fir Hemlock-Dry Mesic",3
"1_41_43_97503",7,92,524,2082,2765,1709000603,"17090005","OWC","RaDFHEdy_fwi_17090006","RaDFHEdy","RaDFHEdy_fwi",31,"fwi","RaDFHEdy","RaDFHEdy_fwi","Douglas-fir Hemlock-Dry Mesic",3
"1_41_43_94595",7,92,523,2082,1972,1709000602,"17090005","OWC","RaDFHEdy_fwi_17090006","RaDFHEdy","RaDFHEdy_fwi",31,"fwi","RaDFHEdy","RaDFHEdy_fwi","Douglas-fir Hemlock-Dry Mesic",3
"1_41_43_99078",7,92,523,2094,1075,1709000602,"17090005","OWC","RaABAMlw_fsi_17090006","RaABAMlw","RaABAMlw_fsi",14,"fsi","RaABAMlw","RaABAMlw_fsi","Pacific Silver Fir - Low Elevation",3
"1_41_43_72320",7,92,523,2094,946,1709000602,"17090005","OWC","RaABAMlw_fsi_17090006","RaABAMlw","RaABAMlw_fsi",14,"fsi","RaABAMlw","RaABAMlw_fsi","Pacific Silver Fir - Low Elevation",3
"1_41_43_65488",7,92,523,2094,1471,1709000602,"17090005","OWC","RaABAMlw_fsi_17090006","RaABAMlw","RaABAMlw_fsi",14,"fsi","RaABAMlw","RaABAMlw_fsi","Pacific Silver Fir - Low Elevation",3
"1_41_43_62664",7,92,523,2094,985,1709000602,"17090005","OWC","RaABAMlw_fsi_17090006","RaABAMlw","RaABAMlw_fsi",14,"fsi","RaABAMlw","RaABAMlw_fsi","Pacific Silver Fir - Low Elevation",3
"1_41_43_98185",7,90,512,2108,1113,1709000404,"17090003B","OWC","RaABAMlw_fsi_17090004","RaABAMlw","RaABAMlw_fsi",14,"fsi","RaABAMlw","RaABAMlw_fsi","Pacific Silver Fir - Low Elevation",3
"1_41_43_92581",7,90,512,2108,1970,1709000404,"17090003B","OWC","RaABAMlw_fsi_17090004","RaABAMlw","RaABAMlw_fsi",14,"fsi","RaABAMlw","RaABAMlw_fsi","Pacific Silver Fir - Low Elevation",3
"1_41_39_89212",7,90,512,2110,2071,1709000404,"17090003B","OWC","RaDFHEdy_fwi_17090004","RaDFHEdy","RaDFHEdy_fwi",31,"fwi","RaDFHEdy","RaDFHEdy_fwi","Douglas-fir Hemlock-Dry Mesic",3
"1_41_39_76333",7,90,512,2110,2455,1709000404,"17090003B","OWC","RaDFHEdy_fwi_17090004","RaDFHEdy","RaDFHEdy_fwi",31,"fwi","RaDFHEdy","RaDFHEdy_fwi","Douglas-fir Hemlock-Dry Mesic",3
"1_41_39_57199",7,90,512,2110,2437,1709000404,"17090003B","OWC","RaDFHEdy_fwi_17090004","RaDFHEdy","RaDFHEdy_fwi",31,"fwi","RaDFHEdy","RaDFHEdy_fwi","Douglas-fir Hemlock-Dry Mesic",3
"1_41_39_72170",7,90,513,916,883,1709000405,"17090003B","OWC","RaDFWV_fwx_1709000405","RaDFWV","RaDFWV_fwx",37,"fwx","RaDFWV","RaDFWV_fwx","Douglas-fir Willamatte Valley Foothills",1
"1_41_39_60225",7,90,511,2110,1458,1709000403,"17090003B","OWC","RaDFHEdy_fwi_17090004","RaDFHEdy","RaDFHEdy_fwi",31,"fwi","RaDFHEdy","RaDFHEdy_fwi","Douglas-fir Hemlock-Dry Mesic",3
"1_41_39_97945",7,90,511,2110,935,1709000403,"17090003B","OWC","RaDFHEdy_fwi_17090004","RaDFHEdy","RaDFHEdy_fwi",31,"fwi","RaDFHEdy","RaDFHEdy_fwi","Douglas-fir Hemlock-Dry Mesic",3
"1_41_39_59942",7,90,513,2108,1332,1709000405,"17090003B","OWC","RaABAMlw_fsi_17090004","RaABAMlw","RaABAMlw_fsi",14,"fsi","RaABAMlw","RaABAMlw_fsi","Pacific Silver Fir - Low Elevation",3
"1_41_39_86195",7,90,511,2110,1013,1709000403,"17090003B","OWC","RaDFHEdy_fwi_17090004","RaDFHEdy","RaDFHEdy_fwi",31,"fwi","RaDFHEdy","RaDFHEdy_fwi","Douglas-fir Hemlock-Dry Mesic",3
"1_41_39_89187",7,90,513,2108,883,1709000405,"17090003B","OWC","RaABAMlw_fsi_17090004","RaABAMlw","RaABAMlw_fsi",14,"fsi","RaABAMlw","RaABAMlw_fsi","Pacific Silver Fir - Low Elevation",3
"1_41_39_91657",7,90,513,2108,2301,1709000405,"17090003B","OWC","RaABAMlw_fsi_17090004","RaABAMlw","RaABAMlw_fsi",14,"fsi","RaABAMlw","RaABAMlw_fsi","Pacific Silver Fir - Low Elevation",3
"1_41_39_80473",7,86,494,2140,2887,1709000106,"17080006A","OWC","RaABAMlw_fsi_17090001","RaABAMlw","RaABAMlw_fsi",14,"fsi","RaABAMlw","RaABAMlw_fsi","Pacific Silver Fir - Low Elevation",3
"1_41_39_68172",7,86,494,2140,1523,1709000106,"17080006A","OWC","RaABAMlw_fsi_17090001","RaABAMlw","RaABAMlw_fsi",14,"fsi","RaABAMlw","RaABAMlw_fsi","Pacific Silver Fir - Low Elevation",3
"1_41_39_82609",7,86,494,2139,2303,1709000106,"17080006A","OWC","RaDFHEdy_fwi_17090001","RaDFHEdy","RaDFHEdy_fwi",31,"fwi","RaDFHEdy","RaDFHEdy_fwi","Douglas-fir Hemlock-Dry Mesic",3
"1_41_39_70666",7,86,494,2139,2276,1709000106,"17080006A","OWC","RaDFHEdy_fwi_17090001","RaDFHEdy","RaDFHEdy_fwi",31,"fwi","RaDFHEdy","RaDFHEdy_fwi","Douglas-fir Hemlock-Dry Mesic",3
"1_41_39_86168",7,86,494,2139,2337,1709000106,"17080006A","OWC","RaDFHEdy_fwi_17090001","RaDFHEdy","RaDFHEdy_fwi",31,"fwi","RaDFHEdy","RaDFHEdy_fwi","Douglas-fir Hemlock-Dry Mesic",3
"1_41_39_98036",7,86,494,2140,1310,1709000106,"17080006A","OWC","RaABAMlw_fsi_17090001","RaABAMlw","RaABAMlw_fsi",14,"fsi","RaABAMlw","RaABAMlw_fsi","Pacific Silver Fir - Low Elevation",3
"1_41_39_72339",7,86,492,2140,907,1709000104,"17080006A","OWC","RaABAMlw_fsi_17090001","RaABAMlw","RaABAMlw_fsi",14,"fsi","RaABAMlw","RaABAMlw_fsi","Pacific Silver Fir - Low Elevation",3
"1_41_39_91830",7,86,492,2140,2225,1709000104,"17080006A","OWC","RaABAMlw_fsi_17090001","RaABAMlw","RaABAMlw_fsi",14,"fsi","RaABAMlw","RaABAMlw_fsi","Pacific Silver Fir - Low Elevation",3
"1_41_39_84555",7,86,492,2139,788,1709000104,"17080006A","OWC","RaDFHEdy_fwi_17090001","RaDFHEdy","RaDFHEdy_fwi",31,"fwi","RaDFHEdy","RaDFHEdy_fwi","Douglas-fir Hemlock-Dry Mesic",3
"1_41_39_57708",7,86,492,2139,1603,1709000104,"17080006A","OWC","RaDFHEdy_fwi_17090001","RaDFHEdy","RaDFHEdy_fwi",31,"fwi","RaDFHEdy","RaDFHEdy_fwi","Douglas-fir Hemlock-Dry Mesic",3
"1_41_39_96404",7,86,492,2139,1029,1709000104,"17080006A","OWC","RaDFHEdy_fwi_17090001","RaDFHEdy","RaDFHEdy_fwi",31,"fwi","RaDFHEdy","RaDFHEdy_fwi","Douglas-fir Hemlock-Dry Mesic",3
"1_41_39_53240",7,86,492,2139,924,1709000104,"17080006A","OWC","RaDFHEdy_fwi_17090001","RaDFHEdy","RaDFHEdy_fwi",31,"fwi","RaDFHEdy","RaDFHEdy_fwi","Douglas-fir Hemlock-Dry Mesic",3
"1_41_39_72103",7,86,492,2141,711,1709000104,"17080006A","OWC","RaABAMlw_fsw_17090001","RaABAMlw","RaABAMlw_fsw",16,"fsw","RaABAMlw","RaABAMlw_fsw","Pacific Silver Fir - Low Elevation",3
"1_41_39_83634",7,86,491,2139,532,1709000103,"17080006A","OWC","RaDFHEdy_fwi_17090001","RaDFHEdy","RaDFHEdy_fwi",31,"fwi","RaDFHEdy","RaDFHEdy_fwi","Douglas-fir Hemlock-Dry Mesic",3
"1_41_39_70923",7,86,491,2333,1024,1709000103,"17080006A","OWC","RaDFHEwt_fdm_OWC","RaDFHEwt","RaDFHEwt_fdm",40,"fdm","RaDFHEwt","RaDFHEwt_fdm","Douglas-fir Hemlock-Wet Mesic",5
"1_41_39_81967",7,86,491,2333,768,1709000103,"17080006A","OWC","RaDFHEwt_fdm_OWC","RaDFHEwt","RaDFHEwt_fdm",40,"fdm","RaDFHEwt","RaDFHEwt_fdm","Douglas-fir Hemlock-Wet Mesic",5
"1_41_39_58463",7,86,491,2139,720,1709000103,"17080006A","OWC","RaDFHEdy_fwi_17090001","RaDFHEdy","RaDFHEdy_fwi",31,"fwi","RaDFHEdy","RaDFHEdy_fwi","Douglas-fir Hemlock-Dry Mesic",3
"1_41_39_96714",7,86,491,2139,1298,1709000103,"17080006A","OWC","RaDFHEdy_fwi_17090001","RaDFHEdy","RaDFHEdy_fwi",31,"fwi","RaDFHEdy","RaDFHEdy_fwi","Douglas-fir Hemlock-Dry Mesic",3
"1_41_39_83983",7,86,490,2139,660,1709000102,"17080006A","OWC","RaDFHEdy_fwi_17090001","RaDFHEdy","RaDFHEdy_fwi",31,"fwi","RaDFHEdy","RaDFHEdy_fwi","Douglas-fir Hemlock-Dry Mesic",3
"1_41_39_99167",7,86,490,2139,692,1709000102,"17080006A","OWC","RaDFHEdy_fwi_17090001","RaDFHEdy","RaDFHEdy_fwi",31,"fwi","RaDFHEdy","RaDFHEdy_fwi","Douglas-fir Hemlock-Dry Mesic",3
"1_41_39_74184",7,86,490,2140,1155,1709000102,"17080006A","OWC","RaABAMlw_fsi_17090001","RaABAMlw","RaABAMlw_fsi",14,"fsi","RaABAMlw","RaABAMlw_fsi","Pacific Silver Fir - Low Elevation",3
"1_41_39_60153",7,86,490,2141,2110,1709000102,"17080006A","OWC","RaABAMlw_fsw_17090001","RaABAMlw","RaABAMlw_fsw",16,"fsw","RaABAMlw","RaABAMlw_fsw","Pacific Silver Fir - Low Elevation",3
"1_41_39_86096",7,86,490,2140,1405,1709000102,"17080006A","OWC","RaABAMlw_fsi_17090001","RaABAMlw","RaABAMlw_fsi",14,"fsi","RaABAMlw","RaABAMlw_fsi","Pacific Silver Fir - Low Elevation",3
"1_41_39_86147",7,86,489,2140,1453,1709000101,"17080006A","OWC","RaABAMlw_fsi_17090001","RaABAMlw","RaABAMlw_fsi",14,"fsi","RaABAMlw","RaABAMlw_fsi","Pacific Silver Fir - Low Elevation",3
"1_41_39_58706",7,86,489,2141,1672,1709000101,"17080006A","OWC","RaABAMlw_fsw_17090001","RaABAMlw","RaABAMlw_fsw",16,"fsw","RaABAMlw","RaABAMlw_fsw","Pacific Silver Fir - Low Elevation",3
"1_41_39_84038",7,86,489,2140,788,1709000101,"17080006A","OWC","RaABAMlw_fsi_17090001","RaABAMlw","RaABAMlw_fsi",14,"fsi","RaABAMlw","RaABAMlw_fsi","Pacific Silver Fir - Low Elevation",3
"1_41_39_63941",7,86,489,2141,1442,1709000101,"17080006A","OWC","RaABAMlw_fsw_17090001","RaABAMlw","RaABAMlw_fsw",16,"fsw","RaABAMlw","RaABAMlw_fsw","Pacific Silver Fir - Low Elevation",3
"1_41_39_80867",7,86,489,2139,755,1709000101,"17080006A","OWC","RaDFHEdy_fwi_17090001","RaDFHEdy","RaDFHEdy_fwi",31,"fwi","RaDFHEdy","RaDFHEdy_fwi","Douglas-fir Hemlock-Dry Mesic",3
"2_41_19_90471",7,86,489,2140,1862,1709000101,"17080006A","OWC","RaABAMlw_fsi_17090001","RaABAMlw","RaABAMlw_fsi",14,"fsi","RaABAMlw","RaABAMlw_fsi","Pacific Silver Fir - Low Elevation",3
"2_41_19_78017",7,86,489,2331,2024,1709000101,"17080006A","OWC","Na0710412_fmc_OWC","Na0710412","Na0710412_fmc",7,"fmc","Na0710412","Na0710412_fmc","North Pacific Mountain Hemlock Forest - Xeric",5
"2_41_19_90485",7,86,489,2140,1752,1709000101,"17080006A","OWC","RaABAMlw_fsi_17090001","RaABAMlw","RaABAMlw_fsi",14,"fsi","RaABAMlw","RaABAMlw_fsi","Pacific Silver Fir - Low Elevation",3
"2_41_19_65922",6,113,638,1131,1620,1710030105,"17100207","OSW","RaMCONsw_fiw_1710030105","RaMCONsw","RaMCONsw_fiw",20,"fiw","RaMCONsw","RaMCONsw_fiw","Mixed Conifer - Southwest Oregon",1
"2_41_19_70938",6,113,638,1131,1879,1710030105,"17100207","OSW","RaMCONsw_fiw_1710030105","RaMCONsw","RaMCONsw_fiw",20,"fiw","RaMCONsw","RaMCONsw_fiw","Mixed Conifer - Southwest Oregon",1
"2_41_19_91057",6,113,638,1131,2854,1710030105,"17100207","OSW","RaMCONsw_fiw_1710030105","RaMCONsw","RaMCONsw_fiw",20,"fiw","RaMCONsw","RaMCONsw_fiw","Mixed Conifer - Southwest Oregon",1
"2_41_19_94901",6,113,636,1163,924,1710030103,"17100207","OSW","RaMCONsw_fiw_1710030103","RaMCONsw","RaMCONsw_fiw",20,"fiw","RaMCONsw","RaMCONsw_fiw","Mixed Conifer - Southwest Oregon",1
"2_41_19_86480",6,113,636,1163,1750,1710030103,"17100207","OSW","RaMCONsw_fiw_1710030103","RaMCONsw","RaMCONsw_fiw",20,"fiw","RaMCONsw","RaMCONsw_fiw","Mixed Conifer - Southwest Oregon",1
"2_41_19_73231",6,113,636,2177,1389,1710030103,"17100207","OSW","RaABAMlw_fsi_17100301","RaABAMlw","RaABAMlw_fsi",14,"fsi","RaABAMlw","RaABAMlw_fsi","Pacific Silver Fir - Low Elevation",3
"2_41_19_64866",6,113,636,2352,891,1710030103,"17100207","OSW","Na0710412_fmh_OSW","Na0710412","Na0710412_fmh",4,"fmh","Na0710412","Na0710412_fmh","North Pacific Mountain Hemlock Forest - Xeric",5
"2_41_19_77488",6,113,636,2177,843,1710030103,"17100207","OSW","RaABAMlw_fsi_17100301","RaABAMlw","RaABAMlw_fsi",14,"fsi","RaABAMlw","RaABAMlw_fsi","Pacific Silver Fir - Low Elevation",3
"2_41_19_75725",6,113,636,2352,1900,1710030103,"17100207","OSW","Na0710412_fmh_OSW","Na0710412","Na0710412_fmh",4,"fmh","Na0710412","Na0710412_fmh","North Pacific Mountain Hemlock Forest - Xeric",5
"2_41_19_73969",6,113,636,2352,1577,1710030103,"17100207","OSW","Na0710412_fmh_OSW","Na0710412","Na0710412_fmh",4,"fmh","Na0710412","Na0710412_fmh","North Pacific Mountain Hemlock Forest - Xeric",5
"2_41_19_62037",6,120,679,2352,1434,1710030701,"17100306","OSW","Na0710412_fmh_OSW","Na0710412","Na0710412_fmh",4,"fmh","Na0710412","Na0710412_fmh","North Pacific Mountain Hemlock Forest - Xeric",5
"2_41_19_76209",6,120,679,2352,1214,1710030701,"17100306","OSW","Na0710412_fmh_OSW","Na0710412","Na0710412_fmh",4,"fmh","Na0710412","Na0710412_fmh","North Pacific Mountain Hemlock Forest - Xeric",5
"3_41_35_58603",6,120,679,2352,2969,1710030701,"17100306","OSW","Na0710412_fmh_OSW","Na0710412","Na0710412_fmh",4,"fmh","Na0710412","Na0710412_fmh","North Pacific Mountain Hemlock Forest - Xeric",5
"3_41_35_60282",6,120,679,2352,2705,1710030701,"17100306","OSW","Na0710412_fmh_OSW","Na0710412","Na0710412_fmh",4,"fmh","Na0710412","Na0710412_fmh","North Pacific Mountain Hemlock Forest - Xeric",5
"3_41_35_63766",6,120,679,2352,1137,1710030701,"17100306","OSW","Na0710412_fmh_OSW","Na0710412","Na0710412_fmh",4,"fmh","Na0710412","Na0710412_fmh","North Pacific Mountain Hemlock Forest - Xeric",5
"3_41_35_83112",6,120,680,2219,1482,1710030702,"17100306","OSW","RaREFI_fcw_17100307","RaREFI","RaREFI_fcw",19,"fcw","RaREFI","RaREFI_fcw","Red Fir",3
"3_41_35_83738",6,120,680,2352,1621,1710030702,"17100306","OSW","Na0710412_fmh_OSW","Na0710412","Na0710412_fmh",4,"fmh","Na0710412","Na0710412_fmh","North Pacific Mountain Hemlock Forest - Xeric",5
"3_41_35_80264",6,120,680,2352,2232,1710030702,"17100306","OSW","Na0710412_fmh_OSW","Na0710412","Na0710412_fmh",4,"fmh","Na0710412","Na0710412_fmh","North Pacific Mountain Hemlock Forest - Xeric",5
"3_41_35_61905",6,120,680,2222,1385,1710030702,"17100306","OSW","RaDFHEdy_fwx_17100307","RaDFHEdy","RaDFHEdy_fwx",38,"fwx","RaDFHEdy","RaDFHEdy_fwx","Douglas-fir Hemlock-Dry Mesic",3
"3_41_35_70830",6,120,680,2215,2224,1710030702,"17100306","OSW","RaSAWD_fal_17100307","RaSAWD","RaSAWD_fal",2,"fal","RaSAWD","RaSAWD_fal","Subalpine Woodland",3
"3_41_35_86827",6,120,680,2215,1139,1710030702,"17100306","OSW","RaSAWD_fal_17100307","RaSAWD","RaSAWD_fal",2,"fal","RaSAWD","RaSAWD_fal","Subalpine Woodland",3
"3_41_35_75327",6,120,680,2352,1743,1710030702,"17100306","OSW","Na0710412_fmh_OSW","Na0710412","Na0710412_fmh",4,"fmh","Na0710412","Na0710412_fmh","North Pacific Mountain Hemlock Forest - Xeric",5
"3_41_35_94673",4,159,906,2252,1459,1801020302,"18010202","OEC","RaREFI_frm_18010203","RaREFI","RaREFI_frm",11,"frm","RaREFI","RaREFI_frm","Red Fir",3
"3_41_35_94197",4,159,906,2252,2334,1801020302,"18010202","OEC","RaREFI_frm_18010203","RaREFI","RaREFI_frm",11,"frm","RaREFI","RaREFI_frm","Red Fir",3
"3_41_35_68557",4,159,906,2252,2439,1801020302,"18010202","OEC","RaREFI_frm_18010203","RaREFI","RaREFI_frm",11,"frm","RaREFI","RaREFI_frm","Red Fir",3
"3_41_35_80717",4,159,906,2255,1237,1801020302,"18010202","OEC","RaREFI_fcw_18010203","RaREFI","RaREFI_fcw",19,"fcw","RaREFI","RaREFI_fcw","Red Fir",3
"3_41_35_60941",4,159,906,2252,1599,1801020302,"18010202","OEC","RaREFI_frm_18010203","RaREFI","RaREFI_frm",11,"frm","RaREFI","RaREFI_frm","Red Fir",3
"3_41_35_65166",4,159,906,2255,1425,1801020302,"18010202","OEC","RaREFI_fcw_18010203","RaREFI","RaREFI_fcw",19,"fcw","RaREFI","RaREFI_fcw","Red Fir",3
"3_41_35_66949",4,159,906,2255,887,1801020302,"18010202","OEC","RaREFI_fcw_18010203","RaREFI","RaREFI_fcw",19,"fcw","RaREFI","RaREFI_fcw","Red Fir",3
"3_41_35_87899",4,159,906,2252,621,1801020302,"18010202","OEC","RaREFI_frm_18010203","RaREFI","RaREFI_frm",11,"frm","RaREFI","RaREFI_frm","Red Fir",3
"3_41_35_63008",4,159,906,2255,952,1801020302,"18010202","OEC","RaREFI_fcw_18010203","RaREFI","RaREFI_fcw",19,"fcw","RaREFI","RaREFI_fcw","Red Fir",3
"3_41_35_82269",4,159,906,2252,2060,1801020302,"18010202","OEC","RaREFI_frm_18010203","RaREFI","RaREFI_frm",11,"frm","RaREFI","RaREFI_frm","Red Fir",3
"3_41_35_72769",6,161,917,2267,1931,1801020601,"18010204","OSW","RaREFI_frm_18010206","RaREFI","RaREFI_frm",11,"frm","RaREFI","RaREFI_frm","Red Fir",3
"3_41_35_92774",6,161,917,2267,1667,1801020601,"18010204","OSW","RaREFI_frm_18010206","RaREFI","RaREFI_frm",11,"frm","RaREFI","RaREFI_frm","Red Fir",3
"3_41_35_79073",6,161,917,2268,2033,1801020601,"18010204","OSW","RaREFI_fcw_18010206","RaREFI","RaREFI_fcw",19,"fcw","RaREFI","RaREFI_fcw","Red Fir",3
"3_41_35_50077",6,161,917,2267,1569,1801020601,"18010204","OSW","RaREFI_frm_18010206","RaREFI","RaREFI_frm",11,"frm","RaREFI","RaREFI_frm","Red Fir",3
"3_41_35_95048",6,161,920,1649,2091,1801020604,"18010204","OSW","RaMCONsw_fiw_1801020604","RaMCONsw","RaMCONsw_fiw",20,"fiw","RaMCONsw","RaMCONsw_fiw","Mixed Conifer - Southwest Oregon",1
"3_41_35_93827",6,161,920,1649,1730,1801020604,"18010204","OSW","RaMCONsw_fiw_1801020604","RaMCONsw","RaMCONsw_fiw",20,"fiw","RaMCONsw","RaMCONsw_fiw","Mixed Conifer - Southwest Oregon",1
"5_53_29_93880",13,144,795,1813,1631,1711001901,"17110018","WWC","RaDFHEdy_fwi_17110019","RaDFHEdy","RaDFHEdy_fwi",31,"fwi","RaDFHEdy","RaDFHEdy_fwi","Douglas-fir Hemlock-Dry Mesic",3
"5_53_29_93199",13,144,795,1813,1155,1711001901,"17110018","WWC","RaDFHEdy_fwi_17110019","RaDFHEdy","RaDFHEdy_fwi",31,"fwi","RaDFHEdy","RaDFHEdy_fwi","Douglas-fir Hemlock-Dry Mesic",3
"5_53_29_67901",13,144,795,2292,1156,1711001901,"17110018","WWC","RaDFHEwt_fwm_WWC","RaDFHEwt","RaDFHEwt_fwm",33,"fwm","RaDFHEwt","RaDFHEwt_fwm","Douglas-fir Hemlock-Wet Mesic",5
"5_53_29_87894",13,144,795,1813,1770,1711001901,"17110018","WWC","RaDFHEdy_fwi_17110019","RaDFHEdy","RaDFHEdy_fwi",31,"fwi","RaDFHEdy","RaDFHEdy_fwi","Douglas-fir Hemlock-Dry Mesic",3
"5_53_53_92052",13,144,797,1812,884,1711001903,"17110018","WWC","RaDFHEdy_fdg_17110019","RaDFHEdy","RaDFHEdy_fdg",24,"fdg","RaDFHEdy","RaDFHEdy_fdg","Douglas-fir Hemlock-Dry Mesic",3
"5_53_53_63088",13,140,783,1926,1012,1711001503,"17110014","WWC","RaDFHEdy_fwi_17110015","RaDFHEdy","RaDFHEdy_fwi",31,"fwi","RaDFHEdy","RaDFHEdy_fwi","Douglas-fir Hemlock-Dry Mesic",3
"5_53_53_79831",13,140,782,1926,1463,1711001502,"17110014","WWC","RaDFHEdy_fwi_17110015","RaDFHEdy","RaDFHEdy_fwi",31,"fwi","RaDFHEdy","RaDFHEdy_fwi","Douglas-fir Hemlock-Dry Mesic",3
"5_53_53_95509",13,140,782,1926,1922,1711001502,"17110014","WWC","RaDFHEdy_fwi_17110015","RaDFHEdy","RaDFHEdy_fwi",31,"fwi","RaDFHEdy","RaDFHEdy_fwi","Douglas-fir Hemlock-Dry Mesic",3
"6_53_67_80556",13,140,782,1926,1018,1711001502,"17110014","WWC","RaDFHEdy_fwi_17110015","RaDFHEdy","RaDFHEdy_fwi",31,"fwi","RaDFHEdy","RaDFHEdy_fwi","Douglas-fir Hemlock-Dry Mesic",3
"7_53_41_91935",13,141,784,2292,1238,1711001601,"17110015","WWC","RaDFHEwt_fwm_WWC","RaDFHEwt","RaDFHEwt_fwm",33,"fwm","RaDFHEwt","RaDFHEwt_fwm","Douglas-fir Hemlock-Wet Mesic",5
"7_53_41_73265",13,83,476,1949,673,1708000501,"17080004","WWC","RaABAMlw_fsi_17080005","RaABAMlw","RaABAMlw_fsi",14,"fsi","RaABAMlw","RaABAMlw_fsi","Pacific Silver Fir - Low Elevation",3
"7_53_41_84447",13,83,476,1952,414,1708000501,"17080004","WWC","RaDFHEdy_fwi_17080005","RaDFHEdy","RaDFHEdy_fwi",31,"fwi","RaDFHEdy","RaDFHEdy_fwi","Douglas-fir Hemlock-Dry Mesic",3
"7_53_41_69650",13,83,476,2293,1018,1708000501,"17080004","WWC","RaDFHEwt_fww_WWC","RaDFHEwt","RaDFHEwt_fww",34,"fww","RaDFHEwt","RaDFHEwt_fww","Douglas-fir Hemlock-Wet Mesic",5
"7_53_41_95575",13,83,477,2292,1633,1708000502,"17080004","WWC","RaDFHEwt_fwm_WWC","RaDFHEwt","RaDFHEwt_fwm",33,"fwm","RaDFHEwt","RaDFHEwt_fwm","Douglas-fir Hemlock-Wet Mesic",5
"7_53_41_52446",13,83,477,2292,824,1708000502,"17080004","WWC","RaDFHEwt_fwm_WWC","RaDFHEwt","RaDFHEwt_fwm",33,"fwm","RaDFHEwt","RaDFHEwt_fwm","Douglas-fir Hemlock-Wet Mesic",5
"7_53_41_72828",13,83,477,2292,1395,1708000502,"17080004","WWC","RaDFHEwt_fwm_WWC","RaDFHEwt","RaDFHEwt_fwm",33,"fwm","RaDFHEwt","RaDFHEwt_fwm","Douglas-fir Hemlock-Wet Mesic",5
"7_53_41_61521",13,83,479,1952,939,1708000504,"17080004","WWC","RaDFHEdy_fwi_17080005","RaDFHEdy","RaDFHEdy_fwi",31,"fwi","RaDFHEdy","RaDFHEdy_fwi","Douglas-fir Hemlock-Dry Mesic",3
"7_53_15_63647",13,83,480,1949,1365,1708000505,"17080004","WWC","RaABAMlw_fsi_17080005","RaABAMlw","RaABAMlw_fsi",14,"fsi","RaABAMlw","RaABAMlw_fsi","Pacific Silver Fir - Low Elevation",3
"7_53_15_85431",13,83,480,1952,1049,1708000505,"17080004","WWC","RaDFHEdy_fwi_17080005","RaDFHEdy","RaDFHEdy_fwi",31,"fwi","RaDFHEdy","RaDFHEdy_fwi","Douglas-fir Hemlock-Dry Mesic",3
"7_53_15_87508",13,79,465,1978,1937,1708000301,"17080002","WWC","RaABAMlw_fsi_17080003C","RaABAMlw","RaABAMlw_fsi",14,"fsi","RaABAMlw","RaABAMlw_fsi","Pacific Silver Fir - Low Elevation",3
"7_53_15_69670",13,79,465,2303,907,1708000301,"17080002","WWC","RaABAMup_fst_WWC","RaABAMup","RaABAMup_fst",13,"fst","RaABAMup","RaABAMup_fst","Pacific Silver Fir - High Elevation",5
"7_53_11_64534",13,78,463,2292,1950,1708000205,"17080001A","WWC","RaDFHEwt_fwm_WWC","RaDFHEwt","RaDFHEwt_fwm",33,"fwm","RaDFHEwt","RaDFHEwt_fwm","Douglas-fir Hemlock-Wet Mesic",5
"5_53_57_96969",11,127,727,1761,1238,1711000203,"17110001","WNC","RaDFHEdy_fwi_17110002","RaDFHEdy","RaDFHEdy_fwi",31,"fwi","RaDFHEdy","RaDFHEdy_fwi","Douglas-fir Hemlock-Dry Mesic",3
"0_41_5_64549",7,97,557,2329,1036,1709001106,"17090010","OWC","RaDFHEwt_fwm_OWC","RaDFHEwt","RaDFHEwt_fwm",33,"fwm","RaDFHEwt","RaDFHEwt_fwm","Douglas-fir Hemlock-Wet Mesic",5
"0_41_5_71244",7,97,555,2044,520,1709001104,"17090010","OWC","RaABAMlw_fsi_17090011","RaABAMlw","RaABAMlw_fsi",14,"fsi","RaABAMlw","RaABAMlw_fsi","Pacific Silver Fir - Low Elevation",3
"0_41_5_75011",7,97,557,2044,951,1709001106,"17090010","OWC","RaABAMlw_fsi_17090011","RaABAMlw","RaABAMlw_fsi",14,"fsi","RaABAMlw","RaABAMlw_fsi","Pacific Silver Fir - Low Elevation",3
"0_41_5_93707",7,97,555,2044,1629,1709001104,"17090010","OWC","RaABAMlw_fsi_17090011","RaABAMlw","RaABAMlw_fsi",14,"fsi","RaABAMlw","RaABAMlw_fsi","Pacific Silver Fir - Low Elevation",3
"0_41_5_93701",7,95,544,2060,1180,1709000904,"17090008","OWC","RaABAMlw_fsi_17090009","RaABAMlw","RaABAMlw_fsi",14,"fsi","RaABAMlw","RaABAMlw_fsi","Pacific Silver Fir - Low Elevation",3
"0_41_5_74640",7,95,544,2052,1280,1709000904,"17090008","OWC","RaDFHEdy_fwi_17090009","RaDFHEdy","RaDFHEdy_fwi",31,"fwi","RaDFHEdy","RaDFHEdy_fwi","Douglas-fir Hemlock-Dry Mesic",3
"0_41_5_74957",7,95,544,2060,1119,1709000904,"17090008","OWC","RaABAMlw_fsi_17090009","RaABAMlw","RaABAMlw_fsi",14,"fsi","RaABAMlw","RaABAMlw_fsi","Pacific Silver Fir - Low Elevation",3
"0_41_5_70045",7,95,544,2060,666,1709000904,"17090008","OWC","RaABAMlw_fsi_17090009","RaABAMlw","RaABAMlw_fsi",14,"fsi","RaABAMlw","RaABAMlw_fsi","Pacific Silver Fir - Low Elevation",3
"0_41_47_55975",7,91,520,2076,2634,1709000505,"17090004","OWC","RaDFHEdy_fwi_17090005","RaDFHEdy","RaDFHEdy_fwi",31,"fwi","RaDFHEdy","RaDFHEdy_fwi","Douglas-fir Hemlock-Dry Mesic",3
"0_41_47_81068",7,91,520,2075,1802,1709000505,"17090004","OWC","RaABAMlw_fsi_17090005","RaABAMlw","RaABAMlw_fsi",14,"fsi","RaABAMlw","RaABAMlw_fsi","Pacific Silver Fir - Low Elevation",3
"0_41_47_92628",7,91,518,2076,2288,1709000503,"17090004","OWC","RaDFHEdy_fwi_17090005","RaDFHEdy","RaDFHEdy_fwi",31,"fwi","RaDFHEdy","RaDFHEdy_fwi","Douglas-fir Hemlock-Dry Mesic",3
"1_41_43_88782",7,91,518,2076,2704,1709000503,"17090004","OWC","RaDFHEdy_fwi_17090005","RaDFHEdy","RaDFHEdy_fwi",31,"fwi","RaDFHEdy","RaDFHEdy_fwi","Douglas-fir Hemlock-Dry Mesic",3
"1_41_43_66793",7,92,524,2082,508,1709000603,"17090005","OWC","RaDFHEdy_fwi_17090006","RaDFHEdy","RaDFHEdy_fwi",31,"fwi","RaDFHEdy","RaDFHEdy_fwi","Douglas-fir Hemlock-Dry Mesic",3
"1_41_43_66401",7,91,518,2076,1816,1709000503,"17090004","OWC","RaDFHEdy_fwi_17090005","RaDFHEdy","RaDFHEdy_fwi",31,"fwi","RaDFHEdy","RaDFHEdy_fwi","Douglas-fir Hemlock-Dry Mesic",3
"1_41_43_66556",7,92,524,2082,1167,1709000603,"17090005","OWC","RaDFHEdy_fwi_17090006","RaDFHEdy","RaDFHEdy_fwi",31,"fwi","RaDFHEdy","RaDFHEdy_fwi","Douglas-fir Hemlock-Dry Mesic",3
"1_41_43_59540",7,92,524,2082,1282,1709000603,"17090005","OWC","RaDFHEdy_fwi_17090006","RaDFHEdy","RaDFHEdy_fwi",31,"fwi","RaDFHEdy","RaDFHEdy_fwi","Douglas-fir Hemlock-Dry Mesic",3
"1_41_43_56946",7,92,524,2082,2003,1709000603,"17090005","OWC","RaDFHEdy_fwi_17090006","RaDFHEdy","RaDFHEdy_fwi",31,"fwi","RaDFHEdy","RaDFHEdy_fwi","Douglas-fir Hemlock-Dry Mesic",3
"1_41_43_75538",7,92,522,2082,1990,1709000601,"17090005","OWC","RaDFHEdy_fwi_17090006","RaDFHEdy","RaDFHEdy_fwi",31,"fwi","RaDFHEdy","RaDFHEdy_fwi","Douglas-fir Hemlock-Dry Mesic",3
"1_41_43_99229",7,92,522,2082,1610,1709000601,"17090005","OWC","RaDFHEdy_fwi_17090006","RaDFHEdy","RaDFHEdy_fwi",31,"fwi","RaDFHEdy","RaDFHEdy_fwi","Douglas-fir Hemlock-Dry Mesic",3
"1_41_43_94018",7,92,523,2094,1070,1709000602,"17090005","OWC","RaABAMlw_fsi_17090006","RaABAMlw","RaABAMlw_fsi",14,"fsi","RaABAMlw","RaABAMlw_fsi","Pacific Silver Fir - Low Elevation",3
"1_41_43_98845",7,92,523,2082,1211,1709000602,"17090005","OWC","RaDFHEdy_fwi_17090006","RaDFHEdy","RaDFHEdy_fwi",31,"fwi","RaDFHEdy","RaDFHEdy_fwi","Douglas-fir Hemlock-Dry Mesic",3
"1_41_43_78632",7,92,523,2094,1098,1709000602,"17090005","OWC","RaABAMlw_fsi_17090006","RaABAMlw","RaABAMlw_fsi",14,"fsi","RaABAMlw","RaABAMlw_fsi","Pacific Silver Fir - Low Elevation",3
"1_41_43_50036",7,90,512,2108,1152,1709000404,"17090003B","OWC","RaABAMlw_fsi_17090004","RaABAMlw","RaABAMlw_fsi",14,"fsi","RaABAMlw","RaABAMlw_fsi","Pacific Silver Fir - Low Elevation",3
"1_41_43_99142",7,90,512,2110,2219,1709000404,"17090003B","OWC","RaDFHEdy_fwi_17090004","RaDFHEdy","RaDFHEdy_fwi",31,"fwi","RaDFHEdy","RaDFHEdy_fwi","Douglas-fir Hemlock-Dry Mesic",3
"1_41_39_88860",7,90,512,2110,2337,1709000404,"17090003B","OWC","RaDFHEdy_fwi_17090004","RaDFHEdy","RaDFHEdy_fwi",31,"fwi","RaDFHEdy","RaDFHEdy_fwi","Douglas-fir Hemlock-Dry Mesic",3
"1_41_39_86768",7,90,512,2110,2639,1709000404,"17090003B","OWC","RaDFHEdy_fwi_17090004","RaDFHEdy","RaDFHEdy_fwi",31,"fwi","RaDFHEdy","RaDFHEdy_fwi","Douglas-fir Hemlock-Dry Mesic",3
"1_41_39_95992",7,90,512,2110,1433,1709000404,"17090003B","OWC","RaDFHEdy_fwi_17090004","RaDFHEdy","RaDFHEdy_fwi",31,"fwi","RaDFHEdy","RaDFHEdy_fwi","Douglas-fir Hemlock-Dry Mesic",3
"1_41_39_70872",7,90,513,2110,1496,1709000405,"17090003B","OWC","RaDFHEdy_fwi_17090004","RaDFHEdy","RaDFHEdy_fwi",31,"fwi","RaDFHEdy","RaDFHEdy_fwi","Douglas-fir Hemlock-Dry Mesic",3
"1_41_39_62681",7,90,511,2110,1241,1709000403,"17090003B","OWC","RaDFHEdy_fwi_17090004","RaDFHEdy","RaDFHEdy_fwi",31,"fwi","RaDFHEdy","RaDFHEdy_fwi","Douglas-fir Hemlock-Dry Mesic",3
"1_41_39_56747",7,90,511,2110,2142,1709000403,"17090003B","OWC","RaDFHEdy_fwi_17090004","RaDFHEdy","RaDFHEdy_fwi",31,"fwi","RaDFHEdy","RaDFHEdy_fwi","Douglas-fir Hemlock-Dry Mesic",3
"1_41_39_72742",7,90,511,2110,1597,1709000403,"17090003B","OWC","RaDFHEdy_fwi_17090004","RaDFHEdy","RaDFHEdy_fwi",31,"fwi","RaDFHEdy","RaDFHEdy_fwi","Douglas-fir Hemlock-Dry Mesic",3
"1_41_39_96943",7,90,511,2108,1366,1709000403,"17090003B","OWC","RaABAMlw_fsi_17090004","RaABAMlw","RaABAMlw_fsi",14,"fsi","RaABAMlw","RaABAMlw_fsi","Pacific Silver Fir - Low Elevation",3
"1_41_39_81302",7,86,494,2140,1143,1709000106,"17080006A","OWC","RaABAMlw_fsi_17090001","RaABAMlw","RaABAMlw_fsi",14,"fsi","RaABAMlw","RaABAMlw_fsi","Pacific Silver Fir - Low Elevation",3
"1_41_39_69883",7,90,511,2108,1364,1709000403,"17090003B","OWC","RaABAMlw_fsi_17090004","RaABAMlw","RaABAMlw_fsi",14,"fsi","RaABAMlw","RaABAMlw_fsi","Pacific Silver Fir - Low Elevation",3
"1_41_39_80310",7,86,494,2140,2536,1709000106,"17080006A","OWC","RaABAMlw_fsi_17090001","RaABAMlw","RaABAMlw_fsi",14,"fsi","RaABAMlw","RaABAMlw_fsi","Pacific Silver Fir - Low Elevation",3
"1_41_39_54993",7,86,494,2139,1728,1709000106,"17080006A","OWC","RaDFHEdy_fwi_17090001","RaDFHEdy","RaDFHEdy_fwi",31,"fwi","RaDFHEdy","RaDFHEdy_fwi","Douglas-fir Hemlock-Dry Mesic",3
"1_41_39_80799",7,86,494,2139,2458,1709000106,"17080006A","OWC","RaDFHEdy_fwi_17090001","RaDFHEdy","RaDFHEdy_fwi",31,"fwi","RaDFHEdy","RaDFHEdy_fwi","Douglas-fir Hemlock-Dry Mesic",3
"1_41_39_84678",7,86,494,2141,1176,1709000106,"17080006A","OWC","RaABAMlw_fsw_17090001","RaABAMlw","RaABAMlw_fsw",16,"fsw","RaABAMlw","RaABAMlw_fsw","Pacific Silver Fir - Low Elevation",3
"1_41_39_72317",7,86,492,2331,853,1709000104,"17080006A","OWC","Na0710412_fmc_OWC","Na0710412","Na0710412_fmc",7,"fmc","Na0710412","Na0710412_fmc","North Pacific Mountain Hemlock Forest - Xeric",5
"1_41_39_57402",7,86,492,2139,1469,1709000104,"17080006A","OWC","RaDFHEdy_fwi_17090001","RaDFHEdy","RaDFHEdy_fwi",31,"fwi","RaDFHEdy","RaDFHEdy_fwi","Douglas-fir Hemlock-Dry Mesic",3
"1_41_39_95638",7,86,492,2139,1257,1709000104,"17080006A","OWC","RaDFHEdy_fwi_17090001","RaDFHEdy","RaDFHEdy_fwi",31,"fwi","RaDFHEdy","RaDFHEdy_fwi","Douglas-fir Hemlock-Dry Mesic",3
"1_41_39_82180",7,86,492,2141,862,1709000104,"17080006A","OWC","RaABAMlw_fsw_17090001","RaABAMlw","RaABAMlw_fsw",16,"fsw","RaABAMlw","RaABAMlw_fsw","Pacific Silver Fir - Low Elevation",3
"1_41_39_85016",7,86,492,2139,811,1709000104,"17080006A","OWC","RaDFHEdy_fwi_17090001","RaDFHEdy","RaDFHEdy_fwi",31,"fwi","RaDFHEdy","RaDFHEdy_fwi","Douglas-fir Hemlock-Dry Mesic",3
"1_41_39_75355",7,86,492,2139,1002,1709000104,"17080006A","OWC","RaDFHEdy_fwi_17090001","RaDFHEdy","RaDFHEdy_fwi",31,"fwi","RaDFHEdy","RaDFHEdy_fwi","Douglas-fir Hemlock-Dry Mesic",3
"1_41_39_78350",7,86,492,2140,1595,1709000104,"17080006A","OWC","RaABAMlw_fsi_17090001","RaABAMlw","RaABAMlw_fsi",14,"fsi","RaABAMlw","RaABAMlw_fsi","Pacific Silver Fir - Low Elevation",3
"1_41_39_86709",7,86,491,2333,925,1709000103,"17080006A","OWC","RaDFHEwt_fdm_OWC","RaDFHEwt","RaDFHEwt_fdm",40,"fdm","RaDFHEwt","RaDFHEwt_fdm","Douglas-fir Hemlock-Wet Mesic",5
"1_41_39_72779",7,86,491,2139,1576,1709000103,"17080006A","OWC","RaDFHEdy_fwi_17090001","RaDFHEdy","RaDFHEdy_fwi",31,"fwi","RaDFHEdy","RaDFHEdy_fwi","Douglas-fir Hemlock-Dry Mesic",3
"1_41_39_82946",7,86,491,2333,1502,1709000103,"17080006A","OWC","RaDFHEwt_fdm_OWC","RaDFHEwt","RaDFHEwt_fdm",40,"fdm","RaDFHEwt","RaDFHEwt_fdm","Douglas-fir Hemlock-Wet Mesic",5
"1_41_39_57509",7,86,491,2141,1182,1709000103,"17080006A","OWC","RaABAMlw_fsw_17090001","RaABAMlw","RaABAMlw_fsw",16,"fsw","RaABAMlw","RaABAMlw_fsw","Pacific Silver Fir - Low Elevation",3
"1_41_39_69966",7,86,490,2140,2120,1709000102,"17080006A","OWC","RaABAMlw_fsi_17090001","RaABAMlw","RaABAMlw_fsi",14,"fsi","RaABAMlw","RaABAMlw_fsi","Pacific Silver Fir - Low Elevation",3
"1_41_39_57773",7,86,490,2140,1738,1709000102,"17080006A","OWC","RaABAMlw_fsi_17090001","RaABAMlw","RaABAMlw_fsi",14,"fsi","RaABAMlw","RaABAMlw_fsi","Pacific Silver Fir - Low Elevation",3
"1_41_39_66963",7,86,489,1098,1275,1709000101,"17080006A","OWC","RaMCONsw_fiw_1709000101","RaMCONsw","RaMCONsw_fiw",20,"fiw","RaMCONsw","RaMCONsw_fiw","Mixed Conifer - Southwest Oregon",1
"1_41_39_87069",7,86,489,2331,1458,1709000101,"17080006A","OWC","Na0710412_fmc_OWC","Na0710412","Na0710412_fmc",7,"fmc","Na0710412","Na0710412_fmc","North Pacific Mountain Hemlock Forest - Xeric",5
"1_41_39_99912",7,86,489,2139,1340,1709000101,"17080006A","OWC","RaDFHEdy_fwi_17090001","RaDFHEdy","RaDFHEdy_fwi",31,"fwi","RaDFHEdy","RaDFHEdy_fwi","Douglas-fir Hemlock-Dry Mesic",3
"1_41_39_52224",7,86,489,2141,1636,1709000101,"17080006A","OWC","RaABAMlw_fsw_17090001","RaABAMlw","RaABAMlw_fsw",16,"fsw","RaABAMlw","RaABAMlw_fsw","Pacific Silver Fir - Low Elevation",3
"2_41_19_99848",7,86,489,2331,1519,1709000101,"17080006A","OWC","Na0710412_fmc_OWC","Na0710412","Na0710412_fmc",7,"fmc","Na0710412","Na0710412_fmc","North Pacific Mountain Hemlock Forest - Xeric",5
"2_41_19_74860",7,86,489,2140,2401,1709000101,"17080006A","OWC","RaABAMlw_fsi_17090001","RaABAMlw","RaABAMlw_fsi",14,"fsi","RaABAMlw","RaABAMlw_fsi","Pacific Silver Fir - Low Elevation",3
"2_41_19_59271",7,86,489,2331,1008,1709000101,"17080006A","OWC","Na0710412_fmc_OWC","Na0710412","Na0710412_fmc",7,"fmc","Na0710412","Na0710412_fmc","North Pacific Mountain Hemlock Forest - Xeric",5
"2_41_19_55026",6,113,638,1131,1589,1710030105,"17100207","OSW","RaMCONsw_fiw_1710030105","RaMCONsw","RaMCONsw_fiw",20,"fiw","RaMCONsw","RaMCONsw_fiw","Mixed Conifer - Southwest Oregon",1
"2_41_19_87661",6,113,638,1131,1253,1710030105,"17100207","OSW","RaMCONsw_fiw_1710030105","RaMCONsw","RaMCONsw_fiw",20,"fiw","RaMCONsw","RaMCONsw_fiw","Mixed Conifer - Southwest Oregon",1
"2_41_19_52591",6,113,635,2177,657,1710030102,"17100207","OSW","RaABAMlw_fsi_17100301","RaABAMlw","RaABAMlw_fsi",14,"fsi","RaABAMlw","RaABAMlw_fsi","Pacific Silver Fir - Low Elevation",3
"2_41_19_60927",6,113,636,2352,845,1710030103,"17100207","OSW","Na0710412_fmh_OSW","Na0710412","Na0710412_fmh",4,"fmh","Na0710412","Na0710412_fmh","North Pacific Mountain Hemlock Forest - Xeric",5
"2_41_19_77533",6,113,636,1163,1537,1710030103,"17100207","OSW","RaMCONsw_fiw_1710030103","RaMCONsw","RaMCONsw_fiw",20,"fiw","RaMCONsw","RaMCONsw_fiw","Mixed Conifer - Southwest Oregon",1
"2_41_19_80730",6,113,636,1163,819,1710030103,"17100207","OSW","RaMCONsw_fiw_1710030103","RaMCONsw","RaMCONsw_fiw",20,"fiw","RaMCONsw","RaMCONsw_fiw","Mixed Conifer - Southwest Oregon",1
"2_41_19_68388",6,113,636,2177,970,1710030103,"17100207","OSW","RaABAMlw_fsi_17100301","RaABAMlw","RaABAMlw_fsi",14,"fsi","RaABAMlw","RaABAMlw_fsi","Pacific Silver Fir - Low Elevation",3
"2_41_19_66027",6,113,636,2196,1281,1710030103,"17100207","OSW","RaDFHEdy_fwx_17100301","RaDFHEdy","RaDFHEdy_fwx",38,"fwx","RaDFHEdy","RaDFHEdy_fwx","Douglas-fir Hemlock-Dry Mesic",3
"2_41_19_59786",6,113,636,2352,1677,1710030103,"17100207","OSW","Na0710412_fmh_OSW","Na0710412","Na0710412_fmh",4,"fmh","Na0710412","Na0710412_fmh","North Pacific Mountain Hemlock Forest - Xeric",5
"2_41_19_54546",6,113,636,2352,788,1710030103,"17100207","OSW","Na0710412_fmh_OSW","Na0710412","Na0710412_fmh",4,"fmh","Na0710412","Na0710412_fmh","North Pacific Mountain Hemlock Forest - Xeric",5
"2_41_19_73979",6,113,636,2197,1095,1710030103,"17100207","OSW","RaSAWD_fal_17100301","RaSAWD","RaSAWD_fal",2,"fal","RaSAWD","RaSAWD_fal","Subalpine Woodland",3
"2_41_19_65094",6,120,679,2353,727,1710030701,"17100306","OSW","RaPICOpu_flp_OSW","RaPICOpu","RaPICOpu_flp",54,"flp","RaPICOpu","RaPICOpu_flp","Lodgepole Pine - Pumice Soils",4
"2_41_19_78699",6,113,634,2352,815,1710030101,"17100207","OSW","Na0710412_fmh_OSW","Na0710412","Na0710412_fmh",4,"fmh","Na0710412","Na0710412_fmh","North Pacific Mountain Hemlock Forest - Xeric",5
"2_41_19_93209",6,113,634,2352,2073,1710030101,"17100207","OSW","Na0710412_fmh_OSW","Na0710412","Na0710412_fmh",4,"fmh","Na0710412","Na0710412_fmh","North Pacific Mountain Hemlock Forest - Xeric",5
"2_41_19_62936",6,120,679,2353,1199,1710030701,"17100306","OSW","RaPICOpu_flp_OSW","RaPICOpu","RaPICOpu_flp",54,"flp","RaPICOpu","RaPICOpu_flp","Lodgepole Pine - Pumice Soils",4
"3_41_35_61738",6,120,679,2352,2220,1710030701,"17100306","OSW","Na0710412_fmh_OSW","Na0710412","Na0710412_fmh",4,"fmh","Na0710412","Na0710412_fmh","North Pacific Mountain Hemlock Forest - Xeric",5
"3_41_35_96621",6,120,679,2352,2962,1710030701,"17100306","OSW","Na0710412_fmh_OSW","Na0710412","Na0710412_fmh",4,"fmh","Na0710412","Na0710412_fmh","North Pacific Mountain Hemlock Forest - Xeric",5
"3_41_35_92619",4,159,906,2252,1748,1801020302,"18010202","OEC","RaREFI_frm_18010203","RaREFI","RaREFI_frm",11,"frm","RaREFI","RaREFI_frm","Red Fir",3
"3_41_35_73995",4,159,906,2252,2438,1801020302,"18010202","OEC","RaREFI_frm_18010203","RaREFI","RaREFI_frm",11,"frm","RaREFI","RaREFI_frm","Red Fir",3
"3_41_35_84746",4,159,906,2252,1268,1801020302,"18010202","OEC","RaREFI_frm_18010203","RaREFI","RaREFI_frm",11,"frm","RaREFI","RaREFI_frm","Red Fir",3
"3_41_35_85714",4,159,906,2252,2577,1801020302,"18010202","OEC","RaREFI_frm_18010203","RaREFI","RaREFI_frm",11,"frm","RaREFI","RaREFI_frm","Red Fir",3
"3_41_35_85681",4,159,906,2252,2769,1801020302,"18010202","OEC","RaREFI_frm_18010203","RaREFI","RaREFI_frm",11,"frm","RaREFI","RaREFI_frm","Red Fir",3
"3_41_35_81603",4,159,906,2255,2070,1801020302,"18010202","OEC","RaREFI_fcw_18010203","RaREFI","RaREFI_fcw",19,"fcw","RaREFI","RaREFI_fcw","Red Fir",3
"3_41_35_72577",4,159,906,2255,1895,1801020302,"18010202","OEC","RaREFI_fcw_18010203","RaREFI","RaREFI_fcw",19,"fcw","RaREFI","RaREFI_fcw","Red Fir",3
"3_41_35_96913",4,159,906,2255,2609,1801020302,"18010202","OEC","RaREFI_fcw_18010203","RaREFI","RaREFI_fcw",19,"fcw","RaREFI","RaREFI_fcw","Red Fir",3
"3_41_35_75967",4,159,906,2252,1301,1801020302,"18010202","OEC","RaREFI_frm_18010203","RaREFI","RaREFI_frm",11,"frm","RaREFI","RaREFI_frm","Red Fir",3
"3_41_35_60606",6,161,917,2268,1252,1801020601,"18010204","OSW","RaREFI_fcw_18010206","RaREFI","RaREFI_fcw",19,"fcw","RaREFI","RaREFI_fcw","Red Fir",3
"3_41_35_58544",6,161,917,2268,1617,1801020601,"18010204","OSW","RaREFI_fcw_18010206","RaREFI","RaREFI_fcw",19,"fcw","RaREFI","RaREFI_fcw","Red Fir",3
"3_41_35_81629",6,161,920,2267,1488,1801020604,"18010204","OSW","RaREFI_frm_18010206","RaREFI","RaREFI_frm",11,"frm","RaREFI","RaREFI_frm","Red Fir",3
"3_41_35_53020",6,161,919,1721,3319,1801020603,"18010204","OSW","RaMCONsw_fiw_1801020603","RaMCONsw","RaMCONsw_fiw",20,"fiw","RaMCONsw","RaMCONsw_fiw","Mixed Conifer - Southwest Oregon",1
"3_41_35_83957",6,161,918,1678,2264,1801020602,"18010204","OSW","RaMCONsw_fiw_1801020602","RaMCONsw","RaMCONsw_fiw",20,"fiw","RaMCONsw","RaMCONsw_fiw","Mixed Conifer - Southwest Oregon",1
"3_41_35_63359",6,161,918,1674,2388,1801020602,"18010204","OSW","Na0710270_fdd_1801020602","Na0710270","Na0710270_fdd",43,"fdd","Na0710270","Na0710270_fdd","Mediterranean California Dry-Mesic Mixed Conifer Forest and Woodland",1
"5_53_29_63283",13,144,795,1813,867,1711001901,"17110018","WWC","RaDFHEdy_fwi_17110019","RaDFHEdy","RaDFHEdy_fwi",31,"fwi","RaDFHEdy","RaDFHEdy_fwi","Douglas-fir Hemlock-Dry Mesic",3
"5_53_53_70631",13,139,780,1917,393,1711001405,"17110013","WWC","RaDFHEdy_fwi_17110014","RaDFHEdy","RaDFHEdy_fwi",31,"fwi","RaDFHEdy","RaDFHEdy_fwi","Douglas-fir Hemlock-Dry Mesic",3
"5_53_73_81591",11,129,736,2282,557,1711000406,"17110003","WNC","RaDFHEwt_fwm_WNC","RaDFHEwt","RaDFHEwt_fwm",33,"fwm","RaDFHEwt","RaDFHEwt_fwm","Douglas-fir Hemlock-Wet Mesic",5
"6_53_67_57234",13,140,782,1926,1377,1711001502,"17110014","WWC","RaDFHEdy_fwi_17110015","RaDFHEdy","RaDFHEdy_fwi",31,"fwi","RaDFHEdy","RaDFHEdy_fwi","Douglas-fir Hemlock-Dry Mesic",3
"6_53_67_79543",13,141,784,1929,2294,1711001601,"17110015","WWC","RaDFHEdy_fwi_17110016","RaDFHEdy","RaDFHEdy_fwi",31,"fwi","RaDFHEdy","RaDFHEdy_fwi","Douglas-fir Hemlock-Dry Mesic",3
"7_53_41_59308",13,141,784,2292,1197,1711001601,"17110015","WWC","RaDFHEwt_fwm_WWC","RaDFHEwt","RaDFHEwt_fwm",33,"fwm","RaDFHEwt","RaDFHEwt_fwm","Douglas-fir Hemlock-Wet Mesic",5
"7_53_41_93872",13,140,781,1936,1243,1711001501,"17110014","WWC","RaABAMlw_fsi_17110015","RaABAMlw","RaABAMlw_fsi",14,"fsi","RaABAMlw","RaABAMlw_fsi","Pacific Silver Fir - Low Elevation",3
"7_53_41_90297",13,83,476,1949,659,1708000501,"17080004","WWC","RaABAMlw_fsi_17080005","RaABAMlw","RaABAMlw_fsi",14,"fsi","RaABAMlw","RaABAMlw_fsi","Pacific Silver Fir - Low Elevation",3
"7_53_41_71770",13,140,781,1936,1178,1711001501,"17110014","WWC","RaABAMlw_fsi_17110015","RaABAMlw","RaABAMlw_fsi",14,"fsi","RaABAMlw","RaABAMlw_fsi","Pacific Silver Fir - Low Elevation",3
"7_53_41_96620",13,83,476,2303,529,1708000501,"17080004","WWC","RaABAMup_fst_WWC","RaABAMup","RaABAMup_fst",13,"fst","RaABAMup","RaABAMup_fst","Pacific Silver Fir - High Elevation",5
"7_53_41_85782",13,83,476,2292,677,1708000501,"17080004","WWC","RaDFHEwt_fwm_WWC","RaDFHEwt","RaDFHEwt_fwm",33,"fwm","RaDFHEwt","RaDFHEwt_fwm","Douglas-fir Hemlock-Wet Mesic",5
"7_53_41_75601",13,83,477,1952,1332,1708000502,"17080004","WWC","RaDFHEdy_fwi_17080005","RaDFHEdy","RaDFHEdy_fwi",31,"fwi","RaDFHEdy","RaDFHEdy_fwi","Douglas-fir Hemlock-Dry Mesic",3
"7_53_15_77199",13,83,480,1952,497,1708000505,"17080004","WWC","RaDFHEdy_fwi_17080005","RaDFHEdy","RaDFHEdy_fwi",31,"fwi","RaDFHEdy","RaDFHEdy_fwi","Douglas-fir Hemlock-Dry Mesic",3
"7_53_15_76651",13,83,480,1949,992,1708000505,"17080004","WWC","RaABAMlw_fsi_17080005","RaABAMlw","RaABAMlw_fsi",14,"fsi","RaABAMlw","RaABAMlw_fsi","Pacific Silver Fir - Low Elevation",3
"5_53_73_75277",11,129,736,2282,1282,1711000406,"17110003","WNC","RaDFHEwt_fwm_WNC","RaDFHEwt","RaDFHEwt_fwm",33,"fwm","RaDFHEwt","RaDFHEwt_fwm","Douglas-fir Hemlock-Wet Mesic",5
"7_53_15_63733",13,83,480,1949,594,1708000505,"17080004","WWC","RaABAMlw_fsi_17080005","RaABAMlw","RaABAMlw_fsi",14,"fsi","RaABAMlw","RaABAMlw_fsi","Pacific Silver Fir - Low Elevation",3
"7_53_15_77034",13,83,480,1949,961,1708000505,"17080004","WWC","RaABAMlw_fsi_17080005","RaABAMlw","RaABAMlw_fsi",14,"fsi","RaABAMlw","RaABAMlw_fsi","Pacific Silver Fir - Low Elevation",3
"7_53_15_60111",13,83,481,1949,2077,1708000506,"17080004","WWC","RaABAMlw_fsi_17080005","RaABAMlw","RaABAMlw_fsi",14,"fsi","RaABAMlw","RaABAMlw_fsi","Pacific Silver Fir - Low Elevation",3
"7_53_15_87325",13,79,465,1978,2300,1708000301,"17080002","WWC","RaABAMlw_fsi_17080003C","RaABAMlw","RaABAMlw_fsi",14,"fsi","RaABAMlw","RaABAMlw_fsi","Pacific Silver Fir - Low Elevation",3
"7_53_15_51161",13,79,465,1978,1889,1708000301,"17080002","WWC","RaABAMlw_fsi_17080003C","RaABAMlw","RaABAMlw_fsi",14,"fsi","RaABAMlw","RaABAMlw_fsi","Pacific Silver Fir - Low Elevation",3
"7_53_15_91963",13,78,462,2293,777,1708000204,"17080001A","WWC","RaDFHEwt_fww_WWC","RaDFHEwt","RaDFHEwt_fww",34,"fww","RaDFHEwt","RaDFHEwt_fww","Douglas-fir Hemlock-Wet Mesic",5
"7_53_11_58844",13,78,462,1973,455,1708000204,"17080001A","WWC","RaDFHEdy_fwi_17080002","RaDFHEdy","RaDFHEdy_fwi",31,"fwi","RaDFHEdy","RaDFHEdy_fwi","Douglas-fir Hemlock-Dry Mesic",3
"5_53_73_92235",11,127,726,1761,1185,1711000202,"17110001","WNC","RaDFHEdy_fwi_17110002","RaDFHEdy","RaDFHEdy_fwi",31,"fwi","RaDFHEdy","RaDFHEdy_fwi","Douglas-fir Hemlock-Dry Mesic",3
"7_53_11_85566",13,78,462,2303,1028,1708000204,"17080001A","WWC","RaABAMup_fst_WWC","RaABAMup","RaABAMup_fst",13,"fst","RaABAMup","RaABAMup_fst","Pacific Silver Fir - High Elevation",5
"7_53_11_56160",13,78,464,2292,1047,1708000206,"17080001A","WWC","RaDFHEwt_fwm_WWC","RaDFHEwt","RaDFHEwt_fwm",33,"fwm","RaDFHEwt","RaDFHEwt_fwm","Douglas-fir Hemlock-Wet Mesic",5
"7_53_11_72217",13,78,464,2292,1885,1708000206,"17080001A","WWC","RaDFHEwt_fwm_WWC","RaDFHEwt","RaDFHEwt_fwm",33,"fwm","RaDFHEwt","RaDFHEwt_fwm","Douglas-fir Hemlock-Wet Mesic",5
"7_53_11_58937",13,78,464,2292,1581,1708000206,"17080001A","WWC","RaDFHEwt_fwm_WWC","RaDFHEwt","RaDFHEwt_fwm",33,"fwm","RaDFHEwt","RaDFHEwt_fwm","Douglas-fir Hemlock-Wet Mesic",5
"7_53_11_71911",13,78,463,2292,1525,1708000205,"17080001A","WWC","RaDFHEwt_fwm_WWC","RaDFHEwt","RaDFHEwt_fwm",33,"fwm","RaDFHEwt","RaDFHEwt_fwm","Douglas-fir Hemlock-Wet Mesic",5
"7_53_11_92175",13,78,463,1970,867,1708000205,"17080001A","WWC","RaABAMlw_fsi_17080002","RaABAMlw","RaABAMlw_fsi",14,"fsi","RaABAMlw","RaABAMlw_fsi","Pacific Silver Fir - Low Elevation",3
"7_53_11_52338",13,77,456,2292,487,1708000106,"17080001B","WWC","RaDFHEwt_fwm_WWC","RaDFHEwt","RaDFHEwt_fwm",33,"fwm","RaDFHEwt","RaDFHEwt_fwm","Douglas-fir Hemlock-Wet Mesic",5
"7_53_11_77259",13,77,456,2292,935,1708000106,"17080001B","WWC","RaDFHEwt_fwm_WWC","RaDFHEwt","RaDFHEwt_fwm",33,"fwm","RaDFHEwt","RaDFHEwt_fwm","Douglas-fir Hemlock-Wet Mesic",5
"5_53_73_73954",11,127,726,2282,1623,1711000202,"17110001","WNC","RaDFHEwt_fwm_WNC","RaDFHEwt","RaDFHEwt_fwm",33,"fwm","RaDFHEwt","RaDFHEwt_fwm","Douglas-fir Hemlock-Wet Mesic",5
"0_41_5_54887",7,76,457,2329,780,1708000107,"17070307","OWC","RaDFHEwt_fwm_OWC","RaDFHEwt","RaDFHEwt_fwm",33,"fwm","RaDFHEwt","RaDFHEwt_fwm","Douglas-fir Hemlock-Wet Mesic",5
"0_41_5_93832",7,76,454,2329,1512,1708000104,"17070307","OWC","RaDFHEwt_fwm_OWC","RaDFHEwt","RaDFHEwt_fwm",33,"fwm","RaDFHEwt","RaDFHEwt_fwm","Douglas-fir Hemlock-Wet Mesic",5
"0_41_5_51724",7,97,557,2329,693,1709001106,"17090010","OWC","RaDFHEwt_fwm_OWC","RaDFHEwt","RaDFHEwt_fwm",33,"fwm","RaDFHEwt","RaDFHEwt_fwm","Douglas-fir Hemlock-Wet Mesic",5
"0_41_5_93879",7,97,556,2329,1114,1709001105,"17090010","OWC","RaDFHEwt_fwm_OWC","RaDFHEwt","RaDFHEwt_fwm",33,"fwm","RaDFHEwt","RaDFHEwt_fwm","Douglas-fir Hemlock-Wet Mesic",5
"0_41_5_98844",7,97,556,2329,1583,1709001105,"17090010","OWC","RaDFHEwt_fwm_OWC","RaDFHEwt","RaDFHEwt_fwm",33,"fwm","RaDFHEwt","RaDFHEwt_fwm","Douglas-fir Hemlock-Wet Mesic",5
"0_41_5_77670",7,97,555,2329,863,1709001104,"17090010","OWC","RaDFHEwt_fwm_OWC","RaDFHEwt","RaDFHEwt_fwm",33,"fwm","RaDFHEwt","RaDFHEwt_fwm","Douglas-fir Hemlock-Wet Mesic",5
"0_41_5_89947",7,97,555,2032,804,1709001104,"17090010","OWC","RaDFHEdy_fwi_17090011","RaDFHEdy","RaDFHEdy_fwi",31,"fwi","RaDFHEdy","RaDFHEdy_fwi","Douglas-fir Hemlock-Dry Mesic",3
"0_41_5_71634",7,97,555,2331,749,1709001104,"17090010","OWC","Na0710412_fmc_OWC","Na0710412","Na0710412_fmc",7,"fmc","Na0710412","Na0710412_fmc","North Pacific Mountain Hemlock Forest - Xeric",5
"0_41_5_71411",7,95,544,2060,1880,1709000904,"17090008","OWC","RaABAMlw_fsi_17090009","RaABAMlw","RaABAMlw_fsi",14,"fsi","RaABAMlw","RaABAMlw_fsi","Pacific Silver Fir - Low Elevation",3
"0_41_5_79584",7,95,544,2060,1240,1709000904,"17090008","OWC","RaABAMlw_fsi_17090009","RaABAMlw","RaABAMlw_fsi",14,"fsi","RaABAMlw","RaABAMlw_fsi","Pacific Silver Fir - Low Elevation",3
"5_53_57_76823",11,127,727,1761,1998,1711000203,"17110001","WNC","RaDFHEdy_fwi_17110002","RaDFHEdy","RaDFHEdy_fwi",31,"fwi","RaDFHEdy","RaDFHEdy_fwi","Douglas-fir Hemlock-Dry Mesic",3
"0_41_5_82462",7,97,552,2044,1756,1709001101,"17090010","OWC","RaABAMlw_fsi_17090011","RaABAMlw","RaABAMlw_fsi",14,"fsi","RaABAMlw","RaABAMlw_fsi","Pacific Silver Fir - Low Elevation",3
"0_41_5_77254",7,97,552,2044,1628,1709001101,"17090010","OWC","RaABAMlw_fsi_17090011","RaABAMlw","RaABAMlw_fsi",14,"fsi","RaABAMlw","RaABAMlw_fsi","Pacific Silver Fir - Low Elevation",3
"0_41_47_82147",7,91,520,2076,1944,1709000505,"17090004","OWC","RaDFHEdy_fwi_17090005","RaDFHEdy","RaDFHEdy_fwi",31,"fwi","RaDFHEdy","RaDFHEdy_fwi","Douglas-fir Hemlock-Dry Mesic",3
"0_41_47_88693",7,91,520,2076,1872,1709000505,"17090004","OWC","RaDFHEdy_fwi_17090005","RaDFHEdy","RaDFHEdy_fwi",31,"fwi","RaDFHEdy","RaDFHEdy_fwi","Douglas-fir Hemlock-Dry Mesic",3
"0_41_47_87178",7,91,520,2075,1639,1709000505,"17090004","OWC","RaABAMlw_fsi_17090005","RaABAMlw","RaABAMlw_fsi",14,"fsi","RaABAMlw","RaABAMlw_fsi","Pacific Silver Fir - Low Elevation",3
"0_41_47_73511",7,91,518,2075,1865,1709000503,"17090004","OWC","RaABAMlw_fsi_17090005","RaABAMlw","RaABAMlw_fsi",14,"fsi","RaABAMlw","RaABAMlw_fsi","Pacific Silver Fir - Low Elevation",3
"0_41_47_92328",7,91,518,2075,1669,1709000503,"17090004","OWC","RaABAMlw_fsi_17090005","RaABAMlw","RaABAMlw_fsi",14,"fsi","RaABAMlw","RaABAMlw_fsi","Pacific Silver Fir - Low Elevation",3
"0_41_47_75859",7,91,518,2076,2215,1709000503,"17090004","OWC","RaDFHEdy_fwi_17090005","RaDFHEdy","RaDFHEdy_fwi",31,"fwi","RaDFHEdy","RaDFHEdy_fwi","Douglas-fir Hemlock-Dry Mesic",3
"1_41_43_96429",7,91,518,2075,1805,1709000503,"17090004","OWC","RaABAMlw_fsi_17090005","RaABAMlw","RaABAMlw_fsi",14,"fsi","RaABAMlw","RaABAMlw_fsi","Pacific Silver Fir - Low Elevation",3
"1_41_43_81479",7,91,518,2075,722,1709000503,"17090004","OWC","RaABAMlw_fsi_17090005","RaABAMlw","RaABAMlw_fsi",14,"fsi","RaABAMlw","RaABAMlw_fsi","Pacific Silver Fir - Low Elevation",3
"1_41_43_52555",7,91,518,2075,804,1709000503,"17090004","OWC","RaABAMlw_fsi_17090005","RaABAMlw","RaABAMlw_fsi",14,"fsi","RaABAMlw","RaABAMlw_fsi","Pacific Silver Fir - Low Elevation",3
"1_41_43_76285",7,92,524,2094,661,1709000603,"17090005","OWC","RaABAMlw_fsi_17090006","RaABAMlw","RaABAMlw_fsi",14,"fsi","RaABAMlw","RaABAMlw_fsi","Pacific Silver Fir - Low Elevation",3
"1_41_43_61055",7,92,524,2082,900,1709000603,"17090005","OWC","RaDFHEdy_fwi_17090006","RaDFHEdy","RaDFHEdy_fwi",31,"fwi","RaDFHEdy","RaDFHEdy_fwi","Douglas-fir Hemlock-Dry Mesic",3
"1_41_43_74034",7,92,524,2094,764,1709000603,"17090005","OWC","RaABAMlw_fsi_17090006","RaABAMlw","RaABAMlw_fsi",14,"fsi","RaABAMlw","RaABAMlw_fsi","Pacific Silver Fir - Low Elevation",3
"1_41_43_95073",7,92,522,2094,786,1709000601,"17090005","OWC","RaABAMlw_fsi_17090006","RaABAMlw","RaABAMlw_fsi",14,"fsi","RaABAMlw","RaABAMlw_fsi","Pacific Silver Fir - Low Elevation",3
"1_41_43_89725",7,92,522,2082,2615,1709000601,"17090005","OWC","RaDFHEdy_fwi_17090006","RaDFHEdy","RaDFHEdy_fwi",31,"fwi","RaDFHEdy","RaDFHEdy_fwi","Douglas-fir Hemlock-Dry Mesic",3
"1_41_43_85476",7,92,522,2082,1642,1709000601,"17090005","OWC","RaDFHEdy_fwi_17090006","RaDFHEdy","RaDFHEdy_fwi",31,"fwi","RaDFHEdy","RaDFHEdy_fwi","Douglas-fir Hemlock-Dry Mesic",3
"1_41_43_60220",7,92,523,2094,387,1709000602,"17090005","OWC","RaABAMlw_fsi_17090006","RaABAMlw","RaABAMlw_fsi",14,"fsi","RaABAMlw","RaABAMlw_fsi","Pacific Silver Fir - Low Elevation",3
"1_41_43_70223",7,92,523,2082,2253,1709000602,"17090005","OWC","RaDFHEdy_fwi_17090006","RaDFHEdy","RaDFHEdy_fwi",31,"fwi","RaDFHEdy","RaDFHEdy_fwi","Douglas-fir Hemlock-Dry Mesic",3
"1_41_43_99885",7,92,523,2082,1192,1709000602,"17090005","OWC","RaDFHEdy_fwi_17090006","RaDFHEdy","RaDFHEdy_fwi",31,"fwi","RaDFHEdy","RaDFHEdy_fwi","Douglas-fir Hemlock-Dry Mesic",3
"1_41_43_88861",7,92,523,2082,1362,1709000602,"17090005","OWC","RaDFHEdy_fwi_17090006","RaDFHEdy","RaDFHEdy_fwi",31,"fwi","RaDFHEdy","RaDFHEdy_fwi","Douglas-fir Hemlock-Dry Mesic",3
"1_41_43_53603",7,92,523,2094,1330,1709000602,"17090005","OWC","RaABAMlw_fsi_17090006","RaABAMlw","RaABAMlw_fsi",14,"fsi","RaABAMlw","RaABAMlw_fsi","Pacific Silver Fir - Low Elevation",3
"1_41_43_71488",7,92,523,2094,2443,1709000602,"17090005","OWC","RaABAMlw_fsi_17090006","RaABAMlw","RaABAMlw_fsi",14,"fsi","RaABAMlw","RaABAMlw_fsi","Pacific Silver Fir - Low Elevation",3
"1_41_43_92737",7,90,512,2110,1963,1709000404,"17090003B","OWC","RaDFHEdy_fwi_17090004","RaDFHEdy","RaDFHEdy_fwi",31,"fwi","RaDFHEdy","RaDFHEdy_fwi","Douglas-fir Hemlock-Dry Mesic",3
"1_41_43_71487",7,90,512,2110,1725,1709000404,"17090003B","OWC","RaDFHEdy_fwi_17090004","RaDFHEdy","RaDFHEdy_fwi",31,"fwi","RaDFHEdy","RaDFHEdy_fwi","Douglas-fir Hemlock-Dry Mesic",3
"1_41_39_65794",7,90,512,2110,2932,1709000404,"17090003B","OWC","RaDFHEdy_fwi_17090004","RaDFHEdy","RaDFHEdy_fwi",31,"fwi","RaDFHEdy","RaDFHEdy_fwi","Douglas-fir Hemlock-Dry Mesic",3
"1_41_39_58488",7,90,512,2110,2959,1709000404,"17090003B","OWC","RaDFHEdy_fwi_17090004","RaDFHEdy","RaDFHEdy_fwi",31,"fwi","RaDFHEdy","RaDFHEdy_fwi","Douglas-fir Hemlock-Dry Mesic",3
"1_41_39_97448",7,90,513,2110,1744,1709000405,"17090003B","OWC","RaDFHEdy_fwi_17090004","RaDFHEdy","RaDFHEdy_fwi",31,"fwi","RaDFHEdy","RaDFHEdy_fwi","Douglas-fir Hemlock-Dry Mesic",3
"1_41_39_79931",7,90,513,2110,1786,1709000405,"17090003B","OWC","RaDFHEdy_fwi_17090004","RaDFHEdy","RaDFHEdy_fwi",31,"fwi","RaDFHEdy","RaDFHEdy_fwi","Douglas-fir Hemlock-Dry Mesic",3
"1_41_39_93823",7,90,511,2110,2048,1709000403,"17090003B","OWC","RaDFHEdy_fwi_17090004","RaDFHEdy","RaDFHEdy_fwi",31,"fwi","RaDFHEdy","RaDFHEdy_fwi","Douglas-fir Hemlock-Dry Mesic",3
"1_41_39_53556",7,90,511,2110,1768,1709000403,"17090003B","OWC","RaDFHEdy_fwi_17090004","RaDFHEdy","RaDFHEdy_fwi",31,"fwi","RaDFHEdy","RaDFHEdy_fwi","Douglas-fir Hemlock-Dry Mesic",3
"1_41_39_79173",7,90,511,2110,1307,1709000403,"17090003B","OWC","RaDFHEdy_fwi_17090004","RaDFHEdy","RaDFHEdy_fwi",31,"fwi","RaDFHEdy","RaDFHEdy_fwi","Douglas-fir Hemlock-Dry Mesic",3
"1_41_39_83651",7,90,511,2110,1275,1709000403,"17090003B","OWC","RaDFHEdy_fwi_17090004","RaDFHEdy","RaDFHEdy_fwi",31,"fwi","RaDFHEdy","RaDFHEdy_fwi","Douglas-fir Hemlock-Dry Mesic",3
"1_41_39_73895",7,90,511,2108,1518,1709000403,"17090003B","OWC","RaABAMlw_fsi_17090004","RaABAMlw","RaABAMlw_fsi",14,"fsi","RaABAMlw","RaABAMlw_fsi","Pacific Silver Fir - Low Elevation",3
"1_41_39_54437",7,90,511,2108,1472,1709000403,"17090003B","OWC","RaABAMlw_fsi_17090004","RaABAMlw","RaABAMlw_fsi",14,"fsi","RaABAMlw","RaABAMlw_fsi","Pacific Silver Fir - Low Elevation",3
"1_41_39_59978",7,90,511,2108,1273,1709000403,"17090003B","OWC","RaABAMlw_fsi_17090004","RaABAMlw","RaABAMlw_fsi",14,"fsi","RaABAMlw","RaABAMlw_fsi","Pacific Silver Fir - Low Elevation",3
"1_41_39_65115",7,86,494,2140,1871,1709000106,"17080006A","OWC","RaABAMlw_fsi_17090001","RaABAMlw","RaABAMlw_fsi",14,"fsi","RaABAMlw","RaABAMlw_fsi","Pacific Silver Fir - Low Elevation",3
"1_41_39_60830",7,86,494,2140,2074,1709000106,"17080006A","OWC","RaABAMlw_fsi_17090001","RaABAMlw","RaABAMlw_fsi",14,"fsi","RaABAMlw","RaABAMlw_fsi","Pacific Silver Fir - Low Elevation",3
"1_41_39_71978",7,86,494,2140,975,1709000106,"17080006A","OWC","RaABAMlw_fsi_17090001","RaABAMlw","RaABAMlw_fsi",14,"fsi","RaABAMlw","RaABAMlw_fsi","Pacific Silver Fir - Low Elevation",3
"1_41_39_99079",7,86,494,2140,1818,1709000106,"17080006A","OWC","RaABAMlw_fsi_17090001","RaABAMlw","RaABAMlw_fsi",14,"fsi","RaABAMlw","RaABAMlw_fsi","Pacific Silver Fir - Low Elevation",3
"1_41_39_65656",7,86,494,2139,1460,1709000106,"17080006A","OWC","RaDFHEdy_fwi_17090001","RaDFHEdy","RaDFHEdy_fwi",31,"fwi","RaDFHEdy","RaDFHEdy_fwi","Douglas-fir Hemlock-Dry Mesic",3
"1_41_39_74756",7,86,494,2140,1103,1709000106,"17080006A","OWC","RaABAMlw_fsi_17090001","RaABAMlw","RaABAMlw_fsi",14,"fsi","RaABAMlw","RaABAMlw_fsi","Pacific Silver Fir - Low Elevation",3
"1_41_39_57057",7,86,494,2140,1148,1709000106,"17080006A","OWC","RaABAMlw_fsi_17090001","RaABAMlw","RaABAMlw_fsi",14,"fsi","RaABAMlw","RaABAMlw_fsi","Pacific Silver Fir - Low Elevation",3
"1_41_39_78973",7,86,492,2140,1212,1709000104,"17080006A","OWC","RaABAMlw_fsi_17090001","RaABAMlw","RaABAMlw_fsi",14,"fsi","RaABAMlw","RaABAMlw_fsi","Pacific Silver Fir - Low Elevation",3
"1_41_39_56289",7,86,492,2139,881,1709000104,"17080006A","OWC","RaDFHEdy_fwi_17090001","RaDFHEdy","RaDFHEdy_fwi",31,"fwi","RaDFHEdy","RaDFHEdy_fwi","Douglas-fir Hemlock-Dry Mesic",3
"1_41_39_62383",7,86,492,2141,1163,1709000104,"17080006A","OWC","RaABAMlw_fsw_17090001","RaABAMlw","RaABAMlw_fsw",16,"fsw","RaABAMlw","RaABAMlw_fsw","Pacific Silver Fir - Low Elevation",3
"1_41_39_74857",7,86,492,2141,605,1709000104,"17080006A","OWC","RaABAMlw_fsw_17090001","RaABAMlw","RaABAMlw_fsw",16,"fsw","RaABAMlw","RaABAMlw_fsw","Pacific Silver Fir - Low Elevation",3
"1_41_39_91091",7,86,491,2148,647,1709000103,"17080006A","OWC","RaABAMlw_fwc_17090001","RaABAMlw","RaABAMlw_fwc",35,"fwc","RaABAMlw","RaABAMlw_fwc","Pacific Silver Fir - Low Elevation",3
"1_41_39_92625",7,86,491,2140,1468,1709000103,"17080006A","OWC","RaABAMlw_fsi_17090001","RaABAMlw","RaABAMlw_fsi",14,"fsi","RaABAMlw","RaABAMlw_fsi","Pacific Silver Fir - Low Elevation",3
"1_41_39_61012",7,86,491,2139,911,1709000103,"17080006A","OWC","RaDFHEdy_fwi_17090001","RaDFHEdy","RaDFHEdy_fwi",31,"fwi","RaDFHEdy","RaDFHEdy_fwi","Douglas-fir Hemlock-Dry Mesic",3
"1_41_39_76382",7,86,491,2140,1163,1709000103,"17080006A","OWC","RaABAMlw_fsi_17090001","RaABAMlw","RaABAMlw_fsi",14,"fsi","RaABAMlw","RaABAMlw_fsi","Pacific Silver Fir - Low Elevation",3
"1_41_39_66528",7,86,490,2140,2023,1709000102,"17080006A","OWC","RaABAMlw_fsi_17090001","RaABAMlw","RaABAMlw_fsi",14,"fsi","RaABAMlw","RaABAMlw_fsi","Pacific Silver Fir - Low Elevation",3
"1_41_39_81677",7,86,489,2140,1882,1709000101,"17080006A","OWC","RaABAMlw_fsi_17090001","RaABAMlw","RaABAMlw_fsi",14,"fsi","RaABAMlw","RaABAMlw_fsi","Pacific Silver Fir - Low Elevation",3
"1_41_39_63775",7,86,489,2140,996,1709000101,"17080006A","OWC","RaABAMlw_fsi_17090001","RaABAMlw","RaABAMlw_fsi",14,"fsi","RaABAMlw","RaABAMlw_fsi","Pacific Silver Fir - Low Elevation",3
"2_41_19_83456",7,86,489,2141,1378,1709000101,"17080006A","OWC","RaABAMlw_fsw_17090001","RaABAMlw","RaABAMlw_fsw",16,"fsw","RaABAMlw","RaABAMlw_fsw","Pacific Silver Fir - Low Elevation",3
"2_41_19_60913",7,86,489,2140,853,1709000101,"17080006A","OWC","RaABAMlw_fsi_17090001","RaABAMlw","RaABAMlw_fsi",14,"fsi","RaABAMlw","RaABAMlw_fsi","Pacific Silver Fir - Low Elevation",3
"2_41_19_91956",6,113,638,1131,1018,1710030105,"17100207","OSW","RaMCONsw_fiw_1710030105","RaMCONsw","RaMCONsw_fiw",20,"fiw","RaMCONsw","RaMCONsw_fiw","Mixed Conifer - Southwest Oregon",1
"2_41_19_98511",6,113,638,2177,1507,1710030105,"17100207","OSW","RaABAMlw_fsi_17100301","RaABAMlw","RaABAMlw_fsi",14,"fsi","RaABAMlw","RaABAMlw_fsi","Pacific Silver Fir - Low Elevation",3
"2_41_19_66085",6,113,638,1131,1661,1710030105,"17100207","OSW","RaMCONsw_fiw_1710030105","RaMCONsw","RaMCONsw_fiw",20,"fiw","RaMCONsw","RaMCONsw_fiw","Mixed Conifer - Southwest Oregon",1
"2_41_19_54194",6,113,636,1166,663,1710030103,"17100207","OSW","Na0710270_fdd_1710030103","Na0710270","Na0710270_fdd",43,"fdd","Na0710270","Na0710270_fdd","Mediterranean California Dry-Mesic Mixed Conifer Forest and Woodland",1
"2_41_19_92080",6,113,636,2353,1065,1710030103,"17100207","OSW","RaPICOpu_flp_OSW","RaPICOpu","RaPICOpu_flp",54,"flp","RaPICOpu","RaPICOpu_flp","Lodgepole Pine - Pumice Soils",4
"2_41_19_85289",6,113,636,2195,673,1710030103,"17100207","OSW","RaREFI_fcw_17100301","RaREFI","RaREFI_fcw",19,"fcw","RaREFI","RaREFI_fcw","Red Fir",3
"2_41_19_54679",6,113,634,2352,1938,1710030101,"17100207","OSW","Na0710412_fmh_OSW","Na0710412","Na0710412_fmh",4,"fmh","Na0710412","Na0710412_fmh","North Pacific Mountain Hemlock Forest - Xeric",5
"2_41_19_56205",6,113,634,2352,1422,1710030101,"17100207","OSW","Na0710412_fmh_OSW","Na0710412","Na0710412_fmh",4,"fmh","Na0710412","Na0710412_fmh","North Pacific Mountain Hemlock Forest - Xeric",5
"2_41_19_74527",6,113,634,2353,1924,1710030101,"17100207","OSW","RaPICOpu_flp_OSW","RaPICOpu","RaPICOpu_flp",54,"flp","RaPICOpu","RaPICOpu_flp","Lodgepole Pine - Pumice Soils",4
"2_41_19_53814",6,113,634,2353,1969,1710030101,"17100207","OSW","RaPICOpu_flp_OSW","RaPICOpu","RaPICOpu_flp",54,"flp","RaPICOpu","RaPICOpu_flp","Lodgepole Pine - Pumice Soils",4
"2_41_19_67234",6,120,679,2353,1490,1710030701,"17100306","OSW","RaPICOpu_flp_OSW","RaPICOpu","RaPICOpu_flp",54,"flp","RaPICOpu","RaPICOpu_flp","Lodgepole Pine - Pumice Soils",4
"3_41_35_97447",6,120,679,2353,765,1710030701,"17100306","OSW","RaPICOpu_flp_OSW","RaPICOpu","RaPICOpu_flp",54,"flp","RaPICOpu","RaPICOpu_flp","Lodgepole Pine - Pumice Soils",4
"3_41_35_72423",6,120,679,2352,1829,1710030701,"17100306","OSW","Na0710412_fmh_OSW","Na0710412","Na0710412_fmh",4,"fmh","Na0710412","Na0710412_fmh","North Pacific Mountain Hemlock Forest - Xeric",5
"3_41_35_70453",6,120,679,2215,558,1710030701,"17100306","OSW","RaSAWD_fal_17100307","RaSAWD","RaSAWD_fal",2,"fal","RaSAWD","RaSAWD_fal","Subalpine Woodland",3
"3_41_35_56181",6,120,679,2352,1124,1710030701,"17100306","OSW","Na0710412_fmh_OSW","Na0710412","Na0710412_fmh",4,"fmh","Na0710412","Na0710412_fmh","North Pacific Mountain Hemlock Forest - Xeric",5
"3_41_35_73518",4,159,905,2324,1725,1801020301,"18010202","OEC","Na0710412_fmh_OEC","Na0710412","Na0710412_fmh",4,"fmh","Na0710412","Na0710412_fmh","North Pacific Mountain Hemlock Forest - Xeric",5
"3_41_35_79887",4,159,905,2324,3441,1801020301,"18010202","OEC","Na0710412_fmh_OEC","Na0710412","Na0710412_fmh",4,"fmh","Na0710412","Na0710412_fmh","North Pacific Mountain Hemlock Forest - Xeric",5
"3_41_35_84353",4,159,905,2324,3436,1801020301,"18010202","OEC","Na0710412_fmh_OEC","Na0710412","Na0710412_fmh",4,"fmh","Na0710412","Na0710412_fmh","North Pacific Mountain Hemlock Forest - Xeric",5
"3_41_35_78094",4,159,905,2324,1955,1801020301,"18010202","OEC","Na0710412_fmh_OEC","Na0710412","Na0710412_fmh",4,"fmh","Na0710412","Na0710412_fmh","North Pacific Mountain Hemlock Forest - Xeric",5
"3_41_35_96476",4,159,907,2324,1637,1801020303,"18010202","OEC","Na0710412_fmh_OEC","Na0710412","Na0710412_fmh",4,"fmh","Na0710412","Na0710412_fmh","North Pacific Mountain Hemlock Forest - Xeric",5
"3_41_35_85036",4,159,907,2324,1519,1801020303,"18010202","OEC","Na0710412_fmh_OEC","Na0710412","Na0710412_fmh",4,"fmh","Na0710412","Na0710412_fmh","North Pacific Mountain Hemlock Forest - Xeric",5
"3_41_35_83362",4,159,907,2324,1041,1801020303,"18010202","OEC","Na0710412_fmh_OEC","Na0710412","Na0710412_fmh",4,"fmh","Na0710412","Na0710412_fmh","North Pacific Mountain Hemlock Forest - Xeric",5
"3_41_35_79387",4,159,907,2324,2787,1801020303,"18010202","OEC","Na0710412_fmh_OEC","Na0710412","Na0710412_fmh",4,"fmh","Na0710412","Na0710412_fmh","North Pacific Mountain Hemlock Forest - Xeric",5
"3_41_35_69094",4,159,907,2324,1676,1801020303,"18010202","OEC","Na0710412_fmh_OEC","Na0710412","Na0710412_fmh",4,"fmh","Na0710412","Na0710412_fmh","North Pacific Mountain Hemlock Forest - Xeric",5
"3_41_35_64686",4,159,906,2255,1815,1801020302,"18010202","OEC","RaREFI_fcw_18010203","RaREFI","RaREFI_fcw",19,"fcw","RaREFI","RaREFI_fcw","Red Fir",3
"3_41_35_99035",4,159,906,2255,2494,1801020302,"18010202","OEC","RaREFI_fcw_18010203","RaREFI","RaREFI_fcw",19,"fcw","RaREFI","RaREFI_fcw","Red Fir",3
"3_41_35_61997",4,159,906,2255,1899,1801020302,"18010202","OEC","RaREFI_fcw_18010203","RaREFI","RaREFI_fcw",19,"fcw","RaREFI","RaREFI_fcw","Red Fir",3
"3_41_35_56903",4,159,906,2255,1750,1801020302,"18010202","OEC","RaREFI_fcw_18010203","RaREFI","RaREFI_fcw",19,"fcw","RaREFI","RaREFI_fcw","Red Fir",3
"3_41_35_94473",4,159,906,2324,1012,1801020302,"18010202","OEC","Na0710412_fmh_OEC","Na0710412","Na0710412_fmh",4,"fmh","Na0710412","Na0710412_fmh","North Pacific Mountain Hemlock Forest - Xeric",5
"3_41_35_63244",6,161,919,1721,2671,1801020603,"18010204","OSW","RaMCONsw_fiw_1801020603","RaMCONsw","RaMCONsw_fiw",20,"fiw","RaMCONsw","RaMCONsw_fiw","Mixed Conifer - Southwest Oregon",1
"3_41_35_94984",6,161,918,1730,1222,1801020602,"18010204","OSW","RaPIPOm_fpd_1801020602","RaPIPOm","RaPIPOm_fpd",51,"fpd","RaPIPOm","RaPIPOm_fpd","Dry Ponderosa Pine - Mesic",1
"5_53_29_67435",13,144,795,1813,724,1711001901,"17110018","WWC","RaDFHEdy_fwi_17110019","RaDFHEdy","RaDFHEdy_fwi",31,"fwi","RaDFHEdy","RaDFHEdy_fwi","Douglas-fir Hemlock-Dry Mesic",3
"5_53_73_59516",11,129,735,1767,1838,1711000405,"17110003","WNC","RaDFHEdy_fwi_17110004","RaDFHEdy","RaDFHEdy_fwi",31,"fwi","RaDFHEdy","RaDFHEdy_fwi","Douglas-fir Hemlock-Dry Mesic",3
"5_53_33_93808",13,144,796,1813,1250,1711001902,"17110018","WWC","RaDFHEdy_fwi_17110019","RaDFHEdy","RaDFHEdy_fwi",31,"fwi","RaDFHEdy","RaDFHEdy_fwi","Douglas-fir Hemlock-Dry Mesic",3
"5_53_53_56230",13,144,796,1813,564,1711001902,"17110018","WWC","RaDFHEdy_fwi_17110019","RaDFHEdy","RaDFHEdy_fwi",31,"fwi","RaDFHEdy","RaDFHEdy_fwi","Douglas-fir Hemlock-Dry Mesic",3
"5_53_53_98018",13,140,783,1926,2242,1711001503,"17110014","WWC","RaDFHEdy_fwi_17110015","RaDFHEdy","RaDFHEdy_fwi",31,"fwi","RaDFHEdy","RaDFHEdy_fwi","Douglas-fir Hemlock-Dry Mesic",3
"5_53_53_54144",13,140,782,1926,1417,1711001502,"17110014","WWC","RaDFHEdy_fwi_17110015","RaDFHEdy","RaDFHEdy_fwi",31,"fwi","RaDFHEdy","RaDFHEdy_fwi","Douglas-fir Hemlock-Dry Mesic",3
"5_53_73_55532",11,129,736,2282,1382,1711000406,"17110003","WNC","RaDFHEwt_fwm_WNC","RaDFHEwt","RaDFHEwt_fwm",33,"fwm","RaDFHEwt","RaDFHEwt_fwm","Douglas-fir Hemlock-Wet Mesic",5
"6_53_67_97906",13,140,781,1926,1304,1711001501,"17110014","WWC","RaDFHEdy_fwi_17110015","RaDFHEdy","RaDFHEdy_fwi",31,"fwi","RaDFHEdy","RaDFHEdy_fwi","Douglas-fir Hemlock-Dry Mesic",3
"7_53_41_55380",13,140,781,1926,1623,1711001501,"17110014","WWC","RaDFHEdy_fwi_17110015","RaDFHEdy","RaDFHEdy_fwi",31,"fwi","RaDFHEdy","RaDFHEdy_fwi","Douglas-fir Hemlock-Dry Mesic",3
"7_53_41_53548",13,140,781,2292,764,1711001501,"17110014","WWC","RaDFHEwt_fwm_WWC","RaDFHEwt","RaDFHEwt_fwm",33,"fwm","RaDFHEwt","RaDFHEwt_fwm","Douglas-fir Hemlock-Wet Mesic",5
"7_53_41_55660",13,140,781,2292,1063,1711001501,"17110014","WWC","RaDFHEwt_fwm_WWC","RaDFHEwt","RaDFHEwt_fwm",33,"fwm","RaDFHEwt","RaDFHEwt_fwm","Douglas-fir Hemlock-Wet Mesic",5
"7_53_41_63535",13,140,781,1936,905,1711001501,"17110014","WWC","RaABAMlw_fsi_17110015","RaABAMlw","RaABAMlw_fsi",14,"fsi","RaABAMlw","RaABAMlw_fsi","Pacific Silver Fir - Low Elevation",3
"7_53_41_82931",13,140,781,1936,837,1711001501,"17110014","WWC","RaABAMlw_fsi_17110015","RaABAMlw","RaABAMlw_fsi",14,"fsi","RaABAMlw","RaABAMlw_fsi","Pacific Silver Fir - Low Elevation",3
"7_53_41_53913",13,83,476,1949,2519,1708000501,"17080004","WWC","RaABAMlw_fsi_17080005","RaABAMlw","RaABAMlw_fsi",14,"fsi","RaABAMlw","RaABAMlw_fsi","Pacific Silver Fir - Low Elevation",3
"7_53_41_55606",13,83,476,2303,652,1708000501,"17080004","WWC","RaABAMup_fst_WWC","RaABAMup","RaABAMup_fst",13,"fst","RaABAMup","RaABAMup_fst","Pacific Silver Fir - High Elevation",5
"7_53_41_69193",13,83,476,2292,1816,1708000501,"17080004","WWC","RaDFHEwt_fwm_WWC","RaDFHEwt","RaDFHEwt_fwm",33,"fwm","RaDFHEwt","RaDFHEwt_fwm","Douglas-fir Hemlock-Wet Mesic",5
"7_53_41_96700",13,83,477,1951,806,1708000502,"17080004","WWC","RaABAMlw_fwc_17080005","RaABAMlw","RaABAMlw_fwc",35,"fwc","RaABAMlw","RaABAMlw_fwc","Pacific Silver Fir - Low Elevation",3
"7_53_41_76461",13,83,479,1952,1539,1708000504,"17080004","WWC","RaDFHEdy_fwi_17080005","RaDFHEdy","RaDFHEdy_fwi",31,"fwi","RaDFHEdy","RaDFHEdy_fwi","Douglas-fir Hemlock-Dry Mesic",3
"7_53_15_78070",13,83,479,1951,793,1708000504,"17080004","WWC","RaABAMlw_fwc_17080005","RaABAMlw","RaABAMlw_fwc",35,"fwc","RaABAMlw","RaABAMlw_fwc","Pacific Silver Fir - Low Elevation",3
"7_53_15_97288",13,83,480,1949,822,1708000505,"17080004","WWC","RaABAMlw_fsi_17080005","RaABAMlw","RaABAMlw_fsi",14,"fsi","RaABAMlw","RaABAMlw_fsi","Pacific Silver Fir - Low Elevation",3
"7_53_15_85624",13,83,480,1949,1636,1708000505,"17080004","WWC","RaABAMlw_fsi_17080005","RaABAMlw","RaABAMlw_fsi",14,"fsi","RaABAMlw","RaABAMlw_fsi","Pacific Silver Fir - Low Elevation",3
"7_53_15_83371",13,83,480,2305,1609,1708000505,"17080004","WWC","Na0710412_fmc_WWC","Na0710412","Na0710412_fmc",7,"fmc","Na0710412","Na0710412_fmc","North Pacific Mountain Hemlock Forest - Xeric",5
"7_53_15_65082",13,83,481,2305,2589,1708000506,"17080004","WWC","Na0710412_fmc_WWC","Na0710412","Na0710412_fmc",7,"fmc","Na0710412","Na0710412_fmc","North Pacific Mountain Hemlock Forest - Xeric",5
"7_53_15_56157",13,79,465,1978,2366,1708000301,"17080002","WWC","RaABAMlw_fsi_17080003C","RaABAMlw","RaABAMlw_fsi",14,"fsi","RaABAMlw","RaABAMlw_fsi","Pacific Silver Fir - Low Elevation",3
"7_53_15_86316",13,79,465,1978,3063,1708000301,"17080002","WWC","RaABAMlw_fsi_17080003C","RaABAMlw","RaABAMlw_fsi",14,"fsi","RaABAMlw","RaABAMlw_fsi","Pacific Silver Fir - Low Elevation",3
"7_53_15_79325",13,78,462,1970,2584,1708000204,"17080001A","WWC","RaABAMlw_fsi_17080002","RaABAMlw","RaABAMlw_fsi",14,"fsi","RaABAMlw","RaABAMlw_fsi","Pacific Silver Fir - Low Elevation",3
"7_53_15_77895",13,78,462,2292,1192,1708000204,"17080001A","WWC","RaDFHEwt_fwm_WWC","RaDFHEwt","RaDFHEwt_fwm",33,"fwm","RaDFHEwt","RaDFHEwt_fwm","Douglas-fir Hemlock-Wet Mesic",5
"7_53_15_63782",13,78,462,1973,1336,1708000204,"17080001A","WWC","RaDFHEdy_fwi_17080002","RaDFHEdy","RaDFHEdy_fwi",31,"fwi","RaDFHEdy","RaDFHEdy_fwi","Douglas-fir Hemlock-Dry Mesic",3
"7_53_59_96165",13,78,462,2293,714,1708000204,"17080001A","WWC","RaDFHEwt_fww_WWC","RaDFHEwt","RaDFHEwt_fww",34,"fww","RaDFHEwt","RaDFHEwt_fww","Douglas-fir Hemlock-Wet Mesic",5
"7_53_59_87964",13,78,462,2292,1149,1708000204,"17080001A","WWC","RaDFHEwt_fwm_WWC","RaDFHEwt","RaDFHEwt_fwm",33,"fwm","RaDFHEwt","RaDFHEwt_fwm","Douglas-fir Hemlock-Wet Mesic",5
"7_53_59_70534",13,78,464,2292,1045,1708000206,"17080001A","WWC","RaDFHEwt_fwm_WWC","RaDFHEwt","RaDFHEwt_fwm",33,"fwm","RaDFHEwt","RaDFHEwt_fwm","Douglas-fir Hemlock-Wet Mesic",5
"7_53_59_65729",13,78,464,1970,1584,1708000206,"17080001A","WWC","RaABAMlw_fsi_17080002","RaABAMlw","RaABAMlw_fsi",14,"fsi","RaABAMlw","RaABAMlw_fsi","Pacific Silver Fir - Low Elevation",3
"7_53_59_59324",13,78,463,2292,920,1708000205,"17080001A","WWC","RaDFHEwt_fwm_WWC","RaDFHEwt","RaDFHEwt_fwm",33,"fwm","RaDFHEwt","RaDFHEwt_fwm","Douglas-fir Hemlock-Wet Mesic",5
"7_53_59_57204",13,78,463,2292,1705,1708000205,"17080001A","WWC","RaDFHEwt_fwm_WWC","RaDFHEwt","RaDFHEwt_fwm",33,"fwm","RaDFHEwt","RaDFHEwt_fwm","Douglas-fir Hemlock-Wet Mesic",5
"7_53_11_78220",13,78,463,2292,549,1708000205,"17080001A","WWC","RaDFHEwt_fwm_WWC","RaDFHEwt","RaDFHEwt_fwm",33,"fwm","RaDFHEwt","RaDFHEwt_fwm","Douglas-fir Hemlock-Wet Mesic",5
"7_53_59_77555",13,78,463,2292,1175,1708000205,"17080001A","WWC","RaDFHEwt_fwm_WWC","RaDFHEwt","RaDFHEwt_fwm",33,"fwm","RaDFHEwt","RaDFHEwt_fwm","Douglas-fir Hemlock-Wet Mesic",5
"7_53_59_90648",13,78,463,1970,1075,1708000205,"17080001A","WWC","RaABAMlw_fsi_17080002","RaABAMlw","RaABAMlw_fsi",14,"fsi","RaABAMlw","RaABAMlw_fsi","Pacific Silver Fir - Low Elevation",3
"7_53_59_67208",13,78,463,1970,1020,1708000205,"17080001A","WWC","RaABAMlw_fsi_17080002","RaABAMlw","RaABAMlw_fsi",14,"fsi","RaABAMlw","RaABAMlw_fsi","Pacific Silver Fir - Low Elevation",3
"7_53_59_92243",13,77,456,2303,720,1708000106,"17080001B","WWC","RaABAMup_fst_WWC","RaABAMup","RaABAMup_fst",13,"fst","RaABAMup","RaABAMup_fst","Pacific Silver Fir - High Elevation",5
"7_53_59_80042",13,77,456,2292,1351,1708000106,"17080001B","WWC","RaDFHEwt_fwm_WWC","RaDFHEwt","RaDFHEwt_fwm",33,"fwm","RaDFHEwt","RaDFHEwt_fwm","Douglas-fir Hemlock-Wet Mesic",5
"0_41_51_64925",13,77,458,2292,2022,1708000108,"17080001B","WWC","RaDFHEwt_fwm_WWC","RaDFHEwt","RaDFHEwt_fwm",33,"fwm","RaDFHEwt","RaDFHEwt_fwm","Douglas-fir Hemlock-Wet Mesic",5
"0_41_51_59405",7,76,457,2329,1765,1708000107,"17070307","OWC","RaDFHEwt_fwm_OWC","RaDFHEwt","RaDFHEwt_fwm",33,"fwm","RaDFHEwt","RaDFHEwt_fwm","Douglas-fir Hemlock-Wet Mesic",5
"0_41_5_71826",7,97,555,2329,824,1709001104,"17090010","OWC","RaDFHEwt_fwm_OWC","RaDFHEwt","RaDFHEwt_fwm",33,"fwm","RaDFHEwt","RaDFHEwt_fwm","Douglas-fir Hemlock-Wet Mesic",5
"0_41_5_60151",7,97,555,2032,1016,1709001104,"17090010","OWC","RaDFHEdy_fwi_17090011","RaDFHEdy","RaDFHEdy_fwi",31,"fwi","RaDFHEdy","RaDFHEdy_fwi","Douglas-fir Hemlock-Dry Mesic",3
"0_41_5_78765",7,97,555,2032,1225,1709001104,"17090010","OWC","RaDFHEdy_fwi_17090011","RaDFHEdy","RaDFHEdy_fwi",31,"fwi","RaDFHEdy","RaDFHEdy_fwi","Douglas-fir Hemlock-Dry Mesic",3
"0_41_5_89498",7,97,555,2044,1615,1709001104,"17090010","OWC","RaABAMlw_fsi_17090011","RaABAMlw","RaABAMlw_fsi",14,"fsi","RaABAMlw","RaABAMlw_fsi","Pacific Silver Fir - Low Elevation",3
"0_41_5_54491",7,97,555,2044,1552,1709001104,"17090010","OWC","RaABAMlw_fsi_17090011","RaABAMlw","RaABAMlw_fsi",14,"fsi","RaABAMlw","RaABAMlw_fsi","Pacific Silver Fir - Low Elevation",3
"0_41_5_86398",7,97,555,2044,1161,1709001104,"17090010","OWC","RaABAMlw_fsi_17090011","RaABAMlw","RaABAMlw_fsi",14,"fsi","RaABAMlw","RaABAMlw_fsi","Pacific Silver Fir - Low Elevation",3
"0_41_5_56568",7,97,555,2032,1022,1709001104,"17090010","OWC","RaDFHEdy_fwi_17090011","RaDFHEdy","RaDFHEdy_fwi",31,"fwi","RaDFHEdy","RaDFHEdy_fwi","Douglas-fir Hemlock-Dry Mesic",3
"0_41_5_88625",7,97,555,2032,1401,1709001104,"17090010","OWC","RaDFHEdy_fwi_17090011","RaDFHEdy","RaDFHEdy_fwi",31,"fwi","RaDFHEdy","RaDFHEdy_fwi","Douglas-fir Hemlock-Dry Mesic",3
"0_41_5_97002",7,97,555,2044,1673,1709001104,"17090010","OWC","RaABAMlw_fsi_17090011","RaABAMlw","RaABAMlw_fsi",14,"fsi","RaABAMlw","RaABAMlw_fsi","Pacific Silver Fir - Low Elevation",3
"0_41_5_72129",7,97,555,2044,1453,1709001104,"17090010","OWC","RaABAMlw_fsi_17090011","RaABAMlw","RaABAMlw_fsi",14,"fsi","RaABAMlw","RaABAMlw_fsi","Pacific Silver Fir - Low Elevation",3
"0_41_5_63836",7,97,552,2044,943,1709001101,"17090010","OWC","RaABAMlw_fsi_17090011","RaABAMlw","RaABAMlw_fsi",14,"fsi","RaABAMlw","RaABAMlw_fsi","Pacific Silver Fir - Low Elevation",3
"0_41_5_92165",7,97,552,2044,1054,1709001101,"17090010","OWC","RaABAMlw_fsi_17090011","RaABAMlw","RaABAMlw_fsi",14,"fsi","RaABAMlw","RaABAMlw_fsi","Pacific Silver Fir - Low Elevation",3
"0_41_5_79292",7,97,552,2032,1287,1709001101,"17090010","OWC","RaDFHEdy_fwi_17090011","RaDFHEdy","RaDFHEdy_fwi",31,"fwi","RaDFHEdy","RaDFHEdy_fwi","Douglas-fir Hemlock-Dry Mesic",3
"0_41_5_86650",7,97,552,2046,1232,1709001101,"17090010","OWC","RaABAMlw_fsw_17090011","RaABAMlw","RaABAMlw_fsw",16,"fsw","RaABAMlw","RaABAMlw_fsw","Pacific Silver Fir - Low Elevation",3
"0_41_5_82280",7,97,552,2044,1620,1709001101,"17090010","OWC","RaABAMlw_fsi_17090011","RaABAMlw","RaABAMlw_fsi",14,"fsi","RaABAMlw","RaABAMlw_fsi","Pacific Silver Fir - Low Elevation",3
"0_41_47_57762",7,97,552,2044,895,1709001101,"17090010","OWC","RaABAMlw_fsi_17090011","RaABAMlw","RaABAMlw_fsi",14,"fsi","RaABAMlw","RaABAMlw_fsi","Pacific Silver Fir - Low Elevation",3
"0_41_47_99293",7,91,520,2076,2215,1709000505,"17090004","OWC","RaDFHEdy_fwi_17090005","RaDFHEdy","RaDFHEdy_fwi",31,"fwi","RaDFHEdy","RaDFHEdy_fwi","Douglas-fir Hemlock-Dry Mesic",3
"0_41_47_82150",7,91,520,2076,2006,1709000505,"17090004","OWC","RaDFHEdy_fwi_17090005","RaDFHEdy","RaDFHEdy_fwi",31,"fwi","RaDFHEdy","RaDFHEdy_fwi","Douglas-fir Hemlock-Dry Mesic",3
"0_41_47_59014",7,91,518,2076,1842,1709000503,"17090004","OWC","RaDFHEdy_fwi_17090005","RaDFHEdy","RaDFHEdy_fwi",31,"fwi","RaDFHEdy","RaDFHEdy_fwi","Douglas-fir Hemlock-Dry Mesic",3
"5_53_57_96778",11,127,726,1762,547,1711000202,"17110001","WNC","RaDFHEdy_fdg_17110002","RaDFHEdy","RaDFHEdy_fdg",24,"fdg","RaDFHEdy","RaDFHEdy_fdg","Douglas-fir Hemlock-Dry Mesic",3
"1_41_43_88312",7,91,518,2076,1253,1709000503,"17090004","OWC","RaDFHEdy_fwi_17090005","RaDFHEdy","RaDFHEdy_fwi",31,"fwi","RaDFHEdy","RaDFHEdy_fwi","Douglas-fir Hemlock-Dry Mesic",3
"1_41_43_60650",7,91,518,2331,542,1709000503,"17090004","OWC","Na0710412_fmc_OWC","Na0710412","Na0710412_fmc",7,"fmc","Na0710412","Na0710412_fmc","North Pacific Mountain Hemlock Forest - Xeric",5
"1_41_43_73701",7,91,518,2076,1138,1709000503,"17090004","OWC","RaDFHEdy_fwi_17090005","RaDFHEdy","RaDFHEdy_fwi",31,"fwi","RaDFHEdy","RaDFHEdy_fwi","Douglas-fir Hemlock-Dry Mesic",3
"1_41_43_63409",7,92,524,2082,907,1709000603,"17090005","OWC","RaDFHEdy_fwi_17090006","RaDFHEdy","RaDFHEdy_fwi",31,"fwi","RaDFHEdy","RaDFHEdy_fwi","Douglas-fir Hemlock-Dry Mesic",3
"1_41_43_89064",7,92,524,2094,1257,1709000603,"17090005","OWC","RaABAMlw_fsi_17090006","RaABAMlw","RaABAMlw_fsi",14,"fsi","RaABAMlw","RaABAMlw_fsi","Pacific Silver Fir - Low Elevation",3
"1_41_43_82232",7,92,524,2082,589,1709000603,"17090005","OWC","RaDFHEdy_fwi_17090006","RaDFHEdy","RaDFHEdy_fwi",31,"fwi","RaDFHEdy","RaDFHEdy_fwi","Douglas-fir Hemlock-Dry Mesic",3
"1_41_43_94998",7,92,524,2094,1148,1709000603,"17090005","OWC","RaABAMlw_fsi_17090006","RaABAMlw","RaABAMlw_fsi",14,"fsi","RaABAMlw","RaABAMlw_fsi","Pacific Silver Fir - Low Elevation",3
"1_41_43_97220",7,92,522,2082,873,1709000601,"17090005","OWC","RaDFHEdy_fwi_17090006","RaDFHEdy","RaDFHEdy_fwi",31,"fwi","RaDFHEdy","RaDFHEdy_fwi","Douglas-fir Hemlock-Dry Mesic",3
"1_41_43_78540",7,92,522,2082,2181,1709000601,"17090005","OWC","RaDFHEdy_fwi_17090006","RaDFHEdy","RaDFHEdy_fwi",31,"fwi","RaDFHEdy","RaDFHEdy_fwi","Douglas-fir Hemlock-Dry Mesic",3
"1_41_43_64294",7,92,522,2082,1475,1709000601,"17090005","OWC","RaDFHEdy_fwi_17090006","RaDFHEdy","RaDFHEdy_fwi",31,"fwi","RaDFHEdy","RaDFHEdy_fwi","Douglas-fir Hemlock-Dry Mesic",3
"1_41_43_93736",7,92,522,2094,1540,1709000601,"17090005","OWC","RaABAMlw_fsi_17090006","RaABAMlw","RaABAMlw_fsi",14,"fsi","RaABAMlw","RaABAMlw_fsi","Pacific Silver Fir - Low Elevation",3
"1_41_43_71102",7,92,522,2094,1400,1709000601,"17090005","OWC","RaABAMlw_fsi_17090006","RaABAMlw","RaABAMlw_fsi",14,"fsi","RaABAMlw","RaABAMlw_fsi","Pacific Silver Fir - Low Elevation",3
"1_41_43_76261",7,92,523,2094,1615,1709000602,"17090005","OWC","RaABAMlw_fsi_17090006","RaABAMlw","RaABAMlw_fsi",14,"fsi","RaABAMlw","RaABAMlw_fsi","Pacific Silver Fir - Low Elevation",3
"1_41_43_96194",7,92,523,2082,1373,1709000602,"17090005","OWC","RaDFHEdy_fwi_17090006","RaDFHEdy","RaDFHEdy_fwi",31,"fwi","RaDFHEdy","RaDFHEdy_fwi","Douglas-fir Hemlock-Dry Mesic",3
"1_41_43_63616",7,92,523,2094,2409,1709000602,"17090005","OWC","RaABAMlw_fsi_17090006","RaABAMlw","RaABAMlw_fsi",14,"fsi","RaABAMlw","RaABAMlw_fsi","Pacific Silver Fir - Low Elevation",3
"1_41_43_92496",7,92,523,2094,2137,1709000602,"17090005","OWC","RaABAMlw_fsi_17090006","RaABAMlw","RaABAMlw_fsi",14,"fsi","RaABAMlw","RaABAMlw_fsi","Pacific Silver Fir - Low Elevation",3
"1_41_43_98877",7,90,512,2110,1858,1709000404,"17090003B","OWC","RaDFHEdy_fwi_17090004","RaDFHEdy","RaDFHEdy_fwi",31,"fwi","RaDFHEdy","RaDFHEdy_fwi","Douglas-fir Hemlock-Dry Mesic",3
"1_41_43_83838",7,90,512,2108,1644,1709000404,"17090003B","OWC","RaABAMlw_fsi_17090004","RaABAMlw","RaABAMlw_fsi",14,"fsi","RaABAMlw","RaABAMlw_fsi","Pacific Silver Fir - Low Elevation",3
"1_41_43_79324",7,90,512,2110,1752,1709000404,"17090003B","OWC","RaDFHEdy_fwi_17090004","RaDFHEdy","RaDFHEdy_fwi",31,"fwi","RaDFHEdy","RaDFHEdy_fwi","Douglas-fir Hemlock-Dry Mesic",3
"1_41_39_75941",7,90,512,2110,1586,1709000404,"17090003B","OWC","RaDFHEdy_fwi_17090004","RaDFHEdy","RaDFHEdy_fwi",31,"fwi","RaDFHEdy","RaDFHEdy_fwi","Douglas-fir Hemlock-Dry Mesic",3
"1_41_39_99116",7,90,512,2110,2723,1709000404,"17090003B","OWC","RaDFHEdy_fwi_17090004","RaDFHEdy","RaDFHEdy_fwi",31,"fwi","RaDFHEdy","RaDFHEdy_fwi","Douglas-fir Hemlock-Dry Mesic",3
"1_41_39_60408",7,90,510,861,1214,1709000402,"17090003B","OWC","RaDFWV_fwx_1709000402","RaDFWV","RaDFWV_fwx",37,"fwx","RaDFWV","RaDFWV_fwx","Douglas-fir Willamatte Valley Foothills",1
"1_41_39_63151",7,90,511,2110,1705,1709000403,"17090003B","OWC","RaDFHEdy_fwi_17090004","RaDFHEdy","RaDFHEdy_fwi",31,"fwi","RaDFHEdy","RaDFHEdy_fwi","Douglas-fir Hemlock-Dry Mesic",3
"1_41_39_52531",7,90,511,2110,1461,1709000403,"17090003B","OWC","RaDFHEdy_fwi_17090004","RaDFHEdy","RaDFHEdy_fwi",31,"fwi","RaDFHEdy","RaDFHEdy_fwi","Douglas-fir Hemlock-Dry Mesic",3
"1_41_39_99326",7,90,511,2110,1266,1709000403,"17090003B","OWC","RaDFHEdy_fwi_17090004","RaDFHEdy","RaDFHEdy_fwi",31,"fwi","RaDFHEdy","RaDFHEdy_fwi","Douglas-fir Hemlock-Dry Mesic",3
"1_41_39_88912",7,90,511,2108,1525,1709000403,"17090003B","OWC","RaABAMlw_fsi_17090004","RaABAMlw","RaABAMlw_fsi",14,"fsi","RaABAMlw","RaABAMlw_fsi","Pacific Silver Fir - Low Elevation",3
"1_41_39_63567",7,90,511,2108,821,1709000403,"17090003B","OWC","RaABAMlw_fsi_17090004","RaABAMlw","RaABAMlw_fsi",14,"fsi","RaABAMlw","RaABAMlw_fsi","Pacific Silver Fir - Low Elevation",3
"1_41_39_69767",7,86,494,2139,1598,1709000106,"17080006A","OWC","RaDFHEdy_fwi_17090001","RaDFHEdy","RaDFHEdy_fwi",31,"fwi","RaDFHEdy","RaDFHEdy_fwi","Douglas-fir Hemlock-Dry Mesic",3
"1_41_39_90243",7,86,494,2140,816,1709000106,"17080006A","OWC","RaABAMlw_fsi_17090001","RaABAMlw","RaABAMlw_fsi",14,"fsi","RaABAMlw","RaABAMlw_fsi","Pacific Silver Fir - Low Elevation",3
"1_41_39_70827",7,86,492,2140,695,1709000104,"17080006A","OWC","RaABAMlw_fsi_17090001","RaABAMlw","RaABAMlw_fsi",14,"fsi","RaABAMlw","RaABAMlw_fsi","Pacific Silver Fir - Low Elevation",3
"1_41_39_61458",7,86,492,2140,1342,1709000104,"17080006A","OWC","RaABAMlw_fsi_17090001","RaABAMlw","RaABAMlw_fsi",14,"fsi","RaABAMlw","RaABAMlw_fsi","Pacific Silver Fir - Low Elevation",3
"1_41_39_58652",7,86,492,2140,1144,1709000104,"17080006A","OWC","RaABAMlw_fsi_17090001","RaABAMlw","RaABAMlw_fsi",14,"fsi","RaABAMlw","RaABAMlw_fsi","Pacific Silver Fir - Low Elevation",3
"1_41_39_86077",7,86,492,2140,891,1709000104,"17080006A","OWC","RaABAMlw_fsi_17090001","RaABAMlw","RaABAMlw_fsi",14,"fsi","RaABAMlw","RaABAMlw_fsi","Pacific Silver Fir - Low Elevation",3
"1_41_39_66913",7,86,492,2331,591,1709000104,"17080006A","OWC","Na0710412_fmc_OWC","Na0710412","Na0710412_fmc",7,"fmc","Na0710412","Na0710412_fmc","North Pacific Mountain Hemlock Forest - Xeric",5
"1_41_39_72595",7,86,492,2140,1205,1709000104,"17080006A","OWC","RaABAMlw_fsi_17090001","RaABAMlw","RaABAMlw_fsi",14,"fsi","RaABAMlw","RaABAMlw_fsi","Pacific Silver Fir - Low Elevation",3
"1_41_39_57873",7,86,492,2333,801,1709000104,"17080006A","OWC","RaDFHEwt_fdm_OWC","RaDFHEwt","RaDFHEwt_fdm",40,"fdm","RaDFHEwt","RaDFHEwt_fdm","Douglas-fir Hemlock-Wet Mesic",5
"1_41_39_91721",7,86,491,2331,1194,1709000103,"17080006A","OWC","Na0710412_fmc_OWC","Na0710412","Na0710412_fmc",7,"fmc","Na0710412","Na0710412_fmc","North Pacific Mountain Hemlock Forest - Xeric",5
"1_41_39_52062",7,86,491,2333,797,1709000103,"17080006A","OWC","RaDFHEwt_fdm_OWC","RaDFHEwt","RaDFHEwt_fdm",40,"fdm","RaDFHEwt","RaDFHEwt_fdm","Douglas-fir Hemlock-Wet Mesic",5
"1_41_39_89918",7,86,491,2140,2027,1709000103,"17080006A","OWC","RaABAMlw_fsi_17090001","RaABAMlw","RaABAMlw_fsi",14,"fsi","RaABAMlw","RaABAMlw_fsi","Pacific Silver Fir - Low Elevation",3
"1_41_39_88037",7,86,491,2331,1288,1709000103,"17080006A","OWC","Na0710412_fmc_OWC","Na0710412","Na0710412_fmc",7,"fmc","Na0710412","Na0710412_fmc","North Pacific Mountain Hemlock Forest - Xeric",5
"1_41_39_88634",7,86,491,2331,1840,1709000103,"17080006A","OWC","Na0710412_fmc_OWC","Na0710412","Na0710412_fmc",7,"fmc","Na0710412","Na0710412_fmc","North Pacific Mountain Hemlock Forest - Xeric",5
"1_41_39_70478",7,86,489,2331,1876,1709000101,"17080006A","OWC","Na0710412_fmc_OWC","Na0710412","Na0710412_fmc",7,"fmc","Na0710412","Na0710412_fmc","North Pacific Mountain Hemlock Forest - Xeric",5
"1_41_39_96071",7,86,489,2331,1468,1709000101,"17080006A","OWC","Na0710412_fmc_OWC","Na0710412","Na0710412_fmc",7,"fmc","Na0710412","Na0710412_fmc","North Pacific Mountain Hemlock Forest - Xeric",5
"2_41_19_52688",7,86,489,2140,1500,1709000101,"17080006A","OWC","RaABAMlw_fsi_17090001","RaABAMlw","RaABAMlw_fsi",14,"fsi","RaABAMlw","RaABAMlw_fsi","Pacific Silver Fir - Low Elevation",3
"2_41_19_97478",7,86,489,2140,1226,1709000101,"17080006A","OWC","RaABAMlw_fsi_17090001","RaABAMlw","RaABAMlw_fsi",14,"fsi","RaABAMlw","RaABAMlw_fsi","Pacific Silver Fir - Low Elevation",3
"2_41_19_80935",6,113,638,2344,1321,1710030105,"17100207","OSW","Na0710412_fmc_OSW","Na0710412","Na0710412_fmc",7,"fmc","Na0710412","Na0710412_fmc","North Pacific Mountain Hemlock Forest - Xeric",5
"2_41_19_79800",6,113,638,2344,1152,1710030105,"17100207","OSW","Na0710412_fmc_OSW","Na0710412","Na0710412_fmc",7,"fmc","Na0710412","Na0710412_fmc","North Pacific Mountain Hemlock Forest - Xeric",5
"2_41_19_50787",6,113,638,2177,1052,1710030105,"17100207","OSW","RaABAMlw_fsi_17100301","RaABAMlw","RaABAMlw_fsi",14,"fsi","RaABAMlw","RaABAMlw_fsi","Pacific Silver Fir - Low Elevation",3
"2_41_19_91116",6,113,635,2353,1403,1710030102,"17100207","OSW","RaPICOpu_flp_OSW","RaPICOpu","RaPICOpu_flp",54,"flp","RaPICOpu","RaPICOpu_flp","Lodgepole Pine - Pumice Soils",4
"2_41_19_79497",6,113,635,2353,2057,1710030102,"17100207","OSW","RaPICOpu_flp_OSW","RaPICOpu","RaPICOpu_flp",54,"flp","RaPICOpu","RaPICOpu_flp","Lodgepole Pine - Pumice Soils",4
"2_41_19_88706",6,113,635,2353,2263,1710030102,"17100207","OSW","RaPICOpu_flp_OSW","RaPICOpu","RaPICOpu_flp",54,"flp","RaPICOpu","RaPICOpu_flp","Lodgepole Pine - Pumice Soils",4
"2_41_19_94692",6,113,635,2353,1692,1710030102,"17100207","OSW","RaPICOpu_flp_OSW","RaPICOpu","RaPICOpu_flp",54,"flp","RaPICOpu","RaPICOpu_flp","Lodgepole Pine - Pumice Soils",4
"2_41_19_96878",6,113,635,1141,1816,1710030102,"17100207","OSW","RaMCONsw_fiw_1710030102","RaMCONsw","RaMCONsw_fiw",20,"fiw","RaMCONsw","RaMCONsw_fiw","Mixed Conifer - Southwest Oregon",1
"2_41_19_80795",6,113,635,2195,1605,1710030102,"17100207","OSW","RaREFI_fcw_17100301","RaREFI","RaREFI_fcw",19,"fcw","RaREFI","RaREFI_fcw","Red Fir",3
"2_41_19_53618",6,113,635,2352,813,1710030102,"17100207","OSW","Na0710412_fmh_OSW","Na0710412","Na0710412_fmh",4,"fmh","Na0710412","Na0710412_fmh","North Pacific Mountain Hemlock Forest - Xeric",5
"2_41_19_94857",6,113,635,2352,1142,1710030102,"17100207","OSW","Na0710412_fmh_OSW","Na0710412","Na0710412_fmh",4,"fmh","Na0710412","Na0710412_fmh","North Pacific Mountain Hemlock Forest - Xeric",5
"2_41_19_80899",6,113,634,2352,1040,1710030101,"17100207","OSW","Na0710412_fmh_OSW","Na0710412","Na0710412_fmh",4,"fmh","Na0710412","Na0710412_fmh","North Pacific Mountain Hemlock Forest - Xeric",5
"2_41_19_95348",6,113,634,2352,1008,1710030101,"17100207","OSW","Na0710412_fmh_OSW","Na0710412","Na0710412_fmh",4,"fmh","Na0710412","Na0710412_fmh","North Pacific Mountain Hemlock Forest - Xeric",5
"2_41_19_74375",6,113,634,2353,2394,1710030101,"17100207","OSW","RaPICOpu_flp_OSW","RaPICOpu","RaPICOpu_flp",54,"flp","RaPICOpu","RaPICOpu_flp","Lodgepole Pine - Pumice Soils",4
"2_41_19_61359",6,113,634,2353,911,1710030101,"17100207","OSW","RaPICOpu_flp_OSW","RaPICOpu","RaPICOpu_flp",54,"flp","RaPICOpu","RaPICOpu_flp","Lodgepole Pine - Pumice Soils",4
"3_41_35_63050",4,159,905,2227,1949,1801020301,"18010202","OEC","RaSAWD_fal_18010203","RaSAWD","RaSAWD_fal",2,"fal","RaSAWD","RaSAWD_fal","Subalpine Woodland",3
"3_41_35_99231",4,159,905,2234,1110,1801020301,"18010202","OEC","RaMCONms_fmm_18010203","RaMCONms","RaMCONms_fmm",27,"fmm","RaMCONms","RaMCONms_fmm","Mixed Conifer - Eastside Mesic",3
"3_41_35_78926",4,159,905,2234,2777,1801020301,"18010202","OEC","RaMCONms_fmm_18010203","RaMCONms","RaMCONms_fmm",27,"fmm","RaMCONms","RaMCONms_fmm","Mixed Conifer - Eastside Mesic",3
"3_41_35_82711",4,159,905,2234,2394,1801020301,"18010202","OEC","RaMCONms_fmm_18010203","RaMCONms","RaMCONms_fmm",27,"fmm","RaMCONms","RaMCONms_fmm","Mixed Conifer - Eastside Mesic",3
"3_41_35_69709",4,159,905,2324,1469,1801020301,"18010202","OEC","Na0710412_fmh_OEC","Na0710412","Na0710412_fmh",4,"fmh","Na0710412","Na0710412_fmh","North Pacific Mountain Hemlock Forest - Xeric",5
"3_41_35_83235",4,159,907,2324,1986,1801020303,"18010202","OEC","Na0710412_fmh_OEC","Na0710412","Na0710412_fmh",4,"fmh","Na0710412","Na0710412_fmh","North Pacific Mountain Hemlock Forest - Xeric",5
"3_41_35_55372",4,159,907,2324,1365,1801020303,"18010202","OEC","Na0710412_fmh_OEC","Na0710412","Na0710412_fmh",4,"fmh","Na0710412","Na0710412_fmh","North Pacific Mountain Hemlock Forest - Xeric",5
"3_41_35_60195",4,159,907,2234,1905,1801020303,"18010202","OEC","RaMCONms_fmm_18010203","RaMCONms","RaMCONms_fmm",27,"fmm","RaMCONms","RaMCONms_fmm","Mixed Conifer - Eastside Mesic",3
"3_41_35_54770",4,159,907,2234,1336,1801020303,"18010202","OEC","RaMCONms_fmm_18010203","RaMCONms","RaMCONms_fmm",27,"fmm","RaMCONms","RaMCONms_fmm","Mixed Conifer - Eastside Mesic",3
"3_41_35_97221",4,159,907,2234,1347,1801020303,"18010202","OEC","RaMCONms_fmm_18010203","RaMCONms","RaMCONms_fmm",27,"fmm","RaMCONms","RaMCONms_fmm","Mixed Conifer - Eastside Mesic",3
"3_41_35_97252",4,159,907,2234,2123,1801020303,"18010202","OEC","RaMCONms_fmm_18010203","RaMCONms","RaMCONms_fmm",27,"fmm","RaMCONms","RaMCONms_fmm","Mixed Conifer - Eastside Mesic",3
"3_41_35_67025",4,159,907,2234,1652,1801020303,"18010202","OEC","RaMCONms_fmm_18010203","RaMCONms","RaMCONms_fmm",27,"fmm","RaMCONms","RaMCONms_fmm","Mixed Conifer - Eastside Mesic",3
"3_41_35_69561",4,159,907,2324,1931,1801020303,"18010202","OEC","Na0710412_fmh_OEC","Na0710412","Na0710412_fmh",4,"fmh","Na0710412","Na0710412_fmh","North Pacific Mountain Hemlock Forest - Xeric",5
"3_41_35_78610",4,159,907,2324,1799,1801020303,"18010202","OEC","Na0710412_fmh_OEC","Na0710412","Na0710412_fmh",4,"fmh","Na0710412","Na0710412_fmh","North Pacific Mountain Hemlock Forest - Xeric",5
"3_41_35_91773",4,159,906,2252,1259,1801020302,"18010202","OEC","RaREFI_frm_18010203","RaREFI","RaREFI_frm",11,"frm","RaREFI","RaREFI_frm","Red Fir",3
"3_41_35_76777",4,159,906,2255,1925,1801020302,"18010202","OEC","RaREFI_fcw_18010203","RaREFI","RaREFI_fcw",19,"fcw","RaREFI","RaREFI_fcw","Red Fir",3
"3_41_35_68622",4,159,907,2234,1994,1801020303,"18010202","OEC","RaMCONms_fmm_18010203","RaMCONms","RaMCONms_fmm",27,"fmm","RaMCONms","RaMCONms_fmm","Mixed Conifer - Eastside Mesic",3
"3_41_35_57117",4,159,907,2234,2029,1801020303,"18010202","OEC","RaMCONms_fmm_18010203","RaMCONms","RaMCONms_fmm",27,"fmm","RaMCONms","RaMCONms_fmm","Mixed Conifer - Eastside Mesic",3
"3_41_35_75357",4,159,907,2324,1231,1801020303,"18010202","OEC","Na0710412_fmh_OEC","Na0710412","Na0710412_fmh",4,"fmh","Na0710412","Na0710412_fmh","North Pacific Mountain Hemlock Forest - Xeric",5
"3_41_35_98241",4,159,906,2324,1000,1801020302,"18010202","OEC","Na0710412_fmh_OEC","Na0710412","Na0710412_fmh",4,"fmh","Na0710412","Na0710412_fmh","North Pacific Mountain Hemlock Forest - Xeric",5
"3_41_35_60944",4,159,907,2324,2167,1801020303,"18010202","OEC","Na0710412_fmh_OEC","Na0710412","Na0710412_fmh",4,"fmh","Na0710412","Na0710412_fmh","North Pacific Mountain Hemlock Forest - Xeric",5
"3_41_35_63307",6,161,917,2352,1433,1801020601,"18010204","OSW","Na0710412_fmh_OSW","Na0710412","Na0710412_fmh",4,"fmh","Na0710412","Na0710412_fmh","North Pacific Mountain Hemlock Forest - Xeric",5
"3_41_35_90855",6,161,917,2268,990,1801020601,"18010204","OSW","RaREFI_fcw_18010206","RaREFI","RaREFI_fcw",19,"fcw","RaREFI","RaREFI_fcw","Red Fir",3
"3_41_35_52271",6,161,918,2268,1139,1801020602,"18010204","OSW","RaREFI_fcw_18010206","RaREFI","RaREFI_fcw",19,"fcw","RaREFI","RaREFI_fcw","Red Fir",3
"3_41_35_89830",6,161,918,1678,3127,1801020602,"18010204","OSW","RaMCONsw_fiw_1801020602","RaMCONsw","RaMCONsw_fiw",20,"fiw","RaMCONsw","RaMCONsw_fiw","Mixed Conifer - Southwest Oregon",1
"3_41_35_55725",6,161,918,1678,3081,1801020602,"18010204","OSW","RaMCONsw_fiw_1801020602","RaMCONsw","RaMCONsw_fiw",20,"fiw","RaMCONsw","RaMCONsw_fiw","Mixed Conifer - Southwest Oregon",1
"3_41_35_67801",6,161,918,1678,1125,1801020602,"18010204","OSW","RaMCONsw_fiw_1801020602","RaMCONsw","RaMCONsw_fiw",20,"fiw","RaMCONsw","RaMCONsw_fiw","Mixed Conifer - Southwest Oregon",1
"3_41_35_89493",6,161,918,1674,1192,1801020602,"18010204","OSW","Na0710270_fdd_1801020602","Na0710270","Na0710270_fdd",43,"fdd","Na0710270","Na0710270_fdd","Mediterranean California Dry-Mesic Mixed Conifer Forest and Woodland",1
"7_53_41_77294",13,140,781,1926,691,1711001501,"17110014","WWC","RaDFHEdy_fwi_17110015","RaDFHEdy","RaDFHEdy_fwi",31,"fwi","RaDFHEdy","RaDFHEdy_fwi","Douglas-fir Hemlock-Dry Mesic",3
"6_53_67_99154",13,140,781,1926,1721,1711001501,"17110014","WWC","RaDFHEdy_fwi_17110015","RaDFHEdy","RaDFHEdy_fwi",31,"fwi","RaDFHEdy","RaDFHEdy_fwi","Douglas-fir Hemlock-Dry Mesic",3
"7_53_41_74372",13,140,781,2292,843,1711001501,"17110014","WWC","RaDFHEwt_fwm_WWC","RaDFHEwt","RaDFHEwt_fwm",33,"fwm","RaDFHEwt","RaDFHEwt_fwm","Douglas-fir Hemlock-Wet Mesic",5
"7_53_41_87919",13,140,781,2303,875,1711001501,"17110014","WWC","RaABAMup_fst_WWC","RaABAMup","RaABAMup_fst",13,"fst","RaABAMup","RaABAMup_fst","Pacific Silver Fir - High Elevation",5
"7_53_41_66761",13,140,781,1936,1591,1711001501,"17110014","WWC","RaABAMlw_fsi_17110015","RaABAMlw","RaABAMlw_fsi",14,"fsi","RaABAMlw","RaABAMlw_fsi","Pacific Silver Fir - Low Elevation",3
"7_53_41_91991",13,83,476,1949,1355,1708000501,"17080004","WWC","RaABAMlw_fsi_17080005","RaABAMlw","RaABAMlw_fsi",14,"fsi","RaABAMlw","RaABAMlw_fsi","Pacific Silver Fir - Low Elevation",3
"7_53_41_51246",13,83,476,2292,812,1708000501,"17080004","WWC","RaDFHEwt_fwm_WWC","RaDFHEwt","RaDFHEwt_fwm",33,"fwm","RaDFHEwt","RaDFHEwt_fwm","Douglas-fir Hemlock-Wet Mesic",5
"7_53_41_93836",13,83,476,2293,1145,1708000501,"17080004","WWC","RaDFHEwt_fww_WWC","RaDFHEwt","RaDFHEwt_fww",34,"fww","RaDFHEwt","RaDFHEwt_fww","Douglas-fir Hemlock-Wet Mesic",5
"7_53_41_86050",13,83,477,2292,1840,1708000502,"17080004","WWC","RaDFHEwt_fwm_WWC","RaDFHEwt","RaDFHEwt_fwm",33,"fwm","RaDFHEwt","RaDFHEwt_fwm","Douglas-fir Hemlock-Wet Mesic",5
"7_53_41_83388",13,83,479,1949,1084,1708000504,"17080004","WWC","RaABAMlw_fsi_17080005","RaABAMlw","RaABAMlw_fsi",14,"fsi","RaABAMlw","RaABAMlw_fsi","Pacific Silver Fir - Low Elevation",3
"7_53_15_87244",13,83,479,1949,2419,1708000504,"17080004","WWC","RaABAMlw_fsi_17080005","RaABAMlw","RaABAMlw_fsi",14,"fsi","RaABAMlw","RaABAMlw_fsi","Pacific Silver Fir - Low Elevation",3
"7_53_59_56287",13,83,480,1949,1621,1708000505,"17080004","WWC","RaABAMlw_fsi_17080005","RaABAMlw","RaABAMlw_fsi",14,"fsi","RaABAMlw","RaABAMlw_fsi","Pacific Silver Fir - Low Elevation",3
"7_53_59_78250",13,83,480,1949,1673,1708000505,"17080004","WWC","RaABAMlw_fsi_17080005","RaABAMlw","RaABAMlw_fsi",14,"fsi","RaABAMlw","RaABAMlw_fsi","Pacific Silver Fir - Low Elevation",3
"7_53_59_79930",13,79,465,2305,1333,1708000301,"17080002","WWC","Na0710412_fmc_WWC","Na0710412","Na0710412_fmc",7,"fmc","Na0710412","Na0710412_fmc","North Pacific Mountain Hemlock Forest - Xeric",5
"7_53_59_62264",13,78,462,1970,2403,1708000204,"17080001A","WWC","RaABAMlw_fsi_17080002","RaABAMlw","RaABAMlw_fsi",14,"fsi","RaABAMlw","RaABAMlw_fsi","Pacific Silver Fir - Low Elevation",3
"7_53_59_53236",13,78,462,1970,2421,1708000204,"17080001A","WWC","RaABAMlw_fsi_17080002","RaABAMlw","RaABAMlw_fsi",14,"fsi","RaABAMlw","RaABAMlw_fsi","Pacific Silver Fir - Low Elevation",3
"7_53_59_87375",13,78,462,1973,2013,1708000204,"17080001A","WWC","RaDFHEdy_fwi_17080002","RaDFHEdy","RaDFHEdy_fwi",31,"fwi","RaDFHEdy","RaDFHEdy_fwi","Douglas-fir Hemlock-Dry Mesic",3
"7_53_59_84218",13,78,462,2292,881,1708000204,"17080001A","WWC","RaDFHEwt_fwm_WWC","RaDFHEwt","RaDFHEwt_fwm",33,"fwm","RaDFHEwt","RaDFHEwt_fwm","Douglas-fir Hemlock-Wet Mesic",5
"5_53_73_83920",11,129,736,2282,1143,1711000406,"17110003","WNC","RaDFHEwt_fwm_WNC","RaDFHEwt","RaDFHEwt_fwm",33,"fwm","RaDFHEwt","RaDFHEwt_fwm","Douglas-fir Hemlock-Wet Mesic",5
"7_53_59_80973",13,78,462,2292,1048,1708000204,"17080001A","WWC","RaDFHEwt_fwm_WWC","RaDFHEwt","RaDFHEwt_fwm",33,"fwm","RaDFHEwt","RaDFHEwt_fwm","Douglas-fir Hemlock-Wet Mesic",5
"7_53_59_60031",13,78,464,2293,861,1708000206,"17080001A","WWC","RaDFHEwt_fww_WWC","RaDFHEwt","RaDFHEwt_fww",34,"fww","RaDFHEwt","RaDFHEwt_fww","Douglas-fir Hemlock-Wet Mesic",5
"7_53_59_79226",13,78,464,2292,1370,1708000206,"17080001A","WWC","RaDFHEwt_fwm_WWC","RaDFHEwt","RaDFHEwt_fwm",33,"fwm","RaDFHEwt","RaDFHEwt_fwm","Douglas-fir Hemlock-Wet Mesic",5
"7_53_59_81669",13,78,464,2292,1246,1708000206,"17080001A","WWC","RaDFHEwt_fwm_WWC","RaDFHEwt","RaDFHEwt_fwm",33,"fwm","RaDFHEwt","RaDFHEwt_fwm","Douglas-fir Hemlock-Wet Mesic",5
"7_53_59_52814",13,78,464,1970,1163,1708000206,"17080001A","WWC","RaABAMlw_fsi_17080002","RaABAMlw","RaABAMlw_fsi",14,"fsi","RaABAMlw","RaABAMlw_fsi","Pacific Silver Fir - Low Elevation",3
"7_53_59_62800",13,78,463,2303,936,1708000205,"17080001A","WWC","RaABAMup_fst_WWC","RaABAMup","RaABAMup_fst",13,"fst","RaABAMup","RaABAMup_fst","Pacific Silver Fir - High Elevation",5
"7_53_59_86799",13,78,463,2293,1303,1708000205,"17080001A","WWC","RaDFHEwt_fww_WWC","RaDFHEwt","RaDFHEwt_fww",34,"fww","RaDFHEwt","RaDFHEwt_fww","Douglas-fir Hemlock-Wet Mesic",5
"7_53_59_54929",13,78,463,2303,1438,1708000205,"17080001A","WWC","RaABAMup_fst_WWC","RaABAMup","RaABAMup_fst",13,"fst","RaABAMup","RaABAMup_fst","Pacific Silver Fir - High Elevation",5
"7_53_59_98502",13,78,463,2303,752,1708000205,"17080001A","WWC","RaABAMup_fst_WWC","RaABAMup","RaABAMup_fst",13,"fst","RaABAMup","RaABAMup_fst","Pacific Silver Fir - High Elevation",5
"7_53_59_59946",13,77,456,2303,1023,1708000106,"17080001B","WWC","RaABAMup_fst_WWC","RaABAMup","RaABAMup_fst",13,"fst","RaABAMup","RaABAMup_fst","Pacific Silver Fir - High Elevation",5
"7_53_59_73253",13,77,456,2292,747,1708000106,"17080001B","WWC","RaDFHEwt_fwm_WWC","RaDFHEwt","RaDFHEwt_fwm",33,"fwm","RaDFHEwt","RaDFHEwt_fwm","Douglas-fir Hemlock-Wet Mesic",5
"7_53_59_51087",13,77,456,2292,710,1708000106,"17080001B","WWC","RaDFHEwt_fwm_WWC","RaDFHEwt","RaDFHEwt_fwm",33,"fwm","RaDFHEwt","RaDFHEwt_fwm","Douglas-fir Hemlock-Wet Mesic",5
"7_53_59_52749",13,77,456,2292,992,1708000106,"17080001B","WWC","RaDFHEwt_fwm_WWC","RaDFHEwt","RaDFHEwt_fwm",33,"fwm","RaDFHEwt","RaDFHEwt_fwm","Douglas-fir Hemlock-Wet Mesic",5
"0_41_51_88978",13,77,458,2292,2255,1708000108,"17080001B","WWC","RaDFHEwt_fwm_WWC","RaDFHEwt","RaDFHEwt_fwm",33,"fwm","RaDFHEwt","RaDFHEwt_fwm","Douglas-fir Hemlock-Wet Mesic",5
"0_41_51_56617",7,76,457,2329,1827,1708000107,"17070307","OWC","RaDFHEwt_fwm_OWC","RaDFHEwt","RaDFHEwt_fwm",33,"fwm","RaDFHEwt","RaDFHEwt_fwm","Douglas-fir Hemlock-Wet Mesic",5
"5_53_73_74885",11,127,726,1762,2020,1711000202,"17110001","WNC","RaDFHEdy_fdg_17110002","RaDFHEdy","RaDFHEdy_fdg",24,"fdg","RaDFHEdy","RaDFHEdy_fdg","Douglas-fir Hemlock-Dry Mesic",3
"0_41_5_62193",7,76,455,2329,1842,1708000105,"17070307","OWC","RaDFHEwt_fwm_OWC","RaDFHEwt","RaDFHEwt_fwm",33,"fwm","RaDFHEwt","RaDFHEwt_fwm","Douglas-fir Hemlock-Wet Mesic",5
"0_41_5_83330",7,76,455,2329,719,1708000105,"17070307","OWC","RaDFHEwt_fwm_OWC","RaDFHEwt","RaDFHEwt_fwm",33,"fwm","RaDFHEwt","RaDFHEwt_fwm","Douglas-fir Hemlock-Wet Mesic",5
"0_41_5_66345",7,76,454,2329,1075,1708000104,"17070307","OWC","RaDFHEwt_fwm_OWC","RaDFHEwt","RaDFHEwt_fwm",33,"fwm","RaDFHEwt","RaDFHEwt_fwm","Douglas-fir Hemlock-Wet Mesic",5
"0_41_5_61091",7,76,454,2329,1237,1708000104,"17070307","OWC","RaDFHEwt_fwm_OWC","RaDFHEwt","RaDFHEwt_fwm",33,"fwm","RaDFHEwt","RaDFHEwt_fwm","Douglas-fir Hemlock-Wet Mesic",5
"0_41_5_88439",7,97,556,2329,1159,1709001105,"17090010","OWC","RaDFHEwt_fwm_OWC","RaDFHEwt","RaDFHEwt_fwm",33,"fwm","RaDFHEwt","RaDFHEwt_fwm","Douglas-fir Hemlock-Wet Mesic",5
"0_41_5_87999",7,97,556,2329,672,1709001105,"17090010","OWC","RaDFHEwt_fwm_OWC","RaDFHEwt","RaDFHEwt_fwm",33,"fwm","RaDFHEwt","RaDFHEwt_fwm","Douglas-fir Hemlock-Wet Mesic",5
"0_41_5_73114",7,97,555,2032,824,1709001104,"17090010","OWC","RaDFHEdy_fwi_17090011","RaDFHEdy","RaDFHEdy_fwi",31,"fwi","RaDFHEdy","RaDFHEdy_fwi","Douglas-fir Hemlock-Dry Mesic",3
"0_41_5_92218",7,97,555,2329,1045,1709001104,"17090010","OWC","RaDFHEwt_fwm_OWC","RaDFHEwt","RaDFHEwt_fwm",33,"fwm","RaDFHEwt","RaDFHEwt_fwm","Douglas-fir Hemlock-Wet Mesic",5
"0_41_5_58048",7,97,555,2032,917,1709001104,"17090010","OWC","RaDFHEdy_fwi_17090011","RaDFHEdy","RaDFHEdy_fwi",31,"fwi","RaDFHEdy","RaDFHEdy_fwi","Douglas-fir Hemlock-Dry Mesic",3
"0_41_5_94888",7,97,555,2032,1008,1709001104,"17090010","OWC","RaDFHEdy_fwi_17090011","RaDFHEdy","RaDFHEdy_fwi",31,"fwi","RaDFHEdy","RaDFHEdy_fwi","Douglas-fir Hemlock-Dry Mesic",3
"0_41_5_80391",7,97,555,2329,1334,1709001104,"17090010","OWC","RaDFHEwt_fwm_OWC","RaDFHEwt","RaDFHEwt_fwm",33,"fwm","RaDFHEwt","RaDFHEwt_fwm","Douglas-fir Hemlock-Wet Mesic",5
"0_41_5_96682",7,97,555,2032,1909,1709001104,"17090010","OWC","RaDFHEdy_fwi_17090011","RaDFHEdy","RaDFHEdy_fwi",31,"fwi","RaDFHEdy","RaDFHEdy_fwi","Douglas-fir Hemlock-Dry Mesic",3
"0_41_5_64008",7,97,555,2044,1671,1709001104,"17090010","OWC","RaABAMlw_fsi_17090011","RaABAMlw","RaABAMlw_fsi",14,"fsi","RaABAMlw","RaABAMlw_fsi","Pacific Silver Fir - Low Elevation",3
"0_41_5_62306",7,97,552,2044,1451,1709001101,"17090010","OWC","RaABAMlw_fsi_17090011","RaABAMlw","RaABAMlw_fsi",14,"fsi","RaABAMlw","RaABAMlw_fsi","Pacific Silver Fir - Low Elevation",3
"0_41_5_68811",7,97,552,2032,982,1709001101,"17090010","OWC","RaDFHEdy_fwi_17090011","RaDFHEdy","RaDFHEdy_fwi",31,"fwi","RaDFHEdy","RaDFHEdy_fwi","Douglas-fir Hemlock-Dry Mesic",3
"0_41_5_71433",7,97,552,2032,1239,1709001101,"17090010","OWC","RaDFHEdy_fwi_17090011","RaDFHEdy","RaDFHEdy_fwi",31,"fwi","RaDFHEdy","RaDFHEdy_fwi","Douglas-fir Hemlock-Dry Mesic",3
"0_41_47_67085",7,91,518,2075,1507,1709000503,"17090004","OWC","RaABAMlw_fsi_17090005","RaABAMlw","RaABAMlw_fsi",14,"fsi","RaABAMlw","RaABAMlw_fsi","Pacific Silver Fir - Low Elevation",3
"0_41_47_57351",7,91,518,2076,2464,1709000503,"17090004","OWC","RaDFHEdy_fwi_17090005","RaDFHEdy","RaDFHEdy_fwi",31,"fwi","RaDFHEdy","RaDFHEdy_fwi","Douglas-fir Hemlock-Dry Mesic",3
"0_41_47_81495",7,91,517,2076,345,1709000502,"17090004","OWC","RaDFHEdy_fwi_17090005","RaDFHEdy","RaDFHEdy_fwi",31,"fwi","RaDFHEdy","RaDFHEdy_fwi","Douglas-fir Hemlock-Dry Mesic",3
"1_41_43_77595",7,91,518,2076,1564,1709000503,"17090004","OWC","RaDFHEdy_fwi_17090005","RaDFHEdy","RaDFHEdy_fwi",31,"fwi","RaDFHEdy","RaDFHEdy_fwi","Douglas-fir Hemlock-Dry Mesic",3
"1_41_43_74078",7,91,518,2075,840,1709000503,"17090004","OWC","RaABAMlw_fsi_17090005","RaABAMlw","RaABAMlw_fsi",14,"fsi","RaABAMlw","RaABAMlw_fsi","Pacific Silver Fir - Low Elevation",3
"1_41_43_90289",7,91,518,2075,1462,1709000503,"17090004","OWC","RaABAMlw_fsi_17090005","RaABAMlw","RaABAMlw_fsi",14,"fsi","RaABAMlw","RaABAMlw_fsi","Pacific Silver Fir - Low Elevation",3
"1_41_43_58617",7,92,524,2094,986,1709000603,"17090005","OWC","RaABAMlw_fsi_17090006","RaABAMlw","RaABAMlw_fsi",14,"fsi","RaABAMlw","RaABAMlw_fsi","Pacific Silver Fir - Low Elevation",3
"1_41_43_50770",7,92,524,2094,936,1709000603,"17090005","OWC","RaABAMlw_fsi_17090006","RaABAMlw","RaABAMlw_fsi",14,"fsi","RaABAMlw","RaABAMlw_fsi","Pacific Silver Fir - Low Elevation",3
"1_41_43_82086",7,92,522,2094,1126,1709000601,"17090005","OWC","RaABAMlw_fsi_17090006","RaABAMlw","RaABAMlw_fsi",14,"fsi","RaABAMlw","RaABAMlw_fsi","Pacific Silver Fir - Low Elevation",3
"1_41_43_57917",7,92,522,2082,1694,1709000601,"17090005","OWC","RaDFHEdy_fwi_17090006","RaDFHEdy","RaDFHEdy_fwi",31,"fwi","RaDFHEdy","RaDFHEdy_fwi","Douglas-fir Hemlock-Dry Mesic",3
"1_41_43_98527",7,92,522,2082,2727,1709000601,"17090005","OWC","RaDFHEdy_fwi_17090006","RaDFHEdy","RaDFHEdy_fwi",31,"fwi","RaDFHEdy","RaDFHEdy_fwi","Douglas-fir Hemlock-Dry Mesic",3
"1_41_43_97859",7,92,522,2082,1504,1709000601,"17090005","OWC","RaDFHEdy_fwi_17090006","RaDFHEdy","RaDFHEdy_fwi",31,"fwi","RaDFHEdy","RaDFHEdy_fwi","Douglas-fir Hemlock-Dry Mesic",3
"5_53_57_59570",11,127,726,2282,865,1711000202,"17110001","WNC","RaDFHEwt_fwm_WNC","RaDFHEwt","RaDFHEwt_fwm",33,"fwm","RaDFHEwt","RaDFHEwt_fwm","Douglas-fir Hemlock-Wet Mesic",5
"1_41_43_53567",7,92,523,2093,895,1709000602,"17090005","OWC","RaABAMlw_fsw_17090006","RaABAMlw","RaABAMlw_fsw",16,"fsw","RaABAMlw","RaABAMlw_fsw","Pacific Silver Fir - Low Elevation",3
"1_41_43_50276",7,92,523,2094,1581,1709000602,"17090005","OWC","RaABAMlw_fsi_17090006","RaABAMlw","RaABAMlw_fsi",14,"fsi","RaABAMlw","RaABAMlw_fsi","Pacific Silver Fir - Low Elevation",3
"1_41_43_77079",7,90,510,2108,1364,1709000402,"17090003B","OWC","RaABAMlw_fsi_17090004","RaABAMlw","RaABAMlw_fsi",14,"fsi","RaABAMlw","RaABAMlw_fsi","Pacific Silver Fir - Low Elevation",3
"1_41_43_92768",7,90,512,2110,873,1709000404,"17090003B","OWC","RaDFHEdy_fwi_17090004","RaDFHEdy","RaDFHEdy_fwi",31,"fwi","RaDFHEdy","RaDFHEdy_fwi","Douglas-fir Hemlock-Dry Mesic",3
"1_41_43_91653",7,90,512,2108,2171,1709000404,"17090003B","OWC","RaABAMlw_fsi_17090004","RaABAMlw","RaABAMlw_fsi",14,"fsi","RaABAMlw","RaABAMlw_fsi","Pacific Silver Fir - Low Elevation",3
"1_41_39_72973",7,90,512,2110,1293,1709000404,"17090003B","OWC","RaDFHEdy_fwi_17090004","RaDFHEdy","RaDFHEdy_fwi",31,"fwi","RaDFHEdy","RaDFHEdy_fwi","Douglas-fir Hemlock-Dry Mesic",3
"1_41_39_63366",7,90,512,2110,1204,1709000404,"17090003B","OWC","RaDFHEdy_fwi_17090004","RaDFHEdy","RaDFHEdy_fwi",31,"fwi","RaDFHEdy","RaDFHEdy_fwi","Douglas-fir Hemlock-Dry Mesic",3
"1_41_39_63867",7,90,510,861,1799,1709000402,"17090003B","OWC","RaDFWV_fwx_1709000402","RaDFWV","RaDFWV_fwx",37,"fwx","RaDFWV","RaDFWV_fwx","Douglas-fir Willamatte Valley Foothills",1
"1_41_39_52863",7,90,509,2110,2619,1709000401,"17090003B","OWC","RaDFHEdy_fwi_17090004","RaDFHEdy","RaDFHEdy_fwi",31,"fwi","RaDFHEdy","RaDFHEdy_fwi","Douglas-fir Hemlock-Dry Mesic",3
"1_41_39_61167",7,90,509,2107,858,1709000401,"17090003B","OWC","RaABAMlw_fsw_17090004","RaABAMlw","RaABAMlw_fsw",16,"fsw","RaABAMlw","RaABAMlw_fsw","Pacific Silver Fir - Low Elevation",3
"1_41_39_57655",7,90,511,2108,2451,1709000403,"17090003B","OWC","RaABAMlw_fsi_17090004","RaABAMlw","RaABAMlw_fsi",14,"fsi","RaABAMlw","RaABAMlw_fsi","Pacific Silver Fir - Low Elevation",3
"1_41_39_75304",7,90,511,2110,773,1709000403,"17090003B","OWC","RaDFHEdy_fwi_17090004","RaDFHEdy","RaDFHEdy_fwi",31,"fwi","RaDFHEdy","RaDFHEdy_fwi","Douglas-fir Hemlock-Dry Mesic",3
"1_41_39_93589",7,90,511,2110,841,1709000403,"17090003B","OWC","RaDFHEdy_fwi_17090004","RaDFHEdy","RaDFHEdy_fwi",31,"fwi","RaDFHEdy","RaDFHEdy_fwi","Douglas-fir Hemlock-Dry Mesic",3
"1_41_39_92464",7,90,511,2108,837,1709000403,"17090003B","OWC","RaABAMlw_fsi_17090004","RaABAMlw","RaABAMlw_fsi",14,"fsi","RaABAMlw","RaABAMlw_fsi","Pacific Silver Fir - Low Elevation",3
"1_41_39_99599",7,90,511,2110,1344,1709000403,"17090003B","OWC","RaDFHEdy_fwi_17090004","RaDFHEdy","RaDFHEdy_fwi",31,"fwi","RaDFHEdy","RaDFHEdy_fwi","Douglas-fir Hemlock-Dry Mesic",3
"1_41_39_98219",7,90,511,2108,1215,1709000403,"17090003B","OWC","RaABAMlw_fsi_17090004","RaABAMlw","RaABAMlw_fsi",14,"fsi","RaABAMlw","RaABAMlw_fsi","Pacific Silver Fir - Low Elevation",3
"1_41_39_61107",7,90,511,2331,1482,1709000403,"17090003B","OWC","Na0710412_fmc_OWC","Na0710412","Na0710412_fmc",7,"fmc","Na0710412","Na0710412_fmc","North Pacific Mountain Hemlock Forest - Xeric",5
"1_41_39_78058",7,86,494,2140,890,1709000106,"17080006A","OWC","RaABAMlw_fsi_17090001","RaABAMlw","RaABAMlw_fsi",14,"fsi","RaABAMlw","RaABAMlw_fsi","Pacific Silver Fir - Low Elevation",3
"1_41_39_74433",7,86,494,2139,1326,1709000106,"17080006A","OWC","RaDFHEdy_fwi_17090001","RaDFHEdy","RaDFHEdy_fwi",31,"fwi","RaDFHEdy","RaDFHEdy_fwi","Douglas-fir Hemlock-Dry Mesic",3
"1_41_39_81634",7,86,494,2140,1006,1709000106,"17080006A","OWC","RaABAMlw_fsi_17090001","RaABAMlw","RaABAMlw_fsi",14,"fsi","RaABAMlw","RaABAMlw_fsi","Pacific Silver Fir - Low Elevation",3
"1_41_39_93324",7,86,494,2140,727,1709000106,"17080006A","OWC","RaABAMlw_fsi_17090001","RaABAMlw","RaABAMlw_fsi",14,"fsi","RaABAMlw","RaABAMlw_fsi","Pacific Silver Fir - Low Elevation",3
"1_41_39_64861",7,86,492,2140,1811,1709000104,"17080006A","OWC","RaABAMlw_fsi_17090001","RaABAMlw","RaABAMlw_fsi",14,"fsi","RaABAMlw","RaABAMlw_fsi","Pacific Silver Fir - Low Elevation",3
"1_41_39_99819",7,86,492,2333,802,1709000104,"17080006A","OWC","RaDFHEwt_fdm_OWC","RaDFHEwt","RaDFHEwt_fdm",40,"fdm","RaDFHEwt","RaDFHEwt_fdm","Douglas-fir Hemlock-Wet Mesic",5
"1_41_39_82231",7,86,492,2331,2550,1709000104,"17080006A","OWC","Na0710412_fmc_OWC","Na0710412","Na0710412_fmc",7,"fmc","Na0710412","Na0710412_fmc","North Pacific Mountain Hemlock Forest - Xeric",5
"1_41_39_52101",7,86,492,2331,600,1709000104,"17080006A","OWC","Na0710412_fmc_OWC","Na0710412","Na0710412_fmc",7,"fmc","Na0710412","Na0710412_fmc","North Pacific Mountain Hemlock Forest - Xeric",5
"1_41_39_64674",7,86,491,2331,2122,1709000103,"17080006A","OWC","Na0710412_fmc_OWC","Na0710412","Na0710412_fmc",7,"fmc","Na0710412","Na0710412_fmc","North Pacific Mountain Hemlock Forest - Xeric",5
"1_41_39_95753",7,86,491,2331,1553,1709000103,"17080006A","OWC","Na0710412_fmc_OWC","Na0710412","Na0710412_fmc",7,"fmc","Na0710412","Na0710412_fmc","North Pacific Mountain Hemlock Forest - Xeric",5
"1_41_39_99026",7,86,491,2141,1220,1709000103,"17080006A","OWC","RaABAMlw_fsw_17090001","RaABAMlw","RaABAMlw_fsw",16,"fsw","RaABAMlw","RaABAMlw_fsw","Pacific Silver Fir - Low Elevation",3
"3_41_35_76783",4,68,399,2324,1241,1707030202,"17070301","OEC","Na0710412_fmh_OEC","Na0710412","Na0710412_fmh",4,"fmh","Na0710412","Na0710412_fmh","North Pacific Mountain Hemlock Forest - Xeric",5
"3_41_35_61453",4,68,399,2324,1937,1707030202,"17070301","OEC","Na0710412_fmh_OEC","Na0710412","Na0710412_fmh",4,"fmh","Na0710412","Na0710412_fmh","North Pacific Mountain Hemlock Forest - Xeric",5
"3_41_35_51994",4,68,399,2324,1049,1707030202,"17070301","OEC","Na0710412_fmh_OEC","Na0710412","Na0710412_fmh",4,"fmh","Na0710412","Na0710412_fmh","North Pacific Mountain Hemlock Forest - Xeric",5
"2_41_19_60511",7,86,489,2331,2631,1709000101,"17080006A","OWC","Na0710412_fmc_OWC","Na0710412","Na0710412_fmc",7,"fmc","Na0710412","Na0710412_fmc","North Pacific Mountain Hemlock Forest - Xeric",5
"2_41_19_88283",7,86,489,2331,2381,1709000101,"17080006A","OWC","Na0710412_fmc_OWC","Na0710412","Na0710412_fmc",7,"fmc","Na0710412","Na0710412_fmc","North Pacific Mountain Hemlock Forest - Xeric",5
"2_41_19_75660",6,113,635,2352,2179,1710030102,"17100207","OSW","Na0710412_fmh_OSW","Na0710412","Na0710412_fmh",4,"fmh","Na0710412","Na0710412_fmh","North Pacific Mountain Hemlock Forest - Xeric",5
"2_41_19_74588",6,113,635,2352,897,1710030102,"17100207","OSW","Na0710412_fmh_OSW","Na0710412","Na0710412_fmh",4,"fmh","Na0710412","Na0710412_fmh","North Pacific Mountain Hemlock Forest - Xeric",5
"2_41_19_82164",6,113,635,1141,964,1710030102,"17100207","OSW","RaMCONsw_fiw_1710030102","RaMCONsw","RaMCONsw_fiw",20,"fiw","RaMCONsw","RaMCONsw_fiw","Mixed Conifer - Southwest Oregon",1
"2_41_19_95217",6,113,635,2353,1344,1710030102,"17100207","OSW","RaPICOpu_flp_OSW","RaPICOpu","RaPICOpu_flp",54,"flp","RaPICOpu","RaPICOpu_flp","Lodgepole Pine - Pumice Soils",4
"2_41_19_64818",6,113,635,2195,1751,1710030102,"17100207","OSW","RaREFI_fcw_17100301","RaREFI","RaREFI_fcw",19,"fcw","RaREFI","RaREFI_fcw","Red Fir",3
"2_41_19_75675",6,113,635,2352,934,1710030102,"17100207","OSW","Na0710412_fmh_OSW","Na0710412","Na0710412_fmh",4,"fmh","Na0710412","Na0710412_fmh","North Pacific Mountain Hemlock Forest - Xeric",5
"2_41_19_83502",6,113,635,2352,2113,1710030102,"17100207","OSW","Na0710412_fmh_OSW","Na0710412","Na0710412_fmh",4,"fmh","Na0710412","Na0710412_fmh","North Pacific Mountain Hemlock Forest - Xeric",5
"2_41_19_83036",6,113,635,2352,1792,1710030102,"17100207","OSW","Na0710412_fmh_OSW","Na0710412","Na0710412_fmh",4,"fmh","Na0710412","Na0710412_fmh","North Pacific Mountain Hemlock Forest - Xeric",5
"2_41_19_65135",6,113,634,2197,1051,1710030101,"17100207","OSW","RaSAWD_fal_17100301","RaSAWD","RaSAWD_fal",2,"fal","RaSAWD","RaSAWD_fal","Subalpine Woodland",3
"2_41_19_65281",6,113,634,2353,1755,1710030101,"17100207","OSW","RaPICOpu_flp_OSW","RaPICOpu","RaPICOpu_flp",54,"flp","RaPICOpu","RaPICOpu_flp","Lodgepole Pine - Pumice Soils",4
"3_41_35_86623",6,113,634,2352,2823,1710030101,"17100207","OSW","Na0710412_fmh_OSW","Na0710412","Na0710412_fmh",4,"fmh","Na0710412","Na0710412_fmh","North Pacific Mountain Hemlock Forest - Xeric",5
"3_41_35_98042",6,113,634,2352,1637,1710030101,"17100207","OSW","Na0710412_fmh_OSW","Na0710412","Na0710412_fmh",4,"fmh","Na0710412","Na0710412_fmh","North Pacific Mountain Hemlock Forest - Xeric",5
"3_41_35_63863",4,157,893,2207,2385,1801020102,"18010101","OEC","RaSAWD_fal_18010201","RaSAWD","RaSAWD_fal",2,"fal","RaSAWD","RaSAWD_fal","Subalpine Woodland",3
"3_41_35_64976",4,159,905,2227,1189,1801020301,"18010202","OEC","RaSAWD_fal_18010203","RaSAWD","RaSAWD_fal",2,"fal","RaSAWD","RaSAWD_fal","Subalpine Woodland",3
"3_41_35_83907",4,159,905,2324,2459,1801020301,"18010202","OEC","Na0710412_fmh_OEC","Na0710412","Na0710412_fmh",4,"fmh","Na0710412","Na0710412_fmh","North Pacific Mountain Hemlock Forest - Xeric",5
"3_41_35_69475",4,159,905,2234,1176,1801020301,"18010202","OEC","RaMCONms_fmm_18010203","RaMCONms","RaMCONms_fmm",27,"fmm","RaMCONms","RaMCONms_fmm","Mixed Conifer - Eastside Mesic",3
"3_41_35_88702",4,159,905,2234,2982,1801020301,"18010202","OEC","RaMCONms_fmm_18010203","RaMCONms","RaMCONms_fmm",27,"fmm","RaMCONms","RaMCONms_fmm","Mixed Conifer - Eastside Mesic",3
"3_41_35_92656",4,159,905,2234,3063,1801020301,"18010202","OEC","RaMCONms_fmm_18010203","RaMCONms","RaMCONms_fmm",27,"fmm","RaMCONms","RaMCONms_fmm","Mixed Conifer - Eastside Mesic",3
"3_41_35_51558",4,159,905,2234,1452,1801020301,"18010202","OEC","RaMCONms_fmm_18010203","RaMCONms","RaMCONms_fmm",27,"fmm","RaMCONms","RaMCONms_fmm","Mixed Conifer - Eastside Mesic",3
"3_41_35_64160",4,159,905,2234,1794,1801020301,"18010202","OEC","RaMCONms_fmm_18010203","RaMCONms","RaMCONms_fmm",27,"fmm","RaMCONms","RaMCONms_fmm","Mixed Conifer - Eastside Mesic",3
"3_41_35_74362",4,159,907,2234,913,1801020303,"18010202","OEC","RaMCONms_fmm_18010203","RaMCONms","RaMCONms_fmm",27,"fmm","RaMCONms","RaMCONms_fmm","Mixed Conifer - Eastside Mesic",3
"3_41_35_67137",4,159,907,2234,1548,1801020303,"18010202","OEC","RaMCONms_fmm_18010203","RaMCONms","RaMCONms_fmm",27,"fmm","RaMCONms","RaMCONms_fmm","Mixed Conifer - Eastside Mesic",3
"3_41_35_87305",4,159,907,2234,1081,1801020303,"18010202","OEC","RaMCONms_fmm_18010203","RaMCONms","RaMCONms_fmm",27,"fmm","RaMCONms","RaMCONms_fmm","Mixed Conifer - Eastside Mesic",3
"5_53_57_58282",11,132,750,2282,1369,1711000702,"17110006","WNC","RaDFHEwt_fwm_WNC","RaDFHEwt","RaDFHEwt_fwm",33,"fwm","RaDFHEwt","RaDFHEwt_fwm","Douglas-fir Hemlock-Wet Mesic",5
"3_41_35_62635",4,159,907,2234,1756,1801020303,"18010202","OEC","RaMCONms_fmm_18010203","RaMCONms","RaMCONms_fmm",27,"fmm","RaMCONms","RaMCONms_fmm","Mixed Conifer - Eastside Mesic",3
"3_41_35_56137",4,159,907,2234,3138,1801020303,"18010202","OEC","RaMCONms_fmm_18010203","RaMCONms","RaMCONms_fmm",27,"fmm","RaMCONms","RaMCONms_fmm","Mixed Conifer - Eastside Mesic",3
"3_41_35_61225",6,161,917,2267,1170,1801020601,"18010204","OSW","RaREFI_frm_18010206","RaREFI","RaREFI_frm",11,"frm","RaREFI","RaREFI_frm","Red Fir",3
"3_41_35_66142",6,161,917,1647,2652,1801020601,"18010204","OSW","RaMCONsw_fiw_1801020601","RaMCONsw","RaMCONsw_fiw",20,"fiw","RaMCONsw","RaMCONsw_fiw","Mixed Conifer - Southwest Oregon",1
"5_53_61_92217",11,133,753,1828,1021,1711000803,"17110007","WNC","RaDFHEdy_fwi_17110008","RaDFHEdy","RaDFHEdy_fwi",31,"fwi","RaDFHEdy","RaDFHEdy_fwi","Douglas-fir Hemlock-Dry Mesic",3
"5_53_61_95756",11,133,753,1828,806,1711000803,"17110007","WNC","RaDFHEdy_fwi_17110008","RaDFHEdy","RaDFHEdy_fwi",31,"fwi","RaDFHEdy","RaDFHEdy_fwi","Douglas-fir Hemlock-Dry Mesic",3
"5_53_61_68701",11,133,753,1828,1329,1711000803,"17110007","WNC","RaDFHEdy_fwi_17110008","RaDFHEdy","RaDFHEdy_fwi",31,"fwi","RaDFHEdy","RaDFHEdy_fwi","Douglas-fir Hemlock-Dry Mesic",3
"5_53_73_56990",11,129,735,1767,1858,1711000405,"17110003","WNC","RaDFHEdy_fwi_17110004","RaDFHEdy","RaDFHEdy_fwi",31,"fwi","RaDFHEdy","RaDFHEdy_fwi","Douglas-fir Hemlock-Dry Mesic",3
"5_53_53_51568",13,139,777,1917,557,1711001402,"17110013","WWC","RaDFHEdy_fwi_17110014","RaDFHEdy","RaDFHEdy_fwi",31,"fwi","RaDFHEdy","RaDFHEdy_fwi","Douglas-fir Hemlock-Dry Mesic",3
"5_53_73_71218",11,129,735,1767,796,1711000405,"17110003","WNC","RaDFHEdy_fwi_17110004","RaDFHEdy","RaDFHEdy_fwi",31,"fwi","RaDFHEdy","RaDFHEdy_fwi","Douglas-fir Hemlock-Dry Mesic",3
"5_53_53_53888",13,140,783,1926,1281,1711001503,"17110014","WWC","RaDFHEdy_fwi_17110015","RaDFHEdy","RaDFHEdy_fwi",31,"fwi","RaDFHEdy","RaDFHEdy_fwi","Douglas-fir Hemlock-Dry Mesic",3
"5_53_53_90373",13,140,782,1926,1188,1711001502,"17110014","WWC","RaDFHEdy_fwi_17110015","RaDFHEdy","RaDFHEdy_fwi",31,"fwi","RaDFHEdy","RaDFHEdy_fwi","Douglas-fir Hemlock-Dry Mesic",3
"5_53_53_95126",13,140,782,1926,2141,1711001502,"17110014","WWC","RaDFHEdy_fwi_17110015","RaDFHEdy","RaDFHEdy_fwi",31,"fwi","RaDFHEdy","RaDFHEdy_fwi","Douglas-fir Hemlock-Dry Mesic",3
"5_53_53_73601",13,140,782,1926,2365,1711001502,"17110014","WWC","RaDFHEdy_fwi_17110015","RaDFHEdy","RaDFHEdy_fwi",31,"fwi","RaDFHEdy","RaDFHEdy_fwi","Douglas-fir Hemlock-Dry Mesic",3
"5_53_53_64334",13,140,782,1926,828,1711001502,"17110014","WWC","RaDFHEdy_fwi_17110015","RaDFHEdy","RaDFHEdy_fwi",31,"fwi","RaDFHEdy","RaDFHEdy_fwi","Douglas-fir Hemlock-Dry Mesic",3
"7_53_41_53624",13,140,781,1926,791,1711001501,"17110014","WWC","RaDFHEdy_fwi_17110015","RaDFHEdy","RaDFHEdy_fwi",31,"fwi","RaDFHEdy","RaDFHEdy_fwi","Douglas-fir Hemlock-Dry Mesic",3
"7_53_41_50201",13,140,781,1936,2906,1711001501,"17110014","WWC","RaABAMlw_fsi_17110015","RaABAMlw","RaABAMlw_fsi",14,"fsi","RaABAMlw","RaABAMlw_fsi","Pacific Silver Fir - Low Elevation",3
"7_53_41_97396",13,83,476,2293,718,1708000501,"17080004","WWC","RaDFHEwt_fww_WWC","RaDFHEwt","RaDFHEwt_fww",34,"fww","RaDFHEwt","RaDFHEwt_fww","Douglas-fir Hemlock-Wet Mesic",5
"7_53_41_94495",13,83,476,2292,982,1708000501,"17080004","WWC","RaDFHEwt_fwm_WWC","RaDFHEwt","RaDFHEwt_fwm",33,"fwm","RaDFHEwt","RaDFHEwt_fwm","Douglas-fir Hemlock-Wet Mesic",5
"5_53_73_91375",11,129,736,1767,2070,1711000406,"17110003","WNC","RaDFHEdy_fwi_17110004","RaDFHEdy","RaDFHEdy_fwi",31,"fwi","RaDFHEdy","RaDFHEdy_fwi","Douglas-fir Hemlock-Dry Mesic",3
"7_53_41_80763",13,83,476,1952,500,1708000501,"17080004","WWC","RaDFHEdy_fwi_17080005","RaDFHEdy","RaDFHEdy_fwi",31,"fwi","RaDFHEdy","RaDFHEdy_fwi","Douglas-fir Hemlock-Dry Mesic",3
"7_53_41_59696",13,83,477,2292,868,1708000502,"17080004","WWC","RaDFHEwt_fwm_WWC","RaDFHEwt","RaDFHEwt_fwm",33,"fwm","RaDFHEwt","RaDFHEwt_fwm","Douglas-fir Hemlock-Wet Mesic",5
"7_53_41_95599",13,83,479,1952,1147,1708000504,"17080004","WWC","RaDFHEdy_fwi_17080005","RaDFHEdy","RaDFHEdy_fwi",31,"fwi","RaDFHEdy","RaDFHEdy_fwi","Douglas-fir Hemlock-Dry Mesic",3
"7_53_59_98268",13,83,479,1949,1007,1708000504,"17080004","WWC","RaABAMlw_fsi_17080005","RaABAMlw","RaABAMlw_fsi",14,"fsi","RaABAMlw","RaABAMlw_fsi","Pacific Silver Fir - Low Elevation",3
"7_53_59_99143",13,83,480,1949,1015,1708000505,"17080004","WWC","RaABAMlw_fsi_17080005","RaABAMlw","RaABAMlw_fsi",14,"fsi","RaABAMlw","RaABAMlw_fsi","Pacific Silver Fir - Low Elevation",3
"7_53_59_73295",13,83,480,2305,1570,1708000505,"17080004","WWC","Na0710412_fmc_WWC","Na0710412","Na0710412_fmc",7,"fmc","Na0710412","Na0710412_fmc","North Pacific Mountain Hemlock Forest - Xeric",5
"7_53_59_88529",13,83,480,2305,772,1708000505,"17080004","WWC","Na0710412_fmc_WWC","Na0710412","Na0710412_fmc",7,"fmc","Na0710412","Na0710412_fmc","North Pacific Mountain Hemlock Forest - Xeric",5
"7_53_59_92873",13,78,461,2305,772,1708000203,"17080001A","WWC","Na0710412_fmc_WWC","Na0710412","Na0710412_fmc",7,"fmc","Na0710412","Na0710412_fmc","North Pacific Mountain Hemlock Forest - Xeric",5
"7_53_59_58939",13,78,461,2305,1893,1708000203,"17080001A","WWC","Na0710412_fmc_WWC","Na0710412","Na0710412_fmc",7,"fmc","Na0710412","Na0710412_fmc","North Pacific Mountain Hemlock Forest - Xeric",5
"7_53_59_98751",13,78,461,1970,1816,1708000203,"17080001A","WWC","RaABAMlw_fsi_17080002","RaABAMlw","RaABAMlw_fsi",14,"fsi","RaABAMlw","RaABAMlw_fsi","Pacific Silver Fir - Low Elevation",3
"7_53_59_53544",13,78,462,2303,1754,1708000204,"17080001A","WWC","RaABAMup_fst_WWC","RaABAMup","RaABAMup_fst",13,"fst","RaABAMup","RaABAMup_fst","Pacific Silver Fir - High Elevation",5
"7_53_59_68642",13,78,462,1970,950,1708000204,"17080001A","WWC","RaABAMlw_fsi_17080002","RaABAMlw","RaABAMlw_fsi",14,"fsi","RaABAMlw","RaABAMlw_fsi","Pacific Silver Fir - Low Elevation",3
"7_53_59_93417",13,78,464,2292,511,1708000206,"17080001A","WWC","RaDFHEwt_fwm_WWC","RaDFHEwt","RaDFHEwt_fwm",33,"fwm","RaDFHEwt","RaDFHEwt_fwm","Douglas-fir Hemlock-Wet Mesic",5
"7_53_59_53753",13,78,464,2303,1220,1708000206,"17080001A","WWC","RaABAMup_fst_WWC","RaABAMup","RaABAMup_fst",13,"fst","RaABAMup","RaABAMup_fst","Pacific Silver Fir - High Elevation",5
"7_53_59_96383",13,78,463,1970,1323,1708000205,"17080001A","WWC","RaABAMlw_fsi_17080002","RaABAMlw","RaABAMlw_fsi",14,"fsi","RaABAMlw","RaABAMlw_fsi","Pacific Silver Fir - Low Elevation",3
"7_53_59_73682",13,78,463,2303,964,1708000205,"17080001A","WWC","RaABAMup_fst_WWC","RaABAMup","RaABAMup_fst",13,"fst","RaABAMup","RaABAMup_fst","Pacific Silver Fir - High Elevation",5
"7_53_59_74333",13,77,456,2303,673,1708000106,"17080001B","WWC","RaABAMup_fst_WWC","RaABAMup","RaABAMup_fst",13,"fst","RaABAMup","RaABAMup_fst","Pacific Silver Fir - High Elevation",5
"7_53_59_54918",13,77,456,2303,536,1708000106,"17080001B","WWC","RaABAMup_fst_WWC","RaABAMup","RaABAMup_fst",13,"fst","RaABAMup","RaABAMup_fst","Pacific Silver Fir - High Elevation",5
"7_53_59_84324",13,77,456,2293,842,1708000106,"17080001B","WWC","RaDFHEwt_fww_WWC","RaDFHEwt","RaDFHEwt_fww",34,"fww","RaDFHEwt","RaDFHEwt_fww","Douglas-fir Hemlock-Wet Mesic",5
"7_53_59_60420",13,77,456,2292,997,1708000106,"17080001B","WWC","RaDFHEwt_fwm_WWC","RaDFHEwt","RaDFHEwt_fwm",33,"fwm","RaDFHEwt","RaDFHEwt_fwm","Douglas-fir Hemlock-Wet Mesic",5
"7_53_59_96432",13,77,458,2293,824,1708000108,"17080001B","WWC","RaDFHEwt_fww_WWC","RaDFHEwt","RaDFHEwt_fww",34,"fww","RaDFHEwt","RaDFHEwt_fww","Douglas-fir Hemlock-Wet Mesic",5
"0_41_51_64602",13,77,458,2292,1907,1708000108,"17080001B","WWC","RaDFHEwt_fwm_WWC","RaDFHEwt","RaDFHEwt_fwm",33,"fwm","RaDFHEwt","RaDFHEwt_fwm","Douglas-fir Hemlock-Wet Mesic",5
"0_41_51_68628",13,77,458,2292,1970,1708000108,"17080001B","WWC","RaDFHEwt_fwm_WWC","RaDFHEwt","RaDFHEwt_fwm",33,"fwm","RaDFHEwt","RaDFHEwt_fwm","Douglas-fir Hemlock-Wet Mesic",5
"0_41_51_75119",7,76,457,2025,2092,1708000107,"17070307","OWC","RaDFHEdy_fwi_17080001B","RaDFHEdy","RaDFHEdy_fwi",31,"fwi","RaDFHEdy","RaDFHEdy_fwi","Douglas-fir Hemlock-Dry Mesic",3
"0_41_5_93191",7,76,454,2329,2152,1708000104,"17070307","OWC","RaDFHEwt_fwm_OWC","RaDFHEwt","RaDFHEwt_fwm",33,"fwm","RaDFHEwt","RaDFHEwt_fwm","Douglas-fir Hemlock-Wet Mesic",5
"0_41_5_69885",7,97,556,2032,1809,1709001105,"17090010","OWC","RaDFHEdy_fwi_17090011","RaDFHEdy","RaDFHEdy_fwi",31,"fwi","RaDFHEdy","RaDFHEdy_fwi","Douglas-fir Hemlock-Dry Mesic",3
"0_41_5_90847",7,97,556,2032,1585,1709001105,"17090010","OWC","RaDFHEdy_fwi_17090011","RaDFHEdy","RaDFHEdy_fwi",31,"fwi","RaDFHEdy","RaDFHEdy_fwi","Douglas-fir Hemlock-Dry Mesic",3
"0_41_5_84968",7,97,555,2032,564,1709001104,"17090010","OWC","RaDFHEdy_fwi_17090011","RaDFHEdy","RaDFHEdy_fwi",31,"fwi","RaDFHEdy","RaDFHEdy_fwi","Douglas-fir Hemlock-Dry Mesic",3
"0_41_5_73940",7,97,555,2032,1281,1709001104,"17090010","OWC","RaDFHEdy_fwi_17090011","RaDFHEdy","RaDFHEdy_fwi",31,"fwi","RaDFHEdy","RaDFHEdy_fwi","Douglas-fir Hemlock-Dry Mesic",3
"0_41_5_79524",7,97,555,2032,2320,1709001104,"17090010","OWC","RaDFHEdy_fwi_17090011","RaDFHEdy","RaDFHEdy_fwi",31,"fwi","RaDFHEdy","RaDFHEdy_fwi","Douglas-fir Hemlock-Dry Mesic",3
"0_41_5_65107",7,97,555,2032,2443,1709001104,"17090010","OWC","RaDFHEdy_fwi_17090011","RaDFHEdy","RaDFHEdy_fwi",31,"fwi","RaDFHEdy","RaDFHEdy_fwi","Douglas-fir Hemlock-Dry Mesic",3
"0_41_5_69282",7,97,555,2032,1681,1709001104,"17090010","OWC","RaDFHEdy_fwi_17090011","RaDFHEdy","RaDFHEdy_fwi",31,"fwi","RaDFHEdy","RaDFHEdy_fwi","Douglas-fir Hemlock-Dry Mesic",3
"0_41_5_93078",7,97,555,2044,1678,1709001104,"17090010","OWC","RaABAMlw_fsi_17090011","RaABAMlw","RaABAMlw_fsi",14,"fsi","RaABAMlw","RaABAMlw_fsi","Pacific Silver Fir - Low Elevation",3
"0_41_5_97070",7,97,555,2032,923,1709001104,"17090010","OWC","RaDFHEdy_fwi_17090011","RaDFHEdy","RaDFHEdy_fwi",31,"fwi","RaDFHEdy","RaDFHEdy_fwi","Douglas-fir Hemlock-Dry Mesic",3
"0_41_5_90699",7,97,555,2044,1443,1709001104,"17090010","OWC","RaABAMlw_fsi_17090011","RaABAMlw","RaABAMlw_fsi",14,"fsi","RaABAMlw","RaABAMlw_fsi","Pacific Silver Fir - Low Elevation",3
"0_41_5_89521",7,97,555,2044,1260,1709001104,"17090010","OWC","RaABAMlw_fsi_17090011","RaABAMlw","RaABAMlw_fsi",14,"fsi","RaABAMlw","RaABAMlw_fsi","Pacific Silver Fir - Low Elevation",3
"0_41_5_93243",7,97,555,2046,1716,1709001104,"17090010","OWC","RaABAMlw_fsw_17090011","RaABAMlw","RaABAMlw_fsw",16,"fsw","RaABAMlw","RaABAMlw_fsw","Pacific Silver Fir - Low Elevation",3
"0_41_5_59819",7,97,555,2331,1750,1709001104,"17090010","OWC","Na0710412_fmc_OWC","Na0710412","Na0710412_fmc",7,"fmc","Na0710412","Na0710412_fmc","North Pacific Mountain Hemlock Forest - Xeric",5
"0_41_5_95953",7,97,552,2032,1410,1709001101,"17090010","OWC","RaDFHEdy_fwi_17090011","RaDFHEdy","RaDFHEdy_fwi",31,"fwi","RaDFHEdy","RaDFHEdy_fwi","Douglas-fir Hemlock-Dry Mesic",3
"0_41_5_68774",7,97,552,2032,1220,1709001101,"17090010","OWC","RaDFHEdy_fwi_17090011","RaDFHEdy","RaDFHEdy_fwi",31,"fwi","RaDFHEdy","RaDFHEdy_fwi","Douglas-fir Hemlock-Dry Mesic",3
"0_41_5_78307",7,97,552,2044,2420,1709001101,"17090010","OWC","RaABAMlw_fsi_17090011","RaABAMlw","RaABAMlw_fsi",14,"fsi","RaABAMlw","RaABAMlw_fsi","Pacific Silver Fir - Low Elevation",3
"0_41_5_93124",7,97,552,2044,2099,1709001101,"17090010","OWC","RaABAMlw_fsi_17090011","RaABAMlw","RaABAMlw_fsi",14,"fsi","RaABAMlw","RaABAMlw_fsi","Pacific Silver Fir - Low Elevation",3
"0_41_47_86582",7,97,552,2044,942,1709001101,"17090010","OWC","RaABAMlw_fsi_17090011","RaABAMlw","RaABAMlw_fsi",14,"fsi","RaABAMlw","RaABAMlw_fsi","Pacific Silver Fir - Low Elevation",3
"0_41_47_87328",7,97,552,2044,726,1709001101,"17090010","OWC","RaABAMlw_fsi_17090011","RaABAMlw","RaABAMlw_fsi",14,"fsi","RaABAMlw","RaABAMlw_fsi","Pacific Silver Fir - Low Elevation",3
"0_41_47_64275",7,91,516,2075,1267,1709000501,"17090004","OWC","RaABAMlw_fsi_17090005","RaABAMlw","RaABAMlw_fsi",14,"fsi","RaABAMlw","RaABAMlw_fsi","Pacific Silver Fir - Low Elevation",3
"0_41_47_92433",7,91,516,2075,1204,1709000501,"17090004","OWC","RaABAMlw_fsi_17090005","RaABAMlw","RaABAMlw_fsi",14,"fsi","RaABAMlw","RaABAMlw_fsi","Pacific Silver Fir - Low Elevation",3
"0_41_47_66489",7,91,516,2076,2356,1709000501,"17090004","OWC","RaDFHEdy_fwi_17090005","RaDFHEdy","RaDFHEdy_fwi",31,"fwi","RaDFHEdy","RaDFHEdy_fwi","Douglas-fir Hemlock-Dry Mesic",3
"0_41_47_85058",7,91,516,2076,1848,1709000501,"17090004","OWC","RaDFHEdy_fwi_17090005","RaDFHEdy","RaDFHEdy_fwi",31,"fwi","RaDFHEdy","RaDFHEdy_fwi","Douglas-fir Hemlock-Dry Mesic",3
"1_41_43_88315",7,91,517,2076,1497,1709000502,"17090004","OWC","RaDFHEdy_fwi_17090005","RaDFHEdy","RaDFHEdy_fwi",31,"fwi","RaDFHEdy","RaDFHEdy_fwi","Douglas-fir Hemlock-Dry Mesic",3
"1_41_43_73298",7,91,517,2076,1595,1709000502,"17090004","OWC","RaDFHEdy_fwi_17090005","RaDFHEdy","RaDFHEdy_fwi",31,"fwi","RaDFHEdy","RaDFHEdy_fwi","Douglas-fir Hemlock-Dry Mesic",3
"5_53_57_77876",11,127,726,1762,2029,1711000202,"17110001","WNC","RaDFHEdy_fdg_17110002","RaDFHEdy","RaDFHEdy_fdg",24,"fdg","RaDFHEdy","RaDFHEdy_fdg","Douglas-fir Hemlock-Dry Mesic",3
"1_41_43_62003",7,91,518,2076,1405,1709000503,"17090004","OWC","RaDFHEdy_fwi_17090005","RaDFHEdy","RaDFHEdy_fwi",31,"fwi","RaDFHEdy","RaDFHEdy_fwi","Douglas-fir Hemlock-Dry Mesic",3
"1_41_43_76278",7,91,518,2076,2280,1709000503,"17090004","OWC","RaDFHEdy_fwi_17090005","RaDFHEdy","RaDFHEdy_fwi",31,"fwi","RaDFHEdy","RaDFHEdy_fwi","Douglas-fir Hemlock-Dry Mesic",3
"1_41_43_90543",7,91,518,2076,903,1709000503,"17090004","OWC","RaDFHEdy_fwi_17090005","RaDFHEdy","RaDFHEdy_fwi",31,"fwi","RaDFHEdy","RaDFHEdy_fwi","Douglas-fir Hemlock-Dry Mesic",3
"1_41_43_94679",7,91,518,2076,1747,1709000503,"17090004","OWC","RaDFHEdy_fwi_17090005","RaDFHEdy","RaDFHEdy_fwi",31,"fwi","RaDFHEdy","RaDFHEdy_fwi","Douglas-fir Hemlock-Dry Mesic",3
"1_41_43_94158",7,91,518,2075,1430,1709000503,"17090004","OWC","RaABAMlw_fsi_17090005","RaABAMlw","RaABAMlw_fsi",14,"fsi","RaABAMlw","RaABAMlw_fsi","Pacific Silver Fir - Low Elevation",3
"1_41_43_62603",7,92,522,2094,778,1709000601,"17090005","OWC","RaABAMlw_fsi_17090006","RaABAMlw","RaABAMlw_fsi",14,"fsi","RaABAMlw","RaABAMlw_fsi","Pacific Silver Fir - Low Elevation",3
"1_41_43_95499",7,92,522,2082,999,1709000601,"17090005","OWC","RaDFHEdy_fwi_17090006","RaDFHEdy","RaDFHEdy_fwi",31,"fwi","RaDFHEdy","RaDFHEdy_fwi","Douglas-fir Hemlock-Dry Mesic",3
"1_41_43_71334",7,92,522,2094,1145,1709000601,"17090005","OWC","RaABAMlw_fsi_17090006","RaABAMlw","RaABAMlw_fsi",14,"fsi","RaABAMlw","RaABAMlw_fsi","Pacific Silver Fir - Low Elevation",3
"1_41_43_57648",7,92,522,2094,1214,1709000601,"17090005","OWC","RaABAMlw_fsi_17090006","RaABAMlw","RaABAMlw_fsi",14,"fsi","RaABAMlw","RaABAMlw_fsi","Pacific Silver Fir - Low Elevation",3
"1_41_43_61049",7,92,522,2094,1443,1709000601,"17090005","OWC","RaABAMlw_fsi_17090006","RaABAMlw","RaABAMlw_fsi",14,"fsi","RaABAMlw","RaABAMlw_fsi","Pacific Silver Fir - Low Elevation",3
"1_41_43_77693",7,92,522,2094,1327,1709000601,"17090005","OWC","RaABAMlw_fsi_17090006","RaABAMlw","RaABAMlw_fsi",14,"fsi","RaABAMlw","RaABAMlw_fsi","Pacific Silver Fir - Low Elevation",3
"1_41_43_75420",7,90,510,2108,2050,1709000402,"17090003B","OWC","RaABAMlw_fsi_17090004","RaABAMlw","RaABAMlw_fsi",14,"fsi","RaABAMlw","RaABAMlw_fsi","Pacific Silver Fir - Low Elevation",3
"1_41_43_91155",7,90,510,2108,2156,1709000402,"17090003B","OWC","RaABAMlw_fsi_17090004","RaABAMlw","RaABAMlw_fsi",14,"fsi","RaABAMlw","RaABAMlw_fsi","Pacific Silver Fir - Low Elevation",3
"1_41_43_52826",7,90,510,2108,2115,1709000402,"17090003B","OWC","RaABAMlw_fsi_17090004","RaABAMlw","RaABAMlw_fsi",14,"fsi","RaABAMlw","RaABAMlw_fsi","Pacific Silver Fir - Low Elevation",3
"1_41_43_52810",7,90,510,2108,1384,1709000402,"17090003B","OWC","RaABAMlw_fsi_17090004","RaABAMlw","RaABAMlw_fsi",14,"fsi","RaABAMlw","RaABAMlw_fsi","Pacific Silver Fir - Low Elevation",3
"1_41_43_65421",7,90,510,2110,1155,1709000402,"17090003B","OWC","RaDFHEdy_fwi_17090004","RaDFHEdy","RaDFHEdy_fwi",31,"fwi","RaDFHEdy","RaDFHEdy_fwi","Douglas-fir Hemlock-Dry Mesic",3
"1_41_43_84506",7,90,510,2108,937,1709000402,"17090003B","OWC","RaABAMlw_fsi_17090004","RaABAMlw","RaABAMlw_fsi",14,"fsi","RaABAMlw","RaABAMlw_fsi","Pacific Silver Fir - Low Elevation",3
"1_41_39_68452",7,90,510,2108,1139,1709000402,"17090003B","OWC","RaABAMlw_fsi_17090004","RaABAMlw","RaABAMlw_fsi",14,"fsi","RaABAMlw","RaABAMlw_fsi","Pacific Silver Fir - Low Elevation",3
"1_41_39_85057",7,90,512,2107,745,1709000404,"17090003B","OWC","RaABAMlw_fsw_17090004","RaABAMlw","RaABAMlw_fsw",16,"fsw","RaABAMlw","RaABAMlw_fsw","Pacific Silver Fir - Low Elevation",3
"1_41_39_60451",7,90,510,861,1773,1709000402,"17090003B","OWC","RaDFWV_fwx_1709000402","RaDFWV","RaDFWV_fwx",37,"fwx","RaDFWV","RaDFWV_fwx","Douglas-fir Willamatte Valley Foothills",1
"1_41_39_76237",7,90,509,2107,1165,1709000401,"17090003B","OWC","RaABAMlw_fsw_17090004","RaABAMlw","RaABAMlw_fsw",16,"fsw","RaABAMlw","RaABAMlw_fsw","Pacific Silver Fir - Low Elevation",3
"1_41_39_95088",7,90,509,2108,1180,1709000401,"17090003B","OWC","RaABAMlw_fsi_17090004","RaABAMlw","RaABAMlw_fsi",14,"fsi","RaABAMlw","RaABAMlw_fsi","Pacific Silver Fir - Low Elevation",3
"1_41_39_80210",7,90,511,2110,1175,1709000403,"17090003B","OWC","RaDFHEdy_fwi_17090004","RaDFHEdy","RaDFHEdy_fwi",31,"fwi","RaDFHEdy","RaDFHEdy_fwi","Douglas-fir Hemlock-Dry Mesic",3
"1_41_39_65411",7,90,511,930,801,1709000403,"17090003B","OWC","RaMCONsw_fiw_1709000403","RaMCONsw","RaMCONsw_fiw",20,"fiw","RaMCONsw","RaMCONsw_fiw","Mixed Conifer - Southwest Oregon",1
"1_41_39_61967",7,90,511,930,802,1709000403,"17090003B","OWC","RaMCONsw_fiw_1709000403","RaMCONsw","RaMCONsw_fiw",20,"fiw","RaMCONsw","RaMCONsw_fiw","Mixed Conifer - Southwest Oregon",1
"1_41_39_79625",7,90,511,2110,542,1709000403,"17090003B","OWC","RaDFHEdy_fwi_17090004","RaDFHEdy","RaDFHEdy_fwi",31,"fwi","RaDFHEdy","RaDFHEdy_fwi","Douglas-fir Hemlock-Dry Mesic",3
"1_41_39_80348",7,90,511,2108,933,1709000403,"17090003B","OWC","RaABAMlw_fsi_17090004","RaABAMlw","RaABAMlw_fsi",14,"fsi","RaABAMlw","RaABAMlw_fsi","Pacific Silver Fir - Low Elevation",3
"1_41_39_89710",7,90,511,930,665,1709000403,"17090003B","OWC","RaMCONsw_fiw_1709000403","RaMCONsw","RaMCONsw_fiw",20,"fiw","RaMCONsw","RaMCONsw_fiw","Mixed Conifer - Southwest Oregon",1
"1_41_39_57557",7,86,494,2139,961,1709000106,"17080006A","OWC","RaDFHEdy_fwi_17090001","RaDFHEdy","RaDFHEdy_fwi",31,"fwi","RaDFHEdy","RaDFHEdy_fwi","Douglas-fir Hemlock-Dry Mesic",3
"1_41_39_59041",7,86,494,2141,1889,1709000106,"17080006A","OWC","RaABAMlw_fsw_17090001","RaABAMlw","RaABAMlw_fsw",16,"fsw","RaABAMlw","RaABAMlw_fsw","Pacific Silver Fir - Low Elevation",3
"1_41_39_82013",7,86,494,2331,1422,1709000106,"17080006A","OWC","Na0710412_fmc_OWC","Na0710412","Na0710412_fmc",7,"fmc","Na0710412","Na0710412_fmc","North Pacific Mountain Hemlock Forest - Xeric",5
"1_41_39_69519",7,86,491,2331,1623,1709000103,"17080006A","OWC","Na0710412_fmc_OWC","Na0710412","Na0710412_fmc",7,"fmc","Na0710412","Na0710412_fmc","North Pacific Mountain Hemlock Forest - Xeric",5
"1_41_39_84504",7,86,491,2331,2829,1709000103,"17080006A","OWC","Na0710412_fmc_OWC","Na0710412","Na0710412_fmc",7,"fmc","Na0710412","Na0710412_fmc","North Pacific Mountain Hemlock Forest - Xeric",5
"1_41_39_57120",7,86,491,2331,1847,1709000103,"17080006A","OWC","Na0710412_fmc_OWC","Na0710412","Na0710412_fmc",7,"fmc","Na0710412","Na0710412_fmc","North Pacific Mountain Hemlock Forest - Xeric",5
"1_41_39_86633",7,86,491,2331,2722,1709000103,"17080006A","OWC","Na0710412_fmc_OWC","Na0710412","Na0710412_fmc",7,"fmc","Na0710412","Na0710412_fmc","North Pacific Mountain Hemlock Forest - Xeric",5
"3_41_35_82559",4,68,399,2324,1504,1707030202,"17070301","OEC","Na0710412_fmh_OEC","Na0710412","Na0710412_fmh",4,"fmh","Na0710412","Na0710412_fmh","North Pacific Mountain Hemlock Forest - Xeric",5
"3_41_35_77440",4,68,399,2324,925,1707030202,"17070301","OEC","Na0710412_fmh_OEC","Na0710412","Na0710412_fmh",4,"fmh","Na0710412","Na0710412_fmh","North Pacific Mountain Hemlock Forest - Xeric",5
"3_41_35_66964",4,68,399,2324,879,1707030202,"17070301","OEC","Na0710412_fmh_OEC","Na0710412","Na0710412_fmh",4,"fmh","Na0710412","Na0710412_fmh","North Pacific Mountain Hemlock Forest - Xeric",5
"2_41_19_67674",7,86,489,2331,1072,1709000101,"17080006A","OWC","Na0710412_fmc_OWC","Na0710412","Na0710412_fmc",7,"fmc","Na0710412","Na0710412_fmc","North Pacific Mountain Hemlock Forest - Xeric",5
"2_41_19_78534",6,113,635,2177,934,1710030102,"17100207","OSW","RaABAMlw_fsi_17100301","RaABAMlw","RaABAMlw_fsi",14,"fsi","RaABAMlw","RaABAMlw_fsi","Pacific Silver Fir - Low Elevation",3
"2_41_19_82352",6,113,635,2352,2156,1710030102,"17100207","OSW","Na0710412_fmh_OSW","Na0710412","Na0710412_fmh",4,"fmh","Na0710412","Na0710412_fmh","North Pacific Mountain Hemlock Forest - Xeric",5
"2_41_19_64822",6,113,635,2352,1729,1710030102,"17100207","OSW","Na0710412_fmh_OSW","Na0710412","Na0710412_fmh",4,"fmh","Na0710412","Na0710412_fmh","North Pacific Mountain Hemlock Forest - Xeric",5
"2_41_19_73846",6,113,635,2352,1759,1710030102,"17100207","OSW","Na0710412_fmh_OSW","Na0710412","Na0710412_fmh",4,"fmh","Na0710412","Na0710412_fmh","North Pacific Mountain Hemlock Forest - Xeric",5
"3_41_35_85494",4,157,893,2204,2409,1801020102,"18010101","OEC","RaREFI_frf_18010201","RaREFI","RaREFI_frf",12,"frf","RaREFI","RaREFI_frf","Red Fir",3
"3_41_35_70583",4,157,896,2324,1764,1801020105,"18010101","OEC","Na0710412_fmh_OEC","Na0710412","Na0710412_fmh",4,"fmh","Na0710412","Na0710412_fmh","North Pacific Mountain Hemlock Forest - Xeric",5
"3_41_35_75871",4,159,905,1319,1517,1801020301,"18010202","OEC","RaMCONdy_fmd_1801020301","RaMCONdy","RaMCONdy_fmd",28,"fmd","RaMCONdy","RaMCONdy_fmd","Mixed Conifer - Eastside Dry",1
"3_41_35_83292",4,159,905,1363,845,1801020301,"18010202","OEC","RaPIPOm_fpl_1801020301","RaPIPOm","RaPIPOm_fpl",55,"fpl","RaPIPOm","RaPIPOm_fpl","Dry Ponderosa Pine - Mesic",1
"3_41_35_90363",4,159,907,2234,1702,1801020303,"18010202","OEC","RaMCONms_fmm_18010203","RaMCONms","RaMCONms_fmm",27,"fmm","RaMCONms","RaMCONms_fmm","Mixed Conifer - Eastside Mesic",3
"3_41_35_70911",6,161,918,2268,1359,1801020602,"18010204","OSW","RaREFI_fcw_18010206","RaREFI","RaREFI_fcw",19,"fcw","RaREFI","RaREFI_fcw","Red Fir",3
"3_41_35_69628",6,161,918,1678,1758,1801020602,"18010204","OSW","RaMCONsw_fiw_1801020602","RaMCONsw","RaMCONsw_fiw",20,"fiw","RaMCONsw","RaMCONsw_fiw","Mixed Conifer - Southwest Oregon",1
"3_41_35_61253",6,161,918,1678,2086,1801020602,"18010204","OSW","RaMCONsw_fiw_1801020602","RaMCONsw","RaMCONsw_fiw",20,"fiw","RaMCONsw","RaMCONsw_fiw","Mixed Conifer - Southwest Oregon",1
"3_41_35_89826",6,161,918,1678,2908,1801020602,"18010204","OSW","RaMCONsw_fiw_1801020602","RaMCONsw","RaMCONsw_fiw",20,"fiw","RaMCONsw","RaMCONsw_fiw","Mixed Conifer - Southwest Oregon",1
"3_41_35_57531",6,161,918,1730,2596,1801020602,"18010204","OSW","RaPIPOm_fpd_1801020602","RaPIPOm","RaPIPOm_fpd",51,"fpd","RaPIPOm","RaPIPOm_fpd","Dry Ponderosa Pine - Mesic",1
"5_53_57_54279",11,132,750,1807,1015,1711000702,"17110006","WNC","RaDFHEdy_fwi_17110007","RaDFHEdy","RaDFHEdy_fwi",31,"fwi","RaDFHEdy","RaDFHEdy_fwi","Douglas-fir Hemlock-Dry Mesic",3
"5_53_61_51231",13,144,796,1813,726,1711001902,"17110018","WWC","RaDFHEdy_fwi_17110019","RaDFHEdy","RaDFHEdy_fwi",31,"fwi","RaDFHEdy","RaDFHEdy_fwi","Douglas-fir Hemlock-Dry Mesic",3
"5_53_61_99462",13,137,771,1873,602,1711001203,"17110011","WWC","RaDFHEdy_fwi_17110012","RaDFHEdy","RaDFHEdy_fwi",31,"fwi","RaDFHEdy","RaDFHEdy_fwi","Douglas-fir Hemlock-Dry Mesic",3
"5_53_33_50560",13,138,775,2292,270,1711001303,"17110012","WWC","RaDFHEwt_fwm_WWC","RaDFHEwt","RaDFHEwt_fwm",33,"fwm","RaDFHEwt","RaDFHEwt_fwm","Douglas-fir Hemlock-Wet Mesic",5
"5_53_53_53014",13,139,777,1917,993,1711001402,"17110013","WWC","RaDFHEdy_fwi_17110014","RaDFHEdy","RaDFHEdy_fwi",31,"fwi","RaDFHEdy","RaDFHEdy_fwi","Douglas-fir Hemlock-Dry Mesic",3
"5_53_53_57401",13,139,777,1917,1582,1711001402,"17110013","WWC","RaDFHEdy_fwi_17110014","RaDFHEdy","RaDFHEdy_fwi",31,"fwi","RaDFHEdy","RaDFHEdy_fwi","Douglas-fir Hemlock-Dry Mesic",3
"5_53_53_67936",13,140,782,1926,716,1711001502,"17110014","WWC","RaDFHEdy_fwi_17110015","RaDFHEdy","RaDFHEdy_fwi",31,"fwi","RaDFHEdy","RaDFHEdy_fwi","Douglas-fir Hemlock-Dry Mesic",3
"5_53_73_54769",11,129,735,2285,819,1711000405,"17110003","WNC","RaABAMup_fst_WNC","RaABAMup","RaABAMup_fst",13,"fst","RaABAMup","RaABAMup_fst","Pacific Silver Fir - High Elevation",5
"5_53_53_75156",13,140,782,1926,930,1711001502,"17110014","WWC","RaDFHEdy_fwi_17110015","RaDFHEdy","RaDFHEdy_fwi",31,"fwi","RaDFHEdy","RaDFHEdy_fwi","Douglas-fir Hemlock-Dry Mesic",3
"5_53_53_98728",13,140,781,1926,2361,1711001501,"17110014","WWC","RaDFHEdy_fwi_17110015","RaDFHEdy","RaDFHEdy_fwi",31,"fwi","RaDFHEdy","RaDFHEdy_fwi","Douglas-fir Hemlock-Dry Mesic",3
"7_53_41_62266",13,83,476,2293,1398,1708000501,"17080004","WWC","RaDFHEwt_fww_WWC","RaDFHEwt","RaDFHEwt_fww",34,"fww","RaDFHEwt","RaDFHEwt_fww","Douglas-fir Hemlock-Wet Mesic",5
"7_53_41_57689",13,83,479,1952,1136,1708000504,"17080004","WWC","RaDFHEdy_fwi_17080005","RaDFHEdy","RaDFHEdy_fwi",31,"fwi","RaDFHEdy","RaDFHEdy_fwi","Douglas-fir Hemlock-Dry Mesic",3
"7_53_59_65860",13,83,479,2305,1527,1708000504,"17080004","WWC","Na0710412_fmc_WWC","Na0710412","Na0710412_fmc",7,"fmc","Na0710412","Na0710412_fmc","North Pacific Mountain Hemlock Forest - Xeric",5
"7_53_59_80245",13,83,479,2305,1271,1708000504,"17080004","WWC","Na0710412_fmc_WWC","Na0710412","Na0710412_fmc",7,"fmc","Na0710412","Na0710412_fmc","North Pacific Mountain Hemlock Forest - Xeric",5
"7_53_59_54002",13,83,479,2305,736,1708000504,"17080004","WWC","Na0710412_fmc_WWC","Na0710412","Na0710412_fmc",7,"fmc","Na0710412","Na0710412_fmc","North Pacific Mountain Hemlock Forest - Xeric",5
"7_53_59_88028",13,83,480,2305,2205,1708000505,"17080004","WWC","Na0710412_fmc_WWC","Na0710412","Na0710412_fmc",7,"fmc","Na0710412","Na0710412_fmc","North Pacific Mountain Hemlock Forest - Xeric",5
"5_53_73_70420",11,129,734,2282,1785,1711000404,"17110003","WNC","RaDFHEwt_fwm_WNC","RaDFHEwt","RaDFHEwt_fwm",33,"fwm","RaDFHEwt","RaDFHEwt_fwm","Douglas-fir Hemlock-Wet Mesic",5
"7_53_59_66648",13,78,461,2303,2119,1708000203,"17080001A","WWC","RaABAMup_fst_WWC","RaABAMup","RaABAMup_fst",13,"fst","RaABAMup","RaABAMup_fst","Pacific Silver Fir - High Elevation",5
"7_53_59_64604",13,78,461,2303,1441,1708000203,"17080001A","WWC","RaABAMup_fst_WWC","RaABAMup","RaABAMup_fst",13,"fst","RaABAMup","RaABAMup_fst","Pacific Silver Fir - High Elevation",5
"7_53_59_88764",13,78,461,2292,1111,1708000203,"17080001A","WWC","RaDFHEwt_fwm_WWC","RaDFHEwt","RaDFHEwt_fwm",33,"fwm","RaDFHEwt","RaDFHEwt_fwm","Douglas-fir Hemlock-Wet Mesic",5
"5_53_73_71277",11,129,734,2285,2328,1711000404,"17110003","WNC","RaABAMup_fst_WNC","RaABAMup","RaABAMup_fst",13,"fst","RaABAMup","RaABAMup_fst","Pacific Silver Fir - High Elevation",5
"7_53_59_88708",13,78,461,2303,1076,1708000203,"17080001A","WWC","RaABAMup_fst_WWC","RaABAMup","RaABAMup_fst",13,"fst","RaABAMup","RaABAMup_fst","Pacific Silver Fir - High Elevation",5
"7_53_59_75942",13,78,462,2303,668,1708000204,"17080001A","WWC","RaABAMup_fst_WWC","RaABAMup","RaABAMup_fst",13,"fst","RaABAMup","RaABAMup_fst","Pacific Silver Fir - High Elevation",5
"7_53_59_79332",13,78,462,1970,830,1708000204,"17080001A","WWC","RaABAMlw_fsi_17080002","RaABAMlw","RaABAMlw_fsi",14,"fsi","RaABAMlw","RaABAMlw_fsi","Pacific Silver Fir - Low Elevation",3
"7_53_59_74537",13,78,462,1973,478,1708000204,"17080001A","WWC","RaDFHEdy_fwi_17080002","RaDFHEdy","RaDFHEdy_fwi",31,"fwi","RaDFHEdy","RaDFHEdy_fwi","Douglas-fir Hemlock-Dry Mesic",3
"7_53_59_65490",13,78,462,2303,790,1708000204,"17080001A","WWC","RaABAMup_fst_WWC","RaABAMup","RaABAMup_fst",13,"fst","RaABAMup","RaABAMup_fst","Pacific Silver Fir - High Elevation",5
"7_53_59_94734",13,78,462,2303,1447,1708000204,"17080001A","WWC","RaABAMup_fst_WWC","RaABAMup","RaABAMup_fst",13,"fst","RaABAMup","RaABAMup_fst","Pacific Silver Fir - High Elevation",5
"7_53_59_97127",13,78,464,2303,1423,1708000206,"17080001A","WWC","RaABAMup_fst_WWC","RaABAMup","RaABAMup_fst",13,"fst","RaABAMup","RaABAMup_fst","Pacific Silver Fir - High Elevation",5
"7_53_59_85320",13,78,464,2303,1398,1708000206,"17080001A","WWC","RaABAMup_fst_WWC","RaABAMup","RaABAMup_fst",13,"fst","RaABAMup","RaABAMup_fst","Pacific Silver Fir - High Elevation",5
"7_53_59_96521",13,78,463,1970,1761,1708000205,"17080001A","WWC","RaABAMlw_fsi_17080002","RaABAMlw","RaABAMlw_fsi",14,"fsi","RaABAMlw","RaABAMlw_fsi","Pacific Silver Fir - Low Elevation",3
"7_53_59_89644",13,78,463,1970,1768,1708000205,"17080001A","WWC","RaABAMlw_fsi_17080002","RaABAMlw","RaABAMlw_fsi",14,"fsi","RaABAMlw","RaABAMlw_fsi","Pacific Silver Fir - Low Elevation",3
"7_53_59_80915",13,78,463,2303,1183,1708000205,"17080001A","WWC","RaABAMup_fst_WWC","RaABAMup","RaABAMup_fst",13,"fst","RaABAMup","RaABAMup_fst","Pacific Silver Fir - High Elevation",5
"7_53_59_79888",13,77,456,2293,611,1708000106,"17080001B","WWC","RaDFHEwt_fww_WWC","RaDFHEwt","RaDFHEwt_fww",34,"fww","RaDFHEwt","RaDFHEwt_fww","Douglas-fir Hemlock-Wet Mesic",5
"0_41_51_68630",13,77,458,2292,1425,1708000108,"17080001B","WWC","RaDFHEwt_fwm_WWC","RaDFHEwt","RaDFHEwt_fwm",33,"fwm","RaDFHEwt","RaDFHEwt_fwm","Douglas-fir Hemlock-Wet Mesic",5
"0_41_51_77094",7,76,457,2027,905,1708000107,"17070307","OWC","RaABAMlw_fwc_17080001B","RaABAMlw","RaABAMlw_fwc",35,"fwc","RaABAMlw","RaABAMlw_fwc","Pacific Silver Fir - Low Elevation",3
"0_41_51_87035",7,76,457,2025,1170,1708000107,"17070307","OWC","RaDFHEdy_fwi_17080001B","RaDFHEdy","RaDFHEdy_fwi",31,"fwi","RaDFHEdy","RaDFHEdy_fwi","Douglas-fir Hemlock-Dry Mesic",3
"5_53_73_79742",11,129,736,2285,1051,1711000406,"17110003","WNC","RaABAMup_fst_WNC","RaABAMup","RaABAMup_fst",13,"fst","RaABAMup","RaABAMup_fst","Pacific Silver Fir - High Elevation",5
"0_41_51_98151",7,76,455,2329,968,1708000105,"17070307","OWC","RaDFHEwt_fwm_OWC","RaDFHEwt","RaDFHEwt_fwm",33,"fwm","RaDFHEwt","RaDFHEwt_fwm","Douglas-fir Hemlock-Wet Mesic",5
"0_41_5_91387",7,76,455,2329,856,1708000105,"17070307","OWC","RaDFHEwt_fwm_OWC","RaDFHEwt","RaDFHEwt_fwm",33,"fwm","RaDFHEwt","RaDFHEwt_fwm","Douglas-fir Hemlock-Wet Mesic",5
"0_41_5_99834",7,76,455,2329,1922,1708000105,"17070307","OWC","RaDFHEwt_fwm_OWC","RaDFHEwt","RaDFHEwt_fwm",33,"fwm","RaDFHEwt","RaDFHEwt_fwm","Douglas-fir Hemlock-Wet Mesic",5
"0_41_5_91398",7,76,455,2025,1437,1708000105,"17070307","OWC","RaDFHEdy_fwi_17080001B","RaDFHEdy","RaDFHEdy_fwi",31,"fwi","RaDFHEdy","RaDFHEdy_fwi","Douglas-fir Hemlock-Dry Mesic",3
"0_41_5_56635",7,76,455,2329,996,1708000105,"17070307","OWC","RaDFHEwt_fwm_OWC","RaDFHEwt","RaDFHEwt_fwm",33,"fwm","RaDFHEwt","RaDFHEwt_fwm","Douglas-fir Hemlock-Wet Mesic",5
"0_41_5_82108",7,76,455,2025,789,1708000105,"17070307","OWC","RaDFHEdy_fwi_17080001B","RaDFHEdy","RaDFHEdy_fwi",31,"fwi","RaDFHEdy","RaDFHEdy_fwi","Douglas-fir Hemlock-Dry Mesic",3
"0_41_5_65499",7,76,454,2025,615,1708000104,"17070307","OWC","RaDFHEdy_fwi_17080001B","RaDFHEdy","RaDFHEdy_fwi",31,"fwi","RaDFHEdy","RaDFHEdy_fwi","Douglas-fir Hemlock-Dry Mesic",3
"0_41_5_70995",7,76,454,2025,800,1708000104,"17070307","OWC","RaDFHEdy_fwi_17080001B","RaDFHEdy","RaDFHEdy_fwi",31,"fwi","RaDFHEdy","RaDFHEdy_fwi","Douglas-fir Hemlock-Dry Mesic",3
"0_41_5_83379",7,97,556,2041,1296,1709001105,"17090010","OWC","RaABAMlw_fwc_17090011","RaABAMlw","RaABAMlw_fwc",35,"fwc","RaABAMlw","RaABAMlw_fwc","Pacific Silver Fir - Low Elevation",3
"0_41_5_94698",7,97,556,2032,1448,1709001105,"17090010","OWC","RaDFHEdy_fwi_17090011","RaDFHEdy","RaDFHEdy_fwi",31,"fwi","RaDFHEdy","RaDFHEdy_fwi","Douglas-fir Hemlock-Dry Mesic",3
"0_41_5_51470",7,97,555,2032,1227,1709001104,"17090010","OWC","RaDFHEdy_fwi_17090011","RaDFHEdy","RaDFHEdy_fwi",31,"fwi","RaDFHEdy","RaDFHEdy_fwi","Douglas-fir Hemlock-Dry Mesic",3
"0_41_5_58524",7,97,555,2032,1158,1709001104,"17090010","OWC","RaDFHEdy_fwi_17090011","RaDFHEdy","RaDFHEdy_fwi",31,"fwi","RaDFHEdy","RaDFHEdy_fwi","Douglas-fir Hemlock-Dry Mesic",3
"0_41_5_69067",7,97,555,2032,1613,1709001104,"17090010","OWC","RaDFHEdy_fwi_17090011","RaDFHEdy","RaDFHEdy_fwi",31,"fwi","RaDFHEdy","RaDFHEdy_fwi","Douglas-fir Hemlock-Dry Mesic",3
"0_41_5_57060",7,97,555,2032,2353,1709001104,"17090010","OWC","RaDFHEdy_fwi_17090011","RaDFHEdy","RaDFHEdy_fwi",31,"fwi","RaDFHEdy","RaDFHEdy_fwi","Douglas-fir Hemlock-Dry Mesic",3
"0_41_5_99436",7,97,555,2032,2218,1709001104,"17090010","OWC","RaDFHEdy_fwi_17090011","RaDFHEdy","RaDFHEdy_fwi",31,"fwi","RaDFHEdy","RaDFHEdy_fwi","Douglas-fir Hemlock-Dry Mesic",3
"0_41_5_54272",7,97,552,2044,1530,1709001101,"17090010","OWC","RaABAMlw_fsi_17090011","RaABAMlw","RaABAMlw_fsi",14,"fsi","RaABAMlw","RaABAMlw_fsi","Pacific Silver Fir - Low Elevation",3
"0_41_5_62085",7,97,552,2032,2558,1709001101,"17090010","OWC","RaDFHEdy_fwi_17090011","RaDFHEdy","RaDFHEdy_fwi",31,"fwi","RaDFHEdy","RaDFHEdy_fwi","Douglas-fir Hemlock-Dry Mesic",3
"0_41_5_88756",7,97,552,2032,1051,1709001101,"17090010","OWC","RaDFHEdy_fwi_17090011","RaDFHEdy","RaDFHEdy_fwi",31,"fwi","RaDFHEdy","RaDFHEdy_fwi","Douglas-fir Hemlock-Dry Mesic",3
"5_53_57_76335",11,127,726,2282,1230,1711000202,"17110001","WNC","RaDFHEwt_fwm_WNC","RaDFHEwt","RaDFHEwt_fwm",33,"fwm","RaDFHEwt","RaDFHEwt_fwm","Douglas-fir Hemlock-Wet Mesic",5
"0_41_5_80878",7,97,552,2044,1398,1709001101,"17090010","OWC","RaABAMlw_fsi_17090011","RaABAMlw","RaABAMlw_fsi",14,"fsi","RaABAMlw","RaABAMlw_fsi","Pacific Silver Fir - Low Elevation",3
"0_41_5_63714",7,97,552,2044,1029,1709001101,"17090010","OWC","RaABAMlw_fsi_17090011","RaABAMlw","RaABAMlw_fsi",14,"fsi","RaABAMlw","RaABAMlw_fsi","Pacific Silver Fir - Low Elevation",3
"0_41_5_59761",7,97,552,2331,1320,1709001101,"17090010","OWC","Na0710412_fmc_OWC","Na0710412","Na0710412_fmc",7,"fmc","Na0710412","Na0710412_fmc","North Pacific Mountain Hemlock Forest - Xeric",5
"0_41_47_69177",7,97,552,2032,607,1709001101,"17090010","OWC","RaDFHEdy_fwi_17090011","RaDFHEdy","RaDFHEdy_fwi",31,"fwi","RaDFHEdy","RaDFHEdy_fwi","Douglas-fir Hemlock-Dry Mesic",3
"0_41_47_82480",7,91,516,2076,1454,1709000501,"17090004","OWC","RaDFHEdy_fwi_17090005","RaDFHEdy","RaDFHEdy_fwi",31,"fwi","RaDFHEdy","RaDFHEdy_fwi","Douglas-fir Hemlock-Dry Mesic",3
"0_41_47_58988",7,91,516,2076,563,1709000501,"17090004","OWC","RaDFHEdy_fwi_17090005","RaDFHEdy","RaDFHEdy_fwi",31,"fwi","RaDFHEdy","RaDFHEdy_fwi","Douglas-fir Hemlock-Dry Mesic",3
"0_41_47_56679",7,91,516,2076,1620,1709000501,"17090004","OWC","RaDFHEdy_fwi_17090005","RaDFHEdy","RaDFHEdy_fwi",31,"fwi","RaDFHEdy","RaDFHEdy_fwi","Douglas-fir Hemlock-Dry Mesic",3
"0_41_47_65146",7,91,516,2076,1179,1709000501,"17090004","OWC","RaDFHEdy_fwi_17090005","RaDFHEdy","RaDFHEdy_fwi",31,"fwi","RaDFHEdy","RaDFHEdy_fwi","Douglas-fir Hemlock-Dry Mesic",3
"0_41_47_74645",7,91,516,2076,1443,1709000501,"17090004","OWC","RaDFHEdy_fwi_17090005","RaDFHEdy","RaDFHEdy_fwi",31,"fwi","RaDFHEdy","RaDFHEdy_fwi","Douglas-fir Hemlock-Dry Mesic",3
"0_41_47_94428",7,91,517,2076,1840,1709000502,"17090004","OWC","RaDFHEdy_fwi_17090005","RaDFHEdy","RaDFHEdy_fwi",31,"fwi","RaDFHEdy","RaDFHEdy_fwi","Douglas-fir Hemlock-Dry Mesic",3
"1_41_43_71355",7,91,517,2076,1943,1709000502,"17090004","OWC","RaDFHEdy_fwi_17090005","RaDFHEdy","RaDFHEdy_fwi",31,"fwi","RaDFHEdy","RaDFHEdy_fwi","Douglas-fir Hemlock-Dry Mesic",3
"1_41_43_52434",7,91,517,2076,1361,1709000502,"17090004","OWC","RaDFHEdy_fwi_17090005","RaDFHEdy","RaDFHEdy_fwi",31,"fwi","RaDFHEdy","RaDFHEdy_fwi","Douglas-fir Hemlock-Dry Mesic",3
"1_41_43_62866",7,91,517,2075,872,1709000502,"17090004","OWC","RaABAMlw_fsi_17090005","RaABAMlw","RaABAMlw_fsi",14,"fsi","RaABAMlw","RaABAMlw_fsi","Pacific Silver Fir - Low Elevation",3
"1_41_43_55319",7,91,518,2075,1422,1709000503,"17090004","OWC","RaABAMlw_fsi_17090005","RaABAMlw","RaABAMlw_fsi",14,"fsi","RaABAMlw","RaABAMlw_fsi","Pacific Silver Fir - Low Elevation",3
"1_41_43_64567",7,91,518,2075,682,1709000503,"17090004","OWC","RaABAMlw_fsi_17090005","RaABAMlw","RaABAMlw_fsi",14,"fsi","RaABAMlw","RaABAMlw_fsi","Pacific Silver Fir - Low Elevation",3
"1_41_43_54550",7,91,518,2075,852,1709000503,"17090004","OWC","RaABAMlw_fsi_17090005","RaABAMlw","RaABAMlw_fsi",14,"fsi","RaABAMlw","RaABAMlw_fsi","Pacific Silver Fir - Low Elevation",3
"1_41_43_61335",7,91,517,2075,825,1709000502,"17090004","OWC","RaABAMlw_fsi_17090005","RaABAMlw","RaABAMlw_fsi",14,"fsi","RaABAMlw","RaABAMlw_fsi","Pacific Silver Fir - Low Elevation",3
"1_41_43_66257",7,92,522,2094,1851,1709000601,"17090005","OWC","RaABAMlw_fsi_17090006","RaABAMlw","RaABAMlw_fsi",14,"fsi","RaABAMlw","RaABAMlw_fsi","Pacific Silver Fir - Low Elevation",3
"1_41_43_61474",7,92,522,2094,1169,1709000601,"17090005","OWC","RaABAMlw_fsi_17090006","RaABAMlw","RaABAMlw_fsi",14,"fsi","RaABAMlw","RaABAMlw_fsi","Pacific Silver Fir - Low Elevation",3
"1_41_43_70618",7,90,510,2108,1301,1709000402,"17090003B","OWC","RaABAMlw_fsi_17090004","RaABAMlw","RaABAMlw_fsi",14,"fsi","RaABAMlw","RaABAMlw_fsi","Pacific Silver Fir - Low Elevation",3
"1_41_43_94176",7,90,510,2108,1616,1709000402,"17090003B","OWC","RaABAMlw_fsi_17090004","RaABAMlw","RaABAMlw_fsi",14,"fsi","RaABAMlw","RaABAMlw_fsi","Pacific Silver Fir - Low Elevation",3
"5_53_57_80459",11,127,726,1762,1722,1711000202,"17110001","WNC","RaDFHEdy_fdg_17110002","RaDFHEdy","RaDFHEdy_fdg",24,"fdg","RaDFHEdy","RaDFHEdy_fdg","Douglas-fir Hemlock-Dry Mesic",3
"1_41_43_58277",7,90,510,2108,1685,1709000402,"17090003B","OWC","RaABAMlw_fsi_17090004","RaABAMlw","RaABAMlw_fsi",14,"fsi","RaABAMlw","RaABAMlw_fsi","Pacific Silver Fir - Low Elevation",3
"1_41_43_95507",7,90,510,2108,2113,1709000402,"17090003B","OWC","RaABAMlw_fsi_17090004","RaABAMlw","RaABAMlw_fsi",14,"fsi","RaABAMlw","RaABAMlw_fsi","Pacific Silver Fir - Low Elevation",3
"1_41_43_70596",7,90,510,2108,1498,1709000402,"17090003B","OWC","RaABAMlw_fsi_17090004","RaABAMlw","RaABAMlw_fsi",14,"fsi","RaABAMlw","RaABAMlw_fsi","Pacific Silver Fir - Low Elevation",3
"1_41_43_63625",7,90,510,2108,1373,1709000402,"17090003B","OWC","RaABAMlw_fsi_17090004","RaABAMlw","RaABAMlw_fsi",14,"fsi","RaABAMlw","RaABAMlw_fsi","Pacific Silver Fir - Low Elevation",3
"1_41_43_77537",7,90,510,2108,1097,1709000402,"17090003B","OWC","RaABAMlw_fsi_17090004","RaABAMlw","RaABAMlw_fsi",14,"fsi","RaABAMlw","RaABAMlw_fsi","Pacific Silver Fir - Low Elevation",3
"1_41_43_78364",7,90,510,2110,1800,1709000402,"17090003B","OWC","RaDFHEdy_fwi_17090004","RaDFHEdy","RaDFHEdy_fwi",31,"fwi","RaDFHEdy","RaDFHEdy_fwi","Douglas-fir Hemlock-Dry Mesic",3
"1_41_39_94829",7,90,510,2110,1866,1709000402,"17090003B","OWC","RaDFHEdy_fwi_17090004","RaDFHEdy","RaDFHEdy_fwi",31,"fwi","RaDFHEdy","RaDFHEdy_fwi","Douglas-fir Hemlock-Dry Mesic",3
"1_41_39_76130",7,90,510,2110,1638,1709000402,"17090003B","OWC","RaDFHEdy_fwi_17090004","RaDFHEdy","RaDFHEdy_fwi",31,"fwi","RaDFHEdy","RaDFHEdy_fwi","Douglas-fir Hemlock-Dry Mesic",3
"1_41_39_71846",7,90,510,2110,1496,1709000402,"17090003B","OWC","RaDFHEdy_fwi_17090004","RaDFHEdy","RaDFHEdy_fwi",31,"fwi","RaDFHEdy","RaDFHEdy_fwi","Douglas-fir Hemlock-Dry Mesic",3
"1_41_39_80164",7,90,510,2110,1194,1709000402,"17090003B","OWC","RaDFHEdy_fwi_17090004","RaDFHEdy","RaDFHEdy_fwi",31,"fwi","RaDFHEdy","RaDFHEdy_fwi","Douglas-fir Hemlock-Dry Mesic",3
"1_41_39_92413",7,90,510,2110,613,1709000402,"17090003B","OWC","RaDFHEdy_fwi_17090004","RaDFHEdy","RaDFHEdy_fwi",31,"fwi","RaDFHEdy","RaDFHEdy_fwi","Douglas-fir Hemlock-Dry Mesic",3
"1_41_39_87878",7,90,509,2110,1415,1709000401,"17090003B","OWC","RaDFHEdy_fwi_17090004","RaDFHEdy","RaDFHEdy_fwi",31,"fwi","RaDFHEdy","RaDFHEdy_fwi","Douglas-fir Hemlock-Dry Mesic",3
"1_41_39_80933",7,90,509,2110,749,1709000401,"17090003B","OWC","RaDFHEdy_fwi_17090004","RaDFHEdy","RaDFHEdy_fwi",31,"fwi","RaDFHEdy","RaDFHEdy_fwi","Douglas-fir Hemlock-Dry Mesic",3
"1_41_39_51150",7,90,509,2110,1497,1709000401,"17090003B","OWC","RaDFHEdy_fwi_17090004","RaDFHEdy","RaDFHEdy_fwi",31,"fwi","RaDFHEdy","RaDFHEdy_fwi","Douglas-fir Hemlock-Dry Mesic",3
"1_41_39_52626",7,90,509,2107,1184,1709000401,"17090003B","OWC","RaABAMlw_fsw_17090004","RaABAMlw","RaABAMlw_fsw",16,"fsw","RaABAMlw","RaABAMlw_fsw","Pacific Silver Fir - Low Elevation",3
"1_41_39_57036",7,90,509,2107,1197,1709000401,"17090003B","OWC","RaABAMlw_fsw_17090004","RaABAMlw","RaABAMlw_fsw",16,"fsw","RaABAMlw","RaABAMlw_fsw","Pacific Silver Fir - Low Elevation",3
"1_41_39_54808",7,90,509,2107,842,1709000401,"17090003B","OWC","RaABAMlw_fsw_17090004","RaABAMlw","RaABAMlw_fsw",16,"fsw","RaABAMlw","RaABAMlw_fsw","Pacific Silver Fir - Low Elevation",3
"1_41_39_94215",7,90,511,2108,1141,1709000403,"17090003B","OWC","RaABAMlw_fsi_17090004","RaABAMlw","RaABAMlw_fsi",14,"fsi","RaABAMlw","RaABAMlw_fsi","Pacific Silver Fir - Low Elevation",3
"1_41_39_89651",7,90,511,2107,1274,1709000403,"17090003B","OWC","RaABAMlw_fsw_17090004","RaABAMlw","RaABAMlw_fsw",16,"fsw","RaABAMlw","RaABAMlw_fsw","Pacific Silver Fir - Low Elevation",3
"1_41_39_53864",7,90,511,2109,808,1709000403,"17090003B","OWC","RaABAMlw_fwc_17090004","RaABAMlw","RaABAMlw_fwc",35,"fwc","RaABAMlw","RaABAMlw_fwc","Pacific Silver Fir - Low Elevation",3
"1_41_39_56493",7,90,511,930,1285,1709000403,"17090003B","OWC","RaMCONsw_fiw_1709000403","RaMCONsw","RaMCONsw_fiw",20,"fiw","RaMCONsw","RaMCONsw_fiw","Mixed Conifer - Southwest Oregon",1
"1_41_39_94457",7,90,511,2108,1502,1709000403,"17090003B","OWC","RaABAMlw_fsi_17090004","RaABAMlw","RaABAMlw_fsi",14,"fsi","RaABAMlw","RaABAMlw_fsi","Pacific Silver Fir - Low Elevation",3
"1_41_39_84441",7,86,494,2140,1882,1709000106,"17080006A","OWC","RaABAMlw_fsi_17090001","RaABAMlw","RaABAMlw_fsi",14,"fsi","RaABAMlw","RaABAMlw_fsi","Pacific Silver Fir - Low Elevation",3
"1_41_39_71614",7,86,491,2331,1853,1709000103,"17080006A","OWC","Na0710412_fmc_OWC","Na0710412","Na0710412_fmc",7,"fmc","Na0710412","Na0710412_fmc","North Pacific Mountain Hemlock Forest - Xeric",5
"1_41_39_73657",7,86,491,2331,1507,1709000103,"17080006A","OWC","Na0710412_fmc_OWC","Na0710412","Na0710412_fmc",7,"fmc","Na0710412","Na0710412_fmc","North Pacific Mountain Hemlock Forest - Xeric",5
"1_41_39_69884",7,86,491,2331,2053,1709000103,"17080006A","OWC","Na0710412_fmc_OWC","Na0710412","Na0710412_fmc",7,"fmc","Na0710412","Na0710412_fmc","North Pacific Mountain Hemlock Forest - Xeric",5
"1_41_39_65298",7,86,491,1060,1617,1709000103,"17080006A","OWC","RaMCONsw_fiw_1709000103","RaMCONsw","RaMCONsw_fiw",20,"fiw","RaMCONsw","RaMCONsw_fiw","Mixed Conifer - Southwest Oregon",1
"5_53_57_51886",11,132,750,1807,481,1711000702,"17110006","WNC","RaDFHEdy_fwi_17110007","RaDFHEdy","RaDFHEdy_fwi",31,"fwi","RaDFHEdy","RaDFHEdy_fwi","Douglas-fir Hemlock-Dry Mesic",3
"5_53_73_50432",11,126,724,2282,1164,1711000104,"17100312","WNC","RaDFHEwt_fwm_WNC","RaDFHEwt","RaDFHEwt_fwm",33,"fwm","RaDFHEwt","RaDFHEwt_fwm","Douglas-fir Hemlock-Wet Mesic",5
"3_41_35_94769",4,67,388,2088,839,1707030102,"17070204","OEC","RaABAMlw_fsi_17070301","RaABAMlw","RaABAMlw_fsi",14,"fsi","RaABAMlw","RaABAMlw_fsi","Pacific Silver Fir - Low Elevation",3
"3_41_35_53538",4,68,399,2159,686,1707030202,"17070301","OEC","RaMCONms_fmm_17070302","RaMCONms","RaMCONms_fmm",27,"fmm","RaMCONms","RaMCONms_fmm","Mixed Conifer - Eastside Mesic",3
"3_41_35_59214",4,68,399,2339,1167,1707030202,"17070301","OEC","RaPICOpu_fld_OEC","RaPICOpu","RaPICOpu_fld",49,"fld","RaPICOpu","RaPICOpu_fld","Lodgepole Pine - Pumice Soils",4
"3_41_35_76473",4,68,399,2324,2642,1707030202,"17070301","OEC","Na0710412_fmh_OEC","Na0710412","Na0710412_fmh",4,"fmh","Na0710412","Na0710412_fmh","North Pacific Mountain Hemlock Forest - Xeric",5
"3_41_35_93577",4,68,399,2324,1717,1707030202,"17070301","OEC","Na0710412_fmh_OEC","Na0710412","Na0710412_fmh",4,"fmh","Na0710412","Na0710412_fmh","North Pacific Mountain Hemlock Forest - Xeric",5
"3_41_35_90114",4,68,399,2324,1168,1707030202,"17070301","OEC","Na0710412_fmh_OEC","Na0710412","Na0710412_fmh",4,"fmh","Na0710412","Na0710412_fmh","North Pacific Mountain Hemlock Forest - Xeric",5
"3_41_35_60162",4,68,399,2324,854,1707030202,"17070301","OEC","Na0710412_fmh_OEC","Na0710412","Na0710412_fmh",4,"fmh","Na0710412","Na0710412_fmh","North Pacific Mountain Hemlock Forest - Xeric",5
"3_41_35_90216",4,68,399,2324,1441,1707030202,"17070301","OEC","Na0710412_fmh_OEC","Na0710412","Na0710412_fmh",4,"fmh","Na0710412","Na0710412_fmh","North Pacific Mountain Hemlock Forest - Xeric",5
"3_41_35_74578",4,68,399,2324,1502,1707030202,"17070301","OEC","Na0710412_fmh_OEC","Na0710412","Na0710412_fmh",4,"fmh","Na0710412","Na0710412_fmh","North Pacific Mountain Hemlock Forest - Xeric",5
"2_41_19_93521",6,113,635,2352,1512,1710030102,"17100207","OSW","Na0710412_fmh_OSW","Na0710412","Na0710412_fmh",4,"fmh","Na0710412","Na0710412_fmh","North Pacific Mountain Hemlock Forest - Xeric",5
"2_41_19_72546",6,113,635,2177,779,1710030102,"17100207","OSW","RaABAMlw_fsi_17100301","RaABAMlw","RaABAMlw_fsi",14,"fsi","RaABAMlw","RaABAMlw_fsi","Pacific Silver Fir - Low Elevation",3
"2_41_19_50007",6,113,635,2352,810,1710030102,"17100207","OSW","Na0710412_fmh_OSW","Na0710412","Na0710412_fmh",4,"fmh","Na0710412","Na0710412_fmh","North Pacific Mountain Hemlock Forest - Xeric",5
"2_41_19_95421",6,113,635,2352,2336,1710030102,"17100207","OSW","Na0710412_fmh_OSW","Na0710412","Na0710412_fmh",4,"fmh","Na0710412","Na0710412_fmh","North Pacific Mountain Hemlock Forest - Xeric",5
"3_41_35_87287",4,157,893,2207,2199,1801020102,"18010101","OEC","RaSAWD_fal_18010201","RaSAWD","RaSAWD_fal",2,"fal","RaSAWD","RaSAWD_fal","Subalpine Woodland",3
"3_41_35_97058",4,157,893,2207,2476,1801020102,"18010101","OEC","RaSAWD_fal_18010201","RaSAWD","RaSAWD_fal",2,"fal","RaSAWD","RaSAWD_fal","Subalpine Woodland",3
"3_41_35_71506",4,157,893,2324,1362,1801020102,"18010101","OEC","Na0710412_fmh_OEC","Na0710412","Na0710412_fmh",4,"fmh","Na0710412","Na0710412_fmh","North Pacific Mountain Hemlock Forest - Xeric",5
"3_41_35_76315",4,157,893,2204,2469,1801020102,"18010101","OEC","RaREFI_frf_18010201","RaREFI","RaREFI_frf",12,"frf","RaREFI","RaREFI_frf","Red Fir",3
"3_41_35_69482",4,157,893,2204,1835,1801020102,"18010101","OEC","RaREFI_frf_18010201","RaREFI","RaREFI_frf",12,"frf","RaREFI","RaREFI_frf","Red Fir",3
"3_41_35_60558",4,157,894,2204,1114,1801020103,"18010101","OEC","RaREFI_frf_18010201","RaREFI","RaREFI_frf",12,"frf","RaREFI","RaREFI_frf","Red Fir",3
"3_41_35_77547",4,157,895,2207,763,1801020104,"18010101","OEC","RaSAWD_fal_18010201","RaSAWD","RaSAWD_fal",2,"fal","RaSAWD","RaSAWD_fal","Subalpine Woodland",3
"3_41_35_61630",4,157,896,2324,1476,1801020105,"18010101","OEC","Na0710412_fmh_OEC","Na0710412","Na0710412_fmh",4,"fmh","Na0710412","Na0710412_fmh","North Pacific Mountain Hemlock Forest - Xeric",5
"3_41_35_76564",4,157,896,2324,1767,1801020105,"18010101","OEC","Na0710412_fmh_OEC","Na0710412","Na0710412_fmh",4,"fmh","Na0710412","Na0710412_fmh","North Pacific Mountain Hemlock Forest - Xeric",5
"3_41_35_92479",4,157,896,2204,1104,1801020105,"18010101","OEC","RaREFI_frf_18010201","RaREFI","RaREFI_frf",12,"frf","RaREFI","RaREFI_frf","Red Fir",3
"3_41_35_83581",4,159,905,2340,2451,1801020301,"18010202","OEC","RaPICOpu_flw_OEC","RaPICOpu","RaPICOpu_flw",50,"flw","RaPICOpu","RaPICOpu_flw","Lodgepole Pine - Pumice Soils",4
"5_53_57_52754",11,132,750,1807,893,1711000702,"17110006","WNC","RaDFHEdy_fwi_17110007","RaDFHEdy","RaDFHEdy_fwi",31,"fwi","RaDFHEdy","RaDFHEdy_fwi","Douglas-fir Hemlock-Dry Mesic",3
"3_41_35_63253",6,161,918,1678,2676,1801020602,"18010204","OSW","RaMCONsw_fiw_1801020602","RaMCONsw","RaMCONsw_fiw",20,"fiw","RaMCONsw","RaMCONsw_fiw","Mixed Conifer - Southwest Oregon",1
"3_41_35_69698",6,161,918,1678,1471,1801020602,"18010204","OSW","RaMCONsw_fiw_1801020602","RaMCONsw","RaMCONsw_fiw",20,"fiw","RaMCONsw","RaMCONsw_fiw","Mixed Conifer - Southwest Oregon",1
"3_41_35_81140",6,161,918,1678,1598,1801020602,"18010204","OSW","RaMCONsw_fiw_1801020602","RaMCONsw","RaMCONsw_fiw",20,"fiw","RaMCONsw","RaMCONsw_fiw","Mixed Conifer - Southwest Oregon",1
"5_53_61_72673",11,133,753,1828,1135,1711000803,"17110007","WNC","RaDFHEdy_fwi_17110008","RaDFHEdy","RaDFHEdy_fwi",31,"fwi","RaDFHEdy","RaDFHEdy_fwi","Douglas-fir Hemlock-Dry Mesic",3
"5_53_61_64747",11,133,753,1828,2344,1711000803,"17110007","WNC","RaDFHEdy_fwi_17110008","RaDFHEdy","RaDFHEdy_fwi",31,"fwi","RaDFHEdy","RaDFHEdy_fwi","Douglas-fir Hemlock-Dry Mesic",3
"5_53_61_79604",13,136,768,2292,823,1711001102,"17110010","WWC","RaDFHEwt_fwm_WWC","RaDFHEwt","RaDFHEwt_fwm",33,"fwm","RaDFHEwt","RaDFHEwt_fwm","Douglas-fir Hemlock-Wet Mesic",5
"5_53_73_75494",11,126,724,1770,1145,1711000104,"17100312","WNC","RaDFHEdy_fwi_17110001","RaDFHEdy","RaDFHEdy_fwi",31,"fwi","RaDFHEdy","RaDFHEdy_fwi","Douglas-fir Hemlock-Dry Mesic",3
"5_53_61_87879",13,137,771,1873,964,1711001203,"17110011","WWC","RaDFHEdy_fwi_17110012","RaDFHEdy","RaDFHEdy_fwi",31,"fwi","RaDFHEdy","RaDFHEdy_fwi","Douglas-fir Hemlock-Dry Mesic",3
"5_53_73_61512",11,129,735,1767,1933,1711000405,"17110003","WNC","RaDFHEdy_fwi_17110004","RaDFHEdy","RaDFHEdy_fwi",31,"fwi","RaDFHEdy","RaDFHEdy_fwi","Douglas-fir Hemlock-Dry Mesic",3
"5_53_33_90358",13,138,775,1899,1040,1711001303,"17110012","WWC","RaDFHEdy_fwi_17110013","RaDFHEdy","RaDFHEdy_fwi",31,"fwi","RaDFHEdy","RaDFHEdy_fwi","Douglas-fir Hemlock-Dry Mesic",3
"5_53_53_54790",13,139,776,1917,1035,1711001401,"17110013","WWC","RaDFHEdy_fwi_17110014","RaDFHEdy","RaDFHEdy_fwi",31,"fwi","RaDFHEdy","RaDFHEdy_fwi","Douglas-fir Hemlock-Dry Mesic",3
"5_53_53_87925",13,139,777,1918,1784,1711001402,"17110013","WWC","RaDFHEdy_fdg_17110014","RaDFHEdy","RaDFHEdy_fdg",24,"fdg","RaDFHEdy","RaDFHEdy_fdg","Douglas-fir Hemlock-Dry Mesic",3
"5_53_53_63519",13,140,782,1926,820,1711001502,"17110014","WWC","RaDFHEdy_fwi_17110015","RaDFHEdy","RaDFHEdy_fwi",31,"fwi","RaDFHEdy","RaDFHEdy_fwi","Douglas-fir Hemlock-Dry Mesic",3
"5_53_73_67702",11,129,735,2282,990,1711000405,"17110003","WNC","RaDFHEwt_fwm_WNC","RaDFHEwt","RaDFHEwt_fwm",33,"fwm","RaDFHEwt","RaDFHEwt_fwm","Douglas-fir Hemlock-Wet Mesic",5
"7_53_41_98812",13,140,781,1926,1330,1711001501,"17110014","WWC","RaDFHEdy_fwi_17110015","RaDFHEdy","RaDFHEdy_fwi",31,"fwi","RaDFHEdy","RaDFHEdy_fwi","Douglas-fir Hemlock-Dry Mesic",3
"7_53_41_75287",13,140,781,2292,1380,1711001501,"17110014","WWC","RaDFHEwt_fwm_WWC","RaDFHEwt","RaDFHEwt_fwm",33,"fwm","RaDFHEwt","RaDFHEwt_fwm","Douglas-fir Hemlock-Wet Mesic",5
"7_53_41_75800",13,140,781,1936,1479,1711001501,"17110014","WWC","RaABAMlw_fsi_17110015","RaABAMlw","RaABAMlw_fsi",14,"fsi","RaABAMlw","RaABAMlw_fsi","Pacific Silver Fir - Low Elevation",3
"7_53_41_96822",13,83,476,2292,826,1708000501,"17080004","WWC","RaDFHEwt_fwm_WWC","RaDFHEwt","RaDFHEwt_fwm",33,"fwm","RaDFHEwt","RaDFHEwt_fwm","Douglas-fir Hemlock-Wet Mesic",5
"7_53_41_77278",13,83,477,2292,695,1708000502,"17080004","WWC","RaDFHEwt_fwm_WWC","RaDFHEwt","RaDFHEwt_fwm",33,"fwm","RaDFHEwt","RaDFHEwt_fwm","Douglas-fir Hemlock-Wet Mesic",5
"7_53_41_52342",13,83,477,2292,1386,1708000502,"17080004","WWC","RaDFHEwt_fwm_WWC","RaDFHEwt","RaDFHEwt_fwm",33,"fwm","RaDFHEwt","RaDFHEwt_fwm","Douglas-fir Hemlock-Wet Mesic",5
"7_53_41_79969",13,83,477,1949,2472,1708000502,"17080004","WWC","RaABAMlw_fsi_17080005","RaABAMlw","RaABAMlw_fsi",14,"fsi","RaABAMlw","RaABAMlw_fsi","Pacific Silver Fir - Low Elevation",3
"7_53_41_68631",13,83,479,2305,1475,1708000504,"17080004","WWC","Na0710412_fmc_WWC","Na0710412","Na0710412_fmc",7,"fmc","Na0710412","Na0710412_fmc","North Pacific Mountain Hemlock Forest - Xeric",5
"7_53_59_73099",13,83,479,1949,1053,1708000504,"17080004","WWC","RaABAMlw_fsi_17080005","RaABAMlw","RaABAMlw_fsi",14,"fsi","RaABAMlw","RaABAMlw_fsi","Pacific Silver Fir - Low Elevation",3
"7_53_59_51585",13,83,479,2305,2075,1708000504,"17080004","WWC","Na0710412_fmc_WWC","Na0710412","Na0710412_fmc",7,"fmc","Na0710412","Na0710412_fmc","North Pacific Mountain Hemlock Forest - Xeric",5
"7_53_59_74152",13,83,479,2305,1588,1708000504,"17080004","WWC","Na0710412_fmc_WWC","Na0710412","Na0710412_fmc",7,"fmc","Na0710412","Na0710412_fmc","North Pacific Mountain Hemlock Forest - Xeric",5
"7_53_59_56598",13,83,480,2305,683,1708000505,"17080004","WWC","Na0710412_fmc_WWC","Na0710412","Na0710412_fmc",7,"fmc","Na0710412","Na0710412_fmc","North Pacific Mountain Hemlock Forest - Xeric",5
"7_53_59_77280",13,83,480,2305,750,1708000505,"17080004","WWC","Na0710412_fmc_WWC","Na0710412","Na0710412_fmc",7,"fmc","Na0710412","Na0710412_fmc","North Pacific Mountain Hemlock Forest - Xeric",5
"7_53_59_64239",13,78,460,1970,2087,1708000202,"17080001A","WWC","RaABAMlw_fsi_17080002","RaABAMlw","RaABAMlw_fsi",14,"fsi","RaABAMlw","RaABAMlw_fsi","Pacific Silver Fir - Low Elevation",3
"7_53_59_92908",13,78,460,1970,1325,1708000202,"17080001A","WWC","RaABAMlw_fsi_17080002","RaABAMlw","RaABAMlw_fsi",14,"fsi","RaABAMlw","RaABAMlw_fsi","Pacific Silver Fir - Low Elevation",3
"7_53_59_95696",13,78,460,2303,606,1708000202,"17080001A","WWC","RaABAMup_fst_WWC","RaABAMup","RaABAMup_fst",13,"fst","RaABAMup","RaABAMup_fst","Pacific Silver Fir - High Elevation",5
"7_53_59_59258",13,78,460,1970,786,1708000202,"17080001A","WWC","RaABAMlw_fsi_17080002","RaABAMlw","RaABAMlw_fsi",14,"fsi","RaABAMlw","RaABAMlw_fsi","Pacific Silver Fir - Low Elevation",3
"7_53_59_92031",13,78,460,1970,1499,1708000202,"17080001A","WWC","RaABAMlw_fsi_17080002","RaABAMlw","RaABAMlw_fsi",14,"fsi","RaABAMlw","RaABAMlw_fsi","Pacific Silver Fir - Low Elevation",3
"7_53_59_67220",13,78,461,1970,1965,1708000203,"17080001A","WWC","RaABAMlw_fsi_17080002","RaABAMlw","RaABAMlw_fsi",14,"fsi","RaABAMlw","RaABAMlw_fsi","Pacific Silver Fir - Low Elevation",3
"7_53_59_89798",13,78,461,1970,1935,1708000203,"17080001A","WWC","RaABAMlw_fsi_17080002","RaABAMlw","RaABAMlw_fsi",14,"fsi","RaABAMlw","RaABAMlw_fsi","Pacific Silver Fir - Low Elevation",3
"7_53_59_87423",13,78,461,2303,2026,1708000203,"17080001A","WWC","RaABAMup_fst_WWC","RaABAMup","RaABAMup_fst",13,"fst","RaABAMup","RaABAMup_fst","Pacific Silver Fir - High Elevation",5
"7_53_59_84742",13,78,462,2303,637,1708000204,"17080001A","WWC","RaABAMup_fst_WWC","RaABAMup","RaABAMup_fst",13,"fst","RaABAMup","RaABAMup_fst","Pacific Silver Fir - High Elevation",5
"7_53_59_51200",13,78,462,1970,1184,1708000204,"17080001A","WWC","RaABAMlw_fsi_17080002","RaABAMlw","RaABAMlw_fsi",14,"fsi","RaABAMlw","RaABAMlw_fsi","Pacific Silver Fir - Low Elevation",3
"7_53_59_53284",13,78,462,1970,1604,1708000204,"17080001A","WWC","RaABAMlw_fsi_17080002","RaABAMlw","RaABAMlw_fsi",14,"fsi","RaABAMlw","RaABAMlw_fsi","Pacific Silver Fir - Low Elevation",3
"7_53_59_53720",13,78,462,1970,2853,1708000204,"17080001A","WWC","RaABAMlw_fsi_17080002","RaABAMlw","RaABAMlw_fsi",14,"fsi","RaABAMlw","RaABAMlw_fsi","Pacific Silver Fir - Low Elevation",3
"7_53_59_71893",13,78,464,1970,1381,1708000206,"17080001A","WWC","RaABAMlw_fsi_17080002","RaABAMlw","RaABAMlw_fsi",14,"fsi","RaABAMlw","RaABAMlw_fsi","Pacific Silver Fir - Low Elevation",3
"7_53_59_94841",13,61,337,1989,2087,1707010510,"17070105A","WWC","RaABAMlw_fsi_17070105C","RaABAMlw","RaABAMlw_fsi",14,"fsi","RaABAMlw","RaABAMlw_fsi","Pacific Silver Fir - Low Elevation",3
"7_53_59_85318",13,78,464,1970,1300,1708000206,"17080001A","WWC","RaABAMlw_fsi_17080002","RaABAMlw","RaABAMlw_fsi",14,"fsi","RaABAMlw","RaABAMlw_fsi","Pacific Silver Fir - Low Elevation",3
"7_53_59_71525",13,78,463,1970,1385,1708000205,"17080001A","WWC","RaABAMlw_fsi_17080002","RaABAMlw","RaABAMlw_fsi",14,"fsi","RaABAMlw","RaABAMlw_fsi","Pacific Silver Fir - Low Elevation",3
"7_53_59_53878",13,61,339,1989,1489,1707010512,"17070105A","WWC","RaABAMlw_fsi_17070105C","RaABAMlw","RaABAMlw_fsi",14,"fsi","RaABAMlw","RaABAMlw_fsi","Pacific Silver Fir - Low Elevation",3
"7_53_59_80226",13,77,456,2293,708,1708000106,"17080001B","WWC","RaDFHEwt_fww_WWC","RaDFHEwt","RaDFHEwt_fww",34,"fww","RaDFHEwt","RaDFHEwt_fww","Douglas-fir Hemlock-Wet Mesic",5
"7_53_59_95159",13,77,458,2008,769,1708000108,"17080001B","WWC","RaABAMlw_fsi_17080001A","RaABAMlw","RaABAMlw_fsi",14,"fsi","RaABAMlw","RaABAMlw_fsi","Pacific Silver Fir - Low Elevation",3
"7_53_59_89257",13,77,458,2010,1503,1708000108,"17080001B","WWC","RaABAMlw_fwc_17080001A","RaABAMlw","RaABAMlw_fwc",35,"fwc","RaABAMlw","RaABAMlw_fwc","Pacific Silver Fir - Low Elevation",3
"7_53_59_52654",13,77,458,2010,831,1708000108,"17080001B","WWC","RaABAMlw_fwc_17080001A","RaABAMlw","RaABAMlw_fwc",35,"fwc","RaABAMlw","RaABAMlw_fwc","Pacific Silver Fir - Low Elevation",3
"0_41_51_67031",13,77,458,2292,2231,1708000108,"17080001B","WWC","RaDFHEwt_fwm_WWC","RaDFHEwt","RaDFHEwt_fwm",33,"fwm","RaDFHEwt","RaDFHEwt_fwm","Douglas-fir Hemlock-Wet Mesic",5
"0_41_51_83876",7,76,455,2026,1781,1708000105,"17070307","OWC","RaABAMlw_fsi_17080001B","RaABAMlw","RaABAMlw_fsi",14,"fsi","RaABAMlw","RaABAMlw_fsi","Pacific Silver Fir - Low Elevation",3
"0_41_51_86099",7,76,455,2026,837,1708000105,"17070307","OWC","RaABAMlw_fsi_17080001B","RaABAMlw","RaABAMlw_fsi",14,"fsi","RaABAMlw","RaABAMlw_fsi","Pacific Silver Fir - Low Elevation",3
"0_41_51_86183",7,76,455,2027,657,1708000105,"17070307","OWC","RaABAMlw_fwc_17080001B","RaABAMlw","RaABAMlw_fwc",35,"fwc","RaABAMlw","RaABAMlw_fwc","Pacific Silver Fir - Low Elevation",3
"0_41_51_75326",7,76,455,2329,1343,1708000105,"17070307","OWC","RaDFHEwt_fwm_OWC","RaDFHEwt","RaDFHEwt_fwm",33,"fwm","RaDFHEwt","RaDFHEwt_fwm","Douglas-fir Hemlock-Wet Mesic",5
"0_41_51_80413",7,76,455,2329,1174,1708000105,"17070307","OWC","RaDFHEwt_fwm_OWC","RaDFHEwt","RaDFHEwt_fwm",33,"fwm","RaDFHEwt","RaDFHEwt_fwm","Douglas-fir Hemlock-Wet Mesic",5
"0_41_5_91064",7,76,455,2329,1286,1708000105,"17070307","OWC","RaDFHEwt_fwm_OWC","RaDFHEwt","RaDFHEwt_fwm",33,"fwm","RaDFHEwt","RaDFHEwt_fwm","Douglas-fir Hemlock-Wet Mesic",5
"0_41_5_77439",7,76,455,2025,552,1708000105,"17070307","OWC","RaDFHEdy_fwi_17080001B","RaDFHEdy","RaDFHEdy_fwi",31,"fwi","RaDFHEdy","RaDFHEdy_fwi","Douglas-fir Hemlock-Dry Mesic",3
"0_41_5_67979",7,76,455,2329,945,1708000105,"17070307","OWC","RaDFHEwt_fwm_OWC","RaDFHEwt","RaDFHEwt_fwm",33,"fwm","RaDFHEwt","RaDFHEwt_fwm","Douglas-fir Hemlock-Wet Mesic",5
"0_41_5_91824",7,76,454,2026,2095,1708000104,"17070307","OWC","RaABAMlw_fsi_17080001B","RaABAMlw","RaABAMlw_fsi",14,"fsi","RaABAMlw","RaABAMlw_fsi","Pacific Silver Fir - Low Elevation",3
"0_41_5_50339",7,97,556,2044,1658,1709001105,"17090010","OWC","RaABAMlw_fsi_17090011","RaABAMlw","RaABAMlw_fsi",14,"fsi","RaABAMlw","RaABAMlw_fsi","Pacific Silver Fir - Low Elevation",3
"0_41_5_76252",7,97,556,2044,2767,1709001105,"17090010","OWC","RaABAMlw_fsi_17090011","RaABAMlw","RaABAMlw_fsi",14,"fsi","RaABAMlw","RaABAMlw_fsi","Pacific Silver Fir - Low Elevation",3
"0_41_5_95360",7,97,555,2044,2124,1709001104,"17090010","OWC","RaABAMlw_fsi_17090011","RaABAMlw","RaABAMlw_fsi",14,"fsi","RaABAMlw","RaABAMlw_fsi","Pacific Silver Fir - Low Elevation",3
"0_41_5_92896",7,97,555,2044,1982,1709001104,"17090010","OWC","RaABAMlw_fsi_17090011","RaABAMlw","RaABAMlw_fsi",14,"fsi","RaABAMlw","RaABAMlw_fsi","Pacific Silver Fir - Low Elevation",3
"0_41_5_99102",7,97,555,2032,744,1709001104,"17090010","OWC","RaDFHEdy_fwi_17090011","RaDFHEdy","RaDFHEdy_fwi",31,"fwi","RaDFHEdy","RaDFHEdy_fwi","Douglas-fir Hemlock-Dry Mesic",3
"0_41_5_80796",7,97,555,2044,830,1709001104,"17090010","OWC","RaABAMlw_fsi_17090011","RaABAMlw","RaABAMlw_fsi",14,"fsi","RaABAMlw","RaABAMlw_fsi","Pacific Silver Fir - Low Elevation",3
"0_41_5_54476",7,97,555,2032,1038,1709001104,"17090010","OWC","RaDFHEdy_fwi_17090011","RaDFHEdy","RaDFHEdy_fwi",31,"fwi","RaDFHEdy","RaDFHEdy_fwi","Douglas-fir Hemlock-Dry Mesic",3
"0_41_5_68066",7,97,555,2032,1173,1709001104,"17090010","OWC","RaDFHEdy_fwi_17090011","RaDFHEdy","RaDFHEdy_fwi",31,"fwi","RaDFHEdy","RaDFHEdy_fwi","Douglas-fir Hemlock-Dry Mesic",3
"0_41_5_82719",7,97,555,2329,2017,1709001104,"17090010","OWC","RaDFHEwt_fwm_OWC","RaDFHEwt","RaDFHEwt_fwm",33,"fwm","RaDFHEwt","RaDFHEwt_fwm","Douglas-fir Hemlock-Wet Mesic",5
"0_41_5_57598",7,97,555,2032,850,1709001104,"17090010","OWC","RaDFHEdy_fwi_17090011","RaDFHEdy","RaDFHEdy_fwi",31,"fwi","RaDFHEdy","RaDFHEdy_fwi","Douglas-fir Hemlock-Dry Mesic",3
"0_41_5_66875",7,97,552,2032,2339,1709001101,"17090010","OWC","RaDFHEdy_fwi_17090011","RaDFHEdy","RaDFHEdy_fwi",31,"fwi","RaDFHEdy","RaDFHEdy_fwi","Douglas-fir Hemlock-Dry Mesic",3
"0_41_5_60046",7,97,552,2032,2163,1709001101,"17090010","OWC","RaDFHEdy_fwi_17090011","RaDFHEdy","RaDFHEdy_fwi",31,"fwi","RaDFHEdy","RaDFHEdy_fwi","Douglas-fir Hemlock-Dry Mesic",3
"0_41_5_97699",7,97,552,2032,1825,1709001101,"17090010","OWC","RaDFHEdy_fwi_17090011","RaDFHEdy","RaDFHEdy_fwi",31,"fwi","RaDFHEdy","RaDFHEdy_fwi","Douglas-fir Hemlock-Dry Mesic",3
"0_41_47_59328",7,91,516,2076,617,1709000501,"17090004","OWC","RaDFHEdy_fwi_17090005","RaDFHEdy","RaDFHEdy_fwi",31,"fwi","RaDFHEdy","RaDFHEdy_fwi","Douglas-fir Hemlock-Dry Mesic",3
"0_41_47_85729",7,91,516,2076,794,1709000501,"17090004","OWC","RaDFHEdy_fwi_17090005","RaDFHEdy","RaDFHEdy_fwi",31,"fwi","RaDFHEdy","RaDFHEdy_fwi","Douglas-fir Hemlock-Dry Mesic",3
"0_41_47_85483",7,91,516,2076,1771,1709000501,"17090004","OWC","RaDFHEdy_fwi_17090005","RaDFHEdy","RaDFHEdy_fwi",31,"fwi","RaDFHEdy","RaDFHEdy_fwi","Douglas-fir Hemlock-Dry Mesic",3
"0_41_47_97072",7,91,516,2076,1645,1709000501,"17090004","OWC","RaDFHEdy_fwi_17090005","RaDFHEdy","RaDFHEdy_fwi",31,"fwi","RaDFHEdy","RaDFHEdy_fwi","Douglas-fir Hemlock-Dry Mesic",3
"0_41_47_84160",7,91,517,2075,968,1709000502,"17090004","OWC","RaABAMlw_fsi_17090005","RaABAMlw","RaABAMlw_fsi",14,"fsi","RaABAMlw","RaABAMlw_fsi","Pacific Silver Fir - Low Elevation",3
"0_41_47_79951",7,91,517,2076,781,1709000502,"17090004","OWC","RaDFHEdy_fwi_17090005","RaDFHEdy","RaDFHEdy_fwi",31,"fwi","RaDFHEdy","RaDFHEdy_fwi","Douglas-fir Hemlock-Dry Mesic",3
"0_41_47_78555",7,91,517,2076,2495,1709000502,"17090004","OWC","RaDFHEdy_fwi_17090005","RaDFHEdy","RaDFHEdy_fwi",31,"fwi","RaDFHEdy","RaDFHEdy_fwi","Douglas-fir Hemlock-Dry Mesic",3
"0_41_47_62052",7,91,517,2076,1528,1709000502,"17090004","OWC","RaDFHEdy_fwi_17090005","RaDFHEdy","RaDFHEdy_fwi",31,"fwi","RaDFHEdy","RaDFHEdy_fwi","Douglas-fir Hemlock-Dry Mesic",3
"5_53_57_61038",11,127,726,2282,1644,1711000202,"17110001","WNC","RaDFHEwt_fwm_WNC","RaDFHEwt","RaDFHEwt_fwm",33,"fwm","RaDFHEwt","RaDFHEwt_fwm","Douglas-fir Hemlock-Wet Mesic",5
"1_41_43_56444",7,91,517,2075,2156,1709000502,"17090004","OWC","RaABAMlw_fsi_17090005","RaABAMlw","RaABAMlw_fsi",14,"fsi","RaABAMlw","RaABAMlw_fsi","Pacific Silver Fir - Low Elevation",3
"1_41_43_51555",7,91,517,2331,1339,1709000502,"17090004","OWC","Na0710412_fmc_OWC","Na0710412","Na0710412_fmc",7,"fmc","Na0710412","Na0710412_fmc","North Pacific Mountain Hemlock Forest - Xeric",5
"1_41_43_95671",7,91,517,2075,1336,1709000502,"17090004","OWC","RaABAMlw_fsi_17090005","RaABAMlw","RaABAMlw_fsi",14,"fsi","RaABAMlw","RaABAMlw_fsi","Pacific Silver Fir - Low Elevation",3
"1_41_43_54379",7,91,517,2075,1430,1709000502,"17090004","OWC","RaABAMlw_fsi_17090005","RaABAMlw","RaABAMlw_fsi",14,"fsi","RaABAMlw","RaABAMlw_fsi","Pacific Silver Fir - Low Elevation",3
"1_41_43_84079",7,91,517,2075,978,1709000502,"17090004","OWC","RaABAMlw_fsi_17090005","RaABAMlw","RaABAMlw_fsi",14,"fsi","RaABAMlw","RaABAMlw_fsi","Pacific Silver Fir - Low Elevation",3
"1_41_43_69738",7,92,522,2094,987,1709000601,"17090005","OWC","RaABAMlw_fsi_17090006","RaABAMlw","RaABAMlw_fsi",14,"fsi","RaABAMlw","RaABAMlw_fsi","Pacific Silver Fir - Low Elevation",3
"1_41_43_75358",7,90,510,2108,1780,1709000402,"17090003B","OWC","RaABAMlw_fsi_17090004","RaABAMlw","RaABAMlw_fsi",14,"fsi","RaABAMlw","RaABAMlw_fsi","Pacific Silver Fir - Low Elevation",3
"1_41_43_95800",7,90,510,2108,1923,1709000402,"17090003B","OWC","RaABAMlw_fsi_17090004","RaABAMlw","RaABAMlw_fsi",14,"fsi","RaABAMlw","RaABAMlw_fsi","Pacific Silver Fir - Low Elevation",3
"1_41_43_87376",7,90,510,2108,1052,1709000402,"17090003B","OWC","RaABAMlw_fsi_17090004","RaABAMlw","RaABAMlw_fsi",14,"fsi","RaABAMlw","RaABAMlw_fsi","Pacific Silver Fir - Low Elevation",3
"5_53_57_56371",11,132,749,2282,1858,1711000701,"17110006","WNC","RaDFHEwt_fwm_WNC","RaDFHEwt","RaDFHEwt_fwm",33,"fwm","RaDFHEwt","RaDFHEwt_fwm","Douglas-fir Hemlock-Wet Mesic",5
"1_41_43_70273",7,90,510,2108,2411,1709000402,"17090003B","OWC","RaABAMlw_fsi_17090004","RaABAMlw","RaABAMlw_fsi",14,"fsi","RaABAMlw","RaABAMlw_fsi","Pacific Silver Fir - Low Elevation",3
"1_41_43_95956",7,90,510,2108,1154,1709000402,"17090003B","OWC","RaABAMlw_fsi_17090004","RaABAMlw","RaABAMlw_fsi",14,"fsi","RaABAMlw","RaABAMlw_fsi","Pacific Silver Fir - Low Elevation",3
"1_41_43_66175",7,90,510,2108,1368,1709000402,"17090003B","OWC","RaABAMlw_fsi_17090004","RaABAMlw","RaABAMlw_fsi",14,"fsi","RaABAMlw","RaABAMlw_fsi","Pacific Silver Fir - Low Elevation",3
"1_41_43_52198",7,90,510,2108,342,1709000402,"17090003B","OWC","RaABAMlw_fsi_17090004","RaABAMlw","RaABAMlw_fsi",14,"fsi","RaABAMlw","RaABAMlw_fsi","Pacific Silver Fir - Low Elevation",3
"1_41_43_64214",7,90,510,2110,957,1709000402,"17090003B","OWC","RaDFHEdy_fwi_17090004","RaDFHEdy","RaDFHEdy_fwi",31,"fwi","RaDFHEdy","RaDFHEdy_fwi","Douglas-fir Hemlock-Dry Mesic",3
"1_41_43_90296",7,90,510,2333,955,1709000402,"17090003B","OWC","RaDFHEwt_fdm_OWC","RaDFHEwt","RaDFHEwt_fdm",40,"fdm","RaDFHEwt","RaDFHEwt_fdm","Douglas-fir Hemlock-Wet Mesic",5
"1_41_39_65792",7,90,510,2110,1041,1709000402,"17090003B","OWC","RaDFHEdy_fwi_17090004","RaDFHEdy","RaDFHEdy_fwi",31,"fwi","RaDFHEdy","RaDFHEdy_fwi","Douglas-fir Hemlock-Dry Mesic",3
"1_41_39_61086",7,90,510,2110,618,1709000402,"17090003B","OWC","RaDFHEdy_fwi_17090004","RaDFHEdy","RaDFHEdy_fwi",31,"fwi","RaDFHEdy","RaDFHEdy_fwi","Douglas-fir Hemlock-Dry Mesic",3
"1_41_39_82979",7,90,510,2110,939,1709000402,"17090003B","OWC","RaDFHEdy_fwi_17090004","RaDFHEdy","RaDFHEdy_fwi",31,"fwi","RaDFHEdy","RaDFHEdy_fwi","Douglas-fir Hemlock-Dry Mesic",3
"1_41_39_52473",7,90,510,2110,1407,1709000402,"17090003B","OWC","RaDFHEdy_fwi_17090004","RaDFHEdy","RaDFHEdy_fwi",31,"fwi","RaDFHEdy","RaDFHEdy_fwi","Douglas-fir Hemlock-Dry Mesic",3
"1_41_39_89732",7,90,510,2333,679,1709000402,"17090003B","OWC","RaDFHEwt_fdm_OWC","RaDFHEwt","RaDFHEwt_fdm",40,"fdm","RaDFHEwt","RaDFHEwt_fdm","Douglas-fir Hemlock-Wet Mesic",5
"1_41_39_65678",7,90,509,2110,1308,1709000401,"17090003B","OWC","RaDFHEdy_fwi_17090004","RaDFHEdy","RaDFHEdy_fwi",31,"fwi","RaDFHEdy","RaDFHEdy_fwi","Douglas-fir Hemlock-Dry Mesic",3
"1_41_39_57525",7,90,509,2110,1279,1709000401,"17090003B","OWC","RaDFHEdy_fwi_17090004","RaDFHEdy","RaDFHEdy_fwi",31,"fwi","RaDFHEdy","RaDFHEdy_fwi","Douglas-fir Hemlock-Dry Mesic",3
"1_41_39_64871",7,90,509,2107,1015,1709000401,"17090003B","OWC","RaABAMlw_fsw_17090004","RaABAMlw","RaABAMlw_fsw",16,"fsw","RaABAMlw","RaABAMlw_fsw","Pacific Silver Fir - Low Elevation",3
"1_41_39_62107",7,90,511,930,1113,1709000403,"17090003B","OWC","RaMCONsw_fiw_1709000403","RaMCONsw","RaMCONsw_fiw",20,"fiw","RaMCONsw","RaMCONsw_fiw","Mixed Conifer - Southwest Oregon",1
"1_41_39_75513",7,90,511,2107,852,1709000403,"17090003B","OWC","RaABAMlw_fsw_17090004","RaABAMlw","RaABAMlw_fsw",16,"fsw","RaABAMlw","RaABAMlw_fsw","Pacific Silver Fir - Low Elevation",3
"1_41_39_92682",7,90,511,2108,1636,1709000403,"17090003B","OWC","RaABAMlw_fsi_17090004","RaABAMlw","RaABAMlw_fsi",14,"fsi","RaABAMlw","RaABAMlw_fsi","Pacific Silver Fir - Low Elevation",3
"1_41_39_55133",7,90,511,2331,2077,1709000403,"17090003B","OWC","Na0710412_fmc_OWC","Na0710412","Na0710412_fmc",7,"fmc","Na0710412","Na0710412_fmc","North Pacific Mountain Hemlock Forest - Xeric",5
"1_41_39_90802",7,86,494,2140,1948,1709000106,"17080006A","OWC","RaABAMlw_fsi_17090001","RaABAMlw","RaABAMlw_fsi",14,"fsi","RaABAMlw","RaABAMlw_fsi","Pacific Silver Fir - Low Elevation",3
"1_41_39_58328",7,86,494,2331,1705,1709000106,"17080006A","OWC","Na0710412_fmc_OWC","Na0710412","Na0710412_fmc",7,"fmc","Na0710412","Na0710412_fmc","North Pacific Mountain Hemlock Forest - Xeric",5
"1_41_39_73452",7,86,494,2331,1680,1709000106,"17080006A","OWC","Na0710412_fmc_OWC","Na0710412","Na0710412_fmc",7,"fmc","Na0710412","Na0710412_fmc","North Pacific Mountain Hemlock Forest - Xeric",5
"1_41_39_69699",7,86,494,2331,2336,1709000106,"17080006A","OWC","Na0710412_fmc_OWC","Na0710412","Na0710412_fmc",7,"fmc","Na0710412","Na0710412_fmc","North Pacific Mountain Hemlock Forest - Xeric",5
"1_41_39_52367",7,86,491,2153,977,1709000103,"17080006A","OWC","RaSAWD_fal_17090001","RaSAWD","RaSAWD_fal",2,"fal","RaSAWD","RaSAWD_fal","Subalpine Woodland",3
"1_41_39_95413",7,86,491,2331,2987,1709000103,"17080006A","OWC","Na0710412_fmc_OWC","Na0710412","Na0710412_fmc",7,"fmc","Na0710412","Na0710412_fmc","North Pacific Mountain Hemlock Forest - Xeric",5
"3_41_35_90188",4,67,388,2324,1449,1707030102,"17070204","OEC","Na0710412_fmh_OEC","Na0710412","Na0710412_fmh",4,"fmh","Na0710412","Na0710412_fmh","North Pacific Mountain Hemlock Forest - Xeric",5
"3_41_35_64223",4,67,388,2324,1772,1707030102,"17070204","OEC","Na0710412_fmh_OEC","Na0710412","Na0710412_fmh",4,"fmh","Na0710412","Na0710412_fmh","North Pacific Mountain Hemlock Forest - Xeric",5
"5_53_57_80082",11,132,749,2282,1609,1711000701,"17110006","WNC","RaDFHEwt_fwm_WNC","RaDFHEwt","RaDFHEwt_fwm",33,"fwm","RaDFHEwt","RaDFHEwt_fwm","Douglas-fir Hemlock-Wet Mesic",5
"5_53_73_88280",11,126,724,2282,695,1711000104,"17100312","WNC","RaDFHEwt_fwm_WNC","RaDFHEwt","RaDFHEwt_fwm",33,"fwm","RaDFHEwt","RaDFHEwt_fwm","Douglas-fir Hemlock-Wet Mesic",5
"3_41_35_98408",4,68,399,2324,2099,1707030202,"17070301","OEC","Na0710412_fmh_OEC","Na0710412","Na0710412_fmh",4,"fmh","Na0710412","Na0710412_fmh","North Pacific Mountain Hemlock Forest - Xeric",5
"3_41_35_78965",4,68,399,2339,932,1707030202,"17070301","OEC","RaPICOpu_fld_OEC","RaPICOpu","RaPICOpu_fld",49,"fld","RaPICOpu","RaPICOpu_fld","Lodgepole Pine - Pumice Soils",4
"3_41_35_70001",4,68,399,2339,768,1707030202,"17070301","OEC","RaPICOpu_fld_OEC","RaPICOpu","RaPICOpu_fld",49,"fld","RaPICOpu","RaPICOpu_fld","Lodgepole Pine - Pumice Soils",4
"3_41_35_89573",4,68,399,2164,650,1707030202,"17070301","OEC","RaREFI_frf_17070302","RaREFI","RaREFI_frf",12,"frf","RaREFI","RaREFI_frf","Red Fir",3
"3_41_35_50405",4,68,399,2339,1314,1707030202,"17070301","OEC","RaPICOpu_fld_OEC","RaPICOpu","RaPICOpu_fld",49,"fld","RaPICOpu","RaPICOpu_fld","Lodgepole Pine - Pumice Soils",4
"3_41_35_98515",4,68,399,2164,1076,1707030202,"17070301","OEC","RaREFI_frf_17070302","RaREFI","RaREFI_frf",12,"frf","RaREFI","RaREFI_frf","Red Fir",3
"3_41_35_58953",4,68,399,2159,1591,1707030202,"17070301","OEC","RaMCONms_fmm_17070302","RaMCONms","RaMCONms_fmm",27,"fmm","RaMCONms","RaMCONms_fmm","Mixed Conifer - Eastside Mesic",3
"3_41_35_68520",4,68,399,2159,910,1707030202,"17070301","OEC","RaMCONms_fmm_17070302","RaMCONms","RaMCONms_fmm",27,"fmm","RaMCONms","RaMCONms_fmm","Mixed Conifer - Eastside Mesic",3
"3_41_35_54335",4,68,399,2324,2187,1707030202,"17070301","OEC","Na0710412_fmh_OEC","Na0710412","Na0710412_fmh",4,"fmh","Na0710412","Na0710412_fmh","North Pacific Mountain Hemlock Forest - Xeric",5
"3_41_35_98137",4,157,893,2324,1556,1801020102,"18010101","OEC","Na0710412_fmh_OEC","Na0710412","Na0710412_fmh",4,"fmh","Na0710412","Na0710412_fmh","North Pacific Mountain Hemlock Forest - Xeric",5
"3_41_35_86976",4,157,893,2204,1223,1801020102,"18010101","OEC","RaREFI_frf_18010201","RaREFI","RaREFI_frf",12,"frf","RaREFI","RaREFI_frf","Red Fir",3
"3_41_35_83028",4,157,893,1180,1658,1801020102,"18010101","OEC","RaPIPOm_fpl_1801020102","RaPIPOm","RaPIPOm_fpl",55,"fpl","RaPIPOm","RaPIPOm_fpl","Dry Ponderosa Pine - Mesic",1
"3_41_35_79873",4,157,893,1180,2182,1801020102,"18010101","OEC","RaPIPOm_fpl_1801020102","RaPIPOm","RaPIPOm_fpl",55,"fpl","RaPIPOm","RaPIPOm_fpl","Dry Ponderosa Pine - Mesic",1
"5_53_57_96158",11,132,750,2282,1135,1711000702,"17110006","WNC","RaDFHEwt_fwm_WNC","RaDFHEwt","RaDFHEwt_fwm",33,"fwm","RaDFHEwt","RaDFHEwt_fwm","Douglas-fir Hemlock-Wet Mesic",5
"3_41_35_57405",4,157,893,1180,3150,1801020102,"18010101","OEC","RaPIPOm_fpl_1801020102","RaPIPOm","RaPIPOm_fpl",55,"fpl","RaPIPOm","RaPIPOm_fpl","Dry Ponderosa Pine - Mesic",1
"3_41_35_71337",4,157,894,1249,1665,1801020103,"18010101","OEC","RaPIPOm_fpl_1801020103","RaPIPOm","RaPIPOm_fpl",55,"fpl","RaPIPOm","RaPIPOm_fpl","Dry Ponderosa Pine - Mesic",1
"3_41_35_81659",4,157,894,1249,2051,1801020103,"18010101","OEC","RaPIPOm_fpl_1801020103","RaPIPOm","RaPIPOm_fpl",55,"fpl","RaPIPOm","RaPIPOm_fpl","Dry Ponderosa Pine - Mesic",1
"3_41_35_85886",4,157,895,2204,1325,1801020104,"18010101","OEC","RaREFI_frf_18010201","RaREFI","RaREFI_frf",12,"frf","RaREFI","RaREFI_frf","Red Fir",3
"3_41_35_88295",4,157,895,2324,1411,1801020104,"18010101","OEC","Na0710412_fmh_OEC","Na0710412","Na0710412_fmh",4,"fmh","Na0710412","Na0710412_fmh","North Pacific Mountain Hemlock Forest - Xeric",5
"3_41_35_89551",4,157,896,2204,1270,1801020105,"18010101","OEC","RaREFI_frf_18010201","RaREFI","RaREFI_frf",12,"frf","RaREFI","RaREFI_frf","Red Fir",3
"3_41_35_60355",4,157,896,2204,1366,1801020105,"18010101","OEC","RaREFI_frf_18010201","RaREFI","RaREFI_frf",12,"frf","RaREFI","RaREFI_frf","Red Fir",3
"3_41_35_65534",4,157,897,2200,796,1801020106,"18010101","OEC","RaMCONms_fmm_18010201","RaMCONms","RaMCONms_fmm",27,"fmm","RaMCONms","RaMCONms_fmm","Mixed Conifer - Eastside Mesic",3
"3_41_35_56796",4,159,905,2234,1221,1801020301,"18010202","OEC","RaMCONms_fmm_18010203","RaMCONms","RaMCONms_fmm",27,"fmm","RaMCONms","RaMCONms_fmm","Mixed Conifer - Eastside Mesic",3
"3_41_35_82067",4,157,897,2200,815,1801020106,"18010101","OEC","RaMCONms_fmm_18010201","RaMCONms","RaMCONms_fmm",27,"fmm","RaMCONms","RaMCONms_fmm","Mixed Conifer - Eastside Mesic",3
"3_41_35_84093",4,159,905,2239,1424,1801020301,"18010202","OEC","RaPIPOxe_fpd_18010203","RaPIPOxe","RaPIPOxe_fpd",53,"fpd","RaPIPOxe","RaPIPOxe_fpd","Ponderosa Pine - Xeric",3
"5_53_57_91906",11,132,750,2282,1425,1711000702,"17110006","WNC","RaDFHEwt_fwm_WNC","RaDFHEwt","RaDFHEwt_fwm",33,"fwm","RaDFHEwt","RaDFHEwt_fwm","Douglas-fir Hemlock-Wet Mesic",5
"3_41_35_99063",4,159,907,2234,2948,1801020303,"18010202","OEC","RaMCONms_fmm_18010203","RaMCONms","RaMCONms_fmm",27,"fmm","RaMCONms","RaMCONms_fmm","Mixed Conifer - Eastside Mesic",3
"3_41_35_65552",4,159,907,1509,1180,1801020303,"18010202","OEC","RaMCONdy_fmd_1801020303","RaMCONdy","RaMCONdy_fmd",28,"fmd","RaMCONdy","RaMCONdy_fmd","Mixed Conifer - Eastside Dry",1
"3_41_35_61733",4,159,907,2234,1796,1801020303,"18010202","OEC","RaMCONms_fmm_18010203","RaMCONms","RaMCONms_fmm",27,"fmm","RaMCONms","RaMCONms_fmm","Mixed Conifer - Eastside Mesic",3
"5_53_57_88161",11,132,750,1807,822,1711000702,"17110006","WNC","RaDFHEdy_fwi_17110007","RaDFHEdy","RaDFHEdy_fwi",31,"fwi","RaDFHEdy","RaDFHEdy_fwi","Douglas-fir Hemlock-Dry Mesic",3
"3_41_35_90030",4,159,907,2234,1343,1801020303,"18010202","OEC","RaMCONms_fmm_18010203","RaMCONms","RaMCONms_fmm",27,"fmm","RaMCONms","RaMCONms_fmm","Mixed Conifer - Eastside Mesic",3
"3_41_35_51065",4,160,915,2261,1000,1801020412,"18010203","OEC","RaPIPOxe_fpd_18010204","RaPIPOxe","RaPIPOxe_fpd",53,"fpd","RaPIPOxe","RaPIPOxe_fpd","Ponderosa Pine - Xeric",3
"3_41_35_90196",4,160,915,2258,1250,1801020412,"18010203","OEC","RaMCONms_fmm_18010204","RaMCONms","RaMCONms_fmm",27,"fmm","RaMCONms","RaMCONms_fmm","Mixed Conifer - Eastside Mesic",3
"3_41_35_55545",4,160,916,2258,2252,1801020414,"18010203","OEC","RaMCONms_fmm_18010204","RaMCONms","RaMCONms_fmm",27,"fmm","RaMCONms","RaMCONms_fmm","Mixed Conifer - Eastside Mesic",3
"3_41_35_91577",4,160,916,2260,692,1801020414,"18010203","OEC","RaPIPOxe_fxp_18010204","RaPIPOxe","RaPIPOxe_fxp",56,"fxp","RaPIPOxe","RaPIPOxe_fxp","Ponderosa Pine - Xeric",3
"5_53_57_81941",11,133,753,1828,784,1711000803,"17110007","WNC","RaDFHEdy_fwi_17110008","RaDFHEdy","RaDFHEdy_fwi",31,"fwi","RaDFHEdy","RaDFHEdy_fwi","Douglas-fir Hemlock-Dry Mesic",3
"5_53_33_96174",13,137,772,1873,1270,1711001204,"17110011","WWC","RaDFHEdy_fwi_17110012","RaDFHEdy","RaDFHEdy_fwi",31,"fwi","RaDFHEdy","RaDFHEdy_fwi","Douglas-fir Hemlock-Dry Mesic",3
"5_53_33_96884",13,138,775,1899,1067,1711001303,"17110012","WWC","RaDFHEdy_fwi_17110013","RaDFHEdy","RaDFHEdy_fwi",31,"fwi","RaDFHEdy","RaDFHEdy_fwi","Douglas-fir Hemlock-Dry Mesic",3
"5_53_53_80713",13,139,776,1917,998,1711001401,"17110013","WWC","RaDFHEdy_fwi_17110014","RaDFHEdy","RaDFHEdy_fwi",31,"fwi","RaDFHEdy","RaDFHEdy_fwi","Douglas-fir Hemlock-Dry Mesic",3
"5_53_53_99062",13,139,776,1917,1029,1711001401,"17110013","WWC","RaDFHEdy_fwi_17110014","RaDFHEdy","RaDFHEdy_fwi",31,"fwi","RaDFHEdy","RaDFHEdy_fwi","Douglas-fir Hemlock-Dry Mesic",3
"5_53_53_78720",13,139,777,1917,1486,1711001402,"17110013","WWC","RaDFHEdy_fwi_17110014","RaDFHEdy","RaDFHEdy_fwi",31,"fwi","RaDFHEdy","RaDFHEdy_fwi","Douglas-fir Hemlock-Dry Mesic",3
"5_53_53_83790",13,139,777,1917,1931,1711001402,"17110013","WWC","RaDFHEdy_fwi_17110014","RaDFHEdy","RaDFHEdy_fwi",31,"fwi","RaDFHEdy","RaDFHEdy_fwi","Douglas-fir Hemlock-Dry Mesic",3
"5_53_53_57890",13,140,782,1926,1765,1711001502,"17110014","WWC","RaDFHEdy_fwi_17110015","RaDFHEdy","RaDFHEdy_fwi",31,"fwi","RaDFHEdy","RaDFHEdy_fwi","Douglas-fir Hemlock-Dry Mesic",3
"5_53_53_59519",13,140,782,1926,900,1711001502,"17110014","WWC","RaDFHEdy_fwi_17110015","RaDFHEdy","RaDFHEdy_fwi",31,"fwi","RaDFHEdy","RaDFHEdy_fwi","Douglas-fir Hemlock-Dry Mesic",3
"5_53_53_67194",13,140,782,1926,1708,1711001502,"17110014","WWC","RaDFHEdy_fwi_17110015","RaDFHEdy","RaDFHEdy_fwi",31,"fwi","RaDFHEdy","RaDFHEdy_fwi","Douglas-fir Hemlock-Dry Mesic",3
"5_53_53_90833",13,140,781,1926,1767,1711001501,"17110014","WWC","RaDFHEdy_fwi_17110015","RaDFHEdy","RaDFHEdy_fwi",31,"fwi","RaDFHEdy","RaDFHEdy_fwi","Douglas-fir Hemlock-Dry Mesic",3
"7_53_41_62029",13,83,476,1949,854,1708000501,"17080004","WWC","RaABAMlw_fsi_17080005","RaABAMlw","RaABAMlw_fsi",14,"fsi","RaABAMlw","RaABAMlw_fsi","Pacific Silver Fir - Low Elevation",3
"7_53_41_71895",13,83,477,2292,1110,1708000502,"17080004","WWC","RaDFHEwt_fwm_WWC","RaDFHEwt","RaDFHEwt_fwm",33,"fwm","RaDFHEwt","RaDFHEwt_fwm","Douglas-fir Hemlock-Wet Mesic",5
"7_53_41_93439",13,83,477,1949,1236,1708000502,"17080004","WWC","RaABAMlw_fsi_17080005","RaABAMlw","RaABAMlw_fsi",14,"fsi","RaABAMlw","RaABAMlw_fsi","Pacific Silver Fir - Low Elevation",3
"7_53_41_65035",13,83,477,1949,1955,1708000502,"17080004","WWC","RaABAMlw_fsi_17080005","RaABAMlw","RaABAMlw_fsi",14,"fsi","RaABAMlw","RaABAMlw_fsi","Pacific Silver Fir - Low Elevation",3
"7_53_41_70150",13,82,474,1940,823,1708000404,"17080003A","WWC","RaABAMlw_fsi_17080004","RaABAMlw","RaABAMlw_fsi",14,"fsi","RaABAMlw","RaABAMlw_fsi","Pacific Silver Fir - Low Elevation",3
"7_53_41_85084",13,83,477,2305,1286,1708000502,"17080004","WWC","Na0710412_fmc_WWC","Na0710412","Na0710412_fmc",7,"fmc","Na0710412","Na0710412_fmc","North Pacific Mountain Hemlock Forest - Xeric",5
"7_53_59_72743",13,82,474,2305,2416,1708000404,"17080003A","WWC","Na0710412_fmc_WWC","Na0710412","Na0710412_fmc",7,"fmc","Na0710412","Na0710412_fmc","North Pacific Mountain Hemlock Forest - Xeric",5
"7_53_59_91803",13,83,479,1949,1818,1708000504,"17080004","WWC","RaABAMlw_fsi_17080005","RaABAMlw","RaABAMlw_fsi",14,"fsi","RaABAMlw","RaABAMlw_fsi","Pacific Silver Fir - Low Elevation",3
"2_41_11_86387",3,117,668,2316,1488,1710030403,"17100303A","OCR","RaDFHEwt_fww_OCR","RaDFHEwt","RaDFHEwt_fww",34,"fww","RaDFHEwt","RaDFHEwt_fww","Douglas-fir Hemlock-Wet Mesic",5
"2_41_11_54750",3,117,668,2316,1196,1710030403,"17100303A","OCR","RaDFHEwt_fww_OCR","RaDFHEwt","RaDFHEwt_fww",34,"fww","RaDFHEwt","RaDFHEwt_fww","Douglas-fir Hemlock-Wet Mesic",5
"2_41_11_53251",6,118,674,2350,1274,1710030505,"17100304","OSW","RaDFHEwt_fwn_OSW","RaDFHEwt","RaDFHEwt_fwn",32,"fwn","RaDFHEwt","RaDFHEwt_fwn","Douglas-fir Hemlock-Wet Mesic",5
"2_41_11_74474",6,118,674,2350,1674,1710030505,"17100304","OSW","RaDFHEwt_fwn_OSW","RaDFHEwt","RaDFHEwt_fwn",32,"fwn","RaDFHEwt","RaDFHEwt_fwn","Douglas-fir Hemlock-Wet Mesic",5
"2_41_11_56559",6,118,674,2350,1626,1710030505,"17100304","OSW","RaDFHEwt_fwn_OSW","RaDFHEwt","RaDFHEwt_fwn",32,"fwn","RaDFHEwt","RaDFHEwt_fwn","Douglas-fir Hemlock-Wet Mesic",5
"2_41_11_67712",6,118,674,2350,1226,1710030505,"17100304","OSW","RaDFHEwt_fwn_OSW","RaDFHEwt","RaDFHEwt_fwn",32,"fwn","RaDFHEwt","RaDFHEwt_fwn","Douglas-fir Hemlock-Wet Mesic",5
"2_41_15_71720",6,119,677,2213,775,1710030603,"17100305","OSW","RaDFHEdy_fwi_17100306","RaDFHEdy","RaDFHEdy_fwi",31,"fwi","RaDFHEdy","RaDFHEdy_fwi","Douglas-fir Hemlock-Dry Mesic",3
"2_41_15_53492",6,119,677,2347,1280,1710030603,"17100305","OSW","RaDFHEwt_fwm_OSW","RaDFHEwt","RaDFHEwt_fwm",33,"fwm","RaDFHEwt","RaDFHEwt_fwm","Douglas-fir Hemlock-Wet Mesic",5
"2_41_15_77799",6,119,677,1311,2224,1710030603,"17100305","OSW","RaTAOAco_ftm_1710030603","RaTAOAco","RaTAOAco_ftm",47,"ftm","RaTAOAco","RaTAOAco_ftm","Oregon Coastal Tanoak",1
"2_41_15_58791",6,119,677,1311,743,1710030603,"17100305","OSW","RaTAOAco_ftm_1710030603","RaTAOAco","RaTAOAco_ftm",47,"ftm","RaTAOAco","RaTAOAco_ftm","Oregon Coastal Tanoak",1
"2_41_15_75906",6,123,703,1408,1547,1710031007,"17100309","OSW","RaTAOAco_ftm_1710031007","RaTAOAco","RaTAOAco_ftm",47,"ftm","RaTAOAco","RaTAOAco_ftm","Oregon Coastal Tanoak",1
"2_41_15_52264",6,123,703,1408,3138,1710031007,"17100309","OSW","RaTAOAco_ftm_1710031007","RaTAOAco","RaTAOAco_ftm",47,"ftm","RaTAOAco","RaTAOAco_ftm","Oregon Coastal Tanoak",1
"2_41_15_91394",6,123,703,1408,1458,1710031007,"17100309","OSW","RaTAOAco_ftm_1710031007","RaTAOAco","RaTAOAco_ftm",47,"ftm","RaTAOAco","RaTAOAco_ftm","Oregon Coastal Tanoak",1
"2_41_15_77763",6,123,703,1408,3087,1710031007,"17100309","OSW","RaTAOAco_ftm_1710031007","RaTAOAco","RaTAOAco_ftm",47,"ftm","RaTAOAco","RaTAOAco_ftm","Oregon Coastal Tanoak",1
"2_41_15_80010",6,123,704,1457,2116,1710031008,"17100309","OSW","RaTAOAco_ftm_1710031008","RaTAOAco","RaTAOAco_ftm",47,"ftm","RaTAOAco","RaTAOAco_ftm","Oregon Coastal Tanoak",1
"2_41_15_95498",6,123,704,1465,1734,1710031008,"17100309","OSW","RaMEVG_fuc_1710031008","RaMEVG","RaMEVG_fuc",59,"fuc","RaMEVG","RaMEVG_fuc","California Mixed Evergreen North",1
"2_41_15_76304",6,125,720,1557,713,1710031205,"17100311","OSW","RaTAOAco_ftm_1710031205","RaTAOAco","RaTAOAco_ftm",47,"ftm","RaTAOAco","RaTAOAco_ftm","Oregon Coastal Tanoak",1
"2_41_15_52759",6,125,719,1575,3309,1710031204,"17100311","OSW","RaTAOAco_ftm_1710031204","RaTAOAco","RaTAOAco_ftm",47,"ftm","RaTAOAco","RaTAOAco_ftm","Oregon Coastal Tanoak",1
"2_41_15_89000",6,125,719,1575,919,1710031204,"17100311","OSW","RaTAOAco_ftm_1710031204","RaTAOAco","RaTAOAco_ftm",47,"ftm","RaTAOAco","RaTAOAco_ftm","Oregon Coastal Tanoak",1
"2_41_15_63201",6,125,719,1575,2745,1710031204,"17100311","OSW","RaTAOAco_ftm_1710031204","RaTAOAco","RaTAOAco_ftm",47,"ftm","RaTAOAco","RaTAOAco_ftm","Oregon Coastal Tanoak",1
"2_41_15_74236",6,125,719,1575,2851,1710031204,"17100311","OSW","RaTAOAco_ftm_1710031204","RaTAOAco","RaTAOAco_ftm",47,"ftm","RaTAOAco","RaTAOAco_ftm","Oregon Coastal Tanoak",1
"2_41_15_52797",6,125,719,1575,1966,1710031204,"17100311","OSW","RaTAOAco_ftm_1710031204","RaTAOAco","RaTAOAco_ftm",47,"ftm","RaTAOAco","RaTAOAco_ftm","Oregon Coastal Tanoak",1
"2_41_15_62639",6,125,719,1575,2157,1710031204,"17100311","OSW","RaTAOAco_ftm_1710031204","RaTAOAco","RaTAOAco_ftm",47,"ftm","RaTAOAco","RaTAOAco_ftm","Oregon Coastal Tanoak",1
"2_41_15_73882",6,125,716,1606,1918,1710031201,"17100311","OSW","RaTAOAco_ftm_1710031201","RaTAOAco","RaTAOAco_ftm",47,"ftm","RaTAOAco","RaTAOAco_ftm","Oregon Coastal Tanoak",1
"2_41_15_91182",6,125,716,1606,1661,1710031201,"17100311","OSW","RaTAOAco_ftm_1710031201","RaTAOAco","RaTAOAco_ftm",47,"ftm","RaTAOAco","RaTAOAco_ftm","Oregon Coastal Tanoak",1
"2_41_15_86567",6,125,716,1606,1705,1710031201,"17100311","OSW","RaTAOAco_ftm_1710031201","RaTAOAco","RaTAOAco_ftm",47,"ftm","RaTAOAco","RaTAOAco_ftm","Oregon Coastal Tanoak",1
"2_41_15_87654",6,125,718,1552,936,1710031203,"17100311","OSW","RaTAOAco_ftm_1710031203","RaTAOAco","RaTAOAco_ftm",47,"ftm","RaTAOAco","RaTAOAco_ftm","Oregon Coastal Tanoak",1
"6_53_9_91030",9,100,563,2295,2324,1710010102,"17090012A","WCR","RaSSHE_fss_WCR","RaSSHE","RaSSHE_fss",60,"fss","RaSSHE","RaSSHE_fss","Sitka Spruce - Western Hemlock",5
"7_53_59_94102",13,78,460,2305,815,1708000202,"17080001A","WWC","Na0710412_fmc_WWC","Na0710412","Na0710412_fmc",7,"fmc","Na0710412","Na0710412_fmc","North Pacific Mountain Hemlock Forest - Xeric",5
"7_53_59_70385",13,83,479,1949,1221,1708000504,"17080004","WWC","RaABAMlw_fsi_17080005","RaABAMlw","RaABAMlw_fsi",14,"fsi","RaABAMlw","RaABAMlw_fsi","Pacific Silver Fir - Low Elevation",3
"7_53_59_57717",13,78,460,1970,1484,1708000202,"17080001A","WWC","RaABAMlw_fsi_17080002","RaABAMlw","RaABAMlw_fsi",14,"fsi","RaABAMlw","RaABAMlw_fsi","Pacific Silver Fir - Low Elevation",3
"7_53_59_68355",13,78,460,1970,1631,1708000202,"17080001A","WWC","RaABAMlw_fsi_17080002","RaABAMlw","RaABAMlw_fsi",14,"fsi","RaABAMlw","RaABAMlw_fsi","Pacific Silver Fir - Low Elevation",3
"7_53_59_55294",13,78,460,1970,1530,1708000202,"17080001A","WWC","RaABAMlw_fsi_17080002","RaABAMlw","RaABAMlw_fsi",14,"fsi","RaABAMlw","RaABAMlw_fsi","Pacific Silver Fir - Low Elevation",3
"7_53_59_80393",13,78,460,2303,898,1708000202,"17080001A","WWC","RaABAMup_fst_WWC","RaABAMup","RaABAMup_fst",13,"fst","RaABAMup","RaABAMup_fst","Pacific Silver Fir - High Elevation",5
"7_53_59_87032",13,78,460,1970,1638,1708000202,"17080001A","WWC","RaABAMlw_fsi_17080002","RaABAMlw","RaABAMlw_fsi",14,"fsi","RaABAMlw","RaABAMlw_fsi","Pacific Silver Fir - Low Elevation",3
"7_53_59_73806",13,78,460,2303,770,1708000202,"17080001A","WWC","RaABAMup_fst_WWC","RaABAMup","RaABAMup_fst",13,"fst","RaABAMup","RaABAMup_fst","Pacific Silver Fir - High Elevation",5
"7_53_59_57144",13,78,460,1970,1098,1708000202,"17080001A","WWC","RaABAMlw_fsi_17080002","RaABAMlw","RaABAMlw_fsi",14,"fsi","RaABAMlw","RaABAMlw_fsi","Pacific Silver Fir - Low Elevation",3
"7_53_59_81727",13,78,460,2303,1013,1708000202,"17080001A","WWC","RaABAMup_fst_WWC","RaABAMup","RaABAMup_fst",13,"fst","RaABAMup","RaABAMup_fst","Pacific Silver Fir - High Elevation",5
"7_53_59_93367",13,78,460,1970,878,1708000202,"17080001A","WWC","RaABAMlw_fsi_17080002","RaABAMlw","RaABAMlw_fsi",14,"fsi","RaABAMlw","RaABAMlw_fsi","Pacific Silver Fir - Low Elevation",3
"7_53_59_82205",13,78,461,2292,957,1708000203,"17080001A","WWC","RaDFHEwt_fwm_WWC","RaDFHEwt","RaDFHEwt_fwm",33,"fwm","RaDFHEwt","RaDFHEwt_fwm","Douglas-fir Hemlock-Wet Mesic",5
"5_53_73_63429",11,129,734,2282,1205,1711000404,"17110003","WNC","RaDFHEwt_fwm_WNC","RaDFHEwt","RaDFHEwt_fwm",33,"fwm","RaDFHEwt","RaDFHEwt_fwm","Douglas-fir Hemlock-Wet Mesic",5
"7_53_59_92690",13,78,461,1970,1434,1708000203,"17080001A","WWC","RaABAMlw_fsi_17080002","RaABAMlw","RaABAMlw_fsi",14,"fsi","RaABAMlw","RaABAMlw_fsi","Pacific Silver Fir - Low Elevation",3
"7_53_59_75899",13,78,461,2303,520,1708000203,"17080001A","WWC","RaABAMup_fst_WWC","RaABAMup","RaABAMup_fst",13,"fst","RaABAMup","RaABAMup_fst","Pacific Silver Fir - High Elevation",5
"7_53_59_69795",13,78,462,1970,1472,1708000204,"17080001A","WWC","RaABAMlw_fsi_17080002","RaABAMlw","RaABAMlw_fsi",14,"fsi","RaABAMlw","RaABAMlw_fsi","Pacific Silver Fir - Low Elevation",3
"7_53_59_56684",13,61,337,1989,1009,1707010510,"17070105A","WWC","RaABAMlw_fsi_17070105C","RaABAMlw","RaABAMlw_fsi",14,"fsi","RaABAMlw","RaABAMlw_fsi","Pacific Silver Fir - Low Elevation",3
"7_53_59_66225",13,61,337,1989,2216,1707010510,"17070105A","WWC","RaABAMlw_fsi_17070105C","RaABAMlw","RaABAMlw_fsi",14,"fsi","RaABAMlw","RaABAMlw_fsi","Pacific Silver Fir - Low Elevation",3
"7_53_59_91955",13,61,337,1989,1424,1707010510,"17070105A","WWC","RaABAMlw_fsi_17070105C","RaABAMlw","RaABAMlw_fsi",14,"fsi","RaABAMlw","RaABAMlw_fsi","Pacific Silver Fir - Low Elevation",3
"7_53_59_72072",13,61,337,1989,1283,1707010510,"17070105A","WWC","RaABAMlw_fsi_17070105C","RaABAMlw","RaABAMlw_fsi",14,"fsi","RaABAMlw","RaABAMlw_fsi","Pacific Silver Fir - Low Elevation",3
"7_53_59_74226",13,61,337,1989,1684,1707010510,"17070105A","WWC","RaABAMlw_fsi_17070105C","RaABAMlw","RaABAMlw_fsi",14,"fsi","RaABAMlw","RaABAMlw_fsi","Pacific Silver Fir - Low Elevation",3
"7_53_59_98269",13,77,458,2008,636,1708000108,"17080001B","WWC","RaABAMlw_fsi_17080001A","RaABAMlw","RaABAMlw_fsi",14,"fsi","RaABAMlw","RaABAMlw_fsi","Pacific Silver Fir - Low Elevation",3
"7_53_59_82448",13,77,458,2008,776,1708000108,"17080001B","WWC","RaABAMlw_fsi_17080001A","RaABAMlw","RaABAMlw_fsi",14,"fsi","RaABAMlw","RaABAMlw_fsi","Pacific Silver Fir - Low Elevation",3
"7_53_59_68252",13,77,458,2008,1247,1708000108,"17080001B","WWC","RaABAMlw_fsi_17080001A","RaABAMlw","RaABAMlw_fsi",14,"fsi","RaABAMlw","RaABAMlw_fsi","Pacific Silver Fir - Low Elevation",3
"7_53_59_95674",13,77,458,2010,979,1708000108,"17080001B","WWC","RaABAMlw_fwc_17080001A","RaABAMlw","RaABAMlw_fwc",35,"fwc","RaABAMlw","RaABAMlw_fwc","Pacific Silver Fir - Low Elevation",3
"0_41_51_89701",13,77,458,2008,1759,1708000108,"17080001B","WWC","RaABAMlw_fsi_17080001A","RaABAMlw","RaABAMlw_fsi",14,"fsi","RaABAMlw","RaABAMlw_fsi","Pacific Silver Fir - Low Elevation",3
"0_41_51_99376",13,77,458,2008,1641,1708000108,"17080001B","WWC","RaABAMlw_fsi_17080001A","RaABAMlw","RaABAMlw_fsi",14,"fsi","RaABAMlw","RaABAMlw_fsi","Pacific Silver Fir - Low Elevation",3
"0_41_51_87176",7,76,455,2329,2094,1708000105,"17070307","OWC","RaDFHEwt_fwm_OWC","RaDFHEwt","RaDFHEwt_fwm",33,"fwm","RaDFHEwt","RaDFHEwt_fwm","Douglas-fir Hemlock-Wet Mesic",5
"5_53_73_96108",11,127,726,2285,1310,1711000202,"17110001","WNC","RaABAMup_fst_WNC","RaABAMup","RaABAMup_fst",13,"fst","RaABAMup","RaABAMup_fst","Pacific Silver Fir - High Elevation",5
"0_41_51_65251",7,76,455,2329,1670,1708000105,"17070307","OWC","RaDFHEwt_fwm_OWC","RaDFHEwt","RaDFHEwt_fwm",33,"fwm","RaDFHEwt","RaDFHEwt_fwm","Douglas-fir Hemlock-Wet Mesic",5
"0_41_51_59944",7,76,455,2329,1527,1708000105,"17070307","OWC","RaDFHEwt_fwm_OWC","RaDFHEwt","RaDFHEwt_fwm",33,"fwm","RaDFHEwt","RaDFHEwt_fwm","Douglas-fir Hemlock-Wet Mesic",5
"0_41_5_84695",7,76,455,2026,2247,1708000105,"17070307","OWC","RaABAMlw_fsi_17080001B","RaABAMlw","RaABAMlw_fsi",14,"fsi","RaABAMlw","RaABAMlw_fsi","Pacific Silver Fir - Low Elevation",3
"0_41_5_62987",7,76,455,2027,647,1708000105,"17070307","OWC","RaABAMlw_fwc_17080001B","RaABAMlw","RaABAMlw_fwc",35,"fwc","RaABAMlw","RaABAMlw_fwc","Pacific Silver Fir - Low Elevation",3
"0_41_5_70266",7,76,455,2026,1901,1708000105,"17070307","OWC","RaABAMlw_fsi_17080001B","RaABAMlw","RaABAMlw_fsi",14,"fsi","RaABAMlw","RaABAMlw_fsi","Pacific Silver Fir - Low Elevation",3
"0_41_5_74499",7,76,454,2026,798,1708000104,"17070307","OWC","RaABAMlw_fsi_17080001B","RaABAMlw","RaABAMlw_fsi",14,"fsi","RaABAMlw","RaABAMlw_fsi","Pacific Silver Fir - Low Elevation",3
"0_41_5_77512",7,97,556,2044,2006,1709001105,"17090010","OWC","RaABAMlw_fsi_17090011","RaABAMlw","RaABAMlw_fsi",14,"fsi","RaABAMlw","RaABAMlw_fsi","Pacific Silver Fir - Low Elevation",3
"0_41_5_53133",7,97,555,2044,1079,1709001104,"17090010","OWC","RaABAMlw_fsi_17090011","RaABAMlw","RaABAMlw_fsi",14,"fsi","RaABAMlw","RaABAMlw_fsi","Pacific Silver Fir - Low Elevation",3
"0_41_5_74825",7,97,555,2044,2076,1709001104,"17090010","OWC","RaABAMlw_fsi_17090011","RaABAMlw","RaABAMlw_fsi",14,"fsi","RaABAMlw","RaABAMlw_fsi","Pacific Silver Fir - Low Elevation",3
"0_41_5_58942",7,97,555,2044,1250,1709001104,"17090010","OWC","RaABAMlw_fsi_17090011","RaABAMlw","RaABAMlw_fsi",14,"fsi","RaABAMlw","RaABAMlw_fsi","Pacific Silver Fir - Low Elevation",3
"0_41_5_95895",7,97,555,2044,1881,1709001104,"17090010","OWC","RaABAMlw_fsi_17090011","RaABAMlw","RaABAMlw_fsi",14,"fsi","RaABAMlw","RaABAMlw_fsi","Pacific Silver Fir - Low Elevation",3
"0_41_5_78599",7,97,554,2032,2094,1709001103,"17090010","OWC","RaDFHEdy_fwi_17090011","RaDFHEdy","RaDFHEdy_fwi",31,"fwi","RaDFHEdy","RaDFHEdy_fwi","Douglas-fir Hemlock-Dry Mesic",3
"0_41_5_67022",7,97,555,2032,2511,1709001104,"17090010","OWC","RaDFHEdy_fwi_17090011","RaDFHEdy","RaDFHEdy_fwi",31,"fwi","RaDFHEdy","RaDFHEdy_fwi","Douglas-fir Hemlock-Dry Mesic",3
"0_41_5_54043",7,97,555,2032,1254,1709001104,"17090010","OWC","RaDFHEdy_fwi_17090011","RaDFHEdy","RaDFHEdy_fwi",31,"fwi","RaDFHEdy","RaDFHEdy_fwi","Douglas-fir Hemlock-Dry Mesic",3
"0_41_5_64264",7,97,552,2032,1200,1709001101,"17090010","OWC","RaDFHEdy_fwi_17090011","RaDFHEdy","RaDFHEdy_fwi",31,"fwi","RaDFHEdy","RaDFHEdy_fwi","Douglas-fir Hemlock-Dry Mesic",3
"0_41_5_77887",7,97,552,2032,963,1709001101,"17090010","OWC","RaDFHEdy_fwi_17090011","RaDFHEdy","RaDFHEdy_fwi",31,"fwi","RaDFHEdy","RaDFHEdy_fwi","Douglas-fir Hemlock-Dry Mesic",3
"0_41_5_88409",7,97,552,2032,1924,1709001101,"17090010","OWC","RaDFHEdy_fwi_17090011","RaDFHEdy","RaDFHEdy_fwi",31,"fwi","RaDFHEdy","RaDFHEdy_fwi","Douglas-fir Hemlock-Dry Mesic",3
"5_53_57_61110",11,127,726,2285,768,1711000202,"17110001","WNC","RaABAMup_fst_WNC","RaABAMup","RaABAMup_fst",13,"fst","RaABAMup","RaABAMup_fst","Pacific Silver Fir - High Elevation",5
"0_41_47_68297",7,97,552,2044,1594,1709001101,"17090010","OWC","RaABAMlw_fsi_17090011","RaABAMlw","RaABAMlw_fsi",14,"fsi","RaABAMlw","RaABAMlw_fsi","Pacific Silver Fir - Low Elevation",3
"0_41_47_80727",7,91,516,2075,1137,1709000501,"17090004","OWC","RaABAMlw_fsi_17090005","RaABAMlw","RaABAMlw_fsi",14,"fsi","RaABAMlw","RaABAMlw_fsi","Pacific Silver Fir - Low Elevation",3
"0_41_47_61744",7,97,552,2044,1518,1709001101,"17090010","OWC","RaABAMlw_fsi_17090011","RaABAMlw","RaABAMlw_fsi",14,"fsi","RaABAMlw","RaABAMlw_fsi","Pacific Silver Fir - Low Elevation",3
"0_41_47_55436",7,91,516,2076,2079,1709000501,"17090004","OWC","RaDFHEdy_fwi_17090005","RaDFHEdy","RaDFHEdy_fwi",31,"fwi","RaDFHEdy","RaDFHEdy_fwi","Douglas-fir Hemlock-Dry Mesic",3
"0_41_47_87614",7,91,516,2076,1359,1709000501,"17090004","OWC","RaDFHEdy_fwi_17090005","RaDFHEdy","RaDFHEdy_fwi",31,"fwi","RaDFHEdy","RaDFHEdy_fwi","Douglas-fir Hemlock-Dry Mesic",3
"0_41_47_99605",7,91,516,2075,1294,1709000501,"17090004","OWC","RaABAMlw_fsi_17090005","RaABAMlw","RaABAMlw_fsi",14,"fsi","RaABAMlw","RaABAMlw_fsi","Pacific Silver Fir - Low Elevation",3
"0_41_47_89146",7,91,517,2076,2217,1709000502,"17090004","OWC","RaDFHEdy_fwi_17090005","RaDFHEdy","RaDFHEdy_fwi",31,"fwi","RaDFHEdy","RaDFHEdy_fwi","Douglas-fir Hemlock-Dry Mesic",3
"0_41_47_60959",7,91,517,2076,1605,1709000502,"17090004","OWC","RaDFHEdy_fwi_17090005","RaDFHEdy","RaDFHEdy_fwi",31,"fwi","RaDFHEdy","RaDFHEdy_fwi","Douglas-fir Hemlock-Dry Mesic",3
"1_41_43_76290",7,91,517,2076,1558,1709000502,"17090004","OWC","RaDFHEdy_fwi_17090005","RaDFHEdy","RaDFHEdy_fwi",31,"fwi","RaDFHEdy","RaDFHEdy_fwi","Douglas-fir Hemlock-Dry Mesic",3
"1_41_43_82659",7,91,517,2075,2064,1709000502,"17090004","OWC","RaABAMlw_fsi_17090005","RaABAMlw","RaABAMlw_fsi",14,"fsi","RaABAMlw","RaABAMlw_fsi","Pacific Silver Fir - Low Elevation",3
"1_41_43_92745",7,91,517,2075,2334,1709000502,"17090004","OWC","RaABAMlw_fsi_17090005","RaABAMlw","RaABAMlw_fsi",14,"fsi","RaABAMlw","RaABAMlw_fsi","Pacific Silver Fir - Low Elevation",3
"1_41_43_91945",7,91,517,2076,1085,1709000502,"17090004","OWC","RaDFHEdy_fwi_17090005","RaDFHEdy","RaDFHEdy_fwi",31,"fwi","RaDFHEdy","RaDFHEdy_fwi","Douglas-fir Hemlock-Dry Mesic",3
"1_41_43_74986",7,91,517,2076,955,1709000502,"17090004","OWC","RaDFHEdy_fwi_17090005","RaDFHEdy","RaDFHEdy_fwi",31,"fwi","RaDFHEdy","RaDFHEdy_fwi","Douglas-fir Hemlock-Dry Mesic",3
"1_41_43_76881",7,91,517,2075,975,1709000502,"17090004","OWC","RaABAMlw_fsi_17090005","RaABAMlw","RaABAMlw_fsi",14,"fsi","RaABAMlw","RaABAMlw_fsi","Pacific Silver Fir - Low Elevation",3
"1_41_43_97153",7,91,517,2077,970,1709000502,"17090004","OWC","RaABAMlw_fsw_17090005","RaABAMlw","RaABAMlw_fsw",16,"fsw","RaABAMlw","RaABAMlw_fsw","Pacific Silver Fir - Low Elevation",3
"1_41_43_83364",7,91,517,2075,1584,1709000502,"17090004","OWC","RaABAMlw_fsi_17090005","RaABAMlw","RaABAMlw_fsi",14,"fsi","RaABAMlw","RaABAMlw_fsi","Pacific Silver Fir - Low Elevation",3
"1_41_43_54853",7,90,510,2109,996,1709000402,"17090003B","OWC","RaABAMlw_fwc_17090004","RaABAMlw","RaABAMlw_fwc",35,"fwc","RaABAMlw","RaABAMlw_fwc","Pacific Silver Fir - Low Elevation",3
"1_41_43_71722",7,90,510,2109,1147,1709000402,"17090003B","OWC","RaABAMlw_fwc_17090004","RaABAMlw","RaABAMlw_fwc",35,"fwc","RaABAMlw","RaABAMlw_fwc","Pacific Silver Fir - Low Elevation",3
"1_41_43_96009",7,90,510,2108,1370,1709000402,"17090003B","OWC","RaABAMlw_fsi_17090004","RaABAMlw","RaABAMlw_fsi",14,"fsi","RaABAMlw","RaABAMlw_fsi","Pacific Silver Fir - Low Elevation",3
"1_41_43_91054",7,90,510,2110,1115,1709000402,"17090003B","OWC","RaDFHEdy_fwi_17090004","RaDFHEdy","RaDFHEdy_fwi",31,"fwi","RaDFHEdy","RaDFHEdy_fwi","Douglas-fir Hemlock-Dry Mesic",3
"1_41_43_63970",7,90,510,2108,1718,1709000402,"17090003B","OWC","RaABAMlw_fsi_17090004","RaABAMlw","RaABAMlw_fsi",14,"fsi","RaABAMlw","RaABAMlw_fsi","Pacific Silver Fir - Low Elevation",3
"1_41_43_90135",7,90,510,2110,827,1709000402,"17090003B","OWC","RaDFHEdy_fwi_17090004","RaDFHEdy","RaDFHEdy_fwi",31,"fwi","RaDFHEdy","RaDFHEdy_fwi","Douglas-fir Hemlock-Dry Mesic",3
"1_41_43_93869",7,90,510,2110,812,1709000402,"17090003B","OWC","RaDFHEdy_fwi_17090004","RaDFHEdy","RaDFHEdy_fwi",31,"fwi","RaDFHEdy","RaDFHEdy_fwi","Douglas-fir Hemlock-Dry Mesic",3
"1_41_39_57870",7,90,510,811,882,1709000402,"17090003B","OWC","RaMCONsw_fiw_1709000402","RaMCONsw","RaMCONsw_fiw",20,"fiw","RaMCONsw","RaMCONsw_fiw","Mixed Conifer - Southwest Oregon",1
"1_41_43_81223",7,90,510,2110,799,1709000402,"17090003B","OWC","RaDFHEdy_fwi_17090004","RaDFHEdy","RaDFHEdy_fwi",31,"fwi","RaDFHEdy","RaDFHEdy_fwi","Douglas-fir Hemlock-Dry Mesic",3
"1_41_39_66814",7,90,510,2110,1152,1709000402,"17090003B","OWC","RaDFHEdy_fwi_17090004","RaDFHEdy","RaDFHEdy_fwi",31,"fwi","RaDFHEdy","RaDFHEdy_fwi","Douglas-fir Hemlock-Dry Mesic",3
"1_41_39_96662",7,90,510,811,948,1709000402,"17090003B","OWC","RaMCONsw_fiw_1709000402","RaMCONsw","RaMCONsw_fiw",20,"fiw","RaMCONsw","RaMCONsw_fiw","Mixed Conifer - Southwest Oregon",1
"1_41_39_60353",7,90,510,2110,1216,1709000402,"17090003B","OWC","RaDFHEdy_fwi_17090004","RaDFHEdy","RaDFHEdy_fwi",31,"fwi","RaDFHEdy","RaDFHEdy_fwi","Douglas-fir Hemlock-Dry Mesic",3
"1_41_39_78213",7,90,510,2110,1078,1709000402,"17090003B","OWC","RaDFHEdy_fwi_17090004","RaDFHEdy","RaDFHEdy_fwi",31,"fwi","RaDFHEdy","RaDFHEdy_fwi","Douglas-fir Hemlock-Dry Mesic",3
"1_41_39_86470",7,90,510,2110,629,1709000402,"17090003B","OWC","RaDFHEdy_fwi_17090004","RaDFHEdy","RaDFHEdy_fwi",31,"fwi","RaDFHEdy","RaDFHEdy_fwi","Douglas-fir Hemlock-Dry Mesic",3
"1_41_39_94504",7,90,509,927,557,1709000401,"17090003B","OWC","RaMCONsw_fiw_1709000401","RaMCONsw","RaMCONsw_fiw",20,"fiw","RaMCONsw","RaMCONsw_fiw","Mixed Conifer - Southwest Oregon",1
"1_41_39_66015",7,90,509,2110,618,1709000401,"17090003B","OWC","RaDFHEdy_fwi_17090004","RaDFHEdy","RaDFHEdy_fwi",31,"fwi","RaDFHEdy","RaDFHEdy_fwi","Douglas-fir Hemlock-Dry Mesic",3
"5_53_57_65536",11,132,749,1806,929,1711000701,"17110006","WNC","RaDFHEdy_fdg_17110007","RaDFHEdy","RaDFHEdy_fdg",24,"fdg","RaDFHEdy","RaDFHEdy_fdg","Douglas-fir Hemlock-Dry Mesic",3
"1_41_39_70058",7,86,494,2140,2146,1709000106,"17080006A","OWC","RaABAMlw_fsi_17090001","RaABAMlw","RaABAMlw_fsi",14,"fsi","RaABAMlw","RaABAMlw_fsi","Pacific Silver Fir - Low Elevation",3
"1_41_39_74647",7,86,494,2331,2928,1709000106,"17080006A","OWC","Na0710412_fmc_OWC","Na0710412","Na0710412_fmc",7,"fmc","Na0710412","Na0710412_fmc","North Pacific Mountain Hemlock Forest - Xeric",5
"1_41_39_51800",7,86,494,2331,1741,1709000106,"17080006A","OWC","Na0710412_fmc_OWC","Na0710412","Na0710412_fmc",7,"fmc","Na0710412","Na0710412_fmc","North Pacific Mountain Hemlock Forest - Xeric",5
"1_41_39_64424",7,86,494,2331,1206,1709000106,"17080006A","OWC","Na0710412_fmc_OWC","Na0710412","Na0710412_fmc",7,"fmc","Na0710412","Na0710412_fmc","North Pacific Mountain Hemlock Forest - Xeric",5
"1_41_39_89229",7,86,494,2331,1504,1709000106,"17080006A","OWC","Na0710412_fmc_OWC","Na0710412","Na0710412_fmc",7,"fmc","Na0710412","Na0710412_fmc","North Pacific Mountain Hemlock Forest - Xeric",5
"3_41_17_72383",4,67,388,2324,1218,1707030102,"17070204","OEC","Na0710412_fmh_OEC","Na0710412","Na0710412_fmh",4,"fmh","Na0710412","Na0710412_fmh","North Pacific Mountain Hemlock Forest - Xeric",5
"3_41_17_58634",4,67,388,2324,952,1707030102,"17070204","OEC","Na0710412_fmh_OEC","Na0710412","Na0710412_fmh",4,"fmh","Na0710412","Na0710412_fmh","North Pacific Mountain Hemlock Forest - Xeric",5
"1_41_39_51654",7,86,491,2331,1399,1709000103,"17080006A","OWC","Na0710412_fmc_OWC","Na0710412","Na0710412_fmc",7,"fmc","Na0710412","Na0710412_fmc","North Pacific Mountain Hemlock Forest - Xeric",5
"3_41_35_88920",4,67,388,2085,775,1707030102,"17070204","OEC","RaMCONms_fmm_17070301","RaMCONms","RaMCONms_fmm",27,"fmm","RaMCONms","RaMCONms_fmm","Mixed Conifer - Eastside Mesic",3
"3_41_35_79312",4,67,388,2324,1161,1707030102,"17070204","OEC","Na0710412_fmh_OEC","Na0710412","Na0710412_fmh",4,"fmh","Na0710412","Na0710412_fmh","North Pacific Mountain Hemlock Forest - Xeric",5
"3_41_35_55401",4,67,388,2339,775,1707030102,"17070204","OEC","RaPICOpu_fld_OEC","RaPICOpu","RaPICOpu_fld",49,"fld","RaPICOpu","RaPICOpu_fld","Lodgepole Pine - Pumice Soils",4
"3_41_35_98071",4,68,399,2339,801,1707030202,"17070301","OEC","RaPICOpu_fld_OEC","RaPICOpu","RaPICOpu_fld",49,"fld","RaPICOpu","RaPICOpu_fld","Lodgepole Pine - Pumice Soils",4
"3_41_35_82000",4,68,399,2340,1483,1707030202,"17070301","OEC","RaPICOpu_flw_OEC","RaPICOpu","RaPICOpu_flw",50,"flw","RaPICOpu","RaPICOpu_flw","Lodgepole Pine - Pumice Soils",4
"3_41_35_64805",4,68,399,2339,1296,1707030202,"17070301","OEC","RaPICOpu_fld_OEC","RaPICOpu","RaPICOpu_fld",49,"fld","RaPICOpu","RaPICOpu_fld","Lodgepole Pine - Pumice Soils",4
"3_41_35_97542",4,68,399,2339,819,1707030202,"17070301","OEC","RaPICOpu_fld_OEC","RaPICOpu","RaPICOpu_fld",49,"fld","RaPICOpu","RaPICOpu_fld","Lodgepole Pine - Pumice Soils",4
"3_41_35_77428",4,68,399,2340,1491,1707030202,"17070301","OEC","RaPICOpu_flw_OEC","RaPICOpu","RaPICOpu_flw",50,"flw","RaPICOpu","RaPICOpu_flw","Lodgepole Pine - Pumice Soils",4
"3_41_35_56002",4,68,399,2159,344,1707030202,"17070301","OEC","RaMCONms_fmm_17070302","RaMCONms","RaMCONms_fmm",27,"fmm","RaMCONms","RaMCONms_fmm","Mixed Conifer - Eastside Mesic",3
"3_41_35_66087",4,68,399,2159,1672,1707030202,"17070301","OEC","RaMCONms_fmm_17070302","RaMCONms","RaMCONms_fmm",27,"fmm","RaMCONms","RaMCONms_fmm","Mixed Conifer - Eastside Mesic",3
"3_41_35_98448",4,68,398,2164,1607,1707030201,"17070301","OEC","RaREFI_frf_17070302","RaREFI","RaREFI_frf",12,"frf","RaREFI","RaREFI_frf","Red Fir",3
"3_41_35_51639",4,68,398,2166,2397,1707030201,"17070301","OEC","RaSAWD_fal_17070302","RaSAWD","RaSAWD_fal",2,"fal","RaSAWD","RaSAWD_fal","Subalpine Woodland",3
"3_41_35_77809",4,68,398,2159,1397,1707030201,"17070301","OEC","RaMCONms_fmm_17070302","RaMCONms","RaMCONms_fmm",27,"fmm","RaMCONms","RaMCONms_fmm","Mixed Conifer - Eastside Mesic",3
"3_41_35_68457",4,157,893,2204,1042,1801020102,"18010101","OEC","RaREFI_frf_18010201","RaREFI","RaREFI_frf",12,"frf","RaREFI","RaREFI_frf","Red Fir",3
"3_41_35_75792",4,157,893,2324,1519,1801020102,"18010101","OEC","Na0710412_fmh_OEC","Na0710412","Na0710412_fmh",4,"fmh","Na0710412","Na0710412_fmh","North Pacific Mountain Hemlock Forest - Xeric",5
"3_41_35_86602",4,157,893,2324,1345,1801020102,"18010101","OEC","Na0710412_fmh_OEC","Na0710412","Na0710412_fmh",4,"fmh","Na0710412","Na0710412_fmh","North Pacific Mountain Hemlock Forest - Xeric",5
"3_41_35_87907",4,157,893,2204,1137,1801020102,"18010101","OEC","RaREFI_frf_18010201","RaREFI","RaREFI_frf",12,"frf","RaREFI","RaREFI_frf","Red Fir",3
"3_41_35_92975",4,157,893,1180,2000,1801020102,"18010101","OEC","RaPIPOm_fpl_1801020102","RaPIPOm","RaPIPOm_fpl",55,"fpl","RaPIPOm","RaPIPOm_fpl","Dry Ponderosa Pine - Mesic",1
"3_41_35_82441",4,157,893,1180,2183,1801020102,"18010101","OEC","RaPIPOm_fpl_1801020102","RaPIPOm","RaPIPOm_fpl",55,"fpl","RaPIPOm","RaPIPOm_fpl","Dry Ponderosa Pine - Mesic",1
"3_41_35_64852",4,157,893,1180,1544,1801020102,"18010101","OEC","RaPIPOm_fpl_1801020102","RaPIPOm","RaPIPOm_fpl",55,"fpl","RaPIPOm","RaPIPOm_fpl","Dry Ponderosa Pine - Mesic",1
"3_41_35_65314",4,157,893,1180,3163,1801020102,"18010101","OEC","RaPIPOm_fpl_1801020102","RaPIPOm","RaPIPOm_fpl",55,"fpl","RaPIPOm","RaPIPOm_fpl","Dry Ponderosa Pine - Mesic",1
"3_41_35_72591",4,157,893,1180,2708,1801020102,"18010101","OEC","RaPIPOm_fpl_1801020102","RaPIPOm","RaPIPOm_fpl",55,"fpl","RaPIPOm","RaPIPOm_fpl","Dry Ponderosa Pine - Mesic",1
"3_41_35_58262",4,157,894,1249,3143,1801020103,"18010101","OEC","RaPIPOm_fpl_1801020103","RaPIPOm","RaPIPOm_fpl",55,"fpl","RaPIPOm","RaPIPOm_fpl","Dry Ponderosa Pine - Mesic",1
"3_41_35_81330",4,157,894,1249,1415,1801020103,"18010101","OEC","RaPIPOm_fpl_1801020103","RaPIPOm","RaPIPOm_fpl",55,"fpl","RaPIPOm","RaPIPOm_fpl","Dry Ponderosa Pine - Mesic",1
"3_41_35_93331",4,157,894,1249,1706,1801020103,"18010101","OEC","RaPIPOm_fpl_1801020103","RaPIPOm","RaPIPOm_fpl",55,"fpl","RaPIPOm","RaPIPOm_fpl","Dry Ponderosa Pine - Mesic",1
"3_41_35_59772",4,157,895,2322,893,1801020104,"18010101","OEC","RaSPFI_fmz_OEC","RaSPFI","RaSPFI_fmz",26,"fmz","RaSPFI","RaSPFI_fmz","Spruce - Fir",4
"3_41_35_59550",4,157,895,2204,1075,1801020104,"18010101","OEC","RaREFI_frf_18010201","RaREFI","RaREFI_frf",12,"frf","RaREFI","RaREFI_frf","Red Fir",3
"3_41_35_67895",4,157,895,1164,1389,1801020104,"18010101","OEC","RaPIPOm_fpl_1801020104","RaPIPOm","RaPIPOm_fpl",55,"fpl","RaPIPOm","RaPIPOm_fpl","Dry Ponderosa Pine - Mesic",1
"3_41_35_81293",4,157,895,2324,1176,1801020104,"18010101","OEC","Na0710412_fmh_OEC","Na0710412","Na0710412_fmh",4,"fmh","Na0710412","Na0710412_fmh","North Pacific Mountain Hemlock Forest - Xeric",5
"3_41_35_62041",4,157,895,2200,1350,1801020104,"18010101","OEC","RaMCONms_fmm_18010201","RaMCONms","RaMCONms_fmm",27,"fmm","RaMCONms","RaMCONms_fmm","Mixed Conifer - Eastside Mesic",3
"3_41_35_77335",4,157,895,2200,936,1801020104,"18010101","OEC","RaMCONms_fmm_18010201","RaMCONms","RaMCONms_fmm",27,"fmm","RaMCONms","RaMCONms_fmm","Mixed Conifer - Eastside Mesic",3
"3_41_35_62900",4,157,895,2200,969,1801020104,"18010101","OEC","RaMCONms_fmm_18010201","RaMCONms","RaMCONms_fmm",27,"fmm","RaMCONms","RaMCONms_fmm","Mixed Conifer - Eastside Mesic",3
"3_41_35_60265",4,157,895,2200,871,1801020104,"18010101","OEC","RaMCONms_fmm_18010201","RaMCONms","RaMCONms_fmm",27,"fmm","RaMCONms","RaMCONms_fmm","Mixed Conifer - Eastside Mesic",3
"3_41_35_97639",4,157,895,1164,896,1801020104,"18010101","OEC","RaPIPOm_fpl_1801020104","RaPIPOm","RaPIPOm_fpl",55,"fpl","RaPIPOm","RaPIPOm_fpl","Dry Ponderosa Pine - Mesic",1
"3_41_35_57963",4,157,895,2200,1099,1801020104,"18010101","OEC","RaMCONms_fmm_18010201","RaMCONms","RaMCONms_fmm",27,"fmm","RaMCONms","RaMCONms_fmm","Mixed Conifer - Eastside Mesic",3
"3_41_35_65565",4,157,896,1317,900,1801020105,"18010101","OEC","RaPIPOm_fpl_1801020105","RaPIPOm","RaPIPOm_fpl",55,"fpl","RaPIPOm","RaPIPOm_fpl","Dry Ponderosa Pine - Mesic",1
"3_41_35_87689",4,157,897,2200,2863,1801020106,"18010101","OEC","RaMCONms_fmm_18010201","RaMCONms","RaMCONms_fmm",27,"fmm","RaMCONms","RaMCONms_fmm","Mixed Conifer - Eastside Mesic",3
"3_41_35_78099",4,159,905,1319,1795,1801020301,"18010202","OEC","RaMCONdy_fmd_1801020301","RaMCONdy","RaMCONdy_fmd",28,"fmd","RaMCONdy","RaMCONdy_fmd","Mixed Conifer - Eastside Dry",1
"3_41_35_62365",4,157,897,2340,1409,1801020106,"18010101","OEC","RaPICOpu_flw_OEC","RaPICOpu","RaPICOpu_flw",50,"flw","RaPICOpu","RaPICOpu_flw","Lodgepole Pine - Pumice Soils",4
"3_41_35_62857",4,157,897,2340,1686,1801020106,"18010101","OEC","RaPICOpu_flw_OEC","RaPICOpu","RaPICOpu_flw",50,"flw","RaPICOpu","RaPICOpu_flw","Lodgepole Pine - Pumice Soils",4
"3_41_35_78349",4,157,897,1357,1709,1801020106,"18010101","OEC","RaMCONdy_fmx_1801020106","RaMCONdy","RaMCONdy_fmx",29,"fmx","RaMCONdy","RaMCONdy_fmx","Mixed Conifer - Eastside Dry",1
"3_41_35_75695",4,159,905,2239,2507,1801020301,"18010202","OEC","RaPIPOxe_fpd_18010203","RaPIPOxe","RaPIPOxe_fpd",53,"fpd","RaPIPOxe","RaPIPOxe_fpd","Ponderosa Pine - Xeric",3
"3_41_35_61747",4,159,907,2234,1478,1801020303,"18010202","OEC","RaMCONms_fmm_18010203","RaMCONms","RaMCONms_fmm",27,"fmm","RaMCONms","RaMCONms_fmm","Mixed Conifer - Eastside Mesic",3
"5_53_61_81438",11,133,753,1828,1305,1711000803,"17110007","WNC","RaDFHEdy_fwi_17110008","RaDFHEdy","RaDFHEdy_fwi",31,"fwi","RaDFHEdy","RaDFHEdy_fwi","Douglas-fir Hemlock-Dry Mesic",3
"5_53_61_83861",13,136,768,1839,1013,1711001102,"17110010","WWC","RaDFHEdy_fwi_17110011","RaDFHEdy","RaDFHEdy_fwi",31,"fwi","RaDFHEdy","RaDFHEdy_fwi","Douglas-fir Hemlock-Dry Mesic",3
"5_53_73_96948",11,129,732,2282,1296,1711000402,"17110003","WNC","RaDFHEwt_fwm_WNC","RaDFHEwt","RaDFHEwt_fwm",33,"fwm","RaDFHEwt","RaDFHEwt_fwm","Douglas-fir Hemlock-Wet Mesic",5
"5_53_61_92174",13,136,768,1839,705,1711001102,"17110010","WWC","RaDFHEdy_fwi_17110011","RaDFHEdy","RaDFHEdy_fwi",31,"fwi","RaDFHEdy","RaDFHEdy_fwi","Douglas-fir Hemlock-Dry Mesic",3
"5_53_73_57516",11,129,732,2282,1338,1711000402,"17110003","WNC","RaDFHEwt_fwm_WNC","RaDFHEwt","RaDFHEwt_fwm",33,"fwm","RaDFHEwt","RaDFHEwt_fwm","Douglas-fir Hemlock-Wet Mesic",5
"5_53_53_83677",13,139,779,1917,1373,1711001404,"17110013","WWC","RaDFHEdy_fwi_17110014","RaDFHEdy","RaDFHEdy_fwi",31,"fwi","RaDFHEdy","RaDFHEdy_fwi","Douglas-fir Hemlock-Dry Mesic",3
"5_53_33_60597",13,139,779,1917,406,1711001404,"17110013","WWC","RaDFHEdy_fwi_17110014","RaDFHEdy","RaDFHEdy_fwi",31,"fwi","RaDFHEdy","RaDFHEdy_fwi","Douglas-fir Hemlock-Dry Mesic",3
"5_53_53_58816",13,139,776,1918,1581,1711001401,"17110013","WWC","RaDFHEdy_fdg_17110014","RaDFHEdy","RaDFHEdy_fdg",24,"fdg","RaDFHEdy","RaDFHEdy_fdg","Douglas-fir Hemlock-Dry Mesic",3
"5_53_53_64137",13,139,777,1917,891,1711001402,"17110013","WWC","RaDFHEdy_fwi_17110014","RaDFHEdy","RaDFHEdy_fwi",31,"fwi","RaDFHEdy","RaDFHEdy_fwi","Douglas-fir Hemlock-Dry Mesic",3
"5_53_73_89030",11,129,734,2282,1072,1711000404,"17110003","WNC","RaDFHEwt_fwm_WNC","RaDFHEwt","RaDFHEwt_fwm",33,"fwm","RaDFHEwt","RaDFHEwt_fwm","Douglas-fir Hemlock-Wet Mesic",5
"7_53_41_66946",13,140,781,1926,1512,1711001501,"17110014","WWC","RaDFHEdy_fwi_17110015","RaDFHEdy","RaDFHEdy_fwi",31,"fwi","RaDFHEdy","RaDFHEdy_fwi","Douglas-fir Hemlock-Dry Mesic",3
"7_53_41_79950",13,140,781,2292,1095,1711001501,"17110014","WWC","RaDFHEwt_fwm_WWC","RaDFHEwt","RaDFHEwt_fwm",33,"fwm","RaDFHEwt","RaDFHEwt_fwm","Douglas-fir Hemlock-Wet Mesic",5
"7_53_41_65635",13,140,781,1936,2304,1711001501,"17110014","WWC","RaABAMlw_fsi_17110015","RaABAMlw","RaABAMlw_fsi",14,"fsi","RaABAMlw","RaABAMlw_fsi","Pacific Silver Fir - Low Elevation",3
"7_53_41_56848",13,140,781,1936,944,1711001501,"17110014","WWC","RaABAMlw_fsi_17110015","RaABAMlw","RaABAMlw_fsi",14,"fsi","RaABAMlw","RaABAMlw_fsi","Pacific Silver Fir - Low Elevation",3
"7_53_41_73727",13,82,475,1940,1287,1708000405,"17080003A","WWC","RaABAMlw_fsi_17080004","RaABAMlw","RaABAMlw_fsi",14,"fsi","RaABAMlw","RaABAMlw_fsi","Pacific Silver Fir - Low Elevation",3
"7_53_41_84316",13,83,477,2292,683,1708000502,"17080004","WWC","RaDFHEwt_fwm_WWC","RaDFHEwt","RaDFHEwt_fwm",33,"fwm","RaDFHEwt","RaDFHEwt_fwm","Douglas-fir Hemlock-Wet Mesic",5
"7_53_41_84458",13,82,475,1941,1571,1708000405,"17080003A","WWC","RaDFHEdy_fwi_17080004","RaDFHEdy","RaDFHEdy_fwi",31,"fwi","RaDFHEdy","RaDFHEdy_fwi","Douglas-fir Hemlock-Dry Mesic",3
"7_53_41_52258",13,82,474,1940,1136,1708000404,"17080003A","WWC","RaABAMlw_fsi_17080004","RaABAMlw","RaABAMlw_fsi",14,"fsi","RaABAMlw","RaABAMlw_fsi","Pacific Silver Fir - Low Elevation",3
"7_53_41_96378",13,82,474,1940,839,1708000404,"17080003A","WWC","RaABAMlw_fsi_17080004","RaABAMlw","RaABAMlw_fsi",14,"fsi","RaABAMlw","RaABAMlw_fsi","Pacific Silver Fir - Low Elevation",3
"7_53_59_96150",13,82,474,1940,1746,1708000404,"17080003A","WWC","RaABAMlw_fsi_17080004","RaABAMlw","RaABAMlw_fsi",14,"fsi","RaABAMlw","RaABAMlw_fsi","Pacific Silver Fir - Low Elevation",3
"7_53_59_70623",13,83,479,1949,1117,1708000504,"17080004","WWC","RaABAMlw_fsi_17080005","RaABAMlw","RaABAMlw_fsi",14,"fsi","RaABAMlw","RaABAMlw_fsi","Pacific Silver Fir - Low Elevation",3
"7_53_59_63042",13,78,460,1970,898,1708000202,"17080001A","WWC","RaABAMlw_fsi_17080002","RaABAMlw","RaABAMlw_fsi",14,"fsi","RaABAMlw","RaABAMlw_fsi","Pacific Silver Fir - Low Elevation",3
"7_53_59_77598",13,78,460,1970,1291,1708000202,"17080001A","WWC","RaABAMlw_fsi_17080002","RaABAMlw","RaABAMlw_fsi",14,"fsi","RaABAMlw","RaABAMlw_fsi","Pacific Silver Fir - Low Elevation",3
"7_53_59_95664",13,78,460,1970,1781,1708000202,"17080001A","WWC","RaABAMlw_fsi_17080002","RaABAMlw","RaABAMlw_fsi",14,"fsi","RaABAMlw","RaABAMlw_fsi","Pacific Silver Fir - Low Elevation",3
"7_53_59_83509",13,78,460,1973,634,1708000202,"17080001A","WWC","RaDFHEdy_fwi_17080002","RaDFHEdy","RaDFHEdy_fwi",31,"fwi","RaDFHEdy","RaDFHEdy_fwi","Douglas-fir Hemlock-Dry Mesic",3
"7_53_59_55862",13,78,460,2303,1098,1708000202,"17080001A","WWC","RaABAMup_fst_WWC","RaABAMup","RaABAMup_fst",13,"fst","RaABAMup","RaABAMup_fst","Pacific Silver Fir - High Elevation",5
"7_53_59_99854",13,78,460,2303,1213,1708000202,"17080001A","WWC","RaABAMup_fst_WWC","RaABAMup","RaABAMup_fst",13,"fst","RaABAMup","RaABAMup_fst","Pacific Silver Fir - High Elevation",5
"7_53_59_54040",13,78,460,1970,921,1708000202,"17080001A","WWC","RaABAMlw_fsi_17080002","RaABAMlw","RaABAMlw_fsi",14,"fsi","RaABAMlw","RaABAMlw_fsi","Pacific Silver Fir - Low Elevation",3
"7_53_59_85117",13,78,460,1970,1969,1708000202,"17080001A","WWC","RaABAMlw_fsi_17080002","RaABAMlw","RaABAMlw_fsi",14,"fsi","RaABAMlw","RaABAMlw_fsi","Pacific Silver Fir - Low Elevation",3
"7_53_59_59481",13,78,460,1970,1276,1708000202,"17080001A","WWC","RaABAMlw_fsi_17080002","RaABAMlw","RaABAMlw_fsi",14,"fsi","RaABAMlw","RaABAMlw_fsi","Pacific Silver Fir - Low Elevation",3
"7_53_59_93666",13,78,460,2292,923,1708000202,"17080001A","WWC","RaDFHEwt_fwm_WWC","RaDFHEwt","RaDFHEwt_fwm",33,"fwm","RaDFHEwt","RaDFHEwt_fwm","Douglas-fir Hemlock-Wet Mesic",5
"7_53_59_56907",13,78,460,1972,1853,1708000202,"17080001A","WWC","RaABAMlw_fwc_17080002","RaABAMlw","RaABAMlw_fwc",35,"fwc","RaABAMlw","RaABAMlw_fwc","Pacific Silver Fir - Low Elevation",3
"7_53_59_99860",13,78,461,1970,1689,1708000203,"17080001A","WWC","RaABAMlw_fsi_17080002","RaABAMlw","RaABAMlw_fsi",14,"fsi","RaABAMlw","RaABAMlw_fsi","Pacific Silver Fir - Low Elevation",3
"7_53_59_53371",13,78,461,1970,2020,1708000203,"17080001A","WWC","RaABAMlw_fsi_17080002","RaABAMlw","RaABAMlw_fsi",14,"fsi","RaABAMlw","RaABAMlw_fsi","Pacific Silver Fir - Low Elevation",3
"7_53_59_65847",13,61,337,1989,754,1707010510,"17070105A","WWC","RaABAMlw_fsi_17070105C","RaABAMlw","RaABAMlw_fsi",14,"fsi","RaABAMlw","RaABAMlw_fsi","Pacific Silver Fir - Low Elevation",3
"7_53_59_64878",13,61,337,1993,649,1707010510,"17070105A","WWC","RaDFHEdy_fwi_17070105C","RaDFHEdy","RaDFHEdy_fwi",31,"fwi","RaDFHEdy","RaDFHEdy_fwi","Douglas-fir Hemlock-Dry Mesic",3
"7_53_59_80478",13,61,337,1989,1115,1707010510,"17070105A","WWC","RaABAMlw_fsi_17070105C","RaABAMlw","RaABAMlw_fsi",14,"fsi","RaABAMlw","RaABAMlw_fsi","Pacific Silver Fir - Low Elevation",3
"7_53_59_62947",13,61,337,1989,1817,1707010510,"17070105A","WWC","RaABAMlw_fsi_17070105C","RaABAMlw","RaABAMlw_fsi",14,"fsi","RaABAMlw","RaABAMlw_fsi","Pacific Silver Fir - Low Elevation",3
"7_53_59_79321",13,61,337,1993,1392,1707010510,"17070105A","WWC","RaDFHEdy_fwi_17070105C","RaDFHEdy","RaDFHEdy_fwi",31,"fwi","RaDFHEdy","RaDFHEdy_fwi","Douglas-fir Hemlock-Dry Mesic",3
"7_53_59_58587",13,61,337,1989,1898,1707010510,"17070105A","WWC","RaABAMlw_fsi_17070105C","RaABAMlw","RaABAMlw_fsi",14,"fsi","RaABAMlw","RaABAMlw_fsi","Pacific Silver Fir - Low Elevation",3
"7_53_59_67172",13,61,337,1989,2385,1707010510,"17070105A","WWC","RaABAMlw_fsi_17070105C","RaABAMlw","RaABAMlw_fsi",14,"fsi","RaABAMlw","RaABAMlw_fsi","Pacific Silver Fir - Low Elevation",3
"7_53_59_89166",13,61,339,2292,1462,1707010512,"17070105A","WWC","RaDFHEwt_fwm_WWC","RaDFHEwt","RaDFHEwt_fwm",33,"fwm","RaDFHEwt","RaDFHEwt_fwm","Douglas-fir Hemlock-Wet Mesic",5
"7_53_59_66935",13,77,458,2011,1663,1708000108,"17080001B","WWC","RaDFHEdy_fwi_17080001A","RaDFHEdy","RaDFHEdy_fwi",31,"fwi","RaDFHEdy","RaDFHEdy_fwi","Douglas-fir Hemlock-Dry Mesic",3
"7_53_59_70324",13,77,458,2293,583,1708000108,"17080001B","WWC","RaDFHEwt_fww_WWC","RaDFHEwt","RaDFHEwt_fww",34,"fww","RaDFHEwt","RaDFHEwt_fww","Douglas-fir Hemlock-Wet Mesic",5
"0_41_51_52611",13,77,458,2011,1152,1708000108,"17080001B","WWC","RaDFHEdy_fwi_17080001A","RaDFHEdy","RaDFHEdy_fwi",31,"fwi","RaDFHEdy","RaDFHEdy_fwi","Douglas-fir Hemlock-Dry Mesic",3
"0_41_51_67803",7,76,455,2026,2942,1708000105,"17070307","OWC","RaABAMlw_fsi_17080001B","RaABAMlw","RaABAMlw_fsi",14,"fsi","RaABAMlw","RaABAMlw_fsi","Pacific Silver Fir - Low Elevation",3
"0_41_51_83621",7,76,455,2026,1694,1708000105,"17070307","OWC","RaABAMlw_fsi_17080001B","RaABAMlw","RaABAMlw_fsi",14,"fsi","RaABAMlw","RaABAMlw_fsi","Pacific Silver Fir - Low Elevation",3
"0_41_51_66357",7,76,455,2026,3072,1708000105,"17070307","OWC","RaABAMlw_fsi_17080001B","RaABAMlw","RaABAMlw_fsi",14,"fsi","RaABAMlw","RaABAMlw_fsi","Pacific Silver Fir - Low Elevation",3
"0_41_51_97721",7,76,455,2329,2923,1708000105,"17070307","OWC","RaDFHEwt_fwm_OWC","RaDFHEwt","RaDFHEwt_fwm",33,"fwm","RaDFHEwt","RaDFHEwt_fwm","Douglas-fir Hemlock-Wet Mesic",5
"5_53_73_80519",11,129,734,2282,1674,1711000404,"17110003","WNC","RaDFHEwt_fwm_WNC","RaDFHEwt","RaDFHEwt_fwm",33,"fwm","RaDFHEwt","RaDFHEwt_fwm","Douglas-fir Hemlock-Wet Mesic",5
"0_41_51_95519",7,76,455,2026,2008,1708000105,"17070307","OWC","RaABAMlw_fsi_17080001B","RaABAMlw","RaABAMlw_fsi",14,"fsi","RaABAMlw","RaABAMlw_fsi","Pacific Silver Fir - Low Elevation",3
"0_41_5_64140",7,76,455,2026,1299,1708000105,"17070307","OWC","RaABAMlw_fsi_17080001B","RaABAMlw","RaABAMlw_fsi",14,"fsi","RaABAMlw","RaABAMlw_fsi","Pacific Silver Fir - Low Elevation",3
"0_41_5_69659",7,76,455,2026,2376,1708000105,"17070307","OWC","RaABAMlw_fsi_17080001B","RaABAMlw","RaABAMlw_fsi",14,"fsi","RaABAMlw","RaABAMlw_fsi","Pacific Silver Fir - Low Elevation",3
"0_41_5_69458",7,76,455,2026,1230,1708000105,"17070307","OWC","RaABAMlw_fsi_17080001B","RaABAMlw","RaABAMlw_fsi",14,"fsi","RaABAMlw","RaABAMlw_fsi","Pacific Silver Fir - Low Elevation",3
"0_41_5_70577",7,76,453,2329,1263,1708000103,"17070307","OWC","RaDFHEwt_fwm_OWC","RaDFHEwt","RaDFHEwt_fwm",33,"fwm","RaDFHEwt","RaDFHEwt_fwm","Douglas-fir Hemlock-Wet Mesic",5
"0_41_5_55784",7,76,453,2026,1864,1708000103,"17070307","OWC","RaABAMlw_fsi_17080001B","RaABAMlw","RaABAMlw_fsi",14,"fsi","RaABAMlw","RaABAMlw_fsi","Pacific Silver Fir - Low Elevation",3
"0_41_5_94310",7,76,453,2329,836,1708000103,"17070307","OWC","RaDFHEwt_fwm_OWC","RaDFHEwt","RaDFHEwt_fwm",33,"fwm","RaDFHEwt","RaDFHEwt_fwm","Douglas-fir Hemlock-Wet Mesic",5
"0_41_5_60759",7,76,453,2026,2051,1708000103,"17070307","OWC","RaABAMlw_fsi_17080001B","RaABAMlw","RaABAMlw_fsi",14,"fsi","RaABAMlw","RaABAMlw_fsi","Pacific Silver Fir - Low Elevation",3
"0_41_5_88974",7,97,555,2044,1435,1709001104,"17090010","OWC","RaABAMlw_fsi_17090011","RaABAMlw","RaABAMlw_fsi",14,"fsi","RaABAMlw","RaABAMlw_fsi","Pacific Silver Fir - Low Elevation",3
"0_41_5_76095",7,97,555,2044,925,1709001104,"17090010","OWC","RaABAMlw_fsi_17090011","RaABAMlw","RaABAMlw_fsi",14,"fsi","RaABAMlw","RaABAMlw_fsi","Pacific Silver Fir - Low Elevation",3
"0_41_5_91421",7,97,555,2044,1560,1709001104,"17090010","OWC","RaABAMlw_fsi_17090011","RaABAMlw","RaABAMlw_fsi",14,"fsi","RaABAMlw","RaABAMlw_fsi","Pacific Silver Fir - Low Elevation",3
"0_41_5_56001",7,97,554,2331,827,1709001103,"17090010","OWC","Na0710412_fmc_OWC","Na0710412","Na0710412_fmc",7,"fmc","Na0710412","Na0710412_fmc","North Pacific Mountain Hemlock Forest - Xeric",5
"0_41_5_96367",7,97,554,2032,760,1709001103,"17090010","OWC","RaDFHEdy_fwi_17090011","RaDFHEdy","RaDFHEdy_fwi",31,"fwi","RaDFHEdy","RaDFHEdy_fwi","Douglas-fir Hemlock-Dry Mesic",3
"0_41_5_62673",7,97,554,2032,1476,1709001103,"17090010","OWC","RaDFHEdy_fwi_17090011","RaDFHEdy","RaDFHEdy_fwi",31,"fwi","RaDFHEdy","RaDFHEdy_fwi","Douglas-fir Hemlock-Dry Mesic",3
"0_41_5_99177",7,97,553,2032,1108,1709001102,"17090010","OWC","RaDFHEdy_fwi_17090011","RaDFHEdy","RaDFHEdy_fwi",31,"fwi","RaDFHEdy","RaDFHEdy_fwi","Douglas-fir Hemlock-Dry Mesic",3
"0_41_5_55819",7,97,553,2032,1165,1709001102,"17090010","OWC","RaDFHEdy_fwi_17090011","RaDFHEdy","RaDFHEdy_fwi",31,"fwi","RaDFHEdy","RaDFHEdy_fwi","Douglas-fir Hemlock-Dry Mesic",3
"0_41_5_85876",7,97,553,2032,938,1709001102,"17090010","OWC","RaDFHEdy_fwi_17090011","RaDFHEdy","RaDFHEdy_fwi",31,"fwi","RaDFHEdy","RaDFHEdy_fwi","Douglas-fir Hemlock-Dry Mesic",3
"0_41_5_93313",7,97,553,2331,909,1709001102,"17090010","OWC","Na0710412_fmc_OWC","Na0710412","Na0710412_fmc",7,"fmc","Na0710412","Na0710412_fmc","North Pacific Mountain Hemlock Forest - Xeric",5
"0_41_5_89930",7,97,553,2331,835,1709001102,"17090010","OWC","Na0710412_fmc_OWC","Na0710412","Na0710412_fmc",7,"fmc","Na0710412","Na0710412_fmc","North Pacific Mountain Hemlock Forest - Xeric",5
"0_41_5_85525",7,97,553,2331,1556,1709001102,"17090010","OWC","Na0710412_fmc_OWC","Na0710412","Na0710412_fmc",7,"fmc","Na0710412","Na0710412_fmc","North Pacific Mountain Hemlock Forest - Xeric",5
"0_41_5_94492",7,97,552,2044,758,1709001101,"17090010","OWC","RaABAMlw_fsi_17090011","RaABAMlw","RaABAMlw_fsi",14,"fsi","RaABAMlw","RaABAMlw_fsi","Pacific Silver Fir - Low Elevation",3
"0_41_5_78897",7,97,553,2331,1626,1709001102,"17090010","OWC","Na0710412_fmc_OWC","Na0710412","Na0710412_fmc",7,"fmc","Na0710412","Na0710412_fmc","North Pacific Mountain Hemlock Forest - Xeric",5
"0_41_5_94466",7,97,552,2046,955,1709001101,"17090010","OWC","RaABAMlw_fsw_17090011","RaABAMlw","RaABAMlw_fsw",16,"fsw","RaABAMlw","RaABAMlw_fsw","Pacific Silver Fir - Low Elevation",3
"0_41_5_64603",7,97,552,2046,1110,1709001101,"17090010","OWC","RaABAMlw_fsw_17090011","RaABAMlw","RaABAMlw_fsw",16,"fsw","RaABAMlw","RaABAMlw_fsw","Pacific Silver Fir - Low Elevation",3
"0_41_5_67248",7,97,552,2331,764,1709001101,"17090010","OWC","Na0710412_fmc_OWC","Na0710412","Na0710412_fmc",7,"fmc","Na0710412","Na0710412_fmc","North Pacific Mountain Hemlock Forest - Xeric",5
"0_41_47_64517",7,97,552,2044,1094,1709001101,"17090010","OWC","RaABAMlw_fsi_17090011","RaABAMlw","RaABAMlw_fsi",14,"fsi","RaABAMlw","RaABAMlw_fsi","Pacific Silver Fir - Low Elevation",3
"0_41_5_63350",7,97,552,2044,1507,1709001101,"17090010","OWC","RaABAMlw_fsi_17090011","RaABAMlw","RaABAMlw_fsi",14,"fsi","RaABAMlw","RaABAMlw_fsi","Pacific Silver Fir - Low Elevation",3
"0_41_47_71701",7,97,552,2044,1492,1709001101,"17090010","OWC","RaABAMlw_fsi_17090011","RaABAMlw","RaABAMlw_fsi",14,"fsi","RaABAMlw","RaABAMlw_fsi","Pacific Silver Fir - Low Elevation",3
"0_41_47_51760",7,91,516,2076,1384,1709000501,"17090004","OWC","RaDFHEdy_fwi_17090005","RaDFHEdy","RaDFHEdy_fwi",31,"fwi","RaDFHEdy","RaDFHEdy_fwi","Douglas-fir Hemlock-Dry Mesic",3
"0_41_47_64684",7,91,516,2076,1101,1709000501,"17090004","OWC","RaDFHEdy_fwi_17090005","RaDFHEdy","RaDFHEdy_fwi",31,"fwi","RaDFHEdy","RaDFHEdy_fwi","Douglas-fir Hemlock-Dry Mesic",3
"0_41_47_82512",7,91,516,2076,1741,1709000501,"17090004","OWC","RaDFHEdy_fwi_17090005","RaDFHEdy","RaDFHEdy_fwi",31,"fwi","RaDFHEdy","RaDFHEdy_fwi","Douglas-fir Hemlock-Dry Mesic",3
"0_41_47_84086",7,91,516,2075,1093,1709000501,"17090004","OWC","RaABAMlw_fsi_17090005","RaABAMlw","RaABAMlw_fsi",14,"fsi","RaABAMlw","RaABAMlw_fsi","Pacific Silver Fir - Low Elevation",3
"0_41_47_76159",7,91,517,2075,1812,1709000502,"17090004","OWC","RaABAMlw_fsi_17090005","RaABAMlw","RaABAMlw_fsi",14,"fsi","RaABAMlw","RaABAMlw_fsi","Pacific Silver Fir - Low Elevation",3
"5_53_57_75040",11,132,749,2285,1158,1711000701,"17110006","WNC","RaABAMup_fst_WNC","RaABAMup","RaABAMup_fst",13,"fst","RaABAMup","RaABAMup_fst","Pacific Silver Fir - High Elevation",5
"1_41_43_89563",7,91,517,2076,2129,1709000502,"17090004","OWC","RaDFHEdy_fwi_17090005","RaDFHEdy","RaDFHEdy_fwi",31,"fwi","RaDFHEdy","RaDFHEdy_fwi","Douglas-fir Hemlock-Dry Mesic",3
"1_41_43_59067",7,91,517,2076,1454,1709000502,"17090004","OWC","RaDFHEdy_fwi_17090005","RaDFHEdy","RaDFHEdy_fwi",31,"fwi","RaDFHEdy","RaDFHEdy_fwi","Douglas-fir Hemlock-Dry Mesic",3
"1_41_43_52064",7,91,517,2076,2282,1709000502,"17090004","OWC","RaDFHEdy_fwi_17090005","RaDFHEdy","RaDFHEdy_fwi",31,"fwi","RaDFHEdy","RaDFHEdy_fwi","Douglas-fir Hemlock-Dry Mesic",3
"1_41_43_78850",7,91,517,2078,1178,1709000502,"17090004","OWC","RaABAMlw_fwc_17090005","RaABAMlw","RaABAMlw_fwc",35,"fwc","RaABAMlw","RaABAMlw_fwc","Pacific Silver Fir - Low Elevation",3
"1_41_43_75443",7,91,517,2078,1421,1709000502,"17090004","OWC","RaABAMlw_fwc_17090005","RaABAMlw","RaABAMlw_fwc",35,"fwc","RaABAMlw","RaABAMlw_fwc","Pacific Silver Fir - Low Elevation",3
"1_41_43_95195",7,91,517,2078,1504,1709000502,"17090004","OWC","RaABAMlw_fwc_17090005","RaABAMlw","RaABAMlw_fwc",35,"fwc","RaABAMlw","RaABAMlw_fwc","Pacific Silver Fir - Low Elevation",3
"1_41_43_84430",7,91,517,2075,1139,1709000502,"17090004","OWC","RaABAMlw_fsi_17090005","RaABAMlw","RaABAMlw_fsi",14,"fsi","RaABAMlw","RaABAMlw_fsi","Pacific Silver Fir - Low Elevation",3
"1_41_43_98559",7,91,517,2075,1103,1709000502,"17090004","OWC","RaABAMlw_fsi_17090005","RaABAMlw","RaABAMlw_fsi",14,"fsi","RaABAMlw","RaABAMlw_fsi","Pacific Silver Fir - Low Elevation",3
"1_41_43_58946",7,90,510,2108,1947,1709000402,"17090003B","OWC","RaABAMlw_fsi_17090004","RaABAMlw","RaABAMlw_fsi",14,"fsi","RaABAMlw","RaABAMlw_fsi","Pacific Silver Fir - Low Elevation",3
"1_41_43_73400",7,90,510,2108,1258,1709000402,"17090003B","OWC","RaABAMlw_fsi_17090004","RaABAMlw","RaABAMlw_fsi",14,"fsi","RaABAMlw","RaABAMlw_fsi","Pacific Silver Fir - Low Elevation",3
"1_41_43_71076",7,90,510,2108,1404,1709000402,"17090003B","OWC","RaABAMlw_fsi_17090004","RaABAMlw","RaABAMlw_fsi",14,"fsi","RaABAMlw","RaABAMlw_fsi","Pacific Silver Fir - Low Elevation",3
"5_53_57_98830",11,132,749,2282,2593,1711000701,"17110006","WNC","RaDFHEwt_fwm_WNC","RaDFHEwt","RaDFHEwt_fwm",33,"fwm","RaDFHEwt","RaDFHEwt_fwm","Douglas-fir Hemlock-Wet Mesic",5
"1_41_43_91960",7,90,510,811,1423,1709000402,"17090003B","OWC","RaMCONsw_fiw_1709000402","RaMCONsw","RaMCONsw_fiw",20,"fiw","RaMCONsw","RaMCONsw_fiw","Mixed Conifer - Southwest Oregon",1
"1_41_43_96141",7,90,510,2108,786,1709000402,"17090003B","OWC","RaABAMlw_fsi_17090004","RaABAMlw","RaABAMlw_fsi",14,"fsi","RaABAMlw","RaABAMlw_fsi","Pacific Silver Fir - Low Elevation",3
"1_41_43_96007",7,90,510,811,669,1709000402,"17090003B","OWC","RaMCONsw_fiw_1709000402","RaMCONsw","RaMCONsw_fiw",20,"fiw","RaMCONsw","RaMCONsw_fiw","Mixed Conifer - Southwest Oregon",1
"1_41_39_59724",7,90,510,811,1368,1709000402,"17090003B","OWC","RaMCONsw_fiw_1709000402","RaMCONsw","RaMCONsw_fiw",20,"fiw","RaMCONsw","RaMCONsw_fiw","Mixed Conifer - Southwest Oregon",1
"1_41_39_85376",7,90,510,2108,904,1709000402,"17090003B","OWC","RaABAMlw_fsi_17090004","RaABAMlw","RaABAMlw_fsi",14,"fsi","RaABAMlw","RaABAMlw_fsi","Pacific Silver Fir - Low Elevation",3
"1_41_39_67000",7,90,510,2108,897,1709000402,"17090003B","OWC","RaABAMlw_fsi_17090004","RaABAMlw","RaABAMlw_fsi",14,"fsi","RaABAMlw","RaABAMlw_fsi","Pacific Silver Fir - Low Elevation",3
"1_41_39_68210",7,90,510,811,733,1709000402,"17090003B","OWC","RaMCONsw_fiw_1709000402","RaMCONsw","RaMCONsw_fiw",20,"fiw","RaMCONsw","RaMCONsw_fiw","Mixed Conifer - Southwest Oregon",1
"1_41_39_70450",7,90,509,927,1235,1709000401,"17090003B","OWC","RaMCONsw_fiw_1709000401","RaMCONsw","RaMCONsw_fiw",20,"fiw","RaMCONsw","RaMCONsw_fiw","Mixed Conifer - Southwest Oregon",1
"1_41_39_87372",7,90,509,927,1538,1709000401,"17090003B","OWC","RaMCONsw_fiw_1709000401","RaMCONsw","RaMCONsw_fiw",20,"fiw","RaMCONsw","RaMCONsw_fiw","Mixed Conifer - Southwest Oregon",1
"1_41_39_73391",7,90,509,927,795,1709000401,"17090003B","OWC","RaMCONsw_fiw_1709000401","RaMCONsw","RaMCONsw_fiw",20,"fiw","RaMCONsw","RaMCONsw_fiw","Mixed Conifer - Southwest Oregon",1
"1_41_39_87839",7,90,509,2108,1008,1709000401,"17090003B","OWC","RaABAMlw_fsi_17090004","RaABAMlw","RaABAMlw_fsi",14,"fsi","RaABAMlw","RaABAMlw_fsi","Pacific Silver Fir - Low Elevation",3
"1_41_39_51412",7,90,511,2331,1228,1709000403,"17090003B","OWC","Na0710412_fmc_OWC","Na0710412","Na0710412_fmc",7,"fmc","Na0710412","Na0710412_fmc","North Pacific Mountain Hemlock Forest - Xeric",5
"3_41_17_80765",7,90,511,2331,1323,1709000403,"17090003B","OWC","Na0710412_fmc_OWC","Na0710412","Na0710412_fmc",7,"fmc","Na0710412","Na0710412_fmc","North Pacific Mountain Hemlock Forest - Xeric",5
"3_41_17_88789",4,67,387,2324,2283,1707030101,"17070204","OEC","Na0710412_fmh_OEC","Na0710412","Na0710412_fmh",4,"fmh","Na0710412","Na0710412_fmh","North Pacific Mountain Hemlock Forest - Xeric",5
"3_41_17_76646",4,67,387,2324,2347,1707030101,"17070204","OEC","Na0710412_fmh_OEC","Na0710412","Na0710412_fmh",4,"fmh","Na0710412","Na0710412_fmh","North Pacific Mountain Hemlock Forest - Xeric",5
"3_41_17_90565",4,67,387,2324,1287,1707030101,"17070204","OEC","Na0710412_fmh_OEC","Na0710412","Na0710412_fmh",4,"fmh","Na0710412","Na0710412_fmh","North Pacific Mountain Hemlock Forest - Xeric",5
"3_41_17_86882",4,67,387,2324,3007,1707030101,"17070204","OEC","Na0710412_fmh_OEC","Na0710412","Na0710412_fmh",4,"fmh","Na0710412","Na0710412_fmh","North Pacific Mountain Hemlock Forest - Xeric",5
"3_41_17_91726",4,67,387,2324,2373,1707030101,"17070204","OEC","Na0710412_fmh_OEC","Na0710412","Na0710412_fmh",4,"fmh","Na0710412","Na0710412_fmh","North Pacific Mountain Hemlock Forest - Xeric",5
"3_41_17_73630",4,67,387,2324,1647,1707030101,"17070204","OEC","Na0710412_fmh_OEC","Na0710412","Na0710412_fmh",4,"fmh","Na0710412","Na0710412_fmh","North Pacific Mountain Hemlock Forest - Xeric",5
"3_41_17_76809",4,67,388,2324,2695,1707030102,"17070204","OEC","Na0710412_fmh_OEC","Na0710412","Na0710412_fmh",4,"fmh","Na0710412","Na0710412_fmh","North Pacific Mountain Hemlock Forest - Xeric",5
"3_41_17_84974",4,67,388,2324,1177,1707030102,"17070204","OEC","Na0710412_fmh_OEC","Na0710412","Na0710412_fmh",4,"fmh","Na0710412","Na0710412_fmh","North Pacific Mountain Hemlock Forest - Xeric",5
"3_41_17_72019",4,67,388,2324,1173,1707030102,"17070204","OEC","Na0710412_fmh_OEC","Na0710412","Na0710412_fmh",4,"fmh","Na0710412","Na0710412_fmh","North Pacific Mountain Hemlock Forest - Xeric",5
"3_41_17_95027",4,67,388,2168,759,1707030102,"17070204","OEC","RaREFI_frf_17070301","RaREFI","RaREFI_frf",12,"frf","RaREFI","RaREFI_frf","Red Fir",3
"3_41_17_81258",4,67,388,2324,1645,1707030102,"17070204","OEC","Na0710412_fmh_OEC","Na0710412","Na0710412_fmh",4,"fmh","Na0710412","Na0710412_fmh","North Pacific Mountain Hemlock Forest - Xeric",5
"3_41_17_74974",4,67,388,2324,1876,1707030102,"17070204","OEC","Na0710412_fmh_OEC","Na0710412","Na0710412_fmh",4,"fmh","Na0710412","Na0710412_fmh","North Pacific Mountain Hemlock Forest - Xeric",5
"3_41_17_60626",4,67,388,2168,1232,1707030102,"17070204","OEC","RaREFI_frf_17070301","RaREFI","RaREFI_frf",12,"frf","RaREFI","RaREFI_frf","Red Fir",3
"3_41_35_78096",4,67,388,2324,1755,1707030102,"17070204","OEC","Na0710412_fmh_OEC","Na0710412","Na0710412_fmh",4,"fmh","Na0710412","Na0710412_fmh","North Pacific Mountain Hemlock Forest - Xeric",5
"5_53_57_84050",11,132,749,2285,2152,1711000701,"17110006","WNC","RaABAMup_fst_WNC","RaABAMup","RaABAMup_fst",13,"fst","RaABAMup","RaABAMup_fst","Pacific Silver Fir - High Elevation",5
"3_41_35_99175",4,67,388,2085,2128,1707030102,"17070204","OEC","RaMCONms_fmm_17070301","RaMCONms","RaMCONms_fmm",27,"fmm","RaMCONms","RaMCONms_fmm","Mixed Conifer - Eastside Mesic",3
"3_41_35_78437",4,68,399,2159,1196,1707030202,"17070301","OEC","RaMCONms_fmm_17070302","RaMCONms","RaMCONms_fmm",27,"fmm","RaMCONms","RaMCONms_fmm","Mixed Conifer - Eastside Mesic",3
"3_41_35_83110",4,68,399,2159,1701,1707030202,"17070301","OEC","RaMCONms_fmm_17070302","RaMCONms","RaMCONms_fmm",27,"fmm","RaMCONms","RaMCONms_fmm","Mixed Conifer - Eastside Mesic",3
"3_41_35_76756",4,68,399,2159,2688,1707030202,"17070301","OEC","RaMCONms_fmm_17070302","RaMCONms","RaMCONms_fmm",27,"fmm","RaMCONms","RaMCONms_fmm","Mixed Conifer - Eastside Mesic",3
"3_41_35_58716",4,68,398,2322,865,1707030201,"17070301","OEC","RaSPFI_fmz_OEC","RaSPFI","RaSPFI_fmz",26,"fmz","RaSPFI","RaSPFI_fmz","Spruce - Fir",4
"3_41_35_94521",4,68,399,2159,1089,1707030202,"17070301","OEC","RaMCONms_fmm_17070302","RaMCONms","RaMCONms_fmm",27,"fmm","RaMCONms","RaMCONms_fmm","Mixed Conifer - Eastside Mesic",3
"3_41_35_82373",4,68,398,2159,705,1707030201,"17070301","OEC","RaMCONms_fmm_17070302","RaMCONms","RaMCONms_fmm",27,"fmm","RaMCONms","RaMCONms_fmm","Mixed Conifer - Eastside Mesic",3
"3_41_35_99196",4,68,398,2322,724,1707030201,"17070301","OEC","RaSPFI_fmz_OEC","RaSPFI","RaSPFI_fmz",26,"fmz","RaSPFI","RaSPFI_fmz","Spruce - Fir",4
"3_41_35_65230",4,68,398,2159,1162,1707030201,"17070301","OEC","RaMCONms_fmm_17070302","RaMCONms","RaMCONms_fmm",27,"fmm","RaMCONms","RaMCONms_fmm","Mixed Conifer - Eastside Mesic",3
"3_41_35_85467",4,68,398,2164,1466,1707030201,"17070301","OEC","RaREFI_frf_17070302","RaREFI","RaREFI_frf",12,"frf","RaREFI","RaREFI_frf","Red Fir",3
"3_41_35_63232",4,68,398,2166,2797,1707030201,"17070301","OEC","RaSAWD_fal_17070302","RaSAWD","RaSAWD_fal",2,"fal","RaSAWD","RaSAWD_fal","Subalpine Woodland",3
"3_41_35_71169",4,68,398,2324,1590,1707030201,"17070301","OEC","Na0710412_fmh_OEC","Na0710412","Na0710412_fmh",4,"fmh","Na0710412","Na0710412_fmh","North Pacific Mountain Hemlock Forest - Xeric",5
"3_41_35_75542",4,157,893,2324,1919,1801020102,"18010101","OEC","Na0710412_fmh_OEC","Na0710412","Na0710412_fmh",4,"fmh","Na0710412","Na0710412_fmh","North Pacific Mountain Hemlock Forest - Xeric",5
"3_41_35_95836",4,157,893,2204,1719,1801020102,"18010101","OEC","RaREFI_frf_18010201","RaREFI","RaREFI_frf",12,"frf","RaREFI","RaREFI_frf","Red Fir",3
"3_41_35_80704",4,157,893,2204,1481,1801020102,"18010101","OEC","RaREFI_frf_18010201","RaREFI","RaREFI_frf",12,"frf","RaREFI","RaREFI_frf","Red Fir",3
"3_41_35_74203",4,157,893,1180,1648,1801020102,"18010101","OEC","RaPIPOm_fpl_1801020102","RaPIPOm","RaPIPOm_fpl",55,"fpl","RaPIPOm","RaPIPOm_fpl","Dry Ponderosa Pine - Mesic",1
"3_41_35_90136",4,157,893,1180,2022,1801020102,"18010101","OEC","RaPIPOm_fpl_1801020102","RaPIPOm","RaPIPOm_fpl",55,"fpl","RaPIPOm","RaPIPOm_fpl","Dry Ponderosa Pine - Mesic",1
"3_41_35_72174",4,157,893,1180,901,1801020102,"18010101","OEC","RaPIPOm_fpl_1801020102","RaPIPOm","RaPIPOm_fpl",55,"fpl","RaPIPOm","RaPIPOm_fpl","Dry Ponderosa Pine - Mesic",1
"5_53_57_82042",11,132,749,2285,819,1711000701,"17110006","WNC","RaABAMup_fst_WNC","RaABAMup","RaABAMup_fst",13,"fst","RaABAMup","RaABAMup_fst","Pacific Silver Fir - High Elevation",5
"3_41_35_67716",4,157,893,1180,1613,1801020102,"18010101","OEC","RaPIPOm_fpl_1801020102","RaPIPOm","RaPIPOm_fpl",55,"fpl","RaPIPOm","RaPIPOm_fpl","Dry Ponderosa Pine - Mesic",1
"3_41_35_65558",4,157,894,1249,2367,1801020103,"18010101","OEC","RaPIPOm_fpl_1801020103","RaPIPOm","RaPIPOm_fpl",55,"fpl","RaPIPOm","RaPIPOm_fpl","Dry Ponderosa Pine - Mesic",1
"3_41_35_95552",4,157,895,1164,1329,1801020104,"18010101","OEC","RaPIPOm_fpl_1801020104","RaPIPOm","RaPIPOm_fpl",55,"fpl","RaPIPOm","RaPIPOm_fpl","Dry Ponderosa Pine - Mesic",1
"3_41_35_98531",4,157,895,1164,1596,1801020104,"18010101","OEC","RaPIPOm_fpl_1801020104","RaPIPOm","RaPIPOm_fpl",55,"fpl","RaPIPOm","RaPIPOm_fpl","Dry Ponderosa Pine - Mesic",1
"3_41_35_59417",4,157,895,1164,3002,1801020104,"18010101","OEC","RaPIPOm_fpl_1801020104","RaPIPOm","RaPIPOm_fpl",55,"fpl","RaPIPOm","RaPIPOm_fpl","Dry Ponderosa Pine - Mesic",1
"3_41_35_87396",4,157,895,1164,830,1801020104,"18010101","OEC","RaPIPOm_fpl_1801020104","RaPIPOm","RaPIPOm_fpl",55,"fpl","RaPIPOm","RaPIPOm_fpl","Dry Ponderosa Pine - Mesic",1
"3_41_35_63162",4,157,896,1317,2803,1801020105,"18010101","OEC","RaPIPOm_fpl_1801020105","RaPIPOm","RaPIPOm_fpl",55,"fpl","RaPIPOm","RaPIPOm_fpl","Dry Ponderosa Pine - Mesic",1
"3_41_35_91408",4,157,896,1317,1818,1801020105,"18010101","OEC","RaPIPOm_fpl_1801020105","RaPIPOm","RaPIPOm_fpl",55,"fpl","RaPIPOm","RaPIPOm_fpl","Dry Ponderosa Pine - Mesic",1
"3_41_35_81668",4,157,897,2322,1340,1801020106,"18010101","OEC","RaSPFI_fmz_OEC","RaSPFI","RaSPFI_fmz",26,"fmz","RaSPFI","RaSPFI_fmz","Spruce - Fir",4
"5_53_57_68571",11,133,753,2285,723,1711000803,"17110007","WNC","RaABAMup_fst_WNC","RaABAMup","RaABAMup_fst",13,"fst","RaABAMup","RaABAMup_fst","Pacific Silver Fir - High Elevation",5
"3_41_35_53701",4,157,897,2200,1796,1801020106,"18010101","OEC","RaMCONms_fmm_18010201","RaMCONms","RaMCONms_fmm",27,"fmm","RaMCONms","RaMCONms_fmm","Mixed Conifer - Eastside Mesic",3
"3_41_35_61973",4,157,897,2200,1823,1801020106,"18010101","OEC","RaMCONms_fmm_18010201","RaMCONms","RaMCONms_fmm",27,"fmm","RaMCONms","RaMCONms_fmm","Mixed Conifer - Eastside Mesic",3
"3_41_35_99830",4,157,897,2200,1144,1801020106,"18010101","OEC","RaMCONms_fmm_18010201","RaMCONms","RaMCONms_fmm",27,"fmm","RaMCONms","RaMCONms_fmm","Mixed Conifer - Eastside Mesic",3
"3_41_35_77834",4,157,897,1357,1210,1801020106,"18010101","OEC","RaMCONdy_fmx_1801020106","RaMCONdy","RaMCONdy_fmx",29,"fmx","RaMCONdy","RaMCONdy_fmx","Mixed Conifer - Eastside Dry",1
"3_41_35_78620",4,157,897,2340,1443,1801020106,"18010101","OEC","RaPICOpu_flw_OEC","RaPICOpu","RaPICOpu_flw",50,"flw","RaPICOpu","RaPICOpu_flw","Lodgepole Pine - Pumice Soils",4
"3_41_35_70884",4,157,897,2205,2592,1801020106,"18010101","OEC","RaPIPOxe_fpd_18010201","RaPIPOxe","RaPIPOxe_fpd",53,"fpd","RaPIPOxe","RaPIPOxe_fpd","Ponderosa Pine - Xeric",3
"3_41_35_73676",4,159,905,2239,1571,1801020301,"18010202","OEC","RaPIPOxe_fpd_18010203","RaPIPOxe","RaPIPOxe_fpd",53,"fpd","RaPIPOxe","RaPIPOxe_fpd","Ponderosa Pine - Xeric",3
"3_41_35_87095",4,157,897,2205,987,1801020106,"18010101","OEC","RaPIPOxe_fpd_18010201","RaPIPOxe","RaPIPOxe_fpd",53,"fpd","RaPIPOxe","RaPIPOxe_fpd","Ponderosa Pine - Xeric",3
"5_53_57_79341",11,133,753,1828,1036,1711000803,"17110007","WNC","RaDFHEdy_fwi_17110008","RaDFHEdy","RaDFHEdy_fwi",31,"fwi","RaDFHEdy","RaDFHEdy_fwi","Douglas-fir Hemlock-Dry Mesic",3
"3_41_35_97116",4,159,907,2234,1652,1801020303,"18010202","OEC","RaMCONms_fmm_18010203","RaMCONms","RaMCONms_fmm",27,"fmm","RaMCONms","RaMCONms_fmm","Mixed Conifer - Eastside Mesic",3
"3_41_35_90495",4,160,915,2260,2000,1801020412,"18010203","OEC","RaPIPOxe_fxp_18010204","RaPIPOxe","RaPIPOxe_fxp",56,"fxp","RaPIPOxe","RaPIPOxe_fxp","Ponderosa Pine - Xeric",3
"3_41_35_96003",4,160,915,2260,660,1801020412,"18010203","OEC","RaPIPOxe_fxp_18010204","RaPIPOxe","RaPIPOxe_fxp",56,"fxp","RaPIPOxe","RaPIPOxe_fxp","Ponderosa Pine - Xeric",3
"3_41_35_76005",4,160,916,2260,270,1801020414,"18010203","OEC","RaPIPOxe_fxp_18010204","RaPIPOxe","RaPIPOxe_fxp",56,"fxp","RaPIPOxe","RaPIPOxe_fxp","Ponderosa Pine - Xeric",3
"5_53_57_67582",11,133,753,2285,886,1711000803,"17110007","WNC","RaABAMup_fst_WNC","RaABAMup","RaABAMup_fst",13,"fst","RaABAMup","RaABAMup_fst","Pacific Silver Fir - High Elevation",5
"5_53_61_89084",11,133,751,1829,937,1711000801,"17110007","WNC","RaDFHEdy_fdg_17110008","RaDFHEdy","RaDFHEdy_fdg",24,"fdg","RaDFHEdy","RaDFHEdy_fdg","Douglas-fir Hemlock-Dry Mesic",3
"5_53_61_88703",11,133,752,1828,1071,1711000802,"17110007","WNC","RaDFHEdy_fwi_17110008","RaDFHEdy","RaDFHEdy_fwi",31,"fwi","RaDFHEdy","RaDFHEdy_fwi","Douglas-fir Hemlock-Dry Mesic",3
"5_53_61_63955",13,136,768,1839,879,1711001102,"17110010","WWC","RaDFHEdy_fwi_17110011","RaDFHEdy","RaDFHEdy_fwi",31,"fwi","RaDFHEdy","RaDFHEdy_fwi","Douglas-fir Hemlock-Dry Mesic",3
"5_53_61_72763",13,136,767,1840,1586,1711001101,"17110010","WWC","RaDFHEdy_fdg_17110011","RaDFHEdy","RaDFHEdy_fdg",24,"fdg","RaDFHEdy","RaDFHEdy_fdg","Douglas-fir Hemlock-Dry Mesic",3
"5_53_61_67152",13,136,767,1839,983,1711001101,"17110010","WWC","RaDFHEdy_fwi_17110011","RaDFHEdy","RaDFHEdy_fwi",31,"fwi","RaDFHEdy","RaDFHEdy_fwi","Douglas-fir Hemlock-Dry Mesic",3
"5_53_33_94256",13,137,771,1873,1412,1711001203,"17110011","WWC","RaDFHEdy_fwi_17110012","RaDFHEdy","RaDFHEdy_fwi",31,"fwi","RaDFHEdy","RaDFHEdy_fwi","Douglas-fir Hemlock-Dry Mesic",3
"5_53_33_72951",13,137,771,1873,987,1711001203,"17110011","WWC","RaDFHEdy_fwi_17110012","RaDFHEdy","RaDFHEdy_fwi",31,"fwi","RaDFHEdy","RaDFHEdy_fwi","Douglas-fir Hemlock-Dry Mesic",3
"5_53_33_65825",13,137,770,2292,792,1711001202,"17110011","WWC","RaDFHEwt_fwm_WWC","RaDFHEwt","RaDFHEwt_fwm",33,"fwm","RaDFHEwt","RaDFHEwt_fwm","Douglas-fir Hemlock-Wet Mesic",5
"5_53_33_71263",13,137,770,2292,1737,1711001202,"17110011","WWC","RaDFHEwt_fwm_WWC","RaDFHEwt","RaDFHEwt_fwm",33,"fwm","RaDFHEwt","RaDFHEwt_fwm","Douglas-fir Hemlock-Wet Mesic",5
"5_53_33_54678",13,137,769,2292,843,1711001201,"17110011","WWC","RaDFHEwt_fwm_WWC","RaDFHEwt","RaDFHEwt_fwm",33,"fwm","RaDFHEwt","RaDFHEwt_fwm","Douglas-fir Hemlock-Wet Mesic",5
"5_53_33_75643",13,138,775,1899,807,1711001303,"17110012","WWC","RaDFHEdy_fwi_17110013","RaDFHEdy","RaDFHEdy_fwi",31,"fwi","RaDFHEdy","RaDFHEdy_fwi","Douglas-fir Hemlock-Dry Mesic",3
"5_53_73_74195",11,129,732,2282,621,1711000402,"17110003","WNC","RaDFHEwt_fwm_WNC","RaDFHEwt","RaDFHEwt_fwm",33,"fwm","RaDFHEwt","RaDFHEwt_fwm","Douglas-fir Hemlock-Wet Mesic",5
"5_53_33_51716",13,138,775,1899,1057,1711001303,"17110012","WWC","RaDFHEdy_fwi_17110013","RaDFHEdy","RaDFHEdy_fwi",31,"fwi","RaDFHEdy","RaDFHEdy_fwi","Douglas-fir Hemlock-Dry Mesic",3
"5_53_33_81801",13,139,779,1917,255,1711001404,"17110013","WWC","RaDFHEdy_fwi_17110014","RaDFHEdy","RaDFHEdy_fwi",31,"fwi","RaDFHEdy","RaDFHEdy_fwi","Douglas-fir Hemlock-Dry Mesic",3
"5_53_53_96528",13,139,776,1917,988,1711001401,"17110013","WWC","RaDFHEdy_fwi_17110014","RaDFHEdy","RaDFHEdy_fwi",31,"fwi","RaDFHEdy","RaDFHEdy_fwi","Douglas-fir Hemlock-Dry Mesic",3
"5_53_53_83640",13,139,776,1917,1936,1711001401,"17110013","WWC","RaDFHEdy_fwi_17110014","RaDFHEdy","RaDFHEdy_fwi",31,"fwi","RaDFHEdy","RaDFHEdy_fwi","Douglas-fir Hemlock-Dry Mesic",3
"5_53_53_50056",13,139,776,2292,1499,1711001401,"17110013","WWC","RaDFHEwt_fwm_WWC","RaDFHEwt","RaDFHEwt_fwm",33,"fwm","RaDFHEwt","RaDFHEwt_fwm","Douglas-fir Hemlock-Wet Mesic",5
"5_53_53_59952",13,139,777,1917,2474,1711001402,"17110013","WWC","RaDFHEdy_fwi_17110014","RaDFHEdy","RaDFHEdy_fwi",31,"fwi","RaDFHEdy","RaDFHEdy_fwi","Douglas-fir Hemlock-Dry Mesic",3
"5_53_53_89665",13,139,777,1917,1457,1711001402,"17110013","WWC","RaDFHEdy_fwi_17110014","RaDFHEdy","RaDFHEdy_fwi",31,"fwi","RaDFHEdy","RaDFHEdy_fwi","Douglas-fir Hemlock-Dry Mesic",3
"5_53_53_89982",13,139,777,1917,727,1711001402,"17110013","WWC","RaDFHEdy_fwi_17110014","RaDFHEdy","RaDFHEdy_fwi",31,"fwi","RaDFHEdy","RaDFHEdy_fwi","Douglas-fir Hemlock-Dry Mesic",3
"5_53_73_78657",11,129,733,2282,622,1711000403,"17110003","WNC","RaDFHEwt_fwm_WNC","RaDFHEwt","RaDFHEwt_fwm",33,"fwm","RaDFHEwt","RaDFHEwt_fwm","Douglas-fir Hemlock-Wet Mesic",5
"5_53_53_69355",13,140,782,2303,1046,1711001502,"17110014","WWC","RaABAMup_fst_WWC","RaABAMup","RaABAMup_fst",13,"fst","RaABAMup","RaABAMup_fst","Pacific Silver Fir - High Elevation",5
"5_53_53_64271",13,140,782,1926,810,1711001502,"17110014","WWC","RaDFHEdy_fwi_17110015","RaDFHEdy","RaDFHEdy_fwi",31,"fwi","RaDFHEdy","RaDFHEdy_fwi","Douglas-fir Hemlock-Dry Mesic",3
"7_53_41_77997",13,140,781,1936,1243,1711001501,"17110014","WWC","RaABAMlw_fsi_17110015","RaABAMlw","RaABAMlw_fsi",14,"fsi","RaABAMlw","RaABAMlw_fsi","Pacific Silver Fir - Low Elevation",3
"7_53_41_59931",13,140,781,1936,954,1711001501,"17110014","WWC","RaABAMlw_fsi_17110015","RaABAMlw","RaABAMlw_fsi",14,"fsi","RaABAMlw","RaABAMlw_fsi","Pacific Silver Fir - Low Elevation",3
"5_53_73_79758",11,129,733,2282,633,1711000403,"17110003","WNC","RaDFHEwt_fwm_WNC","RaDFHEwt","RaDFHEwt_fwm",33,"fwm","RaDFHEwt","RaDFHEwt_fwm","Douglas-fir Hemlock-Wet Mesic",5
"7_53_41_77628",13,82,474,1944,998,1708000404,"17080003A","WWC","RaABAMlw_fwc_17080004","RaABAMlw","RaABAMlw_fwc",35,"fwc","RaABAMlw","RaABAMlw_fwc","Pacific Silver Fir - Low Elevation",3
"7_53_41_68750",13,82,474,2292,996,1708000404,"17080003A","WWC","RaDFHEwt_fwm_WWC","RaDFHEwt","RaDFHEwt_fwm",33,"fwm","RaDFHEwt","RaDFHEwt_fwm","Douglas-fir Hemlock-Wet Mesic",5
"7_53_41_59437",13,82,474,1940,2057,1708000404,"17080003A","WWC","RaABAMlw_fsi_17080004","RaABAMlw","RaABAMlw_fsi",14,"fsi","RaABAMlw","RaABAMlw_fsi","Pacific Silver Fir - Low Elevation",3
"7_53_41_77055",13,82,474,2305,1905,1708000404,"17080003A","WWC","Na0710412_fmc_WWC","Na0710412","Na0710412_fmc",7,"fmc","Na0710412","Na0710412_fmc","North Pacific Mountain Hemlock Forest - Xeric",5
"7_53_59_58164",13,82,474,2305,2257,1708000404,"17080003A","WWC","Na0710412_fmc_WWC","Na0710412","Na0710412_fmc",7,"fmc","Na0710412","Na0710412_fmc","North Pacific Mountain Hemlock Forest - Xeric",5
"7_53_59_77939",13,82,474,1940,1522,1708000404,"17080003A","WWC","RaABAMlw_fsi_17080004","RaABAMlw","RaABAMlw_fsi",14,"fsi","RaABAMlw","RaABAMlw_fsi","Pacific Silver Fir - Low Elevation",3
"7_53_59_75756",13,82,474,1940,1771,1708000404,"17080003A","WWC","RaABAMlw_fsi_17080004","RaABAMlw","RaABAMlw_fsi",14,"fsi","RaABAMlw","RaABAMlw_fsi","Pacific Silver Fir - Low Elevation",3
"7_53_59_67149",13,82,474,1940,1406,1708000404,"17080003A","WWC","RaABAMlw_fsi_17080004","RaABAMlw","RaABAMlw_fsi",14,"fsi","RaABAMlw","RaABAMlw_fsi","Pacific Silver Fir - Low Elevation",3
"7_53_59_82450",13,82,474,1940,2337,1708000404,"17080003A","WWC","RaABAMlw_fsi_17080004","RaABAMlw","RaABAMlw_fsi",14,"fsi","RaABAMlw","RaABAMlw_fsi","Pacific Silver Fir - Low Elevation",3
"5_53_73_58077",11,129,734,2282,1004,1711000404,"17110003","WNC","RaDFHEwt_fwm_WNC","RaDFHEwt","RaDFHEwt_fwm",33,"fwm","RaDFHEwt","RaDFHEwt_fwm","Douglas-fir Hemlock-Wet Mesic",5
"7_53_59_90126",13,78,460,1970,2010,1708000202,"17080001A","WWC","RaABAMlw_fsi_17080002","RaABAMlw","RaABAMlw_fsi",14,"fsi","RaABAMlw","RaABAMlw_fsi","Pacific Silver Fir - Low Elevation",3
"7_53_59_86348",13,78,460,1970,2142,1708000202,"17080001A","WWC","RaABAMlw_fsi_17080002","RaABAMlw","RaABAMlw_fsi",14,"fsi","RaABAMlw","RaABAMlw_fsi","Pacific Silver Fir - Low Elevation",3
"7_53_59_88391",13,78,460,1970,1233,1708000202,"17080001A","WWC","RaABAMlw_fsi_17080002","RaABAMlw","RaABAMlw_fsi",14,"fsi","RaABAMlw","RaABAMlw_fsi","Pacific Silver Fir - Low Elevation",3
"7_53_59_65627",13,78,460,2303,2027,1708000202,"17080001A","WWC","RaABAMup_fst_WWC","RaABAMup","RaABAMup_fst",13,"fst","RaABAMup","RaABAMup_fst","Pacific Silver Fir - High Elevation",5
"7_53_59_54268",13,78,460,2303,520,1708000202,"17080001A","WWC","RaABAMup_fst_WWC","RaABAMup","RaABAMup_fst",13,"fst","RaABAMup","RaABAMup_fst","Pacific Silver Fir - High Elevation",5
"7_53_59_54799",13,78,460,2292,871,1708000202,"17080001A","WWC","RaDFHEwt_fwm_WWC","RaDFHEwt","RaDFHEwt_fwm",33,"fwm","RaDFHEwt","RaDFHEwt_fwm","Douglas-fir Hemlock-Wet Mesic",5
"7_53_59_60077",13,78,460,1970,1725,1708000202,"17080001A","WWC","RaABAMlw_fsi_17080002","RaABAMlw","RaABAMlw_fsi",14,"fsi","RaABAMlw","RaABAMlw_fsi","Pacific Silver Fir - Low Elevation",3
"7_53_59_82188",13,78,459,2292,1295,1708000201,"17080001A","WWC","RaDFHEwt_fwm_WWC","RaDFHEwt","RaDFHEwt_fwm",33,"fwm","RaDFHEwt","RaDFHEwt_fwm","Douglas-fir Hemlock-Wet Mesic",5
"7_53_59_94926",13,78,459,1973,1374,1708000201,"17080001A","WWC","RaDFHEdy_fwi_17080002","RaDFHEdy","RaDFHEdy_fwi",31,"fwi","RaDFHEdy","RaDFHEdy_fwi","Douglas-fir Hemlock-Dry Mesic",3
"7_53_59_97222",13,78,459,1970,1599,1708000201,"17080001A","WWC","RaABAMlw_fsi_17080002","RaABAMlw","RaABAMlw_fsi",14,"fsi","RaABAMlw","RaABAMlw_fsi","Pacific Silver Fir - Low Elevation",3
"5_53_73_52751",11,129,734,2285,2073,1711000404,"17110003","WNC","RaABAMup_fst_WNC","RaABAMup","RaABAMup_fst",13,"fst","RaABAMup","RaABAMup_fst","Pacific Silver Fir - High Elevation",5
"7_53_59_63994",13,78,459,1970,2670,1708000201,"17080001A","WWC","RaABAMlw_fsi_17080002","RaABAMlw","RaABAMlw_fsi",14,"fsi","RaABAMlw","RaABAMlw_fsi","Pacific Silver Fir - Low Elevation",3
"7_53_59_67377",13,61,337,1989,1718,1707010510,"17070105A","WWC","RaABAMlw_fsi_17070105C","RaABAMlw","RaABAMlw_fsi",14,"fsi","RaABAMlw","RaABAMlw_fsi","Pacific Silver Fir - Low Elevation",3
"7_53_59_89866",13,61,337,1989,778,1707010510,"17070105A","WWC","RaABAMlw_fsi_17070105C","RaABAMlw","RaABAMlw_fsi",14,"fsi","RaABAMlw","RaABAMlw_fsi","Pacific Silver Fir - Low Elevation",3
"7_53_59_70506",13,61,337,1989,979,1707010510,"17070105A","WWC","RaABAMlw_fsi_17070105C","RaABAMlw","RaABAMlw_fsi",14,"fsi","RaABAMlw","RaABAMlw_fsi","Pacific Silver Fir - Low Elevation",3
"7_53_59_73745",13,61,337,2292,750,1707010510,"17070105A","WWC","RaDFHEwt_fwm_WWC","RaDFHEwt","RaDFHEwt_fwm",33,"fwm","RaDFHEwt","RaDFHEwt_fwm","Douglas-fir Hemlock-Wet Mesic",5
"7_53_59_78276",13,61,337,1993,1526,1707010510,"17070105A","WWC","RaDFHEdy_fwi_17070105C","RaDFHEdy","RaDFHEdy_fwi",31,"fwi","RaDFHEdy","RaDFHEdy_fwi","Douglas-fir Hemlock-Dry Mesic",3
"7_53_59_73796",13,61,337,1993,1624,1707010510,"17070105A","WWC","RaDFHEdy_fwi_17070105C","RaDFHEdy","RaDFHEdy_fwi",31,"fwi","RaDFHEdy","RaDFHEdy_fwi","Douglas-fir Hemlock-Dry Mesic",3
"7_53_59_82287",13,61,337,2303,964,1707010510,"17070105A","WWC","RaABAMup_fst_WWC","RaABAMup","RaABAMup_fst",13,"fst","RaABAMup","RaABAMup_fst","Pacific Silver Fir - High Elevation",5
"7_53_59_78812",13,61,337,1993,944,1707010510,"17070105A","WWC","RaDFHEdy_fwi_17070105C","RaDFHEdy","RaDFHEdy_fwi",31,"fwi","RaDFHEdy","RaDFHEdy_fwi","Douglas-fir Hemlock-Dry Mesic",3
"7_53_59_53877",13,61,337,1989,1586,1707010510,"17070105A","WWC","RaABAMlw_fsi_17070105C","RaABAMlw","RaABAMlw_fsi",14,"fsi","RaABAMlw","RaABAMlw_fsi","Pacific Silver Fir - Low Elevation",3
"7_53_59_64755",13,77,458,2292,667,1708000108,"17080001B","WWC","RaDFHEwt_fwm_WWC","RaDFHEwt","RaDFHEwt_fwm",33,"fwm","RaDFHEwt","RaDFHEwt_fwm","Douglas-fir Hemlock-Wet Mesic",5
"0_41_51_80651",13,77,458,2292,1133,1708000108,"17080001B","WWC","RaDFHEwt_fwm_WWC","RaDFHEwt","RaDFHEwt_fwm",33,"fwm","RaDFHEwt","RaDFHEwt_fwm","Douglas-fir Hemlock-Wet Mesic",5
"0_41_51_59503",7,76,455,2026,2393,1708000105,"17070307","OWC","RaABAMlw_fsi_17080001B","RaABAMlw","RaABAMlw_fsi",14,"fsi","RaABAMlw","RaABAMlw_fsi","Pacific Silver Fir - Low Elevation",3
"0_41_51_54988",7,76,455,2026,2441,1708000105,"17070307","OWC","RaABAMlw_fsi_17080001B","RaABAMlw","RaABAMlw_fsi",14,"fsi","RaABAMlw","RaABAMlw_fsi","Pacific Silver Fir - Low Elevation",3
"0_41_51_73159",7,76,455,2026,1560,1708000105,"17070307","OWC","RaABAMlw_fsi_17080001B","RaABAMlw","RaABAMlw_fsi",14,"fsi","RaABAMlw","RaABAMlw_fsi","Pacific Silver Fir - Low Elevation",3
"0_41_5_67659",7,76,455,2026,1462,1708000105,"17070307","OWC","RaABAMlw_fsi_17080001B","RaABAMlw","RaABAMlw_fsi",14,"fsi","RaABAMlw","RaABAMlw_fsi","Pacific Silver Fir - Low Elevation",3
"0_41_5_90736",7,76,455,2026,2366,1708000105,"17070307","OWC","RaABAMlw_fsi_17080001B","RaABAMlw","RaABAMlw_fsi",14,"fsi","RaABAMlw","RaABAMlw_fsi","Pacific Silver Fir - Low Elevation",3
"0_41_5_86575",7,76,455,2026,2079,1708000105,"17070307","OWC","RaABAMlw_fsi_17080001B","RaABAMlw","RaABAMlw_fsi",14,"fsi","RaABAMlw","RaABAMlw_fsi","Pacific Silver Fir - Low Elevation",3
"0_41_5_99194",7,76,451,2025,1130,1708000101,"17070307","OWC","RaDFHEdy_fwi_17080001B","RaDFHEdy","RaDFHEdy_fwi",31,"fwi","RaDFHEdy","RaDFHEdy_fwi","Douglas-fir Hemlock-Dry Mesic",3
"5_53_57_54812",11,129,734,2282,1547,1711000404,"17110003","WNC","RaDFHEwt_fwm_WNC","RaDFHEwt","RaDFHEwt_fwm",33,"fwm","RaDFHEwt","RaDFHEwt_fwm","Douglas-fir Hemlock-Wet Mesic",5
"0_41_5_92356",7,97,555,2044,1124,1709001104,"17090010","OWC","RaABAMlw_fsi_17090011","RaABAMlw","RaABAMlw_fsi",14,"fsi","RaABAMlw","RaABAMlw_fsi","Pacific Silver Fir - Low Elevation",3
"0_41_5_63621",7,97,555,2331,1261,1709001104,"17090010","OWC","Na0710412_fmc_OWC","Na0710412","Na0710412_fmc",7,"fmc","Na0710412","Na0710412_fmc","North Pacific Mountain Hemlock Forest - Xeric",5
"0_41_5_77290",7,97,554,2044,1262,1709001103,"17090010","OWC","RaABAMlw_fsi_17090011","RaABAMlw","RaABAMlw_fsi",14,"fsi","RaABAMlw","RaABAMlw_fsi","Pacific Silver Fir - Low Elevation",3
"0_41_5_71360",7,97,554,2044,1501,1709001103,"17090010","OWC","RaABAMlw_fsi_17090011","RaABAMlw","RaABAMlw_fsi",14,"fsi","RaABAMlw","RaABAMlw_fsi","Pacific Silver Fir - Low Elevation",3
"0_41_5_71303",7,97,554,2044,637,1709001103,"17090010","OWC","RaABAMlw_fsi_17090011","RaABAMlw","RaABAMlw_fsi",14,"fsi","RaABAMlw","RaABAMlw_fsi","Pacific Silver Fir - Low Elevation",3
"0_41_5_89989",7,97,554,2044,910,1709001103,"17090010","OWC","RaABAMlw_fsi_17090011","RaABAMlw","RaABAMlw_fsi",14,"fsi","RaABAMlw","RaABAMlw_fsi","Pacific Silver Fir - Low Elevation",3
"0_41_5_90239",7,97,554,2044,801,1709001103,"17090010","OWC","RaABAMlw_fsi_17090011","RaABAMlw","RaABAMlw_fsi",14,"fsi","RaABAMlw","RaABAMlw_fsi","Pacific Silver Fir - Low Elevation",3
"0_41_5_78730",7,97,554,2032,1420,1709001103,"17090010","OWC","RaDFHEdy_fwi_17090011","RaDFHEdy","RaDFHEdy_fwi",31,"fwi","RaDFHEdy","RaDFHEdy_fwi","Douglas-fir Hemlock-Dry Mesic",3
"0_41_5_81178",7,97,553,2044,1417,1709001102,"17090010","OWC","RaABAMlw_fsi_17090011","RaABAMlw","RaABAMlw_fsi",14,"fsi","RaABAMlw","RaABAMlw_fsi","Pacific Silver Fir - Low Elevation",3
"0_41_5_75183",7,97,553,2046,1470,1709001102,"17090010","OWC","RaABAMlw_fsw_17090011","RaABAMlw","RaABAMlw_fsw",16,"fsw","RaABAMlw","RaABAMlw_fsw","Pacific Silver Fir - Low Elevation",3
"0_41_5_67043",7,97,553,2044,1226,1709001102,"17090010","OWC","RaABAMlw_fsi_17090011","RaABAMlw","RaABAMlw_fsi",14,"fsi","RaABAMlw","RaABAMlw_fsi","Pacific Silver Fir - Low Elevation",3
"5_53_57_67976",11,129,734,2282,983,1711000404,"17110003","WNC","RaDFHEwt_fwm_WNC","RaDFHEwt","RaDFHEwt_fwm",33,"fwm","RaDFHEwt","RaDFHEwt_fwm","Douglas-fir Hemlock-Wet Mesic",5
"0_41_5_90961",7,97,553,2044,1550,1709001102,"17090010","OWC","RaABAMlw_fsi_17090011","RaABAMlw","RaABAMlw_fsi",14,"fsi","RaABAMlw","RaABAMlw_fsi","Pacific Silver Fir - Low Elevation",3
"0_41_5_77205",7,97,553,2044,1299,1709001102,"17090010","OWC","RaABAMlw_fsi_17090011","RaABAMlw","RaABAMlw_fsi",14,"fsi","RaABAMlw","RaABAMlw_fsi","Pacific Silver Fir - Low Elevation",3
"0_41_5_78746",7,97,553,2044,1598,1709001102,"17090010","OWC","RaABAMlw_fsi_17090011","RaABAMlw","RaABAMlw_fsi",14,"fsi","RaABAMlw","RaABAMlw_fsi","Pacific Silver Fir - Low Elevation",3
"0_41_47_97732",7,97,553,2044,1703,1709001102,"17090010","OWC","RaABAMlw_fsi_17090011","RaABAMlw","RaABAMlw_fsi",14,"fsi","RaABAMlw","RaABAMlw_fsi","Pacific Silver Fir - Low Elevation",3
"0_41_47_54124",7,97,553,2044,2038,1709001102,"17090010","OWC","RaABAMlw_fsi_17090011","RaABAMlw","RaABAMlw_fsi",14,"fsi","RaABAMlw","RaABAMlw_fsi","Pacific Silver Fir - Low Elevation",3
"0_41_47_98837",7,91,516,2076,1528,1709000501,"17090004","OWC","RaDFHEdy_fwi_17090005","RaDFHEdy","RaDFHEdy_fwi",31,"fwi","RaDFHEdy","RaDFHEdy_fwi","Douglas-fir Hemlock-Dry Mesic",3
"0_41_47_57593",7,97,553,2331,843,1709001102,"17090010","OWC","Na0710412_fmc_OWC","Na0710412","Na0710412_fmc",7,"fmc","Na0710412","Na0710412_fmc","North Pacific Mountain Hemlock Forest - Xeric",5
"0_41_47_63437",7,91,516,2076,1594,1709000501,"17090004","OWC","RaDFHEdy_fwi_17090005","RaDFHEdy","RaDFHEdy_fwi",31,"fwi","RaDFHEdy","RaDFHEdy_fwi","Douglas-fir Hemlock-Dry Mesic",3
"0_41_47_85187",7,91,516,2076,936,1709000501,"17090004","OWC","RaDFHEdy_fwi_17090005","RaDFHEdy","RaDFHEdy_fwi",31,"fwi","RaDFHEdy","RaDFHEdy_fwi","Douglas-fir Hemlock-Dry Mesic",3
"0_41_47_56514",7,91,517,2075,1019,1709000502,"17090004","OWC","RaABAMlw_fsi_17090005","RaABAMlw","RaABAMlw_fsi",14,"fsi","RaABAMlw","RaABAMlw_fsi","Pacific Silver Fir - Low Elevation",3
"0_41_47_83751",7,91,517,2076,2119,1709000502,"17090004","OWC","RaDFHEdy_fwi_17090005","RaDFHEdy","RaDFHEdy_fwi",31,"fwi","RaDFHEdy","RaDFHEdy_fwi","Douglas-fir Hemlock-Dry Mesic",3
"1_41_43_73519",7,91,517,2076,2147,1709000502,"17090004","OWC","RaDFHEdy_fwi_17090005","RaDFHEdy","RaDFHEdy_fwi",31,"fwi","RaDFHEdy","RaDFHEdy_fwi","Douglas-fir Hemlock-Dry Mesic",3
"1_41_43_54289",7,91,517,2076,510,1709000502,"17090004","OWC","RaDFHEdy_fwi_17090005","RaDFHEdy","RaDFHEdy_fwi",31,"fwi","RaDFHEdy","RaDFHEdy_fwi","Douglas-fir Hemlock-Dry Mesic",3
"1_41_43_81006",7,91,517,2076,1815,1709000502,"17090004","OWC","RaDFHEdy_fwi_17090005","RaDFHEdy","RaDFHEdy_fwi",31,"fwi","RaDFHEdy","RaDFHEdy_fwi","Douglas-fir Hemlock-Dry Mesic",3
"1_41_43_76776",7,91,517,2075,1759,1709000502,"17090004","OWC","RaABAMlw_fsi_17090005","RaABAMlw","RaABAMlw_fsi",14,"fsi","RaABAMlw","RaABAMlw_fsi","Pacific Silver Fir - Low Elevation",3
"1_41_43_91973",7,91,517,2075,1681,1709000502,"17090004","OWC","RaABAMlw_fsi_17090005","RaABAMlw","RaABAMlw_fsi",14,"fsi","RaABAMlw","RaABAMlw_fsi","Pacific Silver Fir - Low Elevation",3
"1_41_43_53605",7,90,510,2108,837,1709000402,"17090003B","OWC","RaABAMlw_fsi_17090004","RaABAMlw","RaABAMlw_fsi",14,"fsi","RaABAMlw","RaABAMlw_fsi","Pacific Silver Fir - Low Elevation",3
"1_41_43_65323",7,90,510,2108,1084,1709000402,"17090003B","OWC","RaABAMlw_fsi_17090004","RaABAMlw","RaABAMlw_fsi",14,"fsi","RaABAMlw","RaABAMlw_fsi","Pacific Silver Fir - Low Elevation",3
"1_41_43_70530",7,90,510,2108,1215,1709000402,"17090003B","OWC","RaABAMlw_fsi_17090004","RaABAMlw","RaABAMlw_fsi",14,"fsi","RaABAMlw","RaABAMlw_fsi","Pacific Silver Fir - Low Elevation",3
"1_41_43_89469",7,90,510,2331,1133,1709000402,"17090003B","OWC","Na0710412_fmc_OWC","Na0710412","Na0710412_fmc",7,"fmc","Na0710412","Na0710412_fmc","North Pacific Mountain Hemlock Forest - Xeric",5
"1_41_43_58298",7,90,510,2108,1923,1709000402,"17090003B","OWC","RaABAMlw_fsi_17090004","RaABAMlw","RaABAMlw_fsi",14,"fsi","RaABAMlw","RaABAMlw_fsi","Pacific Silver Fir - Low Elevation",3
"1_41_43_85225",7,90,510,2107,587,1709000402,"17090003B","OWC","RaABAMlw_fsw_17090004","RaABAMlw","RaABAMlw_fsw",16,"fsw","RaABAMlw","RaABAMlw_fsw","Pacific Silver Fir - Low Elevation",3
"1_41_39_77832",7,90,510,2108,869,1709000402,"17090003B","OWC","RaABAMlw_fsi_17090004","RaABAMlw","RaABAMlw_fsi",14,"fsi","RaABAMlw","RaABAMlw_fsi","Pacific Silver Fir - Low Elevation",3
"1_41_39_83114",7,90,510,2108,1383,1709000402,"17090003B","OWC","RaABAMlw_fsi_17090004","RaABAMlw","RaABAMlw_fsi",14,"fsi","RaABAMlw","RaABAMlw_fsi","Pacific Silver Fir - Low Elevation",3
"1_41_39_79715",7,90,511,2108,1639,1709000403,"17090003B","OWC","RaABAMlw_fsi_17090004","RaABAMlw","RaABAMlw_fsi",14,"fsi","RaABAMlw","RaABAMlw_fsi","Pacific Silver Fir - Low Elevation",3
"1_41_39_62354",7,90,511,2108,1125,1709000403,"17090003B","OWC","RaABAMlw_fsi_17090004","RaABAMlw","RaABAMlw_fsi",14,"fsi","RaABAMlw","RaABAMlw_fsi","Pacific Silver Fir - Low Elevation",3
"3_41_17_52868",4,67,387,2324,1376,1707030101,"17070204","OEC","Na0710412_fmh_OEC","Na0710412","Na0710412_fmh",4,"fmh","Na0710412","Na0710412_fmh","North Pacific Mountain Hemlock Forest - Xeric",5
"3_41_17_60437",4,67,388,2168,923,1707030102,"17070204","OEC","RaREFI_frf_17070301","RaREFI","RaREFI_frf",12,"frf","RaREFI","RaREFI_frf","Red Fir",3
"3_41_17_74434",4,67,388,2168,922,1707030102,"17070204","OEC","RaREFI_frf_17070301","RaREFI","RaREFI_frf",12,"frf","RaREFI","RaREFI_frf","Red Fir",3
"3_41_17_51488",4,67,388,2339,748,1707030102,"17070204","OEC","RaPICOpu_fld_OEC","RaPICOpu","RaPICOpu_fld",49,"fld","RaPICOpu","RaPICOpu_fld","Lodgepole Pine - Pumice Soils",4
"3_41_17_95729",4,67,388,2085,726,1707030102,"17070204","OEC","RaMCONms_fmm_17070301","RaMCONms","RaMCONms_fmm",27,"fmm","RaMCONms","RaMCONms_fmm","Mixed Conifer - Eastside Mesic",3
"3_41_35_62510",4,67,388,1061,850,1707030102,"17070204","OEC","RaPIPOm_fpl_1707030102","RaPIPOm","RaPIPOm_fpl",55,"fpl","RaPIPOm","RaPIPOm_fpl","Dry Ponderosa Pine - Mesic",1
"3_41_35_87364",4,67,388,2085,1574,1707030102,"17070204","OEC","RaMCONms_fmm_17070301","RaMCONms","RaMCONms_fmm",27,"fmm","RaMCONms","RaMCONms_fmm","Mixed Conifer - Eastside Mesic",3
"5_53_73_91687",11,129,732,2282,1029,1711000402,"17110003","WNC","RaDFHEwt_fwm_WNC","RaDFHEwt","RaDFHEwt_fwm",33,"fwm","RaDFHEwt","RaDFHEwt_fwm","Douglas-fir Hemlock-Wet Mesic",5
"3_41_35_80708",4,67,388,2339,3097,1707030102,"17070204","OEC","RaPICOpu_fld_OEC","RaPICOpu","RaPICOpu_fld",49,"fld","RaPICOpu","RaPICOpu_fld","Lodgepole Pine - Pumice Soils",4
"3_41_35_54233",4,67,388,2085,1573,1707030102,"17070204","OEC","RaMCONms_fmm_17070301","RaMCONms","RaMCONms_fmm",27,"fmm","RaMCONms","RaMCONms_fmm","Mixed Conifer - Eastside Mesic",3
"3_41_35_63406",4,67,388,2085,2778,1707030102,"17070204","OEC","RaMCONms_fmm_17070301","RaMCONms","RaMCONms_fmm",27,"fmm","RaMCONms","RaMCONms_fmm","Mixed Conifer - Eastside Mesic",3
"3_41_35_58949",4,68,399,2159,2619,1707030202,"17070301","OEC","RaMCONms_fmm_17070302","RaMCONms","RaMCONms_fmm",27,"fmm","RaMCONms","RaMCONms_fmm","Mixed Conifer - Eastside Mesic",3
"3_41_35_79066",4,68,399,2324,1925,1707030202,"17070301","OEC","Na0710412_fmh_OEC","Na0710412","Na0710412_fmh",4,"fmh","Na0710412","Na0710412_fmh","North Pacific Mountain Hemlock Forest - Xeric",5
"3_41_35_50456",4,68,399,2159,2012,1707030202,"17070301","OEC","RaMCONms_fmm_17070302","RaMCONms","RaMCONms_fmm",27,"fmm","RaMCONms","RaMCONms_fmm","Mixed Conifer - Eastside Mesic",3
"3_41_35_87843",4,68,398,2159,1397,1707030201,"17070301","OEC","RaMCONms_fmm_17070302","RaMCONms","RaMCONms_fmm",27,"fmm","RaMCONms","RaMCONms_fmm","Mixed Conifer - Eastside Mesic",3
"3_41_35_73989",4,68,398,2159,1402,1707030201,"17070301","OEC","RaMCONms_fmm_17070302","RaMCONms","RaMCONms_fmm",27,"fmm","RaMCONms","RaMCONms_fmm","Mixed Conifer - Eastside Mesic",3
"3_41_35_57463",4,68,398,1115,1152,1707030201,"17070301","OEC","RaPIPOm_fpl_1707030201","RaPIPOm","RaPIPOm_fpl",55,"fpl","RaPIPOm","RaPIPOm_fpl","Dry Ponderosa Pine - Mesic",1
"3_41_35_65638",4,68,398,2159,870,1707030201,"17070301","OEC","RaMCONms_fmm_17070302","RaMCONms","RaMCONms_fmm",27,"fmm","RaMCONms","RaMCONms_fmm","Mixed Conifer - Eastside Mesic",3
"3_41_35_91927",4,68,398,2339,1131,1707030201,"17070301","OEC","RaPICOpu_fld_OEC","RaPICOpu","RaPICOpu_fld",49,"fld","RaPICOpu","RaPICOpu_fld","Lodgepole Pine - Pumice Soils",4
"3_41_35_75842",4,68,398,2159,1846,1707030201,"17070301","OEC","RaMCONms_fmm_17070302","RaMCONms","RaMCONms_fmm",27,"fmm","RaMCONms","RaMCONms_fmm","Mixed Conifer - Eastside Mesic",3
"3_41_35_83631",4,68,398,2324,1770,1707030201,"17070301","OEC","Na0710412_fmh_OEC","Na0710412","Na0710412_fmh",4,"fmh","Na0710412","Na0710412_fmh","North Pacific Mountain Hemlock Forest - Xeric",5
"3_41_35_52719",4,68,398,2324,1432,1707030201,"17070301","OEC","Na0710412_fmh_OEC","Na0710412","Na0710412_fmh",4,"fmh","Na0710412","Na0710412_fmh","North Pacific Mountain Hemlock Forest - Xeric",5
"3_41_35_96448",4,68,402,2324,1523,1707030205,"17070301","OEC","Na0710412_fmh_OEC","Na0710412","Na0710412_fmh",4,"fmh","Na0710412","Na0710412_fmh","North Pacific Mountain Hemlock Forest - Xeric",5
"3_41_35_92329",4,157,893,2204,1146,1801020102,"18010101","OEC","RaREFI_frf_18010201","RaREFI","RaREFI_frf",12,"frf","RaREFI","RaREFI_frf","Red Fir",3
"3_41_35_72074",4,157,893,2324,1974,1801020102,"18010101","OEC","Na0710412_fmh_OEC","Na0710412","Na0710412_fmh",4,"fmh","Na0710412","Na0710412_fmh","North Pacific Mountain Hemlock Forest - Xeric",5
"3_41_35_94503",4,157,893,2204,1091,1801020102,"18010101","OEC","RaREFI_frf_18010201","RaREFI","RaREFI_frf",12,"frf","RaREFI","RaREFI_frf","Red Fir",3
"3_41_35_64759",4,157,893,2200,827,1801020102,"18010101","OEC","RaMCONms_fmm_18010201","RaMCONms","RaMCONms_fmm",27,"fmm","RaMCONms","RaMCONms_fmm","Mixed Conifer - Eastside Mesic",3
"3_41_35_54763",4,157,893,2339,1567,1801020102,"18010101","OEC","RaPICOpu_fld_OEC","RaPICOpu","RaPICOpu_fld",49,"fld","RaPICOpu","RaPICOpu_fld","Lodgepole Pine - Pumice Soils",4
"3_41_35_89564",4,157,894,2339,1947,1801020103,"18010101","OEC","RaPICOpu_fld_OEC","RaPICOpu","RaPICOpu_fld",49,"fld","RaPICOpu","RaPICOpu_fld","Lodgepole Pine - Pumice Soils",4
"3_41_35_61213",4,157,895,2339,904,1801020104,"18010101","OEC","RaPICOpu_fld_OEC","RaPICOpu","RaPICOpu_fld",49,"fld","RaPICOpu","RaPICOpu_fld","Lodgepole Pine - Pumice Soils",4
"3_41_35_98704",4,157,896,1317,1329,1801020105,"18010101","OEC","RaPIPOm_fpl_1801020105","RaPIPOm","RaPIPOm_fpl",55,"fpl","RaPIPOm","RaPIPOm_fpl","Dry Ponderosa Pine - Mesic",1
"3_41_35_78424",4,157,897,1351,1963,1801020106,"18010101","OEC","RaPIPOm_fpl_1801020106","RaPIPOm","RaPIPOm_fpl",55,"fpl","RaPIPOm","RaPIPOm_fpl","Dry Ponderosa Pine - Mesic",1
"5_53_57_87916",11,133,753,2285,2594,1711000803,"17110007","WNC","RaABAMup_fst_WNC","RaABAMup","RaABAMup_fst",13,"fst","RaABAMup","RaABAMup_fst","Pacific Silver Fir - High Elevation",5
"3_41_35_65507",4,157,897,2322,1013,1801020106,"18010101","OEC","RaSPFI_fmz_OEC","RaSPFI","RaSPFI_fmz",26,"fmz","RaSPFI","RaSPFI_fmz","Spruce - Fir",4
"3_41_35_96899",4,157,897,2340,1285,1801020106,"18010101","OEC","RaPICOpu_flw_OEC","RaPICOpu","RaPICOpu_flw",50,"flw","RaPICOpu","RaPICOpu_flw","Lodgepole Pine - Pumice Soils",4
"3_41_35_95919",4,157,897,2205,2154,1801020106,"18010101","OEC","RaPIPOxe_fpd_18010201","RaPIPOxe","RaPIPOxe_fpd",53,"fpd","RaPIPOxe","RaPIPOxe_fpd","Ponderosa Pine - Xeric",3
"3_41_35_86137",4,157,897,1357,885,1801020106,"18010101","OEC","RaMCONdy_fmx_1801020106","RaMCONdy","RaMCONdy_fmx",29,"fmx","RaMCONdy","RaMCONdy_fmx","Mixed Conifer - Eastside Dry",1
"3_41_35_85850",4,157,897,1357,742,1801020106,"18010101","OEC","RaMCONdy_fmx_1801020106","RaMCONdy","RaMCONdy_fmx",29,"fmx","RaMCONdy","RaMCONdy_fmx","Mixed Conifer - Eastside Dry",1
"3_41_35_67241",4,157,897,2205,899,1801020106,"18010101","OEC","RaPIPOxe_fpd_18010201","RaPIPOxe","RaPIPOxe_fpd",53,"fpd","RaPIPOxe","RaPIPOxe_fpd","Ponderosa Pine - Xeric",3
"3_41_35_76370",4,157,897,2205,681,1801020106,"18010101","OEC","RaPIPOxe_fpd_18010201","RaPIPOxe","RaPIPOxe_fpd",53,"fpd","RaPIPOxe","RaPIPOxe_fpd","Ponderosa Pine - Xeric",3
"3_41_35_63154",4,159,907,2244,935,1801020303,"18010202","OEC","RaPIPOxe_fxp_18010203","RaPIPOxe","RaPIPOxe_fxp",56,"fxp","RaPIPOxe","RaPIPOxe_fxp","Ponderosa Pine - Xeric",3
"5_53_73_91554",11,129,732,2282,1231,1711000402,"17110003","WNC","RaDFHEwt_fwm_WNC","RaDFHEwt","RaDFHEwt_fwm",33,"fwm","RaDFHEwt","RaDFHEwt_fwm","Douglas-fir Hemlock-Wet Mesic",5
"5_53_61_76658",13,136,768,2292,1068,1711001102,"17110010","WWC","RaDFHEwt_fwm_WWC","RaDFHEwt","RaDFHEwt_fwm",33,"fwm","RaDFHEwt","RaDFHEwt_fwm","Douglas-fir Hemlock-Wet Mesic",5
"5_53_73_68544",11,129,732,2285,1787,1711000402,"17110003","WNC","RaABAMup_fst_WNC","RaABAMup","RaABAMup_fst",13,"fst","RaABAMup","RaABAMup_fst","Pacific Silver Fir - High Elevation",5
"5_53_33_85988",13,137,771,2292,956,1711001203,"17110011","WWC","RaDFHEwt_fwm_WWC","RaDFHEwt","RaDFHEwt_fwm",33,"fwm","RaDFHEwt","RaDFHEwt_fwm","Douglas-fir Hemlock-Wet Mesic",5
"5_53_33_96768",13,137,770,1873,1079,1711001202,"17110011","WWC","RaDFHEdy_fwi_17110012","RaDFHEdy","RaDFHEdy_fwi",31,"fwi","RaDFHEdy","RaDFHEdy_fwi","Douglas-fir Hemlock-Dry Mesic",3
"5_53_33_97855",13,137,769,2292,995,1711001201,"17110011","WWC","RaDFHEwt_fwm_WWC","RaDFHEwt","RaDFHEwt_fwm",33,"fwm","RaDFHEwt","RaDFHEwt_fwm","Douglas-fir Hemlock-Wet Mesic",5
"5_53_53_50535",13,139,776,1917,1634,1711001401,"17110013","WWC","RaDFHEdy_fwi_17110014","RaDFHEdy","RaDFHEdy_fwi",31,"fwi","RaDFHEdy","RaDFHEdy_fwi","Douglas-fir Hemlock-Dry Mesic",3
"7_53_41_73327",13,140,781,1927,1912,1711001501,"17110014","WWC","RaDFHEdy_fdg_17110015","RaDFHEdy","RaDFHEdy_fdg",24,"fdg","RaDFHEdy","RaDFHEdy_fdg","Douglas-fir Hemlock-Dry Mesic",3
"7_53_41_79110",13,140,781,1936,2273,1711001501,"17110014","WWC","RaABAMlw_fsi_17110015","RaABAMlw","RaABAMlw_fsi",14,"fsi","RaABAMlw","RaABAMlw_fsi","Pacific Silver Fir - Low Elevation",3
"7_53_41_96560",13,82,475,1940,1413,1708000405,"17080003A","WWC","RaABAMlw_fsi_17080004","RaABAMlw","RaABAMlw_fsi",14,"fsi","RaABAMlw","RaABAMlw_fsi","Pacific Silver Fir - Low Elevation",3
"7_53_41_53270",13,82,475,1941,1273,1708000405,"17080003A","WWC","RaDFHEdy_fwi_17080004","RaDFHEdy","RaDFHEdy_fwi",31,"fwi","RaDFHEdy","RaDFHEdy_fwi","Douglas-fir Hemlock-Dry Mesic",3
"7_53_41_55733",13,82,474,2292,1345,1708000404,"17080003A","WWC","RaDFHEwt_fwm_WWC","RaDFHEwt","RaDFHEwt_fwm",33,"fwm","RaDFHEwt","RaDFHEwt_fwm","Douglas-fir Hemlock-Wet Mesic",5
"7_53_41_62494",13,82,474,1940,1467,1708000404,"17080003A","WWC","RaABAMlw_fsi_17080004","RaABAMlw","RaABAMlw_fsi",14,"fsi","RaABAMlw","RaABAMlw_fsi","Pacific Silver Fir - Low Elevation",3
"7_53_59_62937",13,82,474,1940,1308,1708000404,"17080003A","WWC","RaABAMlw_fsi_17080004","RaABAMlw","RaABAMlw_fsi",14,"fsi","RaABAMlw","RaABAMlw_fsi","Pacific Silver Fir - Low Elevation",3
"7_53_59_67731",13,82,474,1940,1280,1708000404,"17080003A","WWC","RaABAMlw_fsi_17080004","RaABAMlw","RaABAMlw_fsi",14,"fsi","RaABAMlw","RaABAMlw_fsi","Pacific Silver Fir - Low Elevation",3
"7_53_59_96826",13,82,474,1940,2185,1708000404,"17080003A","WWC","RaABAMlw_fsi_17080004","RaABAMlw","RaABAMlw_fsi",14,"fsi","RaABAMlw","RaABAMlw_fsi","Pacific Silver Fir - Low Elevation",3
"5_53_73_79218",11,126,723,2286,772,1711000103,"17100312","WNC","Na0710411_fmt_WNC","Na0710411","Na0710411_fmt",5,"fmt","Na0710411","Na0710411_fmt","North Pacific Mountain Hemlock Forest - Wet",5
"7_53_59_67554",13,78,460,1970,2690,1708000202,"17080001A","WWC","RaABAMlw_fsi_17080002","RaABAMlw","RaABAMlw_fsi",14,"fsi","RaABAMlw","RaABAMlw_fsi","Pacific Silver Fir - Low Elevation",3
"7_53_59_92651",13,78,460,1970,1571,1708000202,"17080001A","WWC","RaABAMlw_fsi_17080002","RaABAMlw","RaABAMlw_fsi",14,"fsi","RaABAMlw","RaABAMlw_fsi","Pacific Silver Fir - Low Elevation",3
"7_53_59_51631",13,78,460,1970,1222,1708000202,"17080001A","WWC","RaABAMlw_fsi_17080002","RaABAMlw","RaABAMlw_fsi",14,"fsi","RaABAMlw","RaABAMlw_fsi","Pacific Silver Fir - Low Elevation",3
"7_53_59_74801",13,78,460,2303,1093,1708000202,"17080001A","WWC","RaABAMup_fst_WWC","RaABAMup","RaABAMup_fst",13,"fst","RaABAMup","RaABAMup_fst","Pacific Silver Fir - High Elevation",5
"7_53_59_97999",13,78,460,1970,1835,1708000202,"17080001A","WWC","RaABAMlw_fsi_17080002","RaABAMlw","RaABAMlw_fsi",14,"fsi","RaABAMlw","RaABAMlw_fsi","Pacific Silver Fir - Low Elevation",3
"7_53_59_96034",13,78,460,1970,2013,1708000202,"17080001A","WWC","RaABAMlw_fsi_17080002","RaABAMlw","RaABAMlw_fsi",14,"fsi","RaABAMlw","RaABAMlw_fsi","Pacific Silver Fir - Low Elevation",3
"7_53_59_65350",13,78,459,1970,984,1708000201,"17080001A","WWC","RaABAMlw_fsi_17080002","RaABAMlw","RaABAMlw_fsi",14,"fsi","RaABAMlw","RaABAMlw_fsi","Pacific Silver Fir - Low Elevation",3
"7_53_59_99265",13,78,460,1970,1225,1708000202,"17080001A","WWC","RaABAMlw_fsi_17080002","RaABAMlw","RaABAMlw_fsi",14,"fsi","RaABAMlw","RaABAMlw_fsi","Pacific Silver Fir - Low Elevation",3
"7_53_59_68139",13,78,459,2303,1419,1708000201,"17080001A","WWC","RaABAMup_fst_WWC","RaABAMup","RaABAMup_fst",13,"fst","RaABAMup","RaABAMup_fst","Pacific Silver Fir - High Elevation",5
"7_53_59_92895",13,78,459,2292,1101,1708000201,"17080001A","WWC","RaDFHEwt_fwm_WWC","RaDFHEwt","RaDFHEwt_fwm",33,"fwm","RaDFHEwt","RaDFHEwt_fwm","Douglas-fir Hemlock-Wet Mesic",5
"7_53_59_72420",13,78,459,2292,1091,1708000201,"17080001A","WWC","RaDFHEwt_fwm_WWC","RaDFHEwt","RaDFHEwt_fwm",33,"fwm","RaDFHEwt","RaDFHEwt_fwm","Douglas-fir Hemlock-Wet Mesic",5
"7_53_59_51220",13,78,459,2303,1528,1708000201,"17080001A","WWC","RaABAMup_fst_WWC","RaABAMup","RaABAMup_fst",13,"fst","RaABAMup","RaABAMup_fst","Pacific Silver Fir - High Elevation",5
"5_53_73_51767",11,129,734,2286,1277,1711000404,"17110003","WNC","Na0710411_fmt_WNC","Na0710411","Na0710411_fmt",5,"fmt","Na0710411","Na0710411_fmt","North Pacific Mountain Hemlock Forest - Wet",5
"7_53_59_78837",13,78,459,1970,1886,1708000201,"17080001A","WWC","RaABAMlw_fsi_17080002","RaABAMlw","RaABAMlw_fsi",14,"fsi","RaABAMlw","RaABAMlw_fsi","Pacific Silver Fir - Low Elevation",3
"7_53_59_80511",13,61,337,1989,2339,1707010510,"17070105A","WWC","RaABAMlw_fsi_17070105C","RaABAMlw","RaABAMlw_fsi",14,"fsi","RaABAMlw","RaABAMlw_fsi","Pacific Silver Fir - Low Elevation",3
"7_53_59_77493",13,61,337,1989,1003,1707010510,"17070105A","WWC","RaABAMlw_fsi_17070105C","RaABAMlw","RaABAMlw_fsi",14,"fsi","RaABAMlw","RaABAMlw_fsi","Pacific Silver Fir - Low Elevation",3
"7_53_59_61680",13,61,337,2292,442,1707010510,"17070105A","WWC","RaDFHEwt_fwm_WWC","RaDFHEwt","RaDFHEwt_fwm",33,"fwm","RaDFHEwt","RaDFHEwt_fwm","Douglas-fir Hemlock-Wet Mesic",5
"7_53_59_71608",13,61,337,1993,570,1707010510,"17070105A","WWC","RaDFHEdy_fwi_17070105C","RaDFHEdy","RaDFHEdy_fwi",31,"fwi","RaDFHEdy","RaDFHEdy_fwi","Douglas-fir Hemlock-Dry Mesic",3
"7_53_59_97469",13,61,337,1993,1110,1707010510,"17070105A","WWC","RaDFHEdy_fwi_17070105C","RaDFHEdy","RaDFHEdy_fwi",31,"fwi","RaDFHEdy","RaDFHEdy_fwi","Douglas-fir Hemlock-Dry Mesic",3
"7_53_59_81018",13,61,337,1989,2189,1707010510,"17070105A","WWC","RaABAMlw_fsi_17070105C","RaABAMlw","RaABAMlw_fsi",14,"fsi","RaABAMlw","RaABAMlw_fsi","Pacific Silver Fir - Low Elevation",3
"7_53_59_87776",13,61,337,1993,1056,1707010510,"17070105A","WWC","RaDFHEdy_fwi_17070105C","RaDFHEdy","RaDFHEdy_fwi",31,"fwi","RaDFHEdy","RaDFHEdy_fwi","Douglas-fir Hemlock-Dry Mesic",3
"7_53_59_57118",13,61,337,2292,980,1707010510,"17070105A","WWC","RaDFHEwt_fwm_WWC","RaDFHEwt","RaDFHEwt_fwm",33,"fwm","RaDFHEwt","RaDFHEwt_fwm","Douglas-fir Hemlock-Wet Mesic",5
"7_53_59_52190",13,61,337,1990,886,1707010510,"17070105A","WWC","RaABAMlw_fwc_17070105C","RaABAMlw","RaABAMlw_fwc",35,"fwc","RaABAMlw","RaABAMlw_fwc","Pacific Silver Fir - Low Elevation",3
"7_53_59_81547",13,61,337,1993,967,1707010510,"17070105A","WWC","RaDFHEdy_fwi_17070105C","RaDFHEdy","RaDFHEdy_fwi",31,"fwi","RaDFHEdy","RaDFHEdy_fwi","Douglas-fir Hemlock-Dry Mesic",3
"7_53_59_58494",13,61,337,2292,649,1707010510,"17070105A","WWC","RaDFHEwt_fwm_WWC","RaDFHEwt","RaDFHEwt_fwm",33,"fwm","RaDFHEwt","RaDFHEwt_fwm","Douglas-fir Hemlock-Wet Mesic",5
"7_53_59_52229",13,61,339,1993,1141,1707010512,"17070105A","WWC","RaDFHEdy_fwi_17070105C","RaDFHEdy","RaDFHEdy_fwi",31,"fwi","RaDFHEdy","RaDFHEdy_fwi","Douglas-fir Hemlock-Dry Mesic",3
"7_53_59_64938",13,61,339,1993,537,1707010512,"17070105A","WWC","RaDFHEdy_fwi_17070105C","RaDFHEdy","RaDFHEdy_fwi",31,"fwi","RaDFHEdy","RaDFHEdy_fwi","Douglas-fir Hemlock-Dry Mesic",3
"7_53_59_57149",13,61,339,2292,1084,1707010512,"17070105A","WWC","RaDFHEwt_fwm_WWC","RaDFHEwt","RaDFHEwt_fwm",33,"fwm","RaDFHEwt","RaDFHEwt_fwm","Douglas-fir Hemlock-Wet Mesic",5
"0_41_27_62612",13,61,339,1989,1514,1707010512,"17070105A","WWC","RaABAMlw_fsi_17070105C","RaABAMlw","RaABAMlw_fsi",14,"fsi","RaABAMlw","RaABAMlw_fsi","Pacific Silver Fir - Low Elevation",3
"0_41_51_96766",13,77,458,2008,1584,1708000108,"17080001B","WWC","RaABAMlw_fsi_17080001A","RaABAMlw","RaABAMlw_fsi",14,"fsi","RaABAMlw","RaABAMlw_fsi","Pacific Silver Fir - Low Elevation",3
"0_41_27_88284",7,76,455,2331,805,1708000105,"17070307","OWC","Na0710412_fmc_OWC","Na0710412","Na0710412_fmc",7,"fmc","Na0710412","Na0710412_fmc","North Pacific Mountain Hemlock Forest - Xeric",5
"0_41_51_53191",7,76,455,2026,1675,1708000105,"17070307","OWC","RaABAMlw_fsi_17080001B","RaABAMlw","RaABAMlw_fsi",14,"fsi","RaABAMlw","RaABAMlw_fsi","Pacific Silver Fir - Low Elevation",3
"5_53_73_93054",11,129,734,2286,2505,1711000404,"17110003","WNC","Na0710411_fmt_WNC","Na0710411","Na0710411_fmt",5,"fmt","Na0710411","Na0710411_fmt","North Pacific Mountain Hemlock Forest - Wet",5
"0_41_51_57911",7,76,455,2026,1905,1708000105,"17070307","OWC","RaABAMlw_fsi_17080001B","RaABAMlw","RaABAMlw_fsi",14,"fsi","RaABAMlw","RaABAMlw_fsi","Pacific Silver Fir - Low Elevation",3
"0_41_5_99408",7,76,455,2026,3412,1708000105,"17070307","OWC","RaABAMlw_fsi_17080001B","RaABAMlw","RaABAMlw_fsi",14,"fsi","RaABAMlw","RaABAMlw_fsi","Pacific Silver Fir - Low Elevation",3
"0_41_5_91163",7,76,455,2026,2115,1708000105,"17070307","OWC","RaABAMlw_fsi_17080001B","RaABAMlw","RaABAMlw_fsi",14,"fsi","RaABAMlw","RaABAMlw_fsi","Pacific Silver Fir - Low Elevation",3
"0_41_5_95377",7,76,451,2026,1792,1708000101,"17070307","OWC","RaABAMlw_fsi_17080001B","RaABAMlw","RaABAMlw_fsi",14,"fsi","RaABAMlw","RaABAMlw_fsi","Pacific Silver Fir - Low Elevation",3
"0_41_5_68466",7,76,452,2329,1175,1708000102,"17070307","OWC","RaDFHEwt_fwm_OWC","RaDFHEwt","RaDFHEwt_fwm",33,"fwm","RaDFHEwt","RaDFHEwt_fwm","Douglas-fir Hemlock-Wet Mesic",5
"0_41_5_94944",7,76,452,2025,1633,1708000102,"17070307","OWC","RaDFHEdy_fwi_17080001B","RaDFHEdy","RaDFHEdy_fwi",31,"fwi","RaDFHEdy","RaDFHEdy_fwi","Douglas-fir Hemlock-Dry Mesic",3
"0_41_5_97484",7,76,452,2025,1064,1708000102,"17070307","OWC","RaDFHEdy_fwi_17080001B","RaDFHEdy","RaDFHEdy_fwi",31,"fwi","RaDFHEdy","RaDFHEdy_fwi","Douglas-fir Hemlock-Dry Mesic",3
"0_41_5_80252",7,76,453,2025,1496,1708000103,"17070307","OWC","RaDFHEdy_fwi_17080001B","RaDFHEdy","RaDFHEdy_fwi",31,"fwi","RaDFHEdy","RaDFHEdy_fwi","Douglas-fir Hemlock-Dry Mesic",3
"5_53_57_70873",11,129,734,2285,2456,1711000404,"17110003","WNC","RaABAMup_fst_WNC","RaABAMup","RaABAMup_fst",13,"fst","RaABAMup","RaABAMup_fst","Pacific Silver Fir - High Elevation",5
"0_41_5_94593",7,76,453,2026,1237,1708000103,"17070307","OWC","RaABAMlw_fsi_17080001B","RaABAMlw","RaABAMlw_fsi",14,"fsi","RaABAMlw","RaABAMlw_fsi","Pacific Silver Fir - Low Elevation",3
"0_41_5_55838",7,97,555,2331,725,1709001104,"17090010","OWC","Na0710412_fmc_OWC","Na0710412","Na0710412_fmc",7,"fmc","Na0710412","Na0710412_fmc","North Pacific Mountain Hemlock Forest - Xeric",5
"0_41_5_63212",7,97,554,2044,1096,1709001103,"17090010","OWC","RaABAMlw_fsi_17090011","RaABAMlw","RaABAMlw_fsi",14,"fsi","RaABAMlw","RaABAMlw_fsi","Pacific Silver Fir - Low Elevation",3
"0_41_5_61835",7,97,554,2044,1022,1709001103,"17090010","OWC","RaABAMlw_fsi_17090011","RaABAMlw","RaABAMlw_fsi",14,"fsi","RaABAMlw","RaABAMlw_fsi","Pacific Silver Fir - Low Elevation",3
"0_41_5_69023",7,97,554,2044,963,1709001103,"17090010","OWC","RaABAMlw_fsi_17090011","RaABAMlw","RaABAMlw_fsi",14,"fsi","RaABAMlw","RaABAMlw_fsi","Pacific Silver Fir - Low Elevation",3
"0_41_5_63418",7,97,553,2032,1345,1709001102,"17090010","OWC","RaDFHEdy_fwi_17090011","RaDFHEdy","RaDFHEdy_fwi",31,"fwi","RaDFHEdy","RaDFHEdy_fwi","Douglas-fir Hemlock-Dry Mesic",3
"0_41_5_86538",7,97,553,2032,767,1709001102,"17090010","OWC","RaDFHEdy_fwi_17090011","RaDFHEdy","RaDFHEdy_fwi",31,"fwi","RaDFHEdy","RaDFHEdy_fwi","Douglas-fir Hemlock-Dry Mesic",3
"0_41_5_62672",7,97,553,2032,1258,1709001102,"17090010","OWC","RaDFHEdy_fwi_17090011","RaDFHEdy","RaDFHEdy_fwi",31,"fwi","RaDFHEdy","RaDFHEdy_fwi","Douglas-fir Hemlock-Dry Mesic",3
"0_41_5_67053",7,97,553,2032,1312,1709001102,"17090010","OWC","RaDFHEdy_fwi_17090011","RaDFHEdy","RaDFHEdy_fwi",31,"fwi","RaDFHEdy","RaDFHEdy_fwi","Douglas-fir Hemlock-Dry Mesic",3
"0_41_5_78407",7,97,553,2032,1502,1709001102,"17090010","OWC","RaDFHEdy_fwi_17090011","RaDFHEdy","RaDFHEdy_fwi",31,"fwi","RaDFHEdy","RaDFHEdy_fwi","Douglas-fir Hemlock-Dry Mesic",3
"5_53_57_79803",11,129,734,2282,2272,1711000404,"17110003","WNC","RaDFHEwt_fwm_WNC","RaDFHEwt","RaDFHEwt_fwm",33,"fwm","RaDFHEwt","RaDFHEwt_fwm","Douglas-fir Hemlock-Wet Mesic",5
"0_41_5_53553",7,97,553,2032,1721,1709001102,"17090010","OWC","RaDFHEdy_fwi_17090011","RaDFHEdy","RaDFHEdy_fwi",31,"fwi","RaDFHEdy","RaDFHEdy_fwi","Douglas-fir Hemlock-Dry Mesic",3
"0_41_5_81419",7,97,553,2032,2089,1709001102,"17090010","OWC","RaDFHEdy_fwi_17090011","RaDFHEdy","RaDFHEdy_fwi",31,"fwi","RaDFHEdy","RaDFHEdy_fwi","Douglas-fir Hemlock-Dry Mesic",3
"0_41_47_75807",7,97,553,2044,1581,1709001102,"17090010","OWC","RaABAMlw_fsi_17090011","RaABAMlw","RaABAMlw_fsi",14,"fsi","RaABAMlw","RaABAMlw_fsi","Pacific Silver Fir - Low Elevation",3
"0_41_47_84267",7,97,553,2044,1760,1709001102,"17090010","OWC","RaABAMlw_fsi_17090011","RaABAMlw","RaABAMlw_fsi",14,"fsi","RaABAMlw","RaABAMlw_fsi","Pacific Silver Fir - Low Elevation",3
"0_41_47_88719",7,97,553,2044,656,1709001102,"17090010","OWC","RaABAMlw_fsi_17090011","RaABAMlw","RaABAMlw_fsi",14,"fsi","RaABAMlw","RaABAMlw_fsi","Pacific Silver Fir - Low Elevation",3
"0_41_47_66632",7,97,553,2044,1824,1709001102,"17090010","OWC","RaABAMlw_fsi_17090011","RaABAMlw","RaABAMlw_fsi",14,"fsi","RaABAMlw","RaABAMlw_fsi","Pacific Silver Fir - Low Elevation",3
"0_41_47_83076",7,91,516,2076,1168,1709000501,"17090004","OWC","RaDFHEdy_fwi_17090005","RaDFHEdy","RaDFHEdy_fwi",31,"fwi","RaDFHEdy","RaDFHEdy_fwi","Douglas-fir Hemlock-Dry Mesic",3
"0_41_47_73933",7,91,516,2075,1125,1709000501,"17090004","OWC","RaABAMlw_fsi_17090005","RaABAMlw","RaABAMlw_fsi",14,"fsi","RaABAMlw","RaABAMlw_fsi","Pacific Silver Fir - Low Elevation",3
"0_41_47_58370",7,91,516,2076,1382,1709000501,"17090004","OWC","RaDFHEdy_fwi_17090005","RaDFHEdy","RaDFHEdy_fwi",31,"fwi","RaDFHEdy","RaDFHEdy_fwi","Douglas-fir Hemlock-Dry Mesic",3
"0_41_47_69662",7,91,517,2075,1230,1709000502,"17090004","OWC","RaABAMlw_fsi_17090005","RaABAMlw","RaABAMlw_fsi",14,"fsi","RaABAMlw","RaABAMlw_fsi","Pacific Silver Fir - Low Elevation",3
"1_41_43_66166",7,91,517,2333,1511,1709000502,"17090004","OWC","RaDFHEwt_fdm_OWC","RaDFHEwt","RaDFHEwt_fdm",40,"fdm","RaDFHEwt","RaDFHEwt_fdm","Douglas-fir Hemlock-Wet Mesic",5
"1_41_43_96557",7,91,517,2333,1663,1709000502,"17090004","OWC","RaDFHEwt_fdm_OWC","RaDFHEwt","RaDFHEwt_fdm",40,"fdm","RaDFHEwt","RaDFHEwt_fdm","Douglas-fir Hemlock-Wet Mesic",5
"1_41_43_56348",7,91,517,2331,1254,1709000502,"17090004","OWC","Na0710412_fmc_OWC","Na0710412","Na0710412_fmc",7,"fmc","Na0710412","Na0710412_fmc","North Pacific Mountain Hemlock Forest - Xeric",5
"1_41_43_53653",7,90,510,2108,1034,1709000402,"17090003B","OWC","RaABAMlw_fsi_17090004","RaABAMlw","RaABAMlw_fsi",14,"fsi","RaABAMlw","RaABAMlw_fsi","Pacific Silver Fir - Low Elevation",3
"5_53_57_93299",11,132,749,2282,1727,1711000701,"17110006","WNC","RaDFHEwt_fwm_WNC","RaDFHEwt","RaDFHEwt_fwm",33,"fwm","RaDFHEwt","RaDFHEwt_fwm","Douglas-fir Hemlock-Wet Mesic",5
"1_41_43_87930",7,90,510,2331,1572,1709000402,"17090003B","OWC","Na0710412_fmc_OWC","Na0710412","Na0710412_fmc",7,"fmc","Na0710412","Na0710412_fmc","North Pacific Mountain Hemlock Forest - Xeric",5
"1_41_43_97521",7,90,510,2108,675,1709000402,"17090003B","OWC","RaABAMlw_fsi_17090004","RaABAMlw","RaABAMlw_fsi",14,"fsi","RaABAMlw","RaABAMlw_fsi","Pacific Silver Fir - Low Elevation",3
"1_41_43_83918",7,90,510,2108,937,1709000402,"17090003B","OWC","RaABAMlw_fsi_17090004","RaABAMlw","RaABAMlw_fsi",14,"fsi","RaABAMlw","RaABAMlw_fsi","Pacific Silver Fir - Low Elevation",3
"1_41_43_69905",7,90,510,2108,1048,1709000402,"17090003B","OWC","RaABAMlw_fsi_17090004","RaABAMlw","RaABAMlw_fsi",14,"fsi","RaABAMlw","RaABAMlw_fsi","Pacific Silver Fir - Low Elevation",3
"1_41_39_91636",7,90,510,2108,854,1709000402,"17090003B","OWC","RaABAMlw_fsi_17090004","RaABAMlw","RaABAMlw_fsi",14,"fsi","RaABAMlw","RaABAMlw_fsi","Pacific Silver Fir - Low Elevation",3
"1_41_39_83293",7,90,510,2108,1319,1709000402,"17090003B","OWC","RaABAMlw_fsi_17090004","RaABAMlw","RaABAMlw_fsi",14,"fsi","RaABAMlw","RaABAMlw_fsi","Pacific Silver Fir - Low Elevation",3
"1_41_39_80251",7,90,510,2331,1139,1709000402,"17090003B","OWC","Na0710412_fmc_OWC","Na0710412","Na0710412_fmc",7,"fmc","Na0710412","Na0710412_fmc","North Pacific Mountain Hemlock Forest - Xeric",5
"1_41_39_56944",7,90,510,2331,1566,1709000402,"17090003B","OWC","Na0710412_fmc_OWC","Na0710412","Na0710412_fmc",7,"fmc","Na0710412","Na0710412_fmc","North Pacific Mountain Hemlock Forest - Xeric",5
"1_41_39_94172",7,90,510,2331,2414,1709000402,"17090003B","OWC","Na0710412_fmc_OWC","Na0710412","Na0710412_fmc",7,"fmc","Na0710412","Na0710412_fmc","North Pacific Mountain Hemlock Forest - Xeric",5
"1_41_39_55513",7,90,509,2331,2842,1709000401,"17090003B","OWC","Na0710412_fmc_OWC","Na0710412","Na0710412_fmc",7,"fmc","Na0710412","Na0710412_fmc","North Pacific Mountain Hemlock Forest - Xeric",5
"1_41_39_75471",7,90,509,2331,1315,1709000401,"17090003B","OWC","Na0710412_fmc_OWC","Na0710412","Na0710412_fmc",7,"fmc","Na0710412","Na0710412_fmc","North Pacific Mountain Hemlock Forest - Xeric",5
"1_41_39_90823",4,67,387,2324,853,1707030101,"17070204","OEC","Na0710412_fmh_OEC","Na0710412","Na0710412_fmh",4,"fmh","Na0710412","Na0710412_fmh","North Pacific Mountain Hemlock Forest - Xeric",5
"3_41_17_67652",4,67,387,2324,2876,1707030101,"17070204","OEC","Na0710412_fmh_OEC","Na0710412","Na0710412_fmh",4,"fmh","Na0710412","Na0710412_fmh","North Pacific Mountain Hemlock Forest - Xeric",5
"5_53_57_94325",11,132,749,2282,1079,1711000701,"17110006","WNC","RaDFHEwt_fwm_WNC","RaDFHEwt","RaDFHEwt_fwm",33,"fwm","RaDFHEwt","RaDFHEwt_fwm","Douglas-fir Hemlock-Wet Mesic",5
"3_41_17_88067",4,67,387,2324,1244,1707030101,"17070204","OEC","Na0710412_fmh_OEC","Na0710412","Na0710412_fmh",4,"fmh","Na0710412","Na0710412_fmh","North Pacific Mountain Hemlock Forest - Xeric",5
"3_41_17_61319",4,67,387,2085,1185,1707030101,"17070204","OEC","RaMCONms_fmm_17070301","RaMCONms","RaMCONms_fmm",27,"fmm","RaMCONms","RaMCONms_fmm","Mixed Conifer - Eastside Mesic",3
"3_41_17_95851",4,67,387,2085,1575,1707030101,"17070204","OEC","RaMCONms_fmm_17070301","RaMCONms","RaMCONms_fmm",27,"fmm","RaMCONms","RaMCONms_fmm","Mixed Conifer - Eastside Mesic",3
"3_41_17_82438",4,67,387,2085,1342,1707030101,"17070204","OEC","RaMCONms_fmm_17070301","RaMCONms","RaMCONms_fmm",27,"fmm","RaMCONms","RaMCONms_fmm","Mixed Conifer - Eastside Mesic",3
"3_41_17_88220",4,67,388,2085,613,1707030102,"17070204","OEC","RaMCONms_fmm_17070301","RaMCONms","RaMCONms_fmm",27,"fmm","RaMCONms","RaMCONms_fmm","Mixed Conifer - Eastside Mesic",3
"3_41_17_73617",4,67,387,2085,1603,1707030101,"17070204","OEC","RaMCONms_fmm_17070301","RaMCONms","RaMCONms_fmm",27,"fmm","RaMCONms","RaMCONms_fmm","Mixed Conifer - Eastside Mesic",3
"3_41_17_74172",4,67,388,2085,1372,1707030102,"17070204","OEC","RaMCONms_fmm_17070301","RaMCONms","RaMCONms_fmm",27,"fmm","RaMCONms","RaMCONms_fmm","Mixed Conifer - Eastside Mesic",3
"3_41_17_89492",4,67,388,2085,859,1707030102,"17070204","OEC","RaMCONms_fmm_17070301","RaMCONms","RaMCONms_fmm",27,"fmm","RaMCONms","RaMCONms_fmm","Mixed Conifer - Eastside Mesic",3
"3_41_17_75462",4,67,388,1058,762,1707030102,"17070204","OEC","RaMCONdy_fmx_1707030102","RaMCONdy","RaMCONdy_fmx",29,"fmx","RaMCONdy","RaMCONdy_fmx","Mixed Conifer - Eastside Dry",1
"3_41_17_58257",4,67,388,2085,1049,1707030102,"17070204","OEC","RaMCONms_fmm_17070301","RaMCONms","RaMCONms_fmm",27,"fmm","RaMCONms","RaMCONms_fmm","Mixed Conifer - Eastside Mesic",3
"3_41_17_99032",4,67,388,2085,866,1707030102,"17070204","OEC","RaMCONms_fmm_17070301","RaMCONms","RaMCONms_fmm",27,"fmm","RaMCONms","RaMCONms_fmm","Mixed Conifer - Eastside Mesic",3
"3_41_17_54329",4,67,388,1061,602,1707030102,"17070204","OEC","RaPIPOm_fpl_1707030102","RaPIPOm","RaPIPOm_fpl",55,"fpl","RaPIPOm","RaPIPOm_fpl","Dry Ponderosa Pine - Mesic",1
"5_53_73_77452",11,129,732,2285,1185,1711000402,"17110003","WNC","RaABAMup_fst_WNC","RaABAMup","RaABAMup_fst",13,"fst","RaABAMup","RaABAMup_fst","Pacific Silver Fir - High Elevation",5
"3_41_35_87164",4,67,388,2085,2552,1707030102,"17070204","OEC","RaMCONms_fmm_17070301","RaMCONms","RaMCONms_fmm",27,"fmm","RaMCONms","RaMCONms_fmm","Mixed Conifer - Eastside Mesic",3
"3_41_35_57761",4,68,399,2159,2011,1707030202,"17070301","OEC","RaMCONms_fmm_17070302","RaMCONms","RaMCONms_fmm",27,"fmm","RaMCONms","RaMCONms_fmm","Mixed Conifer - Eastside Mesic",3
"3_41_35_67233",4,68,399,1107,1008,1707030202,"17070301","OEC","RaPIPOm_fpl_1707030202","RaPIPOm","RaPIPOm_fpl",55,"fpl","RaPIPOm","RaPIPOm_fpl","Dry Ponderosa Pine - Mesic",1
"3_41_35_92274",4,68,399,2324,1600,1707030202,"17070301","OEC","Na0710412_fmh_OEC","Na0710412","Na0710412_fmh",4,"fmh","Na0710412","Na0710412_fmh","North Pacific Mountain Hemlock Forest - Xeric",5
"3_41_35_91704",4,68,398,2159,2436,1707030201,"17070301","OEC","RaMCONms_fmm_17070302","RaMCONms","RaMCONms_fmm",27,"fmm","RaMCONms","RaMCONms_fmm","Mixed Conifer - Eastside Mesic",3
"3_41_35_64825",4,68,398,2339,1535,1707030201,"17070301","OEC","RaPICOpu_fld_OEC","RaPICOpu","RaPICOpu_fld",49,"fld","RaPICOpu","RaPICOpu_fld","Lodgepole Pine - Pumice Soils",4
"3_41_35_67445",4,68,398,1115,1984,1707030201,"17070301","OEC","RaPIPOm_fpl_1707030201","RaPIPOm","RaPIPOm_fpl",55,"fpl","RaPIPOm","RaPIPOm_fpl","Dry Ponderosa Pine - Mesic",1
"3_41_35_67243",4,68,398,1115,2017,1707030201,"17070301","OEC","RaPIPOm_fpl_1707030201","RaPIPOm","RaPIPOm_fpl",55,"fpl","RaPIPOm","RaPIPOm_fpl","Dry Ponderosa Pine - Mesic",1
"3_41_35_51837",4,68,398,2339,1148,1707030201,"17070301","OEC","RaPICOpu_fld_OEC","RaPICOpu","RaPICOpu_fld",49,"fld","RaPICOpu","RaPICOpu_fld","Lodgepole Pine - Pumice Soils",4
"3_41_35_72558",4,68,398,2339,1588,1707030201,"17070301","OEC","RaPICOpu_fld_OEC","RaPICOpu","RaPICOpu_fld",49,"fld","RaPICOpu","RaPICOpu_fld","Lodgepole Pine - Pumice Soils",4
"3_41_35_71348",4,68,398,2159,1310,1707030201,"17070301","OEC","RaMCONms_fmm_17070302","RaMCONms","RaMCONms_fmm",27,"fmm","RaMCONms","RaMCONms_fmm","Mixed Conifer - Eastside Mesic",3
"3_41_35_69028",4,68,402,2164,2912,1707030205,"17070301","OEC","RaREFI_frf_17070302","RaREFI","RaREFI_frf",12,"frf","RaREFI","RaREFI_frf","Red Fir",3
"3_41_35_97545",4,68,402,2324,1633,1707030205,"17070301","OEC","Na0710412_fmh_OEC","Na0710412","Na0710412_fmh",4,"fmh","Na0710412","Na0710412_fmh","North Pacific Mountain Hemlock Forest - Xeric",5
"3_41_35_80238",4,157,893,1180,930,1801020102,"18010101","OEC","RaPIPOm_fpl_1801020102","RaPIPOm","RaPIPOm_fpl",55,"fpl","RaPIPOm","RaPIPOm_fpl","Dry Ponderosa Pine - Mesic",1
"3_41_35_83483",4,157,893,1180,1481,1801020102,"18010101","OEC","RaPIPOm_fpl_1801020102","RaPIPOm","RaPIPOm_fpl",55,"fpl","RaPIPOm","RaPIPOm_fpl","Dry Ponderosa Pine - Mesic",1
"3_41_35_61525",4,157,893,1180,2627,1801020102,"18010101","OEC","RaPIPOm_fpl_1801020102","RaPIPOm","RaPIPOm_fpl",55,"fpl","RaPIPOm","RaPIPOm_fpl","Dry Ponderosa Pine - Mesic",1
"3_41_35_65120",4,157,893,1180,1344,1801020102,"18010101","OEC","RaPIPOm_fpl_1801020102","RaPIPOm","RaPIPOm_fpl",55,"fpl","RaPIPOm","RaPIPOm_fpl","Dry Ponderosa Pine - Mesic",1
"5_53_57_93876",11,132,749,2285,1754,1711000701,"17110006","WNC","RaABAMup_fst_WNC","RaABAMup","RaABAMup_fst",13,"fst","RaABAMup","RaABAMup_fst","Pacific Silver Fir - High Elevation",5
"3_41_35_83892",4,157,894,2339,1134,1801020103,"18010101","OEC","RaPICOpu_fld_OEC","RaPICOpu","RaPICOpu_fld",49,"fld","RaPICOpu","RaPICOpu_fld","Lodgepole Pine - Pumice Soils",4
"3_41_35_66151",4,157,894,2339,1156,1801020103,"18010101","OEC","RaPICOpu_fld_OEC","RaPICOpu","RaPICOpu_fld",49,"fld","RaPICOpu","RaPICOpu_fld","Lodgepole Pine - Pumice Soils",4
"3_41_35_90927",4,157,896,2339,1023,1801020105,"18010101","OEC","RaPICOpu_fld_OEC","RaPICOpu","RaPICOpu_fld",49,"fld","RaPICOpu","RaPICOpu_fld","Lodgepole Pine - Pumice Soils",4
"3_41_35_87953",4,157,896,2339,1694,1801020105,"18010101","OEC","RaPICOpu_fld_OEC","RaPICOpu","RaPICOpu_fld",49,"fld","RaPICOpu","RaPICOpu_fld","Lodgepole Pine - Pumice Soils",4
"3_41_35_64153",4,157,896,2339,1278,1801020105,"18010101","OEC","RaPICOpu_fld_OEC","RaPICOpu","RaPICOpu_fld",49,"fld","RaPICOpu","RaPICOpu_fld","Lodgepole Pine - Pumice Soils",4
"3_41_35_56618",4,157,897,2339,1720,1801020106,"18010101","OEC","RaPICOpu_fld_OEC","RaPICOpu","RaPICOpu_fld",49,"fld","RaPICOpu","RaPICOpu_fld","Lodgepole Pine - Pumice Soils",4
"3_41_35_58358",4,157,897,2205,1988,1801020106,"18010101","OEC","RaPIPOxe_fpd_18010201","RaPIPOxe","RaPIPOxe_fpd",53,"fpd","RaPIPOxe","RaPIPOxe_fpd","Ponderosa Pine - Xeric",3
"3_41_35_88199",4,157,897,2205,2631,1801020106,"18010101","OEC","RaPIPOxe_fpd_18010201","RaPIPOxe","RaPIPOxe_fpd",53,"fpd","RaPIPOxe","RaPIPOxe_fpd","Ponderosa Pine - Xeric",3
"3_41_35_73210",4,157,897,2205,1836,1801020106,"18010101","OEC","RaPIPOxe_fpd_18010201","RaPIPOxe","RaPIPOxe_fpd",53,"fpd","RaPIPOxe","RaPIPOxe_fpd","Ponderosa Pine - Xeric",3
"3_41_35_97089",4,157,897,2205,3261,1801020106,"18010101","OEC","RaPIPOxe_fpd_18010201","RaPIPOxe","RaPIPOxe_fpd",53,"fpd","RaPIPOxe","RaPIPOxe_fpd","Ponderosa Pine - Xeric",3
"3_41_35_96215",4,158,904,2229,1424,1801020207,"18010201","OEC","RaMCONms_fmm_18010202","RaMCONms","RaMCONms_fmm",27,"fmm","RaMCONms","RaMCONms_fmm","Mixed Conifer - Eastside Mesic",3
"3_41_35_91003",4,158,904,1430,1097,1801020207,"18010201","OEC","RaMCONdy_fmx_1801020207","RaMCONdy","RaMCONdy_fmx",29,"fmx","RaMCONdy","RaMCONdy_fmx","Mixed Conifer - Eastside Dry",1
"3_41_35_54217",4,158,904,1430,1595,1801020207,"18010201","OEC","RaMCONdy_fmx_1801020207","RaMCONdy","RaMCONdy_fmx",29,"fmx","RaMCONdy","RaMCONdy_fmx","Mixed Conifer - Eastside Dry",1
"3_41_35_56050",4,158,904,1430,1646,1801020207,"18010201","OEC","RaMCONdy_fmx_1801020207","RaMCONdy","RaMCONdy_fmx",29,"fmx","RaMCONdy","RaMCONdy_fmx","Mixed Conifer - Eastside Dry",1
"5_53_57_57626",11,133,753,2282,1188,1711000803,"17110007","WNC","RaDFHEwt_fwm_WNC","RaDFHEwt","RaDFHEwt_fwm",33,"fwm","RaDFHEwt","RaDFHEwt_fwm","Douglas-fir Hemlock-Wet Mesic",5
"3_41_35_73715",4,158,904,2229,1568,1801020207,"18010201","OEC","RaMCONms_fmm_18010202","RaMCONms","RaMCONms_fmm",27,"fmm","RaMCONms","RaMCONms_fmm","Mixed Conifer - Eastside Mesic",3
"3_41_35_53037",4,157,897,1357,1561,1801020106,"18010101","OEC","RaMCONdy_fmx_1801020106","RaMCONdy","RaMCONdy_fmx",29,"fmx","RaMCONdy","RaMCONdy_fmx","Mixed Conifer - Eastside Dry",1
"3_41_35_84095",4,157,897,2200,1238,1801020106,"18010101","OEC","RaMCONms_fmm_18010201","RaMCONms","RaMCONms_fmm",27,"fmm","RaMCONms","RaMCONms_fmm","Mixed Conifer - Eastside Mesic",3
"3_41_35_50588",4,157,897,2200,1691,1801020106,"18010101","OEC","RaMCONms_fmm_18010201","RaMCONms","RaMCONms_fmm",27,"fmm","RaMCONms","RaMCONms_fmm","Mixed Conifer - Eastside Mesic",3
"3_41_35_52157",4,160,913,2258,568,1801020408,"18010203","OEC","RaMCONms_fmm_18010204","RaMCONms","RaMCONms_fmm",27,"fmm","RaMCONms","RaMCONms_fmm","Mixed Conifer - Eastside Mesic",3
"3_41_35_98329",4,160,913,2258,2080,1801020408,"18010203","OEC","RaMCONms_fmm_18010204","RaMCONms","RaMCONms_fmm",27,"fmm","RaMCONms","RaMCONms_fmm","Mixed Conifer - Eastside Mesic",3
"3_41_35_83123",4,159,907,2244,1414,1801020303,"18010202","OEC","RaPIPOxe_fxp_18010203","RaPIPOxe","RaPIPOxe_fxp",56,"fxp","RaPIPOxe","RaPIPOxe_fxp","Ponderosa Pine - Xeric",3
"5_53_57_80157",11,133,753,2285,1709,1711000803,"17110007","WNC","RaABAMup_fst_WNC","RaABAMup","RaABAMup_fst",13,"fst","RaABAMup","RaABAMup_fst","Pacific Silver Fir - High Elevation",5
"5_53_61_73640",11,133,752,2282,1006,1711000802,"17110007","WNC","RaDFHEwt_fwm_WNC","RaDFHEwt","RaDFHEwt_fwm",33,"fwm","RaDFHEwt","RaDFHEwt_fwm","Douglas-fir Hemlock-Wet Mesic",5
"5_53_61_74418",11,133,752,2282,2049,1711000802,"17110007","WNC","RaDFHEwt_fwm_WNC","RaDFHEwt","RaDFHEwt_fwm",33,"fwm","RaDFHEwt","RaDFHEwt_fwm","Douglas-fir Hemlock-Wet Mesic",5
"5_53_61_88492",11,133,752,2282,1591,1711000802,"17110007","WNC","RaDFHEwt_fwm_WNC","RaDFHEwt","RaDFHEwt_fwm",33,"fwm","RaDFHEwt","RaDFHEwt_fwm","Douglas-fir Hemlock-Wet Mesic",5
"5_53_61_90145",13,136,767,1840,1891,1711001101,"17110010","WWC","RaDFHEdy_fdg_17110011","RaDFHEdy","RaDFHEdy_fdg",24,"fdg","RaDFHEdy","RaDFHEdy_fdg","Douglas-fir Hemlock-Dry Mesic",3
"5_53_61_59619",13,136,767,1840,897,1711001101,"17110010","WWC","RaDFHEdy_fdg_17110011","RaDFHEdy","RaDFHEdy_fdg",24,"fdg","RaDFHEdy","RaDFHEdy_fdg","Douglas-fir Hemlock-Dry Mesic",3
"5_53_61_80471",11,134,760,1863,836,1711000907,"17110008","WNC","RaDFHEdy_fwi_17110009","RaDFHEdy","RaDFHEdy_fwi",31,"fwi","RaDFHEdy","RaDFHEdy_fwi","Douglas-fir Hemlock-Dry Mesic",3
"5_53_61_78574",13,136,768,1840,802,1711001102,"17110010","WWC","RaDFHEdy_fdg_17110011","RaDFHEdy","RaDFHEdy_fdg",24,"fdg","RaDFHEdy","RaDFHEdy_fdg","Douglas-fir Hemlock-Dry Mesic",3
"5_53_61_89752",11,135,766,1882,1361,1711001006,"17110009","WNC","RaDFHEdy_fwi_17110010","RaDFHEdy","RaDFHEdy_fwi",31,"fwi","RaDFHEdy","RaDFHEdy_fwi","Douglas-fir Hemlock-Dry Mesic",3
"5_53_33_55494",11,135,766,2282,1414,1711001006,"17110009","WNC","RaDFHEwt_fwm_WNC","RaDFHEwt","RaDFHEwt_fwm",33,"fwm","RaDFHEwt","RaDFHEwt_fwm","Douglas-fir Hemlock-Wet Mesic",5
"5_53_33_51542",11,135,764,1882,490,1711001004,"17110009","WNC","RaDFHEdy_fwi_17110010","RaDFHEdy","RaDFHEdy_fwi",31,"fwi","RaDFHEdy","RaDFHEdy_fwi","Douglas-fir Hemlock-Dry Mesic",3
"5_53_33_52364",13,137,770,1873,337,1711001202,"17110011","WWC","RaDFHEdy_fwi_17110012","RaDFHEdy","RaDFHEdy_fwi",31,"fwi","RaDFHEdy","RaDFHEdy_fwi","Douglas-fir Hemlock-Dry Mesic",3
"5_53_33_84846",13,137,770,1873,1469,1711001202,"17110011","WWC","RaDFHEdy_fwi_17110012","RaDFHEdy","RaDFHEdy_fwi",31,"fwi","RaDFHEdy","RaDFHEdy_fwi","Douglas-fir Hemlock-Dry Mesic",3
"5_53_33_81156",13,137,770,1873,1964,1711001202,"17110011","WWC","RaDFHEdy_fwi_17110012","RaDFHEdy","RaDFHEdy_fwi",31,"fwi","RaDFHEdy","RaDFHEdy_fwi","Douglas-fir Hemlock-Dry Mesic",3
"5_53_33_57024",13,137,770,1873,636,1711001202,"17110011","WWC","RaDFHEdy_fwi_17110012","RaDFHEdy","RaDFHEdy_fwi",31,"fwi","RaDFHEdy","RaDFHEdy_fwi","Douglas-fir Hemlock-Dry Mesic",3
"5_53_73_56621",11,129,732,2285,1801,1711000402,"17110003","WNC","RaABAMup_fst_WNC","RaABAMup","RaABAMup_fst",13,"fst","RaABAMup","RaABAMup_fst","Pacific Silver Fir - High Elevation",5
"5_53_33_77475",13,138,775,1902,520,1711001303,"17110012","WWC","RaDFHEdy_fdg_17110013","RaDFHEdy","RaDFHEdy_fdg",24,"fdg","RaDFHEdy","RaDFHEdy_fdg","Douglas-fir Hemlock-Dry Mesic",3
"5_53_53_50420",13,139,776,1917,1070,1711001401,"17110013","WWC","RaDFHEdy_fwi_17110014","RaDFHEdy","RaDFHEdy_fwi",31,"fwi","RaDFHEdy","RaDFHEdy_fwi","Douglas-fir Hemlock-Dry Mesic",3
"5_53_53_78037",13,139,776,1917,1602,1711001401,"17110013","WWC","RaDFHEdy_fwi_17110014","RaDFHEdy","RaDFHEdy_fwi",31,"fwi","RaDFHEdy","RaDFHEdy_fwi","Douglas-fir Hemlock-Dry Mesic",3
"5_53_53_84698",13,139,776,2292,852,1711001401,"17110013","WWC","RaDFHEwt_fwm_WWC","RaDFHEwt","RaDFHEwt_fwm",33,"fwm","RaDFHEwt","RaDFHEwt_fwm","Douglas-fir Hemlock-Wet Mesic",5
"5_53_53_91020",13,139,776,2303,781,1711001401,"17110013","WWC","RaABAMup_fst_WWC","RaABAMup","RaABAMup_fst",13,"fst","RaABAMup","RaABAMup_fst","Pacific Silver Fir - High Elevation",5
"5_53_53_93646",13,139,776,1921,1772,1711001401,"17110013","WWC","RaABAMlw_fsi_17110014","RaABAMlw","RaABAMlw_fsi",14,"fsi","RaABAMlw","RaABAMlw_fsi","Pacific Silver Fir - Low Elevation",3
"5_53_53_56082",13,139,777,2303,1609,1711001402,"17110013","WWC","RaABAMup_fst_WWC","RaABAMup","RaABAMup_fst",13,"fst","RaABAMup","RaABAMup_fst","Pacific Silver Fir - High Elevation",5
"5_53_53_65973",13,139,777,2303,886,1711001402,"17110013","WWC","RaABAMup_fst_WWC","RaABAMup","RaABAMup_fst",13,"fst","RaABAMup","RaABAMup_fst","Pacific Silver Fir - High Elevation",5
"5_53_73_57558",11,129,733,2285,1147,1711000403,"17110003","WNC","RaABAMup_fst_WNC","RaABAMup","RaABAMup_fst",13,"fst","RaABAMup","RaABAMup_fst","Pacific Silver Fir - High Elevation",5
"5_53_53_90181",13,139,777,2303,1217,1711001402,"17110013","WWC","RaABAMup_fst_WWC","RaABAMup","RaABAMup_fst",13,"fst","RaABAMup","RaABAMup_fst","Pacific Silver Fir - High Elevation",5
"5_53_53_86826",13,139,777,2303,964,1711001402,"17110013","WWC","RaABAMup_fst_WWC","RaABAMup","RaABAMup_fst",13,"fst","RaABAMup","RaABAMup_fst","Pacific Silver Fir - High Elevation",5
"5_53_53_67823",13,140,781,2303,855,1711001501,"17110014","WWC","RaABAMup_fst_WWC","RaABAMup","RaABAMup_fst",13,"fst","RaABAMup","RaABAMup_fst","Pacific Silver Fir - High Elevation",5
"5_53_53_66694",13,140,781,1926,1629,1711001501,"17110014","WWC","RaDFHEdy_fwi_17110015","RaDFHEdy","RaDFHEdy_fwi",31,"fwi","RaDFHEdy","RaDFHEdy_fwi","Douglas-fir Hemlock-Dry Mesic",3
"7_53_41_86921",13,140,781,2305,1358,1711001501,"17110014","WWC","Na0710412_fmc_WWC","Na0710412","Na0710412_fmc",7,"fmc","Na0710412","Na0710412_fmc","North Pacific Mountain Hemlock Forest - Xeric",5
"7_53_41_55579",13,82,475,1940,1529,1708000405,"17080003A","WWC","RaABAMlw_fsi_17080004","RaABAMlw","RaABAMlw_fsi",14,"fsi","RaABAMlw","RaABAMlw_fsi","Pacific Silver Fir - Low Elevation",3
"7_53_41_57444",13,82,475,1940,1251,1708000405,"17080003A","WWC","RaABAMlw_fsi_17080004","RaABAMlw","RaABAMlw_fsi",14,"fsi","RaABAMlw","RaABAMlw_fsi","Pacific Silver Fir - Low Elevation",3
"5_53_73_84519",11,129,733,2285,1050,1711000403,"17110003","WNC","RaABAMup_fst_WNC","RaABAMup","RaABAMup_fst",13,"fst","RaABAMup","RaABAMup_fst","Pacific Silver Fir - High Elevation",5
"7_53_41_53233",13,82,475,1940,783,1708000405,"17080003A","WWC","RaABAMlw_fsi_17080004","RaABAMlw","RaABAMlw_fsi",14,"fsi","RaABAMlw","RaABAMlw_fsi","Pacific Silver Fir - Low Elevation",3
"7_53_41_52949",13,82,475,1941,641,1708000405,"17080003A","WWC","RaDFHEdy_fwi_17080004","RaDFHEdy","RaDFHEdy_fwi",31,"fwi","RaDFHEdy","RaDFHEdy_fwi","Douglas-fir Hemlock-Dry Mesic",3
"7_53_41_95241",13,82,475,2292,888,1708000405,"17080003A","WWC","RaDFHEwt_fwm_WWC","RaDFHEwt","RaDFHEwt_fwm",33,"fwm","RaDFHEwt","RaDFHEwt_fwm","Douglas-fir Hemlock-Wet Mesic",5
"7_53_41_52583",13,82,474,1941,871,1708000404,"17080003A","WWC","RaDFHEdy_fwi_17080004","RaDFHEdy","RaDFHEdy_fwi",31,"fwi","RaDFHEdy","RaDFHEdy_fwi","Douglas-fir Hemlock-Dry Mesic",3
"7_53_41_93845",13,82,474,1941,748,1708000404,"17080003A","WWC","RaDFHEdy_fwi_17080004","RaDFHEdy","RaDFHEdy_fwi",31,"fwi","RaDFHEdy","RaDFHEdy_fwi","Douglas-fir Hemlock-Dry Mesic",3
"7_53_41_55949",13,82,474,1940,886,1708000404,"17080003A","WWC","RaABAMlw_fsi_17080004","RaABAMlw","RaABAMlw_fsi",14,"fsi","RaABAMlw","RaABAMlw_fsi","Pacific Silver Fir - Low Elevation",3
"7_53_41_93120",13,82,474,2292,896,1708000404,"17080003A","WWC","RaDFHEwt_fwm_WWC","RaDFHEwt","RaDFHEwt_fwm",33,"fwm","RaDFHEwt","RaDFHEwt_fwm","Douglas-fir Hemlock-Wet Mesic",5
"7_53_41_78693",13,82,474,1941,872,1708000404,"17080003A","WWC","RaDFHEdy_fwi_17080004","RaDFHEdy","RaDFHEdy_fwi",31,"fwi","RaDFHEdy","RaDFHEdy_fwi","Douglas-fir Hemlock-Dry Mesic",3
"7_53_41_94897",13,82,474,1940,2503,1708000404,"17080003A","WWC","RaABAMlw_fsi_17080004","RaABAMlw","RaABAMlw_fsi",14,"fsi","RaABAMlw","RaABAMlw_fsi","Pacific Silver Fir - Low Elevation",3
"7_53_59_73743",13,82,474,2305,1677,1708000404,"17080003A","WWC","Na0710412_fmc_WWC","Na0710412","Na0710412_fmc",7,"fmc","Na0710412","Na0710412_fmc","North Pacific Mountain Hemlock Forest - Xeric",5
"7_53_59_62686",13,82,474,1940,1047,1708000404,"17080003A","WWC","RaABAMlw_fsi_17080004","RaABAMlw","RaABAMlw_fsi",14,"fsi","RaABAMlw","RaABAMlw_fsi","Pacific Silver Fir - Low Elevation",3
"7_53_59_97529",13,82,474,1940,2137,1708000404,"17080003A","WWC","RaABAMlw_fsi_17080004","RaABAMlw","RaABAMlw_fsi",14,"fsi","RaABAMlw","RaABAMlw_fsi","Pacific Silver Fir - Low Elevation",3
"7_53_59_88901",13,82,474,2305,1790,1708000404,"17080003A","WWC","Na0710412_fmc_WWC","Na0710412","Na0710412_fmc",7,"fmc","Na0710412","Na0710412_fmc","North Pacific Mountain Hemlock Forest - Xeric",5
"7_53_59_89487",13,78,460,2305,2211,1708000202,"17080001A","WWC","Na0710412_fmc_WWC","Na0710412","Na0710412_fmc",7,"fmc","Na0710412","Na0710412_fmc","North Pacific Mountain Hemlock Forest - Xeric",5
"7_53_59_99916",13,78,460,1970,1789,1708000202,"17080001A","WWC","RaABAMlw_fsi_17080002","RaABAMlw","RaABAMlw_fsi",14,"fsi","RaABAMlw","RaABAMlw_fsi","Pacific Silver Fir - Low Elevation",3
"7_53_59_69932",13,78,459,1970,1165,1708000201,"17080001A","WWC","RaABAMlw_fsi_17080002","RaABAMlw","RaABAMlw_fsi",14,"fsi","RaABAMlw","RaABAMlw_fsi","Pacific Silver Fir - Low Elevation",3
"7_53_59_67957",13,78,459,1970,1737,1708000201,"17080001A","WWC","RaABAMlw_fsi_17080002","RaABAMlw","RaABAMlw_fsi",14,"fsi","RaABAMlw","RaABAMlw_fsi","Pacific Silver Fir - Low Elevation",3
"7_53_59_51130",13,78,459,1970,824,1708000201,"17080001A","WWC","RaABAMlw_fsi_17080002","RaABAMlw","RaABAMlw_fsi",14,"fsi","RaABAMlw","RaABAMlw_fsi","Pacific Silver Fir - Low Elevation",3
"7_53_59_75144",13,78,459,2292,1201,1708000201,"17080001A","WWC","RaDFHEwt_fwm_WWC","RaDFHEwt","RaDFHEwt_fwm",33,"fwm","RaDFHEwt","RaDFHEwt_fwm","Douglas-fir Hemlock-Wet Mesic",5
"7_53_59_65221",13,78,459,1970,1404,1708000201,"17080001A","WWC","RaABAMlw_fsi_17080002","RaABAMlw","RaABAMlw_fsi",14,"fsi","RaABAMlw","RaABAMlw_fsi","Pacific Silver Fir - Low Elevation",3
"7_53_59_54718",13,78,459,1970,1315,1708000201,"17080001A","WWC","RaABAMlw_fsi_17080002","RaABAMlw","RaABAMlw_fsi",14,"fsi","RaABAMlw","RaABAMlw_fsi","Pacific Silver Fir - Low Elevation",3
"7_53_59_84303",13,78,459,1970,2853,1708000201,"17080001A","WWC","RaABAMlw_fsi_17080002","RaABAMlw","RaABAMlw_fsi",14,"fsi","RaABAMlw","RaABAMlw_fsi","Pacific Silver Fir - Low Elevation",3
"7_53_59_90632",13,78,459,1970,2317,1708000201,"17080001A","WWC","RaABAMlw_fsi_17080002","RaABAMlw","RaABAMlw_fsi",14,"fsi","RaABAMlw","RaABAMlw_fsi","Pacific Silver Fir - Low Elevation",3
"7_53_59_67872",13,78,459,1970,2958,1708000201,"17080001A","WWC","RaABAMlw_fsi_17080002","RaABAMlw","RaABAMlw_fsi",14,"fsi","RaABAMlw","RaABAMlw_fsi","Pacific Silver Fir - Low Elevation",3
"7_53_59_58627",13,61,337,1989,1796,1707010510,"17070105A","WWC","RaABAMlw_fsi_17070105C","RaABAMlw","RaABAMlw_fsi",14,"fsi","RaABAMlw","RaABAMlw_fsi","Pacific Silver Fir - Low Elevation",3
"7_53_59_82553",13,61,337,1989,889,1707010510,"17070105A","WWC","RaABAMlw_fsi_17070105C","RaABAMlw","RaABAMlw_fsi",14,"fsi","RaABAMlw","RaABAMlw_fsi","Pacific Silver Fir - Low Elevation",3
"7_53_59_85812",13,61,337,1993,1058,1707010510,"17070105A","WWC","RaDFHEdy_fwi_17070105C","RaDFHEdy","RaDFHEdy_fwi",31,"fwi","RaDFHEdy","RaDFHEdy_fwi","Douglas-fir Hemlock-Dry Mesic",3
"7_53_59_52907",13,61,337,1993,997,1707010510,"17070105A","WWC","RaDFHEdy_fwi_17070105C","RaDFHEdy","RaDFHEdy_fwi",31,"fwi","RaDFHEdy","RaDFHEdy_fwi","Douglas-fir Hemlock-Dry Mesic",3
"7_53_59_89762",13,61,337,1993,480,1707010510,"17070105A","WWC","RaDFHEdy_fwi_17070105C","RaDFHEdy","RaDFHEdy_fwi",31,"fwi","RaDFHEdy","RaDFHEdy_fwi","Douglas-fir Hemlock-Dry Mesic",3
"7_53_59_89815",13,61,337,1993,787,1707010510,"17070105A","WWC","RaDFHEdy_fwi_17070105C","RaDFHEdy","RaDFHEdy_fwi",31,"fwi","RaDFHEdy","RaDFHEdy_fwi","Douglas-fir Hemlock-Dry Mesic",3
"7_53_59_51615",13,61,337,1993,678,1707010510,"17070105A","WWC","RaDFHEdy_fwi_17070105C","RaDFHEdy","RaDFHEdy_fwi",31,"fwi","RaDFHEdy","RaDFHEdy_fwi","Douglas-fir Hemlock-Dry Mesic",3
"7_53_59_87042",13,61,337,1993,1015,1707010510,"17070105A","WWC","RaDFHEdy_fwi_17070105C","RaDFHEdy","RaDFHEdy_fwi",31,"fwi","RaDFHEdy","RaDFHEdy_fwi","Douglas-fir Hemlock-Dry Mesic",3
"7_53_59_75636",13,61,337,2292,664,1707010510,"17070105A","WWC","RaDFHEwt_fwm_WWC","RaDFHEwt","RaDFHEwt_fwm",33,"fwm","RaDFHEwt","RaDFHEwt_fwm","Douglas-fir Hemlock-Wet Mesic",5
"5_53_73_92346",11,129,734,2285,1697,1711000404,"17110003","WNC","RaABAMup_fst_WNC","RaABAMup","RaABAMup_fst",13,"fst","RaABAMup","RaABAMup_fst","Pacific Silver Fir - High Elevation",5
"0_41_51_70012",7,76,455,2026,1689,1708000105,"17070307","OWC","RaABAMlw_fsi_17080001B","RaABAMlw","RaABAMlw_fsi",14,"fsi","RaABAMlw","RaABAMlw_fsi","Pacific Silver Fir - Low Elevation",3
"0_41_51_76034",7,76,455,2026,3122,1708000105,"17070307","OWC","RaABAMlw_fsi_17080001B","RaABAMlw","RaABAMlw_fsi",14,"fsi","RaABAMlw","RaABAMlw_fsi","Pacific Silver Fir - Low Elevation",3
"0_41_5_53795",7,76,455,2026,2904,1708000105,"17070307","OWC","RaABAMlw_fsi_17080001B","RaABAMlw","RaABAMlw_fsi",14,"fsi","RaABAMlw","RaABAMlw_fsi","Pacific Silver Fir - Low Elevation",3
"0_41_5_54631",7,76,451,2026,1703,1708000101,"17070307","OWC","RaABAMlw_fsi_17080001B","RaABAMlw","RaABAMlw_fsi",14,"fsi","RaABAMlw","RaABAMlw_fsi","Pacific Silver Fir - Low Elevation",3
"0_41_5_66137",7,76,451,2026,1520,1708000101,"17070307","OWC","RaABAMlw_fsi_17080001B","RaABAMlw","RaABAMlw_fsi",14,"fsi","RaABAMlw","RaABAMlw_fsi","Pacific Silver Fir - Low Elevation",3
"0_41_5_93507",7,76,451,2025,1977,1708000101,"17070307","OWC","RaDFHEdy_fwi_17080001B","RaDFHEdy","RaDFHEdy_fwi",31,"fwi","RaDFHEdy","RaDFHEdy_fwi","Douglas-fir Hemlock-Dry Mesic",3
"0_41_5_86361",7,76,452,2025,1420,1708000102,"17070307","OWC","RaDFHEdy_fwi_17080001B","RaDFHEdy","RaDFHEdy_fwi",31,"fwi","RaDFHEdy","RaDFHEdy_fwi","Douglas-fir Hemlock-Dry Mesic",3
"0_41_5_95063",7,76,452,2026,1043,1708000102,"17070307","OWC","RaABAMlw_fsi_17080001B","RaABAMlw","RaABAMlw_fsi",14,"fsi","RaABAMlw","RaABAMlw_fsi","Pacific Silver Fir - Low Elevation",3
"0_41_5_57175",7,76,453,2026,903,1708000103,"17070307","OWC","RaABAMlw_fsi_17080001B","RaABAMlw","RaABAMlw_fsi",14,"fsi","RaABAMlw","RaABAMlw_fsi","Pacific Silver Fir - Low Elevation",3
"0_41_5_88165",7,76,453,2026,1739,1708000103,"17070307","OWC","RaABAMlw_fsi_17080001B","RaABAMlw","RaABAMlw_fsi",14,"fsi","RaABAMlw","RaABAMlw_fsi","Pacific Silver Fir - Low Elevation",3
"0_41_5_73465",7,76,453,2331,736,1708000103,"17070307","OWC","Na0710412_fmc_OWC","Na0710412","Na0710412_fmc",7,"fmc","Na0710412","Na0710412_fmc","North Pacific Mountain Hemlock Forest - Xeric",5
"0_41_5_83480",7,97,554,2331,1437,1709001103,"17090010","OWC","Na0710412_fmc_OWC","Na0710412","Na0710412_fmc",7,"fmc","Na0710412","Na0710412_fmc","North Pacific Mountain Hemlock Forest - Xeric",5
"0_41_5_81706",7,97,554,2044,1390,1709001103,"17090010","OWC","RaABAMlw_fsi_17090011","RaABAMlw","RaABAMlw_fsi",14,"fsi","RaABAMlw","RaABAMlw_fsi","Pacific Silver Fir - Low Elevation",3
"0_41_5_56655",7,97,554,2044,784,1709001103,"17090010","OWC","RaABAMlw_fsi_17090011","RaABAMlw","RaABAMlw_fsi",14,"fsi","RaABAMlw","RaABAMlw_fsi","Pacific Silver Fir - Low Elevation",3
"0_41_5_97059",7,97,554,2044,924,1709001103,"17090010","OWC","RaABAMlw_fsi_17090011","RaABAMlw","RaABAMlw_fsi",14,"fsi","RaABAMlw","RaABAMlw_fsi","Pacific Silver Fir - Low Elevation",3
"0_41_5_83345",7,97,554,2044,938,1709001103,"17090010","OWC","RaABAMlw_fsi_17090011","RaABAMlw","RaABAMlw_fsi",14,"fsi","RaABAMlw","RaABAMlw_fsi","Pacific Silver Fir - Low Elevation",3
"0_41_5_72038",7,97,554,2032,724,1709001103,"17090010","OWC","RaDFHEdy_fwi_17090011","RaDFHEdy","RaDFHEdy_fwi",31,"fwi","RaDFHEdy","RaDFHEdy_fwi","Douglas-fir Hemlock-Dry Mesic",3
"0_41_5_99280",7,97,554,2044,621,1709001103,"17090010","OWC","RaABAMlw_fsi_17090011","RaABAMlw","RaABAMlw_fsi",14,"fsi","RaABAMlw","RaABAMlw_fsi","Pacific Silver Fir - Low Elevation",3
"0_41_5_64789",7,97,554,2044,1999,1709001103,"17090010","OWC","RaABAMlw_fsi_17090011","RaABAMlw","RaABAMlw_fsi",14,"fsi","RaABAMlw","RaABAMlw_fsi","Pacific Silver Fir - Low Elevation",3
"0_41_5_93330",7,97,553,2044,1280,1709001102,"17090010","OWC","RaABAMlw_fsi_17090011","RaABAMlw","RaABAMlw_fsi",14,"fsi","RaABAMlw","RaABAMlw_fsi","Pacific Silver Fir - Low Elevation",3
"0_41_5_88638",7,97,553,2041,1055,1709001102,"17090010","OWC","RaABAMlw_fwc_17090011","RaABAMlw","RaABAMlw_fwc",35,"fwc","RaABAMlw","RaABAMlw_fwc","Pacific Silver Fir - Low Elevation",3
"0_41_5_51656",7,97,553,2041,1154,1709001102,"17090010","OWC","RaABAMlw_fwc_17090011","RaABAMlw","RaABAMlw_fwc",35,"fwc","RaABAMlw","RaABAMlw_fwc","Pacific Silver Fir - Low Elevation",3
"0_41_5_90062",7,97,553,2044,2163,1709001102,"17090010","OWC","RaABAMlw_fsi_17090011","RaABAMlw","RaABAMlw_fsi",14,"fsi","RaABAMlw","RaABAMlw_fsi","Pacific Silver Fir - Low Elevation",3
"0_41_5_51513",7,97,553,2331,2146,1709001102,"17090010","OWC","Na0710412_fmc_OWC","Na0710412","Na0710412_fmc",7,"fmc","Na0710412","Na0710412_fmc","North Pacific Mountain Hemlock Forest - Xeric",5
"0_41_47_70901",7,97,553,2044,1136,1709001102,"17090010","OWC","RaABAMlw_fsi_17090011","RaABAMlw","RaABAMlw_fsi",14,"fsi","RaABAMlw","RaABAMlw_fsi","Pacific Silver Fir - Low Elevation",3
"0_41_47_72009",7,97,553,2044,1433,1709001102,"17090010","OWC","RaABAMlw_fsi_17090011","RaABAMlw","RaABAMlw_fsi",14,"fsi","RaABAMlw","RaABAMlw_fsi","Pacific Silver Fir - Low Elevation",3
"0_41_47_99630",7,91,516,2075,785,1709000501,"17090004","OWC","RaABAMlw_fsi_17090005","RaABAMlw","RaABAMlw_fsi",14,"fsi","RaABAMlw","RaABAMlw_fsi","Pacific Silver Fir - Low Elevation",3
"0_41_47_57913",7,91,516,2331,2700,1709000501,"17090004","OWC","Na0710412_fmc_OWC","Na0710412","Na0710412_fmc",7,"fmc","Na0710412","Na0710412_fmc","North Pacific Mountain Hemlock Forest - Xeric",5
"0_41_47_61259",7,91,516,2075,770,1709000501,"17090004","OWC","RaABAMlw_fsi_17090005","RaABAMlw","RaABAMlw_fsi",14,"fsi","RaABAMlw","RaABAMlw_fsi","Pacific Silver Fir - Low Elevation",3
"1_41_43_95271",7,91,517,2078,612,1709000502,"17090004","OWC","RaABAMlw_fwc_17090005","RaABAMlw","RaABAMlw_fwc",35,"fwc","RaABAMlw","RaABAMlw_fwc","Pacific Silver Fir - Low Elevation",3
"1_41_43_80445",7,91,517,2331,1796,1709000502,"17090004","OWC","Na0710412_fmc_OWC","Na0710412","Na0710412_fmc",7,"fmc","Na0710412","Na0710412_fmc","North Pacific Mountain Hemlock Forest - Xeric",5
"1_41_43_76211",7,91,517,2075,2050,1709000502,"17090004","OWC","RaABAMlw_fsi_17090005","RaABAMlw","RaABAMlw_fsi",14,"fsi","RaABAMlw","RaABAMlw_fsi","Pacific Silver Fir - Low Elevation",3
"1_41_43_75930",7,91,517,2075,515,1709000502,"17090004","OWC","RaABAMlw_fsi_17090005","RaABAMlw","RaABAMlw_fsi",14,"fsi","RaABAMlw","RaABAMlw_fsi","Pacific Silver Fir - Low Elevation",3
"1_41_43_57837",7,91,517,2331,1032,1709000502,"17090004","OWC","Na0710412_fmc_OWC","Na0710412","Na0710412_fmc",7,"fmc","Na0710412","Na0710412_fmc","North Pacific Mountain Hemlock Forest - Xeric",5
"3_41_31_51489",4,67,395,2324,1501,1707030109,"17070204","OEC","Na0710412_fmh_OEC","Na0710412","Na0710412_fmh",4,"fmh","Na0710412","Na0710412_fmh","North Pacific Mountain Hemlock Forest - Xeric",5
"3_41_31_59529",4,67,395,756,1355,1707030109,"17070204","OEC","RaMCONdy_fmd_1707030109","RaMCONdy","RaMCONdy_fmd",28,"fmd","RaMCONdy","RaMCONdy_fmd","Mixed Conifer - Eastside Dry",1
"3_41_17_89421",4,67,395,2324,2613,1707030109,"17070204","OEC","Na0710412_fmh_OEC","Na0710412","Na0710412_fmh",4,"fmh","Na0710412","Na0710412_fmh","North Pacific Mountain Hemlock Forest - Xeric",5
"1_41_39_68227",7,90,510,2331,1309,1709000402,"17090003B","OWC","Na0710412_fmc_OWC","Na0710412","Na0710412_fmc",7,"fmc","Na0710412","Na0710412_fmc","North Pacific Mountain Hemlock Forest - Xeric",5
"3_41_17_76633",4,67,387,2324,1297,1707030101,"17070204","OEC","Na0710412_fmh_OEC","Na0710412","Na0710412_fmh",4,"fmh","Na0710412","Na0710412_fmh","North Pacific Mountain Hemlock Forest - Xeric",5
"3_41_17_63347",4,67,387,2088,1142,1707030101,"17070204","OEC","RaABAMlw_fsi_17070301","RaABAMlw","RaABAMlw_fsi",14,"fsi","RaABAMlw","RaABAMlw_fsi","Pacific Silver Fir - Low Elevation",3
"3_41_17_50537",4,67,387,985,1301,1707030101,"17070204","OEC","RaMCONdy_fmx_1707030101","RaMCONdy","RaMCONdy_fmx",29,"fmx","RaMCONdy","RaMCONdy_fmx","Mixed Conifer - Eastside Dry",1
"3_41_17_84429",4,67,387,2085,2077,1707030101,"17070204","OEC","RaMCONms_fmm_17070301","RaMCONms","RaMCONms_fmm",27,"fmm","RaMCONms","RaMCONms_fmm","Mixed Conifer - Eastside Mesic",3
"3_41_17_98074",4,67,387,2085,1223,1707030101,"17070204","OEC","RaMCONms_fmm_17070301","RaMCONms","RaMCONms_fmm",27,"fmm","RaMCONms","RaMCONms_fmm","Mixed Conifer - Eastside Mesic",3
"3_41_17_64144",4,67,387,2340,940,1707030101,"17070204","OEC","RaPICOpu_flw_OEC","RaPICOpu","RaPICOpu_flw",50,"flw","RaPICOpu","RaPICOpu_flw","Lodgepole Pine - Pumice Soils",4
"3_41_17_69671",4,67,387,2085,1433,1707030101,"17070204","OEC","RaMCONms_fmm_17070301","RaMCONms","RaMCONms_fmm",27,"fmm","RaMCONms","RaMCONms_fmm","Mixed Conifer - Eastside Mesic",3
"3_41_17_88463",4,67,387,985,1282,1707030101,"17070204","OEC","RaMCONdy_fmx_1707030101","RaMCONdy","RaMCONdy_fmx",29,"fmx","RaMCONdy","RaMCONdy_fmx","Mixed Conifer - Eastside Dry",1
"3_41_17_66604",4,67,388,1061,1334,1707030102,"17070204","OEC","RaPIPOm_fpl_1707030102","RaPIPOm","RaPIPOm_fpl",55,"fpl","RaPIPOm","RaPIPOm_fpl","Dry Ponderosa Pine - Mesic",1
"3_41_17_99881",4,67,388,1061,1580,1707030102,"17070204","OEC","RaPIPOm_fpl_1707030102","RaPIPOm","RaPIPOm_fpl",55,"fpl","RaPIPOm","RaPIPOm_fpl","Dry Ponderosa Pine - Mesic",1
"3_41_17_83452",4,67,388,2085,955,1707030102,"17070204","OEC","RaMCONms_fmm_17070301","RaMCONms","RaMCONms_fmm",27,"fmm","RaMCONms","RaMCONms_fmm","Mixed Conifer - Eastside Mesic",3
"3_41_35_68404",4,67,388,2085,1809,1707030102,"17070204","OEC","RaMCONms_fmm_17070301","RaMCONms","RaMCONms_fmm",27,"fmm","RaMCONms","RaMCONms_fmm","Mixed Conifer - Eastside Mesic",3
"3_41_35_71290",4,67,388,2085,2090,1707030102,"17070204","OEC","RaMCONms_fmm_17070301","RaMCONms","RaMCONms_fmm",27,"fmm","RaMCONms","RaMCONms_fmm","Mixed Conifer - Eastside Mesic",3
"3_41_35_67429",4,67,388,2085,841,1707030102,"17070204","OEC","RaMCONms_fmm_17070301","RaMCONms","RaMCONms_fmm",27,"fmm","RaMCONms","RaMCONms_fmm","Mixed Conifer - Eastside Mesic",3
"3_41_35_62274",4,68,399,2164,1195,1707030202,"17070301","OEC","RaREFI_frf_17070302","RaREFI","RaREFI_frf",12,"frf","RaREFI","RaREFI_frf","Red Fir",3
"3_41_35_94134",4,68,399,2159,3181,1707030202,"17070301","OEC","RaMCONms_fmm_17070302","RaMCONms","RaMCONms_fmm",27,"fmm","RaMCONms","RaMCONms_fmm","Mixed Conifer - Eastside Mesic",3
"3_41_35_51751",4,68,398,1115,1282,1707030201,"17070301","OEC","RaPIPOm_fpl_1707030201","RaPIPOm","RaPIPOm_fpl",55,"fpl","RaPIPOm","RaPIPOm_fpl","Dry Ponderosa Pine - Mesic",1
"3_41_35_72971",4,68,398,1115,979,1707030201,"17070301","OEC","RaPIPOm_fpl_1707030201","RaPIPOm","RaPIPOm_fpl",55,"fpl","RaPIPOm","RaPIPOm_fpl","Dry Ponderosa Pine - Mesic",1
"3_41_35_70871",4,68,398,1115,2718,1707030201,"17070301","OEC","RaPIPOm_fpl_1707030201","RaPIPOm","RaPIPOm_fpl",55,"fpl","RaPIPOm","RaPIPOm_fpl","Dry Ponderosa Pine - Mesic",1
"3_41_35_94095",4,68,398,1115,1209,1707030201,"17070301","OEC","RaPIPOm_fpl_1707030201","RaPIPOm","RaPIPOm_fpl",55,"fpl","RaPIPOm","RaPIPOm_fpl","Dry Ponderosa Pine - Mesic",1
"3_41_35_68415",4,68,398,1115,2348,1707030201,"17070301","OEC","RaPIPOm_fpl_1707030201","RaPIPOm","RaPIPOm_fpl",55,"fpl","RaPIPOm","RaPIPOm_fpl","Dry Ponderosa Pine - Mesic",1
"3_41_35_68706",4,68,402,1114,1730,1707030205,"17070301","OEC","RaPIPOm_fpl_1707030205","RaPIPOm","RaPIPOm_fpl",55,"fpl","RaPIPOm","RaPIPOm_fpl","Dry Ponderosa Pine - Mesic",1
"3_41_35_74602",4,68,402,2159,742,1707030205,"17070301","OEC","RaMCONms_fmm_17070302","RaMCONms","RaMCONms_fmm",27,"fmm","RaMCONms","RaMCONms_fmm","Mixed Conifer - Eastside Mesic",3
"3_41_35_94117",4,68,402,2159,2247,1707030205,"17070301","OEC","RaMCONms_fmm_17070302","RaMCONms","RaMCONms_fmm",27,"fmm","RaMCONms","RaMCONms_fmm","Mixed Conifer - Eastside Mesic",3
"3_41_35_71181",4,68,402,1114,1556,1707030205,"17070301","OEC","RaPIPOm_fpl_1707030205","RaPIPOm","RaPIPOm_fpl",55,"fpl","RaPIPOm","RaPIPOm_fpl","Dry Ponderosa Pine - Mesic",1
"3_41_35_94205",4,68,402,1114,1802,1707030205,"17070301","OEC","RaPIPOm_fpl_1707030205","RaPIPOm","RaPIPOm_fpl",55,"fpl","RaPIPOm","RaPIPOm_fpl","Dry Ponderosa Pine - Mesic",1
"3_41_35_93797",4,157,893,1180,1984,1801020102,"18010101","OEC","RaPIPOm_fpl_1801020102","RaPIPOm","RaPIPOm_fpl",55,"fpl","RaPIPOm","RaPIPOm_fpl","Dry Ponderosa Pine - Mesic",1
"3_41_35_75642",4,157,893,2339,1394,1801020102,"18010101","OEC","RaPICOpu_fld_OEC","RaPICOpu","RaPICOpu_fld",49,"fld","RaPICOpu","RaPICOpu_fld","Lodgepole Pine - Pumice Soils",4
"3_41_35_55493",4,157,893,2339,1631,1801020102,"18010101","OEC","RaPICOpu_fld_OEC","RaPICOpu","RaPICOpu_fld",49,"fld","RaPICOpu","RaPICOpu_fld","Lodgepole Pine - Pumice Soils",4
"3_41_35_99736",4,157,894,2339,1496,1801020103,"18010101","OEC","RaPICOpu_fld_OEC","RaPICOpu","RaPICOpu_fld",49,"fld","RaPICOpu","RaPICOpu_fld","Lodgepole Pine - Pumice Soils",4
"3_41_35_91878",4,157,894,2339,2866,1801020103,"18010101","OEC","RaPICOpu_fld_OEC","RaPICOpu","RaPICOpu_fld",49,"fld","RaPICOpu","RaPICOpu_fld","Lodgepole Pine - Pumice Soils",4
"3_41_35_65579",4,157,894,2339,1868,1801020103,"18010101","OEC","RaPICOpu_fld_OEC","RaPICOpu","RaPICOpu_fld",49,"fld","RaPICOpu","RaPICOpu_fld","Lodgepole Pine - Pumice Soils",4
"5_53_57_76096",11,132,749,2285,2414,1711000701,"17110006","WNC","RaABAMup_fst_WNC","RaABAMup","RaABAMup_fst",13,"fst","RaABAMup","RaABAMup_fst","Pacific Silver Fir - High Elevation",5
"3_41_35_93043",4,157,897,1357,1276,1801020106,"18010101","OEC","RaMCONdy_fmx_1801020106","RaMCONdy","RaMCONdy_fmx",29,"fmx","RaMCONdy","RaMCONdy_fmx","Mixed Conifer - Eastside Dry",1
"3_41_35_94931",4,157,897,1357,2507,1801020106,"18010101","OEC","RaMCONdy_fmx_1801020106","RaMCONdy","RaMCONdy_fmx",29,"fmx","RaMCONdy","RaMCONdy_fmx","Mixed Conifer - Eastside Dry",1
"3_41_35_99104",4,158,904,2232,2652,1801020207,"18010201","OEC","RaPIPOxe_fpd_18010202","RaPIPOxe","RaPIPOxe_fpd",53,"fpd","RaPIPOxe","RaPIPOxe_fpd","Ponderosa Pine - Xeric",3
"3_41_35_61149",4,158,904,2232,1494,1801020207,"18010201","OEC","RaPIPOxe_fpd_18010202","RaPIPOxe","RaPIPOxe_fpd",53,"fpd","RaPIPOxe","RaPIPOxe_fpd","Ponderosa Pine - Xeric",3
"3_41_35_72228",4,158,904,2232,1556,1801020207,"18010201","OEC","RaPIPOxe_fpd_18010202","RaPIPOxe","RaPIPOxe_fpd",53,"fpd","RaPIPOxe","RaPIPOxe_fpd","Ponderosa Pine - Xeric",3
"3_41_35_72091",4,158,904,1430,1584,1801020207,"18010201","OEC","RaMCONdy_fmx_1801020207","RaMCONdy","RaMCONdy_fmx",29,"fmx","RaMCONdy","RaMCONdy_fmx","Mixed Conifer - Eastside Dry",1
"3_41_35_52225",4,158,904,1430,1057,1801020207,"18010201","OEC","RaMCONdy_fmx_1801020207","RaMCONdy","RaMCONdy_fmx",29,"fmx","RaMCONdy","RaMCONdy_fmx","Mixed Conifer - Eastside Dry",1
"3_41_35_96807",4,158,904,2229,1195,1801020207,"18010201","OEC","RaMCONms_fmm_18010202","RaMCONms","RaMCONms_fmm",27,"fmm","RaMCONms","RaMCONms_fmm","Mixed Conifer - Eastside Mesic",3
"3_41_35_88431",4,158,904,2229,1184,1801020207,"18010201","OEC","RaMCONms_fmm_18010202","RaMCONms","RaMCONms_fmm",27,"fmm","RaMCONms","RaMCONms_fmm","Mixed Conifer - Eastside Mesic",3
"3_41_35_64067",4,158,904,2229,1422,1801020207,"18010201","OEC","RaMCONms_fmm_18010202","RaMCONms","RaMCONms_fmm",27,"fmm","RaMCONms","RaMCONms_fmm","Mixed Conifer - Eastside Mesic",3
"3_41_35_63335",4,160,913,2258,2057,1801020408,"18010203","OEC","RaMCONms_fmm_18010204","RaMCONms","RaMCONms_fmm",27,"fmm","RaMCONms","RaMCONms_fmm","Mixed Conifer - Eastside Mesic",3
"3_41_35_84594",4,160,913,2258,2150,1801020408,"18010203","OEC","RaMCONms_fmm_18010204","RaMCONms","RaMCONms_fmm",27,"fmm","RaMCONms","RaMCONms_fmm","Mixed Conifer - Eastside Mesic",3
"5_53_73_84084",11,129,732,1766,1322,1711000402,"17110003","WNC","RaDFHEdy_fdg_17110004","RaDFHEdy","RaDFHEdy_fdg",24,"fdg","RaDFHEdy","RaDFHEdy_fdg","Douglas-fir Hemlock-Dry Mesic",3
"5_53_61_54710",11,134,760,1862,897,1711000907,"17110008","WNC","RaDFHEdy_fdg_17110009","RaDFHEdy","RaDFHEdy_fdg",24,"fdg","RaDFHEdy","RaDFHEdy_fdg","Douglas-fir Hemlock-Dry Mesic",3
"5_53_73_70199",11,129,732,2285,1741,1711000402,"17110003","WNC","RaABAMup_fst_WNC","RaABAMup","RaABAMup_fst",13,"fst","RaABAMup","RaABAMup_fst","Pacific Silver Fir - High Elevation",5
"5_53_33_73868",11,135,766,1882,1020,1711001006,"17110009","WNC","RaDFHEdy_fwi_17110010","RaDFHEdy","RaDFHEdy_fwi",31,"fwi","RaDFHEdy","RaDFHEdy_fwi","Douglas-fir Hemlock-Dry Mesic",3
"5_53_73_79477",11,129,731,2285,2247,1711000401,"17110003","WNC","RaABAMup_fst_WNC","RaABAMup","RaABAMup_fst",13,"fst","RaABAMup","RaABAMup_fst","Pacific Silver Fir - High Elevation",5
"5_53_33_95860",13,137,770,1873,825,1711001202,"17110011","WWC","RaDFHEdy_fwi_17110012","RaDFHEdy","RaDFHEdy_fwi",31,"fwi","RaDFHEdy","RaDFHEdy_fwi","Douglas-fir Hemlock-Dry Mesic",3
"5_53_33_65147",13,137,770,1873,903,1711001202,"17110011","WWC","RaDFHEdy_fwi_17110012","RaDFHEdy","RaDFHEdy_fwi",31,"fwi","RaDFHEdy","RaDFHEdy_fwi","Douglas-fir Hemlock-Dry Mesic",3
"5_53_33_53203",13,137,770,1873,1095,1711001202,"17110011","WWC","RaDFHEdy_fwi_17110012","RaDFHEdy","RaDFHEdy_fwi",31,"fwi","RaDFHEdy","RaDFHEdy_fwi","Douglas-fir Hemlock-Dry Mesic",3
"5_53_33_57720",13,137,769,1872,1207,1711001201,"17110011","WWC","RaDFHEdy_fdg_17110012","RaDFHEdy","RaDFHEdy_fdg",24,"fdg","RaDFHEdy","RaDFHEdy_fdg","Douglas-fir Hemlock-Dry Mesic",3
"5_53_33_50434",13,137,769,1872,1831,1711001201,"17110011","WWC","RaDFHEdy_fdg_17110012","RaDFHEdy","RaDFHEdy_fdg",24,"fdg","RaDFHEdy","RaDFHEdy_fdg","Douglas-fir Hemlock-Dry Mesic",3
"5_53_33_99236",13,138,775,2292,1369,1711001303,"17110012","WWC","RaDFHEwt_fwm_WWC","RaDFHEwt","RaDFHEwt_fwm",33,"fwm","RaDFHEwt","RaDFHEwt_fwm","Douglas-fir Hemlock-Wet Mesic",5
"5_53_53_60391",13,139,779,1917,709,1711001404,"17110013","WWC","RaDFHEdy_fwi_17110014","RaDFHEdy","RaDFHEdy_fwi",31,"fwi","RaDFHEdy","RaDFHEdy_fwi","Douglas-fir Hemlock-Dry Mesic",3
"5_53_53_51153",13,139,776,1917,932,1711001401,"17110013","WWC","RaDFHEdy_fwi_17110014","RaDFHEdy","RaDFHEdy_fwi",31,"fwi","RaDFHEdy","RaDFHEdy_fwi","Douglas-fir Hemlock-Dry Mesic",3
"5_53_53_80740",13,139,776,1918,717,1711001401,"17110013","WWC","RaDFHEdy_fdg_17110014","RaDFHEdy","RaDFHEdy_fdg",24,"fdg","RaDFHEdy","RaDFHEdy_fdg","Douglas-fir Hemlock-Dry Mesic",3
"5_53_53_58876",13,139,776,2303,1424,1711001401,"17110013","WWC","RaABAMup_fst_WWC","RaABAMup","RaABAMup_fst",13,"fst","RaABAMup","RaABAMup_fst","Pacific Silver Fir - High Elevation",5
"5_53_53_69718",13,139,776,2303,1343,1711001401,"17110013","WWC","RaABAMup_fst_WWC","RaABAMup","RaABAMup_fst",13,"fst","RaABAMup","RaABAMup_fst","Pacific Silver Fir - High Elevation",5
"5_53_53_73069",13,139,777,1921,1690,1711001402,"17110013","WWC","RaABAMlw_fsi_17110014","RaABAMlw","RaABAMlw_fsi",14,"fsi","RaABAMlw","RaABAMlw_fsi","Pacific Silver Fir - Low Elevation",3
"5_53_53_90474",13,139,777,1921,1389,1711001402,"17110013","WWC","RaABAMlw_fsi_17110014","RaABAMlw","RaABAMlw_fsi",14,"fsi","RaABAMlw","RaABAMlw_fsi","Pacific Silver Fir - Low Elevation",3
"5_53_53_65455",13,140,781,2303,1288,1711001501,"17110014","WWC","RaABAMup_fst_WWC","RaABAMup","RaABAMup_fst",13,"fst","RaABAMup","RaABAMup_fst","Pacific Silver Fir - High Elevation",5
"5_53_53_65209",13,140,781,1926,593,1711001501,"17110014","WWC","RaDFHEdy_fwi_17110015","RaDFHEdy","RaDFHEdy_fwi",31,"fwi","RaDFHEdy","RaDFHEdy_fwi","Douglas-fir Hemlock-Dry Mesic",3
"7_53_41_85419",13,140,781,1927,1409,1711001501,"17110014","WWC","RaDFHEdy_fdg_17110015","RaDFHEdy","RaDFHEdy_fdg",24,"fdg","RaDFHEdy","RaDFHEdy_fdg","Douglas-fir Hemlock-Dry Mesic",3
"7_53_41_70113",13,140,781,1936,2483,1711001501,"17110014","WWC","RaABAMlw_fsi_17110015","RaABAMlw","RaABAMlw_fsi",14,"fsi","RaABAMlw","RaABAMlw_fsi","Pacific Silver Fir - Low Elevation",3
"7_53_41_85505",13,140,781,1936,2294,1711001501,"17110014","WWC","RaABAMlw_fsi_17110015","RaABAMlw","RaABAMlw_fsi",14,"fsi","RaABAMlw","RaABAMlw_fsi","Pacific Silver Fir - Low Elevation",3
"7_53_41_95288",13,82,475,1940,1218,1708000405,"17080003A","WWC","RaABAMlw_fsi_17080004","RaABAMlw","RaABAMlw_fsi",14,"fsi","RaABAMlw","RaABAMlw_fsi","Pacific Silver Fir - Low Elevation",3
"7_53_41_75759",13,82,475,1940,984,1708000405,"17080003A","WWC","RaABAMlw_fsi_17080004","RaABAMlw","RaABAMlw_fsi",14,"fsi","RaABAMlw","RaABAMlw_fsi","Pacific Silver Fir - Low Elevation",3
"7_53_41_55535",13,82,475,2292,1038,1708000405,"17080003A","WWC","RaDFHEwt_fwm_WWC","RaDFHEwt","RaDFHEwt_fwm",33,"fwm","RaDFHEwt","RaDFHEwt_fwm","Douglas-fir Hemlock-Wet Mesic",5
"7_53_41_79912",13,82,475,2292,667,1708000405,"17080003A","WWC","RaDFHEwt_fwm_WWC","RaDFHEwt","RaDFHEwt_fwm",33,"fwm","RaDFHEwt","RaDFHEwt_fwm","Douglas-fir Hemlock-Wet Mesic",5
"7_53_41_80465",13,82,475,2292,1194,1708000405,"17080003A","WWC","RaDFHEwt_fwm_WWC","RaDFHEwt","RaDFHEwt_fwm",33,"fwm","RaDFHEwt","RaDFHEwt_fwm","Douglas-fir Hemlock-Wet Mesic",5
"7_53_41_60322",13,82,475,2292,1433,1708000405,"17080003A","WWC","RaDFHEwt_fwm_WWC","RaDFHEwt","RaDFHEwt_fwm",33,"fwm","RaDFHEwt","RaDFHEwt_fwm","Douglas-fir Hemlock-Wet Mesic",5
"7_53_41_57801",13,82,475,1941,590,1708000405,"17080003A","WWC","RaDFHEdy_fwi_17080004","RaDFHEdy","RaDFHEdy_fwi",31,"fwi","RaDFHEdy","RaDFHEdy_fwi","Douglas-fir Hemlock-Dry Mesic",3
"7_53_41_77396",13,82,474,2292,851,1708000404,"17080003A","WWC","RaDFHEwt_fwm_WWC","RaDFHEwt","RaDFHEwt_fwm",33,"fwm","RaDFHEwt","RaDFHEwt_fwm","Douglas-fir Hemlock-Wet Mesic",5
"7_53_41_98874",13,82,474,1941,981,1708000404,"17080003A","WWC","RaDFHEdy_fwi_17080004","RaDFHEdy","RaDFHEdy_fwi",31,"fwi","RaDFHEdy","RaDFHEdy_fwi","Douglas-fir Hemlock-Dry Mesic",3
"7_53_41_79665",13,82,474,1941,690,1708000404,"17080003A","WWC","RaDFHEdy_fwi_17080004","RaDFHEdy","RaDFHEdy_fwi",31,"fwi","RaDFHEdy","RaDFHEdy_fwi","Douglas-fir Hemlock-Dry Mesic",3
"7_53_41_90084",13,82,474,1941,723,1708000404,"17080003A","WWC","RaDFHEdy_fwi_17080004","RaDFHEdy","RaDFHEdy_fwi",31,"fwi","RaDFHEdy","RaDFHEdy_fwi","Douglas-fir Hemlock-Dry Mesic",3
"7_53_41_59635",13,82,474,1940,1927,1708000404,"17080003A","WWC","RaABAMlw_fsi_17080004","RaABAMlw","RaABAMlw_fsi",14,"fsi","RaABAMlw","RaABAMlw_fsi","Pacific Silver Fir - Low Elevation",3
"7_53_59_97399",13,82,474,2305,2368,1708000404,"17080003A","WWC","Na0710412_fmc_WWC","Na0710412","Na0710412_fmc",7,"fmc","Na0710412","Na0710412_fmc","North Pacific Mountain Hemlock Forest - Xeric",5
"7_53_59_66651",13,82,474,1940,1817,1708000404,"17080003A","WWC","RaABAMlw_fsi_17080004","RaABAMlw","RaABAMlw_fsi",14,"fsi","RaABAMlw","RaABAMlw_fsi","Pacific Silver Fir - Low Elevation",3
"7_53_59_73447",13,82,474,2305,1625,1708000404,"17080003A","WWC","Na0710412_fmc_WWC","Na0710412","Na0710412_fmc",7,"fmc","Na0710412","Na0710412_fmc","North Pacific Mountain Hemlock Forest - Xeric",5
"7_53_59_81789",13,82,474,1940,1578,1708000404,"17080003A","WWC","RaABAMlw_fsi_17080004","RaABAMlw","RaABAMlw_fsi",14,"fsi","RaABAMlw","RaABAMlw_fsi","Pacific Silver Fir - Low Elevation",3
"5_53_73_82038",11,129,733,2285,1807,1711000403,"17110003","WNC","RaABAMup_fst_WNC","RaABAMup","RaABAMup_fst",13,"fst","RaABAMup","RaABAMup_fst","Pacific Silver Fir - High Elevation",5
"5_53_73_96939",11,129,733,2282,835,1711000403,"17110003","WNC","RaDFHEwt_fwm_WNC","RaDFHEwt","RaDFHEwt_fwm",33,"fwm","RaDFHEwt","RaDFHEwt_fwm","Douglas-fir Hemlock-Wet Mesic",5
"5_53_73_70915",11,126,723,2286,2066,1711000103,"17100312","WNC","Na0710411_fmt_WNC","Na0710411","Na0710411_fmt",5,"fmt","Na0710411","Na0710411_fmt","North Pacific Mountain Hemlock Forest - Wet",5
"7_53_59_77399",13,82,474,2305,1540,1708000404,"17080003A","WWC","Na0710412_fmc_WWC","Na0710412","Na0710412_fmc",7,"fmc","Na0710412","Na0710412_fmc","North Pacific Mountain Hemlock Forest - Xeric",5
"7_53_59_79021",13,78,459,2305,1913,1708000201,"17080001A","WWC","Na0710412_fmc_WWC","Na0710412","Na0710412_fmc",7,"fmc","Na0710412","Na0710412_fmc","North Pacific Mountain Hemlock Forest - Xeric",5
"7_53_59_71937",13,78,459,2303,955,1708000201,"17080001A","WWC","RaABAMup_fst_WWC","RaABAMup","RaABAMup_fst",13,"fst","RaABAMup","RaABAMup_fst","Pacific Silver Fir - High Elevation",5
"7_53_59_99863",13,78,459,2303,884,1708000201,"17080001A","WWC","RaABAMup_fst_WWC","RaABAMup","RaABAMup_fst",13,"fst","RaABAMup","RaABAMup_fst","Pacific Silver Fir - High Elevation",5
"7_53_59_68674",13,78,459,2303,1607,1708000201,"17080001A","WWC","RaABAMup_fst_WWC","RaABAMup","RaABAMup_fst",13,"fst","RaABAMup","RaABAMup_fst","Pacific Silver Fir - High Elevation",5
"7_53_59_73793",13,78,459,2305,2007,1708000201,"17080001A","WWC","Na0710412_fmc_WWC","Na0710412","Na0710412_fmc",7,"fmc","Na0710412","Na0710412_fmc","North Pacific Mountain Hemlock Forest - Xeric",5
"7_53_59_90996",13,78,459,2305,2083,1708000201,"17080001A","WWC","Na0710412_fmc_WWC","Na0710412","Na0710412_fmc",7,"fmc","Na0710412","Na0710412_fmc","North Pacific Mountain Hemlock Forest - Xeric",5
"7_53_59_60328",13,78,459,2305,3202,1708000201,"17080001A","WWC","Na0710412_fmc_WWC","Na0710412","Na0710412_fmc",7,"fmc","Na0710412","Na0710412_fmc","North Pacific Mountain Hemlock Forest - Xeric",5
"7_53_59_77129",13,78,459,2305,2455,1708000201,"17080001A","WWC","Na0710412_fmc_WWC","Na0710412","Na0710412_fmc",7,"fmc","Na0710412","Na0710412_fmc","North Pacific Mountain Hemlock Forest - Xeric",5
"7_53_59_56326",13,78,459,2305,1484,1708000201,"17080001A","WWC","Na0710412_fmc_WWC","Na0710412","Na0710412_fmc",7,"fmc","Na0710412","Na0710412_fmc","North Pacific Mountain Hemlock Forest - Xeric",5
"7_53_59_97163",13,61,337,1989,1852,1707010510,"17070105A","WWC","RaABAMlw_fsi_17070105C","RaABAMlw","RaABAMlw_fsi",14,"fsi","RaABAMlw","RaABAMlw_fsi","Pacific Silver Fir - Low Elevation",3
"7_53_59_84448",13,61,337,1989,1854,1707010510,"17070105A","WWC","RaABAMlw_fsi_17070105C","RaABAMlw","RaABAMlw_fsi",14,"fsi","RaABAMlw","RaABAMlw_fsi","Pacific Silver Fir - Low Elevation",3
"7_53_59_84154",13,61,337,1993,945,1707010510,"17070105A","WWC","RaDFHEdy_fwi_17070105C","RaDFHEdy","RaDFHEdy_fwi",31,"fwi","RaDFHEdy","RaDFHEdy_fwi","Douglas-fir Hemlock-Dry Mesic",3
"7_53_59_51449",13,61,337,1989,1928,1707010510,"17070105A","WWC","RaABAMlw_fsi_17070105C","RaABAMlw","RaABAMlw_fsi",14,"fsi","RaABAMlw","RaABAMlw_fsi","Pacific Silver Fir - Low Elevation",3
"7_53_59_82629",13,61,337,1993,972,1707010510,"17070105A","WWC","RaDFHEdy_fwi_17070105C","RaDFHEdy","RaDFHEdy_fwi",31,"fwi","RaDFHEdy","RaDFHEdy_fwi","Douglas-fir Hemlock-Dry Mesic",3
"7_53_59_78688",13,61,337,1989,814,1707010510,"17070105A","WWC","RaABAMlw_fsi_17070105C","RaABAMlw","RaABAMlw_fsi",14,"fsi","RaABAMlw","RaABAMlw_fsi","Pacific Silver Fir - Low Elevation",3
"7_53_59_61178",13,61,337,1993,838,1707010510,"17070105A","WWC","RaDFHEdy_fwi_17070105C","RaDFHEdy","RaDFHEdy_fwi",31,"fwi","RaDFHEdy","RaDFHEdy_fwi","Douglas-fir Hemlock-Dry Mesic",3
"7_53_59_86139",13,61,337,1993,488,1707010510,"17070105A","WWC","RaDFHEdy_fwi_17070105C","RaDFHEdy","RaDFHEdy_fwi",31,"fwi","RaDFHEdy","RaDFHEdy_fwi","Douglas-fir Hemlock-Dry Mesic",3
"7_53_59_66290",13,61,337,1993,751,1707010510,"17070105A","WWC","RaDFHEdy_fwi_17070105C","RaDFHEdy","RaDFHEdy_fwi",31,"fwi","RaDFHEdy","RaDFHEdy_fwi","Douglas-fir Hemlock-Dry Mesic",3
"7_53_59_97909",13,61,337,1993,601,1707010510,"17070105A","WWC","RaDFHEdy_fwi_17070105C","RaDFHEdy","RaDFHEdy_fwi",31,"fwi","RaDFHEdy","RaDFHEdy_fwi","Douglas-fir Hemlock-Dry Mesic",3
"7_53_59_61660",13,61,337,2292,897,1707010510,"17070105A","WWC","RaDFHEwt_fwm_WWC","RaDFHEwt","RaDFHEwt_fwm",33,"fwm","RaDFHEwt","RaDFHEwt_fwm","Douglas-fir Hemlock-Wet Mesic",5
"7_53_59_70732",13,61,337,2292,1251,1707010510,"17070105A","WWC","RaDFHEwt_fwm_WWC","RaDFHEwt","RaDFHEwt_fwm",33,"fwm","RaDFHEwt","RaDFHEwt_fwm","Douglas-fir Hemlock-Wet Mesic",5
"7_53_59_95365",13,61,337,1993,725,1707010510,"17070105A","WWC","RaDFHEdy_fwi_17070105C","RaDFHEdy","RaDFHEdy_fwi",31,"fwi","RaDFHEdy","RaDFHEdy_fwi","Douglas-fir Hemlock-Dry Mesic",3
"7_53_59_52837",13,61,337,1993,989,1707010510,"17070105A","WWC","RaDFHEdy_fwi_17070105C","RaDFHEdy","RaDFHEdy_fwi",31,"fwi","RaDFHEdy","RaDFHEdy_fwi","Douglas-fir Hemlock-Dry Mesic",3
"7_53_59_78827",13,61,337,2292,888,1707010510,"17070105A","WWC","RaDFHEwt_fwm_WWC","RaDFHEwt","RaDFHEwt_fwm",33,"fwm","RaDFHEwt","RaDFHEwt_fwm","Douglas-fir Hemlock-Wet Mesic",5
"0_41_27_63324",13,61,339,2292,1554,1707010512,"17070105A","WWC","RaDFHEwt_fwm_WWC","RaDFHEwt","RaDFHEwt_fwm",33,"fwm","RaDFHEwt","RaDFHEwt_fwm","Douglas-fir Hemlock-Wet Mesic",5
"0_41_27_78361",13,61,339,1989,1317,1707010512,"17070105A","WWC","RaABAMlw_fsi_17070105C","RaABAMlw","RaABAMlw_fsi",14,"fsi","RaABAMlw","RaABAMlw_fsi","Pacific Silver Fir - Low Elevation",3
"0_41_27_93631",13,61,339,1993,1149,1707010512,"17070105A","WWC","RaDFHEdy_fwi_17070105C","RaDFHEdy","RaDFHEdy_fwi",31,"fwi","RaDFHEdy","RaDFHEdy_fwi","Douglas-fir Hemlock-Dry Mesic",3
"0_41_27_83335",13,61,339,1989,1303,1707010512,"17070105A","WWC","RaABAMlw_fsi_17070105C","RaABAMlw","RaABAMlw_fsi",14,"fsi","RaABAMlw","RaABAMlw_fsi","Pacific Silver Fir - Low Elevation",3
"0_41_27_67273",4,59,333,2015,1401,1707010506,"17070104","OEC","RaABAMlw_fsi_17070105B","RaABAMlw","RaABAMlw_fsi",14,"fsi","RaABAMlw","RaABAMlw_fsi","Pacific Silver Fir - Low Elevation",3
"0_41_27_97852",4,59,333,2015,2433,1707010506,"17070104","OEC","RaABAMlw_fsi_17070105B","RaABAMlw","RaABAMlw_fsi",14,"fsi","RaABAMlw","RaABAMlw_fsi","Pacific Silver Fir - Low Elevation",3
"0_41_27_62748",4,59,333,2326,811,1707010506,"17070104","OEC","Na0710412_fmi_OEC","Na0710412","Na0710412_fmi",6,"fmi","Na0710412","Na0710412_fmi","North Pacific Mountain Hemlock Forest - Xeric",5
"0_41_5_54702",7,76,455,2330,946,1708000105,"17070307","OWC","Na0710412_fmi_OWC","Na0710412","Na0710412_fmi",6,"fmi","Na0710412","Na0710412_fmi","North Pacific Mountain Hemlock Forest - Xeric",5
"0_41_5_67017",7,76,451,2026,1646,1708000101,"17070307","OWC","RaABAMlw_fsi_17080001B","RaABAMlw","RaABAMlw_fsi",14,"fsi","RaABAMlw","RaABAMlw_fsi","Pacific Silver Fir - Low Elevation",3
"0_41_5_74892",7,76,451,2026,1473,1708000101,"17070307","OWC","RaABAMlw_fsi_17080001B","RaABAMlw","RaABAMlw_fsi",14,"fsi","RaABAMlw","RaABAMlw_fsi","Pacific Silver Fir - Low Elevation",3
"0_41_5_92484",7,76,452,2331,325,1708000102,"17070307","OWC","Na0710412_fmc_OWC","Na0710412","Na0710412_fmc",7,"fmc","Na0710412","Na0710412_fmc","North Pacific Mountain Hemlock Forest - Xeric",5
"0_41_5_65141",7,76,451,2331,1067,1708000101,"17070307","OWC","Na0710412_fmc_OWC","Na0710412","Na0710412_fmc",7,"fmc","Na0710412","Na0710412_fmc","North Pacific Mountain Hemlock Forest - Xeric",5
"0_41_5_89361",7,76,452,2025,704,1708000102,"17070307","OWC","RaDFHEdy_fwi_17080001B","RaDFHEdy","RaDFHEdy_fwi",31,"fwi","RaDFHEdy","RaDFHEdy_fwi","Douglas-fir Hemlock-Dry Mesic",3
"0_41_5_87165",7,76,452,2025,959,1708000102,"17070307","OWC","RaDFHEdy_fwi_17080001B","RaDFHEdy","RaDFHEdy_fwi",31,"fwi","RaDFHEdy","RaDFHEdy_fwi","Douglas-fir Hemlock-Dry Mesic",3
"0_41_5_86749",7,76,452,2026,1075,1708000102,"17070307","OWC","RaABAMlw_fsi_17080001B","RaABAMlw","RaABAMlw_fsi",14,"fsi","RaABAMlw","RaABAMlw_fsi","Pacific Silver Fir - Low Elevation",3
"0_41_5_60979",7,76,452,2026,913,1708000102,"17070307","OWC","RaABAMlw_fsi_17080001B","RaABAMlw","RaABAMlw_fsi",14,"fsi","RaABAMlw","RaABAMlw_fsi","Pacific Silver Fir - Low Elevation",3
"5_53_57_65151",11,129,734,2285,2418,1711000404,"17110003","WNC","RaABAMup_fst_WNC","RaABAMup","RaABAMup_fst",13,"fst","RaABAMup","RaABAMup_fst","Pacific Silver Fir - High Elevation",5
"0_41_5_85875",7,76,453,2026,1744,1708000103,"17070307","OWC","RaABAMlw_fsi_17080001B","RaABAMlw","RaABAMlw_fsi",14,"fsi","RaABAMlw","RaABAMlw_fsi","Pacific Silver Fir - Low Elevation",3
"0_41_5_94571",7,76,453,2331,1052,1708000103,"17070307","OWC","Na0710412_fmc_OWC","Na0710412","Na0710412_fmc",7,"fmc","Na0710412","Na0710412_fmc","North Pacific Mountain Hemlock Forest - Xeric",5
"0_41_5_70536",7,76,453,2026,943,1708000103,"17070307","OWC","RaABAMlw_fsi_17080001B","RaABAMlw","RaABAMlw_fsi",14,"fsi","RaABAMlw","RaABAMlw_fsi","Pacific Silver Fir - Low Elevation",3
"0_41_5_71549",7,97,554,2044,958,1709001103,"17090010","OWC","RaABAMlw_fsi_17090011","RaABAMlw","RaABAMlw_fsi",14,"fsi","RaABAMlw","RaABAMlw_fsi","Pacific Silver Fir - Low Elevation",3
"0_41_5_87627",7,97,554,2044,1901,1709001103,"17090010","OWC","RaABAMlw_fsi_17090011","RaABAMlw","RaABAMlw_fsi",14,"fsi","RaABAMlw","RaABAMlw_fsi","Pacific Silver Fir - Low Elevation",3
"0_41_5_69394",7,97,554,2044,1459,1709001103,"17090010","OWC","RaABAMlw_fsi_17090011","RaABAMlw","RaABAMlw_fsi",14,"fsi","RaABAMlw","RaABAMlw_fsi","Pacific Silver Fir - Low Elevation",3
"0_41_5_65673",7,97,554,2044,1208,1709001103,"17090010","OWC","RaABAMlw_fsi_17090011","RaABAMlw","RaABAMlw_fsi",14,"fsi","RaABAMlw","RaABAMlw_fsi","Pacific Silver Fir - Low Elevation",3
"0_41_5_98891",7,97,554,2044,1241,1709001103,"17090010","OWC","RaABAMlw_fsi_17090011","RaABAMlw","RaABAMlw_fsi",14,"fsi","RaABAMlw","RaABAMlw_fsi","Pacific Silver Fir - Low Elevation",3
"0_41_5_56999",7,97,554,2044,1370,1709001103,"17090010","OWC","RaABAMlw_fsi_17090011","RaABAMlw","RaABAMlw_fsi",14,"fsi","RaABAMlw","RaABAMlw_fsi","Pacific Silver Fir - Low Elevation",3
"0_41_5_66332",7,97,554,2331,1249,1709001103,"17090010","OWC","Na0710412_fmc_OWC","Na0710412","Na0710412_fmc",7,"fmc","Na0710412","Na0710412_fmc","North Pacific Mountain Hemlock Forest - Xeric",5
"0_41_5_83820",7,97,553,2044,1190,1709001102,"17090010","OWC","RaABAMlw_fsi_17090011","RaABAMlw","RaABAMlw_fsi",14,"fsi","RaABAMlw","RaABAMlw_fsi","Pacific Silver Fir - Low Elevation",3
"0_41_5_71838",7,97,553,2044,2202,1709001102,"17090010","OWC","RaABAMlw_fsi_17090011","RaABAMlw","RaABAMlw_fsi",14,"fsi","RaABAMlw","RaABAMlw_fsi","Pacific Silver Fir - Low Elevation",3
"0_41_5_86648",7,97,553,2044,1840,1709001102,"17090010","OWC","RaABAMlw_fsi_17090011","RaABAMlw","RaABAMlw_fsi",14,"fsi","RaABAMlw","RaABAMlw_fsi","Pacific Silver Fir - Low Elevation",3
"5_53_57_63801",11,129,734,2285,2400,1711000404,"17110003","WNC","RaABAMup_fst_WNC","RaABAMup","RaABAMup_fst",13,"fst","RaABAMup","RaABAMup_fst","Pacific Silver Fir - High Elevation",5
"0_41_5_75920",7,97,553,2044,1705,1709001102,"17090010","OWC","RaABAMlw_fsi_17090011","RaABAMlw","RaABAMlw_fsi",14,"fsi","RaABAMlw","RaABAMlw_fsi","Pacific Silver Fir - Low Elevation",3
"0_41_47_51004",7,97,553,2044,2024,1709001102,"17090010","OWC","RaABAMlw_fsi_17090011","RaABAMlw","RaABAMlw_fsi",14,"fsi","RaABAMlw","RaABAMlw_fsi","Pacific Silver Fir - Low Elevation",3
"0_41_47_65964",7,97,553,2044,2161,1709001102,"17090010","OWC","RaABAMlw_fsi_17090011","RaABAMlw","RaABAMlw_fsi",14,"fsi","RaABAMlw","RaABAMlw_fsi","Pacific Silver Fir - Low Elevation",3
"0_41_47_87756",7,97,553,2331,1578,1709001102,"17090010","OWC","Na0710412_fmc_OWC","Na0710412","Na0710412_fmc",7,"fmc","Na0710412","Na0710412_fmc","North Pacific Mountain Hemlock Forest - Xeric",5
"0_41_47_93905",7,97,553,2331,2134,1709001102,"17090010","OWC","Na0710412_fmc_OWC","Na0710412","Na0710412_fmc",7,"fmc","Na0710412","Na0710412_fmc","North Pacific Mountain Hemlock Forest - Xeric",5
"0_41_47_65169",7,91,516,2331,890,1709000501,"17090004","OWC","Na0710412_fmc_OWC","Na0710412","Na0710412_fmc",7,"fmc","Na0710412","Na0710412_fmc","North Pacific Mountain Hemlock Forest - Xeric",5
"1_41_43_76501",7,91,517,2079,589,1709000502,"17090004","OWC","RaSAWD_fal_17090005","RaSAWD","RaSAWD_fal",2,"fal","RaSAWD","RaSAWD_fal","Subalpine Woodland",3
"3_41_31_75587",4,67,395,2324,1386,1707030109,"17070204","OEC","Na0710412_fmh_OEC","Na0710412","Na0710412_fmh",4,"fmh","Na0710412","Na0710412_fmh","North Pacific Mountain Hemlock Forest - Xeric",5
"3_41_31_62554",4,67,395,2324,818,1707030109,"17070204","OEC","Na0710412_fmh_OEC","Na0710412","Na0710412_fmh",4,"fmh","Na0710412","Na0710412_fmh","North Pacific Mountain Hemlock Forest - Xeric",5
"3_41_31_76562",4,67,395,2324,860,1707030109,"17070204","OEC","Na0710412_fmh_OEC","Na0710412","Na0710412_fmh",4,"fmh","Na0710412","Na0710412_fmh","North Pacific Mountain Hemlock Forest - Xeric",5
"3_41_31_94603",4,67,395,2324,474,1707030109,"17070204","OEC","Na0710412_fmh_OEC","Na0710412","Na0710412_fmh",4,"fmh","Na0710412","Na0710412_fmh","North Pacific Mountain Hemlock Forest - Xeric",5
"3_41_31_62520",4,67,395,2088,1040,1707030109,"17070204","OEC","RaABAMlw_fsi_17070301","RaABAMlw","RaABAMlw_fsi",14,"fsi","RaABAMlw","RaABAMlw_fsi","Pacific Silver Fir - Low Elevation",3
"5_53_57_85205",11,132,749,2282,1505,1711000701,"17110006","WNC","RaDFHEwt_fwm_WNC","RaDFHEwt","RaDFHEwt_fwm",33,"fwm","RaDFHEwt","RaDFHEwt_fwm","Douglas-fir Hemlock-Wet Mesic",5
"3_41_31_88934",4,67,395,2088,2120,1707030109,"17070204","OEC","RaABAMlw_fsi_17070301","RaABAMlw","RaABAMlw_fsi",14,"fsi","RaABAMlw","RaABAMlw_fsi","Pacific Silver Fir - Low Elevation",3
"3_41_17_86811",4,67,395,2324,1293,1707030109,"17070204","OEC","Na0710412_fmh_OEC","Na0710412","Na0710412_fmh",4,"fmh","Na0710412","Na0710412_fmh","North Pacific Mountain Hemlock Forest - Xeric",5
"3_41_17_88412",4,67,395,2324,2787,1707030109,"17070204","OEC","Na0710412_fmh_OEC","Na0710412","Na0710412_fmh",4,"fmh","Na0710412","Na0710412_fmh","North Pacific Mountain Hemlock Forest - Xeric",5
"1_41_39_59277",7,90,510,2113,769,1709000402,"17090003B","OWC","RaSAWD_fal_17090004","RaSAWD","RaSAWD_fal",2,"fal","RaSAWD","RaSAWD_fal","Subalpine Woodland",3
"3_41_17_98956",4,67,387,2324,2232,1707030101,"17070204","OEC","Na0710412_fmh_OEC","Na0710412","Na0710412_fmh",4,"fmh","Na0710412","Na0710412_fmh","North Pacific Mountain Hemlock Forest - Xeric",5
"3_41_17_94448",4,67,387,2324,2402,1707030101,"17070204","OEC","Na0710412_fmh_OEC","Na0710412","Na0710412_fmh",4,"fmh","Na0710412","Na0710412_fmh","North Pacific Mountain Hemlock Forest - Xeric",5
"3_41_17_84478",4,67,387,2085,720,1707030101,"17070204","OEC","RaMCONms_fmm_17070301","RaMCONms","RaMCONms_fmm",27,"fmm","RaMCONms","RaMCONms_fmm","Mixed Conifer - Eastside Mesic",3
"5_53_57_55481",11,132,749,2285,1749,1711000701,"17110006","WNC","RaABAMup_fst_WNC","RaABAMup","RaABAMup_fst",13,"fst","RaABAMup","RaABAMup_fst","Pacific Silver Fir - High Elevation",5
"3_41_17_66068",4,67,387,2339,727,1707030101,"17070204","OEC","RaPICOpu_fld_OEC","RaPICOpu","RaPICOpu_fld",49,"fld","RaPICOpu","RaPICOpu_fld","Lodgepole Pine - Pumice Soils",4
"3_41_17_85757",4,67,387,2085,697,1707030101,"17070204","OEC","RaMCONms_fmm_17070301","RaMCONms","RaMCONms_fmm",27,"fmm","RaMCONms","RaMCONms_fmm","Mixed Conifer - Eastside Mesic",3
"3_41_17_76898",4,67,387,2340,1641,1707030101,"17070204","OEC","RaPICOpu_flw_OEC","RaPICOpu","RaPICOpu_flw",50,"flw","RaPICOpu","RaPICOpu_flw","Lodgepole Pine - Pumice Soils",4
"3_41_17_97258",4,67,387,985,1584,1707030101,"17070204","OEC","RaMCONdy_fmx_1707030101","RaMCONdy","RaMCONdy_fmx",29,"fmx","RaMCONdy","RaMCONdy_fmx","Mixed Conifer - Eastside Dry",1
"3_41_17_91154",4,67,388,1058,1680,1707030102,"17070204","OEC","RaMCONdy_fmx_1707030102","RaMCONdy","RaMCONdy_fmx",29,"fmx","RaMCONdy","RaMCONdy_fmx","Mixed Conifer - Eastside Dry",1
"3_41_17_73912",4,67,388,1061,1663,1707030102,"17070204","OEC","RaPIPOm_fpl_1707030102","RaPIPOm","RaPIPOm_fpl",55,"fpl","RaPIPOm","RaPIPOm_fpl","Dry Ponderosa Pine - Mesic",1
"3_41_17_92065",4,67,388,1061,1328,1707030102,"17070204","OEC","RaPIPOm_fpl_1707030102","RaPIPOm","RaPIPOm_fpl",55,"fpl","RaPIPOm","RaPIPOm_fpl","Dry Ponderosa Pine - Mesic",1
"3_41_17_86097",4,67,388,1061,660,1707030102,"17070204","OEC","RaPIPOm_fpl_1707030102","RaPIPOm","RaPIPOm_fpl",55,"fpl","RaPIPOm","RaPIPOm_fpl","Dry Ponderosa Pine - Mesic",1
"3_41_17_58173",4,67,388,2340,1379,1707030102,"17070204","OEC","RaPICOpu_flw_OEC","RaPICOpu","RaPICOpu_flw",50,"flw","RaPICOpu","RaPICOpu_flw","Lodgepole Pine - Pumice Soils",4
"3_41_17_71609",4,67,388,2085,2681,1707030102,"17070204","OEC","RaMCONms_fmm_17070301","RaMCONms","RaMCONms_fmm",27,"fmm","RaMCONms","RaMCONms_fmm","Mixed Conifer - Eastside Mesic",3
"3_41_17_85092",4,67,388,2085,1216,1707030102,"17070204","OEC","RaMCONms_fmm_17070301","RaMCONms","RaMCONms_fmm",27,"fmm","RaMCONms","RaMCONms_fmm","Mixed Conifer - Eastside Mesic",3
"5_53_57_99706",11,132,749,2286,1352,1711000701,"17110006","WNC","Na0710411_fmt_WNC","Na0710411","Na0710411_fmt",5,"fmt","Na0710411","Na0710411_fmt","North Pacific Mountain Hemlock Forest - Wet",5
"5_53_57_53776",11,132,749,2286,952,1711000701,"17110006","WNC","Na0710411_fmt_WNC","Na0710411","Na0710411_fmt",5,"fmt","Na0710411","Na0710411_fmt","North Pacific Mountain Hemlock Forest - Wet",5
"5_53_57_95119",11,132,749,2286,1158,1711000701,"17110006","WNC","Na0710411_fmt_WNC","Na0710411","Na0710411_fmt",5,"fmt","Na0710411","Na0710411_fmt","North Pacific Mountain Hemlock Forest - Wet",5
"5_53_73_66953",11,129,731,2285,2552,1711000401,"17110003","WNC","RaABAMup_fst_WNC","RaABAMup","RaABAMup_fst",13,"fst","RaABAMup","RaABAMup_fst","Pacific Silver Fir - High Elevation",5
"3_41_35_69427",4,68,400,2159,1656,1707030203,"17070301","OEC","RaMCONms_fmm_17070302","RaMCONms","RaMCONms_fmm",27,"fmm","RaMCONms","RaMCONms_fmm","Mixed Conifer - Eastside Mesic",3
"3_41_35_93159",4,68,400,2159,1937,1707030203,"17070301","OEC","RaMCONms_fmm_17070302","RaMCONms","RaMCONms_fmm",27,"fmm","RaMCONms","RaMCONms_fmm","Mixed Conifer - Eastside Mesic",3
"3_41_35_52696",4,68,400,2322,1185,1707030203,"17070301","OEC","RaSPFI_fmz_OEC","RaSPFI","RaSPFI_fmz",26,"fmz","RaSPFI","RaSPFI_fmz","Spruce - Fir",4
"3_41_35_72493",4,68,399,2159,3091,1707030202,"17070301","OEC","RaMCONms_fmm_17070302","RaMCONms","RaMCONms_fmm",27,"fmm","RaMCONms","RaMCONms_fmm","Mixed Conifer - Eastside Mesic",3
"3_41_35_62140",4,68,399,1107,2631,1707030202,"17070301","OEC","RaPIPOm_fpl_1707030202","RaPIPOm","RaPIPOm_fpl",55,"fpl","RaPIPOm","RaPIPOm_fpl","Dry Ponderosa Pine - Mesic",1
"3_41_35_64013",4,68,402,1114,1698,1707030205,"17070301","OEC","RaPIPOm_fpl_1707030205","RaPIPOm","RaPIPOm_fpl",55,"fpl","RaPIPOm","RaPIPOm_fpl","Dry Ponderosa Pine - Mesic",1
"3_41_35_55598",4,68,402,1114,1699,1707030205,"17070301","OEC","RaPIPOm_fpl_1707030205","RaPIPOm","RaPIPOm_fpl",55,"fpl","RaPIPOm","RaPIPOm_fpl","Dry Ponderosa Pine - Mesic",1
"3_41_35_59387",4,68,402,1114,1239,1707030205,"17070301","OEC","RaPIPOm_fpl_1707030205","RaPIPOm","RaPIPOm_fpl",55,"fpl","RaPIPOm","RaPIPOm_fpl","Dry Ponderosa Pine - Mesic",1
"5_53_57_76151",11,132,749,2286,982,1711000701,"17110006","WNC","Na0710411_fmt_WNC","Na0710411","Na0710411_fmt",5,"fmt","Na0710411","Na0710411_fmt","North Pacific Mountain Hemlock Forest - Wet",5
"5_53_57_92965",11,133,751,2285,1096,1711000801,"17110007","WNC","RaABAMup_fst_WNC","RaABAMup","RaABAMup_fst",13,"fst","RaABAMup","RaABAMup_fst","Pacific Silver Fir - High Elevation",5
"3_41_35_93059",4,68,402,1114,2801,1707030205,"17070301","OEC","RaPIPOm_fpl_1707030205","RaPIPOm","RaPIPOm_fpl",55,"fpl","RaPIPOm","RaPIPOm_fpl","Dry Ponderosa Pine - Mesic",1
"3_41_35_79149",4,68,402,1114,932,1707030205,"17070301","OEC","RaPIPOm_fpl_1707030205","RaPIPOm","RaPIPOm_fpl",55,"fpl","RaPIPOm","RaPIPOm_fpl","Dry Ponderosa Pine - Mesic",1
"3_41_35_93755",4,68,402,1114,2342,1707030205,"17070301","OEC","RaPIPOm_fpl_1707030205","RaPIPOm","RaPIPOm_fpl",55,"fpl","RaPIPOm","RaPIPOm_fpl","Dry Ponderosa Pine - Mesic",1
"3_41_35_60294",4,68,402,2339,1395,1707030205,"17070301","OEC","RaPICOpu_fld_OEC","RaPICOpu","RaPICOpu_fld",49,"fld","RaPICOpu","RaPICOpu_fld","Lodgepole Pine - Pumice Soils",4
"3_41_35_76028",4,157,893,2200,898,1801020102,"18010101","OEC","RaMCONms_fmm_18010201","RaMCONms","RaMCONms_fmm",27,"fmm","RaMCONms","RaMCONms_fmm","Mixed Conifer - Eastside Mesic",3
"3_41_35_50033",4,157,893,1180,1761,1801020102,"18010101","OEC","RaPIPOm_fpl_1801020102","RaPIPOm","RaPIPOm_fpl",55,"fpl","RaPIPOm","RaPIPOm_fpl","Dry Ponderosa Pine - Mesic",1
"3_41_35_94465",4,157,893,2339,2226,1801020102,"18010101","OEC","RaPICOpu_fld_OEC","RaPICOpu","RaPICOpu_fld",49,"fld","RaPICOpu","RaPICOpu_fld","Lodgepole Pine - Pumice Soils",4
"3_41_35_57794",4,157,893,2339,1573,1801020102,"18010101","OEC","RaPICOpu_fld_OEC","RaPICOpu","RaPICOpu_fld",49,"fld","RaPICOpu","RaPICOpu_fld","Lodgepole Pine - Pumice Soils",4
"5_53_57_52501",11,132,749,2285,1727,1711000701,"17110006","WNC","RaABAMup_fst_WNC","RaABAMup","RaABAMup_fst",13,"fst","RaABAMup","RaABAMup_fst","Pacific Silver Fir - High Elevation",5
"5_53_57_64171",11,133,751,2285,1705,1711000801,"17110007","WNC","RaABAMup_fst_WNC","RaABAMup","RaABAMup_fst",13,"fst","RaABAMup","RaABAMup_fst","Pacific Silver Fir - High Elevation",5
"3_41_35_82802",4,157,894,2339,1646,1801020103,"18010101","OEC","RaPICOpu_fld_OEC","RaPICOpu","RaPICOpu_fld",49,"fld","RaPICOpu","RaPICOpu_fld","Lodgepole Pine - Pumice Soils",4
"3_41_35_53746",4,157,894,2339,1673,1801020103,"18010101","OEC","RaPICOpu_fld_OEC","RaPICOpu","RaPICOpu_fld",49,"fld","RaPICOpu","RaPICOpu_fld","Lodgepole Pine - Pumice Soils",4
"3_41_35_72895",4,157,896,2339,686,1801020105,"18010101","OEC","RaPICOpu_fld_OEC","RaPICOpu","RaPICOpu_fld",49,"fld","RaPICOpu","RaPICOpu_fld","Lodgepole Pine - Pumice Soils",4
"5_53_57_78497",11,132,749,2285,1129,1711000701,"17110006","WNC","RaABAMup_fst_WNC","RaABAMup","RaABAMup_fst",13,"fst","RaABAMup","RaABAMup_fst","Pacific Silver Fir - High Elevation",5
"3_41_35_71346",4,157,897,1351,1124,1801020106,"18010101","OEC","RaPIPOm_fpl_1801020106","RaPIPOm","RaPIPOm_fpl",55,"fpl","RaPIPOm","RaPIPOm_fpl","Dry Ponderosa Pine - Mesic",1
"3_41_35_97183",4,157,897,1357,1597,1801020106,"18010101","OEC","RaMCONdy_fmx_1801020106","RaMCONdy","RaMCONdy_fmx",29,"fmx","RaMCONdy","RaMCONdy_fmx","Mixed Conifer - Eastside Dry",1
"3_41_35_52067",4,158,904,1432,1023,1801020207,"18010201","OEC","RaPIPOm_fpl_1801020207","RaPIPOm","RaPIPOm_fpl",55,"fpl","RaPIPOm","RaPIPOm_fpl","Dry Ponderosa Pine - Mesic",1
"3_41_35_69087",4,158,904,2232,1543,1801020207,"18010201","OEC","RaPIPOxe_fpd_18010202","RaPIPOxe","RaPIPOxe_fpd",53,"fpd","RaPIPOxe","RaPIPOxe_fpd","Ponderosa Pine - Xeric",3
"3_41_35_51067",4,158,904,2232,1242,1801020207,"18010201","OEC","RaPIPOxe_fpd_18010202","RaPIPOxe","RaPIPOxe_fpd",53,"fpd","RaPIPOxe","RaPIPOxe_fpd","Ponderosa Pine - Xeric",3
"3_41_35_61025",4,158,904,2232,3046,1801020207,"18010201","OEC","RaPIPOxe_fpd_18010202","RaPIPOxe","RaPIPOxe_fpd",53,"fpd","RaPIPOxe","RaPIPOxe_fpd","Ponderosa Pine - Xeric",3
"3_41_35_97338",4,158,904,2232,2626,1801020207,"18010201","OEC","RaPIPOxe_fpd_18010202","RaPIPOxe","RaPIPOxe_fpd",53,"fpd","RaPIPOxe","RaPIPOxe_fpd","Ponderosa Pine - Xeric",3
"3_41_35_67911",4,158,904,2232,1226,1801020207,"18010201","OEC","RaPIPOxe_fpd_18010202","RaPIPOxe","RaPIPOxe_fpd",53,"fpd","RaPIPOxe","RaPIPOxe_fpd","Ponderosa Pine - Xeric",3
"3_41_35_77193",4,158,904,2232,738,1801020207,"18010201","OEC","RaPIPOxe_fpd_18010202","RaPIPOxe","RaPIPOxe_fpd",53,"fpd","RaPIPOxe","RaPIPOxe_fpd","Ponderosa Pine - Xeric",3
"3_41_35_50031",4,158,904,2229,1584,1801020207,"18010201","OEC","RaMCONms_fmm_18010202","RaMCONms","RaMCONms_fmm",27,"fmm","RaMCONms","RaMCONms_fmm","Mixed Conifer - Eastside Mesic",3
"3_41_35_95384",4,158,904,1430,427,1801020207,"18010201","OEC","RaMCONdy_fmx_1801020207","RaMCONdy","RaMCONdy_fmx",29,"fmx","RaMCONdy","RaMCONdy_fmx","Mixed Conifer - Eastside Dry",1
"3_41_35_76075",4,158,904,2232,1005,1801020207,"18010201","OEC","RaPIPOxe_fpd_18010202","RaPIPOxe","RaPIPOxe_fpd",53,"fpd","RaPIPOxe","RaPIPOxe_fpd","Ponderosa Pine - Xeric",3
"5_53_57_71023",11,133,751,2285,1759,1711000801,"17110007","WNC","RaABAMup_fst_WNC","RaABAMup","RaABAMup_fst",13,"fst","RaABAMup","RaABAMup_fst","Pacific Silver Fir - High Elevation",5
"3_41_35_73041",4,158,904,2229,962,1801020207,"18010201","OEC","RaMCONms_fmm_18010202","RaMCONms","RaMCONms_fmm",27,"fmm","RaMCONms","RaMCONms_fmm","Mixed Conifer - Eastside Mesic",3
"3_41_35_73632",4,158,904,2229,565,1801020207,"18010201","OEC","RaMCONms_fmm_18010202","RaMCONms","RaMCONms_fmm",27,"fmm","RaMCONms","RaMCONms_fmm","Mixed Conifer - Eastside Mesic",3
"3_41_35_88408",4,158,904,2229,1534,1801020207,"18010201","OEC","RaMCONms_fmm_18010202","RaMCONms","RaMCONms_fmm",27,"fmm","RaMCONms","RaMCONms_fmm","Mixed Conifer - Eastside Mesic",3
"3_41_35_73187",4,158,904,2229,2724,1801020207,"18010201","OEC","RaMCONms_fmm_18010202","RaMCONms","RaMCONms_fmm",27,"fmm","RaMCONms","RaMCONms_fmm","Mixed Conifer - Eastside Mesic",3
"3_41_35_99804",4,160,913,2258,1563,1801020408,"18010203","OEC","RaMCONms_fmm_18010204","RaMCONms","RaMCONms_fmm",27,"fmm","RaMCONms","RaMCONms_fmm","Mixed Conifer - Eastside Mesic",3
"3_41_35_78138",4,160,913,2258,944,1801020408,"18010203","OEC","RaMCONms_fmm_18010204","RaMCONms","RaMCONms_fmm",27,"fmm","RaMCONms","RaMCONms_fmm","Mixed Conifer - Eastside Mesic",3
"3_41_35_78881",4,160,913,1578,842,1801020408,"18010203","OEC","RaMCONdy_fmd_1801020408","RaMCONdy","RaMCONdy_fmd",28,"fmd","RaMCONdy","RaMCONdy_fmd","Mixed Conifer - Eastside Dry",1
"5_53_57_78342",11,133,751,2282,2283,1711000801,"17110007","WNC","RaDFHEwt_fwm_WNC","RaDFHEwt","RaDFHEwt_fwm",33,"fwm","RaDFHEwt","RaDFHEwt_fwm","Douglas-fir Hemlock-Wet Mesic",5
"5_53_61_75379",11,133,751,2282,1093,1711000801,"17110007","WNC","RaDFHEwt_fwm_WNC","RaDFHEwt","RaDFHEwt_fwm",33,"fwm","RaDFHEwt","RaDFHEwt_fwm","Douglas-fir Hemlock-Wet Mesic",5
"5_53_61_84486",11,133,752,2282,1644,1711000802,"17110007","WNC","RaDFHEwt_fwm_WNC","RaDFHEwt","RaDFHEwt_fwm",33,"fwm","RaDFHEwt","RaDFHEwt_fwm","Douglas-fir Hemlock-Wet Mesic",5
"5_53_73_64052",11,129,731,2285,1523,1711000401,"17110003","WNC","RaABAMup_fst_WNC","RaABAMup","RaABAMup_fst",13,"fst","RaABAMup","RaABAMup_fst","Pacific Silver Fir - High Elevation",5
"5_53_61_88082",11,133,752,2282,1313,1711000802,"17110007","WNC","RaDFHEwt_fwm_WNC","RaDFHEwt","RaDFHEwt_fwm",33,"fwm","RaDFHEwt","RaDFHEwt_fwm","Douglas-fir Hemlock-Wet Mesic",5
"5_53_61_69920",11,133,752,2282,1599,1711000802,"17110007","WNC","RaDFHEwt_fwm_WNC","RaDFHEwt","RaDFHEwt_fwm",33,"fwm","RaDFHEwt","RaDFHEwt_fwm","Douglas-fir Hemlock-Wet Mesic",5
"5_53_61_80925",11,134,760,2282,808,1711000907,"17110008","WNC","RaDFHEwt_fwm_WNC","RaDFHEwt","RaDFHEwt_fwm",33,"fwm","RaDFHEwt","RaDFHEwt_fwm","Douglas-fir Hemlock-Wet Mesic",5
"5_53_61_89179",11,134,760,2282,845,1711000907,"17110008","WNC","RaDFHEwt_fwm_WNC","RaDFHEwt","RaDFHEwt_fwm",33,"fwm","RaDFHEwt","RaDFHEwt_fwm","Douglas-fir Hemlock-Wet Mesic",5
"5_53_73_74461",11,129,731,1767,1526,1711000401,"17110003","WNC","RaDFHEdy_fwi_17110004","RaDFHEdy","RaDFHEdy_fwi",31,"fwi","RaDFHEdy","RaDFHEdy_fwi","Douglas-fir Hemlock-Dry Mesic",3
"5_53_61_92984",11,134,760,2282,1010,1711000907,"17110008","WNC","RaDFHEwt_fwm_WNC","RaDFHEwt","RaDFHEwt_fwm",33,"fwm","RaDFHEwt","RaDFHEwt_fwm","Douglas-fir Hemlock-Wet Mesic",5
"5_53_33_61865",11,135,766,1882,1911,1711001006,"17110009","WNC","RaDFHEdy_fwi_17110010","RaDFHEdy","RaDFHEdy_fwi",31,"fwi","RaDFHEdy","RaDFHEdy_fwi","Douglas-fir Hemlock-Dry Mesic",3
"5_53_33_82406",11,135,766,1882,1511,1711001006,"17110009","WNC","RaDFHEdy_fwi_17110010","RaDFHEdy","RaDFHEdy_fwi",31,"fwi","RaDFHEdy","RaDFHEdy_fwi","Douglas-fir Hemlock-Dry Mesic",3
"5_53_33_58177",13,137,769,1873,1575,1711001201,"17110011","WWC","RaDFHEdy_fwi_17110012","RaDFHEdy","RaDFHEdy_fwi",31,"fwi","RaDFHEdy","RaDFHEdy_fwi","Douglas-fir Hemlock-Dry Mesic",3
"5_53_73_89575",11,129,731,2286,872,1711000401,"17110003","WNC","Na0710411_fmt_WNC","Na0710411","Na0710411_fmt",5,"fmt","Na0710411","Na0710411_fmt","North Pacific Mountain Hemlock Forest - Wet",5
"5_53_33_84930",13,138,774,2292,1348,1711001302,"17110012","WWC","RaDFHEwt_fwm_WWC","RaDFHEwt","RaDFHEwt_fwm",33,"fwm","RaDFHEwt","RaDFHEwt_fwm","Douglas-fir Hemlock-Wet Mesic",5
"5_53_73_73673",11,129,733,2285,2379,1711000403,"17110003","WNC","RaABAMup_fst_WNC","RaABAMup","RaABAMup_fst",13,"fst","RaABAMup","RaABAMup_fst","Pacific Silver Fir - High Elevation",5
"5_53_53_94062",13,139,776,2303,997,1711001401,"17110013","WWC","RaABAMup_fst_WWC","RaABAMup","RaABAMup_fst",13,"fst","RaABAMup","RaABAMup_fst","Pacific Silver Fir - High Elevation",5
"5_53_53_90576",13,139,776,1921,897,1711001401,"17110013","WWC","RaABAMlw_fsi_17110014","RaABAMlw","RaABAMlw_fsi",14,"fsi","RaABAMlw","RaABAMlw_fsi","Pacific Silver Fir - Low Elevation",3
"5_53_53_84199",13,139,776,1921,1110,1711001401,"17110013","WWC","RaABAMlw_fsi_17110014","RaABAMlw","RaABAMlw_fsi",14,"fsi","RaABAMlw","RaABAMlw_fsi","Pacific Silver Fir - Low Elevation",3
"5_53_53_86040",13,139,776,1921,816,1711001401,"17110013","WWC","RaABAMlw_fsi_17110014","RaABAMlw","RaABAMlw_fsi",14,"fsi","RaABAMlw","RaABAMlw_fsi","Pacific Silver Fir - Low Elevation",3
"5_53_53_88093",13,139,776,2305,1221,1711001401,"17110013","WWC","Na0710412_fmc_WWC","Na0710412","Na0710412_fmc",7,"fmc","Na0710412","Na0710412_fmc","North Pacific Mountain Hemlock Forest - Xeric",5
"5_53_53_72560",13,139,777,2303,1422,1711001402,"17110013","WWC","RaABAMup_fst_WWC","RaABAMup","RaABAMup_fst",13,"fst","RaABAMup","RaABAMup_fst","Pacific Silver Fir - High Elevation",5
"5_53_53_95402",13,139,777,1921,709,1711001402,"17110013","WWC","RaABAMlw_fsi_17110014","RaABAMlw","RaABAMlw_fsi",14,"fsi","RaABAMlw","RaABAMlw_fsi","Pacific Silver Fir - Low Elevation",3
"5_53_53_50266",13,139,777,2305,1974,1711001402,"17110013","WWC","Na0710412_fmc_WWC","Na0710412","Na0710412_fmc",7,"fmc","Na0710412","Na0710412_fmc","North Pacific Mountain Hemlock Forest - Xeric",5
"5_53_73_85065",11,129,733,2285,1901,1711000403,"17110003","WNC","RaABAMup_fst_WNC","RaABAMup","RaABAMup_fst",13,"fst","RaABAMup","RaABAMup_fst","Pacific Silver Fir - High Elevation",5
"5_53_53_94959",13,139,777,2303,942,1711001402,"17110013","WWC","RaABAMup_fst_WWC","RaABAMup","RaABAMup_fst",13,"fst","RaABAMup","RaABAMup_fst","Pacific Silver Fir - High Elevation",5
"7_53_41_60409",13,140,781,1936,1930,1711001501,"17110014","WWC","RaABAMlw_fsi_17110015","RaABAMlw","RaABAMlw_fsi",14,"fsi","RaABAMlw","RaABAMlw_fsi","Pacific Silver Fir - Low Elevation",3
"7_53_41_66231",13,140,781,2305,1571,1711001501,"17110014","WWC","Na0710412_fmc_WWC","Na0710412","Na0710412_fmc",7,"fmc","Na0710412","Na0710412_fmc","North Pacific Mountain Hemlock Forest - Xeric",5
"7_53_41_58112",13,140,781,2305,901,1711001501,"17110014","WWC","Na0710412_fmc_WWC","Na0710412","Na0710412_fmc",7,"fmc","Na0710412","Na0710412_fmc","North Pacific Mountain Hemlock Forest - Xeric",5
"7_53_41_91922",13,82,475,2292,1142,1708000405,"17080003A","WWC","RaDFHEwt_fwm_WWC","RaDFHEwt","RaDFHEwt_fwm",33,"fwm","RaDFHEwt","RaDFHEwt_fwm","Douglas-fir Hemlock-Wet Mesic",5
"7_53_41_77583",13,82,475,1940,1192,1708000405,"17080003A","WWC","RaABAMlw_fsi_17080004","RaABAMlw","RaABAMlw_fsi",14,"fsi","RaABAMlw","RaABAMlw_fsi","Pacific Silver Fir - Low Elevation",3
"5_53_73_86652",11,129,733,2285,2702,1711000403,"17110003","WNC","RaABAMup_fst_WNC","RaABAMup","RaABAMup_fst",13,"fst","RaABAMup","RaABAMup_fst","Pacific Silver Fir - High Elevation",5
"7_53_41_91469",13,82,475,1940,1327,1708000405,"17080003A","WWC","RaABAMlw_fsi_17080004","RaABAMlw","RaABAMlw_fsi",14,"fsi","RaABAMlw","RaABAMlw_fsi","Pacific Silver Fir - Low Elevation",3
"7_53_41_52769",13,82,475,1944,873,1708000405,"17080003A","WWC","RaABAMlw_fwc_17080004","RaABAMlw","RaABAMlw_fwc",35,"fwc","RaABAMlw","RaABAMlw_fwc","Pacific Silver Fir - Low Elevation",3
"7_53_41_78321",13,82,475,1941,562,1708000405,"17080003A","WWC","RaDFHEdy_fwi_17080004","RaDFHEdy","RaDFHEdy_fwi",31,"fwi","RaDFHEdy","RaDFHEdy_fwi","Douglas-fir Hemlock-Dry Mesic",3
"7_53_41_93999",13,82,475,2292,967,1708000405,"17080003A","WWC","RaDFHEwt_fwm_WWC","RaDFHEwt","RaDFHEwt_fwm",33,"fwm","RaDFHEwt","RaDFHEwt_fwm","Douglas-fir Hemlock-Wet Mesic",5
"7_53_41_76781",13,82,474,2292,635,1708000404,"17080003A","WWC","RaDFHEwt_fwm_WWC","RaDFHEwt","RaDFHEwt_fwm",33,"fwm","RaDFHEwt","RaDFHEwt_fwm","Douglas-fir Hemlock-Wet Mesic",5
"7_53_41_62843",13,82,474,1940,1861,1708000404,"17080003A","WWC","RaABAMlw_fsi_17080004","RaABAMlw","RaABAMlw_fsi",14,"fsi","RaABAMlw","RaABAMlw_fsi","Pacific Silver Fir - Low Elevation",3
"7_53_59_91456",13,82,474,1944,612,1708000404,"17080003A","WWC","RaABAMlw_fwc_17080004","RaABAMlw","RaABAMlw_fwc",35,"fwc","RaABAMlw","RaABAMlw_fwc","Pacific Silver Fir - Low Elevation",3
"7_53_59_85233",13,82,474,1940,1476,1708000404,"17080003A","WWC","RaABAMlw_fsi_17080004","RaABAMlw","RaABAMlw_fsi",14,"fsi","RaABAMlw","RaABAMlw_fsi","Pacific Silver Fir - Low Elevation",3
"7_53_59_90308",13,82,474,2305,2357,1708000404,"17080003A","WWC","Na0710412_fmc_WWC","Na0710412","Na0710412_fmc",7,"fmc","Na0710412","Na0710412_fmc","North Pacific Mountain Hemlock Forest - Xeric",5
"5_53_73_52436",11,129,733,2285,1503,1711000403,"17110003","WNC","RaABAMup_fst_WNC","RaABAMup","RaABAMup_fst",13,"fst","RaABAMup","RaABAMup_fst","Pacific Silver Fir - High Elevation",5
"5_53_73_68682",11,126,723,2286,992,1711000103,"17100312","WNC","Na0710411_fmt_WNC","Na0710411","Na0710411_fmt",5,"fmt","Na0710411","Na0710411_fmt","North Pacific Mountain Hemlock Forest - Wet",5
"5_53_73_81157",11,129,731,2285,1016,1711000401,"17110003","WNC","RaABAMup_fst_WNC","RaABAMup","RaABAMup_fst",13,"fst","RaABAMup","RaABAMup_fst","Pacific Silver Fir - High Elevation",5
"7_53_59_93257",13,82,474,1940,1956,1708000404,"17080003A","WWC","RaABAMlw_fsi_17080004","RaABAMlw","RaABAMlw_fsi",14,"fsi","RaABAMlw","RaABAMlw_fsi","Pacific Silver Fir - Low Elevation",3
"7_53_59_79578",13,78,459,2305,1382,1708000201,"17080001A","WWC","Na0710412_fmc_WWC","Na0710412","Na0710412_fmc",7,"fmc","Na0710412","Na0710412_fmc","North Pacific Mountain Hemlock Forest - Xeric",5
"7_53_59_57727",13,78,459,1970,1292,1708000201,"17080001A","WWC","RaABAMlw_fsi_17080002","RaABAMlw","RaABAMlw_fsi",14,"fsi","RaABAMlw","RaABAMlw_fsi","Pacific Silver Fir - Low Elevation",3
"7_53_59_73486",13,78,459,2303,1349,1708000201,"17080001A","WWC","RaABAMup_fst_WWC","RaABAMup","RaABAMup_fst",13,"fst","RaABAMup","RaABAMup_fst","Pacific Silver Fir - High Elevation",5
"7_53_59_60962",13,78,459,1970,1301,1708000201,"17080001A","WWC","RaABAMlw_fsi_17080002","RaABAMlw","RaABAMlw_fsi",14,"fsi","RaABAMlw","RaABAMlw_fsi","Pacific Silver Fir - Low Elevation",3
"7_53_59_64365",13,78,459,1970,1649,1708000201,"17080001A","WWC","RaABAMlw_fsi_17080002","RaABAMlw","RaABAMlw_fsi",14,"fsi","RaABAMlw","RaABAMlw_fsi","Pacific Silver Fir - Low Elevation",3
"7_53_59_83296",13,78,459,1970,2706,1708000201,"17080001A","WWC","RaABAMlw_fsi_17080002","RaABAMlw","RaABAMlw_fsi",14,"fsi","RaABAMlw","RaABAMlw_fsi","Pacific Silver Fir - Low Elevation",3
"7_53_59_95210",13,78,459,1970,1387,1708000201,"17080001A","WWC","RaABAMlw_fsi_17080002","RaABAMlw","RaABAMlw_fsi",14,"fsi","RaABAMlw","RaABAMlw_fsi","Pacific Silver Fir - Low Elevation",3
"7_53_59_89601",13,78,459,1970,2126,1708000201,"17080001A","WWC","RaABAMlw_fsi_17080002","RaABAMlw","RaABAMlw_fsi",14,"fsi","RaABAMlw","RaABAMlw_fsi","Pacific Silver Fir - Low Elevation",3
"7_53_59_59077",13,78,459,1970,1710,1708000201,"17080001A","WWC","RaABAMlw_fsi_17080002","RaABAMlw","RaABAMlw_fsi",14,"fsi","RaABAMlw","RaABAMlw_fsi","Pacific Silver Fir - Low Elevation",3
"7_53_59_85436",13,78,459,2305,2216,1708000201,"17080001A","WWC","Na0710412_fmc_WWC","Na0710412","Na0710412_fmc",7,"fmc","Na0710412","Na0710412_fmc","North Pacific Mountain Hemlock Forest - Xeric",5
"5_53_73_66511",11,129,734,2286,1413,1711000404,"17110003","WNC","Na0710411_fmt_WNC","Na0710411","Na0710411_fmt",5,"fmt","Na0710411","Na0710411_fmt","North Pacific Mountain Hemlock Forest - Wet",5
"5_53_73_89015",11,129,733,2285,923,1711000403,"17110003","WNC","RaABAMup_fst_WNC","RaABAMup","RaABAMup_fst",13,"fst","RaABAMup","RaABAMup_fst","Pacific Silver Fir - High Elevation",5
"7_53_59_50226",13,61,337,2305,1811,1707010510,"17070105A","WWC","Na0710412_fmc_WWC","Na0710412","Na0710412_fmc",7,"fmc","Na0710412","Na0710412_fmc","North Pacific Mountain Hemlock Forest - Xeric",5
"7_53_59_77186",13,61,337,1989,436,1707010510,"17070105A","WWC","RaABAMlw_fsi_17070105C","RaABAMlw","RaABAMlw_fsi",14,"fsi","RaABAMlw","RaABAMlw_fsi","Pacific Silver Fir - Low Elevation",3
"7_53_59_55062",13,61,337,1989,1080,1707010510,"17070105A","WWC","RaABAMlw_fsi_17070105C","RaABAMlw","RaABAMlw_fsi",14,"fsi","RaABAMlw","RaABAMlw_fsi","Pacific Silver Fir - Low Elevation",3
"7_53_59_57600",13,61,337,1993,828,1707010510,"17070105A","WWC","RaDFHEdy_fwi_17070105C","RaDFHEdy","RaDFHEdy_fwi",31,"fwi","RaDFHEdy","RaDFHEdy_fwi","Douglas-fir Hemlock-Dry Mesic",3
"7_53_59_95287",13,61,337,1989,641,1707010510,"17070105A","WWC","RaABAMlw_fsi_17070105C","RaABAMlw","RaABAMlw_fsi",14,"fsi","RaABAMlw","RaABAMlw_fsi","Pacific Silver Fir - Low Elevation",3
"7_53_59_83481",13,61,337,1993,1246,1707010510,"17070105A","WWC","RaDFHEdy_fwi_17070105C","RaDFHEdy","RaDFHEdy_fwi",31,"fwi","RaDFHEdy","RaDFHEdy_fwi","Douglas-fir Hemlock-Dry Mesic",3
"7_53_59_56705",13,61,337,2292,830,1707010510,"17070105A","WWC","RaDFHEwt_fwm_WWC","RaDFHEwt","RaDFHEwt_fwm",33,"fwm","RaDFHEwt","RaDFHEwt_fwm","Douglas-fir Hemlock-Wet Mesic",5
"7_53_59_91631",13,61,337,1993,1042,1707010510,"17070105A","WWC","RaDFHEdy_fwi_17070105C","RaDFHEdy","RaDFHEdy_fwi",31,"fwi","RaDFHEdy","RaDFHEdy_fwi","Douglas-fir Hemlock-Dry Mesic",3
"7_53_59_52173",13,61,337,1993,1619,1707010510,"17070105A","WWC","RaDFHEdy_fwi_17070105C","RaDFHEdy","RaDFHEdy_fwi",31,"fwi","RaDFHEdy","RaDFHEdy_fwi","Douglas-fir Hemlock-Dry Mesic",3
"0_41_27_95484",13,61,339,1993,1342,1707010512,"17070105A","WWC","RaDFHEdy_fwi_17070105C","RaDFHEdy","RaDFHEdy_fwi",31,"fwi","RaDFHEdy","RaDFHEdy_fwi","Douglas-fir Hemlock-Dry Mesic",3
"0_41_27_82909",4,59,333,2015,2188,1707010506,"17070104","OEC","RaABAMlw_fsi_17070105B","RaABAMlw","RaABAMlw_fsi",14,"fsi","RaABAMlw","RaABAMlw_fsi","Pacific Silver Fir - Low Elevation",3
"0_41_27_84996",4,59,333,2016,1701,1707010506,"17070104","OEC","RaDFHEdy_fwi_17070105B","RaDFHEdy","RaDFHEdy_fwi",31,"fwi","RaDFHEdy","RaDFHEdy_fwi","Douglas-fir Hemlock-Dry Mesic",3
"0_41_27_70126",4,59,333,2015,1763,1707010506,"17070104","OEC","RaABAMlw_fsi_17070105B","RaABAMlw","RaABAMlw_fsi",14,"fsi","RaABAMlw","RaABAMlw_fsi","Pacific Silver Fir - Low Elevation",3
"5_53_73_85133",11,129,734,2286,2253,1711000404,"17110003","WNC","Na0710411_fmt_WNC","Na0710411","Na0710411_fmt",5,"fmt","Na0710411","Na0710411_fmt","North Pacific Mountain Hemlock Forest - Wet",5
"5_53_73_55095",11,129,734,2285,1572,1711000404,"17110003","WNC","RaABAMup_fst_WNC","RaABAMup","RaABAMup_fst",13,"fst","RaABAMup","RaABAMup_fst","Pacific Silver Fir - High Elevation",5
"0_41_27_86011",4,59,333,2015,2273,1707010506,"17070104","OEC","RaABAMlw_fsi_17070105B","RaABAMlw","RaABAMlw_fsi",14,"fsi","RaABAMlw","RaABAMlw_fsi","Pacific Silver Fir - Low Elevation",3
"0_41_27_89083",7,76,455,2026,1073,1708000105,"17070307","OWC","RaABAMlw_fsi_17080001B","RaABAMlw","RaABAMlw_fsi",14,"fsi","RaABAMlw","RaABAMlw_fsi","Pacific Silver Fir - Low Elevation",3
"0_41_5_64230",7,76,451,2026,2206,1708000101,"17070307","OWC","RaABAMlw_fsi_17080001B","RaABAMlw","RaABAMlw_fsi",14,"fsi","RaABAMlw","RaABAMlw_fsi","Pacific Silver Fir - Low Elevation",3
"0_41_5_97112",7,76,451,2026,2054,1708000101,"17070307","OWC","RaABAMlw_fsi_17080001B","RaABAMlw","RaABAMlw_fsi",14,"fsi","RaABAMlw","RaABAMlw_fsi","Pacific Silver Fir - Low Elevation",3
"0_41_5_61868",7,76,452,2026,903,1708000102,"17070307","OWC","RaABAMlw_fsi_17080001B","RaABAMlw","RaABAMlw_fsi",14,"fsi","RaABAMlw","RaABAMlw_fsi","Pacific Silver Fir - Low Elevation",3
"0_41_5_74115",7,76,452,2029,535,1708000102,"17070307","OWC","RaABAMlw_fsw_17080001B","RaABAMlw","RaABAMlw_fsw",16,"fsw","RaABAMlw","RaABAMlw_fsw","Pacific Silver Fir - Low Elevation",3
"0_41_5_92781",7,76,452,2026,676,1708000102,"17070307","OWC","RaABAMlw_fsi_17080001B","RaABAMlw","RaABAMlw_fsi",14,"fsi","RaABAMlw","RaABAMlw_fsi","Pacific Silver Fir - Low Elevation",3
"0_41_5_91423",7,76,453,2026,961,1708000103,"17070307","OWC","RaABAMlw_fsi_17080001B","RaABAMlw","RaABAMlw_fsi",14,"fsi","RaABAMlw","RaABAMlw_fsi","Pacific Silver Fir - Low Elevation",3
"0_41_5_54961",7,76,453,2026,1755,1708000103,"17070307","OWC","RaABAMlw_fsi_17080001B","RaABAMlw","RaABAMlw_fsi",14,"fsi","RaABAMlw","RaABAMlw_fsi","Pacific Silver Fir - Low Elevation",3
"0_41_5_79397",7,97,554,2044,2372,1709001103,"17090010","OWC","RaABAMlw_fsi_17090011","RaABAMlw","RaABAMlw_fsi",14,"fsi","RaABAMlw","RaABAMlw_fsi","Pacific Silver Fir - Low Elevation",3
"0_41_5_83169",7,97,554,2044,1742,1709001103,"17090010","OWC","RaABAMlw_fsi_17090011","RaABAMlw","RaABAMlw_fsi",14,"fsi","RaABAMlw","RaABAMlw_fsi","Pacific Silver Fir - Low Elevation",3
"0_41_5_71816",7,97,554,2046,730,1709001103,"17090010","OWC","RaABAMlw_fsw_17090011","RaABAMlw","RaABAMlw_fsw",16,"fsw","RaABAMlw","RaABAMlw_fsw","Pacific Silver Fir - Low Elevation",3
"0_41_5_88269",7,97,554,2044,1665,1709001103,"17090010","OWC","RaABAMlw_fsi_17090011","RaABAMlw","RaABAMlw_fsi",14,"fsi","RaABAMlw","RaABAMlw_fsi","Pacific Silver Fir - Low Elevation",3
"0_41_5_81925",7,97,554,2044,1403,1709001103,"17090010","OWC","RaABAMlw_fsi_17090011","RaABAMlw","RaABAMlw_fsi",14,"fsi","RaABAMlw","RaABAMlw_fsi","Pacific Silver Fir - Low Elevation",3
"0_41_5_91736",7,97,554,2044,992,1709001103,"17090010","OWC","RaABAMlw_fsi_17090011","RaABAMlw","RaABAMlw_fsi",14,"fsi","RaABAMlw","RaABAMlw_fsi","Pacific Silver Fir - Low Elevation",3
"0_41_5_85340",7,97,554,2331,1226,1709001103,"17090010","OWC","Na0710412_fmc_OWC","Na0710412","Na0710412_fmc",7,"fmc","Na0710412","Na0710412_fmc","North Pacific Mountain Hemlock Forest - Xeric",5
"3_41_65_82507",4,73,439,2324,2315,1707030606,"17070305B","OEC","Na0710412_fmh_OEC","Na0710412","Na0710412_fmh",4,"fmh","Na0710412","Na0710412_fmh","North Pacific Mountain Hemlock Forest - Xeric",5
"3_41_65_59323",4,73,439,2324,1538,1707030606,"17070305B","OEC","Na0710412_fmh_OEC","Na0710412","Na0710412_fmh",4,"fmh","Na0710412","Na0710412_fmh","North Pacific Mountain Hemlock Forest - Xeric",5
"3_41_65_73160",4,73,439,2324,1248,1707030606,"17070305B","OEC","Na0710412_fmh_OEC","Na0710412","Na0710412_fmh",4,"fmh","Na0710412","Na0710412_fmh","North Pacific Mountain Hemlock Forest - Xeric",5
"3_41_65_53062",7,97,553,2331,1720,1709001102,"17090010","OWC","Na0710412_fmc_OWC","Na0710412","Na0710412_fmc",7,"fmc","Na0710412","Na0710412_fmc","North Pacific Mountain Hemlock Forest - Xeric",5
"0_41_5_96994",7,97,553,2044,2057,1709001102,"17090010","OWC","RaABAMlw_fsi_17090011","RaABAMlw","RaABAMlw_fsi",14,"fsi","RaABAMlw","RaABAMlw_fsi","Pacific Silver Fir - Low Elevation",3
"0_41_47_68314",7,97,553,2044,2480,1709001102,"17090010","OWC","RaABAMlw_fsi_17090011","RaABAMlw","RaABAMlw_fsi",14,"fsi","RaABAMlw","RaABAMlw_fsi","Pacific Silver Fir - Low Elevation",3
"0_41_47_63989",7,97,553,2044,2280,1709001102,"17090010","OWC","RaABAMlw_fsi_17090011","RaABAMlw","RaABAMlw_fsi",14,"fsi","RaABAMlw","RaABAMlw_fsi","Pacific Silver Fir - Low Elevation",3
"0_41_47_56695",7,97,553,2331,2525,1709001102,"17090010","OWC","Na0710412_fmc_OWC","Na0710412","Na0710412_fmc",7,"fmc","Na0710412","Na0710412_fmc","North Pacific Mountain Hemlock Forest - Xeric",5
"3_41_31_93068",4,73,437,2324,1730,1707030604,"17070305B","OEC","Na0710412_fmh_OEC","Na0710412","Na0710412_fmh",4,"fmh","Na0710412","Na0710412_fmh","North Pacific Mountain Hemlock Forest - Xeric",5
"3_41_31_52807",4,73,437,2324,1144,1707030604,"17070305B","OEC","Na0710412_fmh_OEC","Na0710412","Na0710412_fmh",4,"fmh","Na0710412","Na0710412_fmh","North Pacific Mountain Hemlock Forest - Xeric",5
"0_41_47_84660",7,91,516,2331,1424,1709000501,"17090004","OWC","Na0710412_fmc_OWC","Na0710412","Na0710412_fmc",7,"fmc","Na0710412","Na0710412_fmc","North Pacific Mountain Hemlock Forest - Xeric",5
"3_41_31_71062",4,67,396,2324,1232,1707030110,"17070204","OEC","Na0710412_fmh_OEC","Na0710412","Na0710412_fmh",4,"fmh","Na0710412","Na0710412_fmh","North Pacific Mountain Hemlock Forest - Xeric",5
"3_41_31_58873",4,67,395,2324,1130,1707030109,"17070204","OEC","Na0710412_fmh_OEC","Na0710412","Na0710412_fmh",4,"fmh","Na0710412","Na0710412_fmh","North Pacific Mountain Hemlock Forest - Xeric",5
"3_41_31_63130",4,67,395,2324,2564,1707030109,"17070204","OEC","Na0710412_fmh_OEC","Na0710412","Na0710412_fmh",4,"fmh","Na0710412","Na0710412_fmh","North Pacific Mountain Hemlock Forest - Xeric",5
"3_41_31_81308",4,67,395,2085,1045,1707030109,"17070204","OEC","RaMCONms_fmm_17070301","RaMCONms","RaMCONms_fmm",27,"fmm","RaMCONms","RaMCONms_fmm","Mixed Conifer - Eastside Mesic",3
"3_41_31_95086",4,67,395,2085,1852,1707030109,"17070204","OEC","RaMCONms_fmm_17070301","RaMCONms","RaMCONms_fmm",27,"fmm","RaMCONms","RaMCONms_fmm","Mixed Conifer - Eastside Mesic",3
"3_41_31_74837",4,67,395,2085,1130,1707030109,"17070204","OEC","RaMCONms_fmm_17070301","RaMCONms","RaMCONms_fmm",27,"fmm","RaMCONms","RaMCONms_fmm","Mixed Conifer - Eastside Mesic",3
"3_41_31_79526",4,67,395,2085,1783,1707030109,"17070204","OEC","RaMCONms_fmm_17070301","RaMCONms","RaMCONms_fmm",27,"fmm","RaMCONms","RaMCONms_fmm","Mixed Conifer - Eastside Mesic",3
"3_41_31_89319",4,67,395,2085,1683,1707030109,"17070204","OEC","RaMCONms_fmm_17070301","RaMCONms","RaMCONms_fmm",27,"fmm","RaMCONms","RaMCONms_fmm","Mixed Conifer - Eastside Mesic",3
"3_41_17_56666",4,67,395,2085,1916,1707030109,"17070204","OEC","RaMCONms_fmm_17070301","RaMCONms","RaMCONms_fmm",27,"fmm","RaMCONms","RaMCONms_fmm","Mixed Conifer - Eastside Mesic",3
"3_41_17_52299",4,67,395,756,1276,1707030109,"17070204","OEC","RaMCONdy_fmd_1707030109","RaMCONdy","RaMCONdy_fmd",28,"fmd","RaMCONdy","RaMCONdy_fmd","Mixed Conifer - Eastside Dry",1
"3_41_17_92692",4,67,395,756,1044,1707030109,"17070204","OEC","RaMCONdy_fmd_1707030109","RaMCONdy","RaMCONdy_fmd",28,"fmd","RaMCONdy","RaMCONdy_fmd","Mixed Conifer - Eastside Dry",1
"3_41_17_84901",4,67,387,2324,1574,1707030101,"17070204","OEC","Na0710412_fmh_OEC","Na0710412","Na0710412_fmh",4,"fmh","Na0710412","Na0710412_fmh","North Pacific Mountain Hemlock Forest - Xeric",5
"3_41_17_73180",4,67,387,2324,2599,1707030101,"17070204","OEC","Na0710412_fmh_OEC","Na0710412","Na0710412_fmh",4,"fmh","Na0710412","Na0710412_fmh","North Pacific Mountain Hemlock Forest - Xeric",5
"3_41_17_51607",4,67,387,2339,1010,1707030101,"17070204","OEC","RaPICOpu_fld_OEC","RaPICOpu","RaPICOpu_fld",49,"fld","RaPICOpu","RaPICOpu_fld","Lodgepole Pine - Pumice Soils",4
"3_41_17_96105",4,67,387,2339,1492,1707030101,"17070204","OEC","RaPICOpu_fld_OEC","RaPICOpu","RaPICOpu_fld",49,"fld","RaPICOpu","RaPICOpu_fld","Lodgepole Pine - Pumice Soils",4
"3_41_17_51577",4,67,387,2339,1948,1707030101,"17070204","OEC","RaPICOpu_fld_OEC","RaPICOpu","RaPICOpu_fld",49,"fld","RaPICOpu","RaPICOpu_fld","Lodgepole Pine - Pumice Soils",4
"3_41_17_57017",4,67,387,985,1376,1707030101,"17070204","OEC","RaMCONdy_fmx_1707030101","RaMCONdy","RaMCONdy_fmx",29,"fmx","RaMCONdy","RaMCONdy_fmx","Mixed Conifer - Eastside Dry",1
"3_41_17_82066",4,67,387,2085,1124,1707030101,"17070204","OEC","RaMCONms_fmm_17070301","RaMCONms","RaMCONms_fmm",27,"fmm","RaMCONms","RaMCONms_fmm","Mixed Conifer - Eastside Mesic",3
"3_41_17_53165",4,67,387,2085,1120,1707030101,"17070204","OEC","RaMCONms_fmm_17070301","RaMCONms","RaMCONms_fmm",27,"fmm","RaMCONms","RaMCONms_fmm","Mixed Conifer - Eastside Mesic",3
"3_41_17_88403",4,67,387,2339,1617,1707030101,"17070204","OEC","RaPICOpu_fld_OEC","RaPICOpu","RaPICOpu_fld",49,"fld","RaPICOpu","RaPICOpu_fld","Lodgepole Pine - Pumice Soils",4
"3_41_17_56040",4,67,387,2339,981,1707030101,"17070204","OEC","RaPICOpu_fld_OEC","RaPICOpu","RaPICOpu_fld",49,"fld","RaPICOpu","RaPICOpu_fld","Lodgepole Pine - Pumice Soils",4
"3_41_17_94654",4,67,387,2339,1705,1707030101,"17070204","OEC","RaPICOpu_fld_OEC","RaPICOpu","RaPICOpu_fld",49,"fld","RaPICOpu","RaPICOpu_fld","Lodgepole Pine - Pumice Soils",4
"3_41_17_78538",4,67,387,985,2156,1707030101,"17070204","OEC","RaMCONdy_fmx_1707030101","RaMCONdy","RaMCONdy_fmx",29,"fmx","RaMCONdy","RaMCONdy_fmx","Mixed Conifer - Eastside Dry",1
"3_41_17_75731",4,67,388,1058,2289,1707030102,"17070204","OEC","RaMCONdy_fmx_1707030102","RaMCONdy","RaMCONdy_fmx",29,"fmx","RaMCONdy","RaMCONdy_fmx","Mixed Conifer - Eastside Dry",1
"3_41_17_93950",4,67,388,1061,1051,1707030102,"17070204","OEC","RaPIPOm_fpl_1707030102","RaPIPOm","RaPIPOm_fpl",55,"fpl","RaPIPOm","RaPIPOm_fpl","Dry Ponderosa Pine - Mesic",1
"3_41_17_83314",4,67,388,1061,432,1707030102,"17070204","OEC","RaPIPOm_fpl_1707030102","RaPIPOm","RaPIPOm_fpl",55,"fpl","RaPIPOm","RaPIPOm_fpl","Dry Ponderosa Pine - Mesic",1
"3_41_17_70334",4,67,388,2085,1673,1707030102,"17070204","OEC","RaMCONms_fmm_17070301","RaMCONms","RaMCONms_fmm",27,"fmm","RaMCONms","RaMCONms_fmm","Mixed Conifer - Eastside Mesic",3
"3_41_17_69258",4,67,388,2085,2043,1707030102,"17070204","OEC","RaMCONms_fmm_17070301","RaMCONms","RaMCONms_fmm",27,"fmm","RaMCONms","RaMCONms_fmm","Mixed Conifer - Eastside Mesic",3
"3_41_35_52593",4,68,400,2159,1730,1707030203,"17070301","OEC","RaMCONms_fmm_17070302","RaMCONms","RaMCONms_fmm",27,"fmm","RaMCONms","RaMCONms_fmm","Mixed Conifer - Eastside Mesic",3
"5_53_57_97552",11,132,749,2285,988,1711000701,"17110006","WNC","RaABAMup_fst_WNC","RaABAMup","RaABAMup_fst",13,"fst","RaABAMup","RaABAMup_fst","Pacific Silver Fir - High Elevation",5
"5_53_57_80618",11,132,749,2286,1572,1711000701,"17110006","WNC","Na0710411_fmt_WNC","Na0710411","Na0710411_fmt",5,"fmt","Na0710411","Na0710411_fmt","North Pacific Mountain Hemlock Forest - Wet",5
"5_53_57_58786",11,132,749,2286,994,1711000701,"17110006","WNC","Na0710411_fmt_WNC","Na0710411","Na0710411_fmt",5,"fmt","Na0710411","Na0710411_fmt","North Pacific Mountain Hemlock Forest - Wet",5
"5_53_73_55727",11,129,731,2285,2370,1711000401,"17110003","WNC","RaABAMup_fst_WNC","RaABAMup","RaABAMup_fst",13,"fst","RaABAMup","RaABAMup_fst","Pacific Silver Fir - High Elevation",5
"3_41_35_54706",4,68,400,2159,1867,1707030203,"17070301","OEC","RaMCONms_fmm_17070302","RaMCONms","RaMCONms_fmm",27,"fmm","RaMCONms","RaMCONms_fmm","Mixed Conifer - Eastside Mesic",3
"3_41_35_85049",4,68,400,2159,1395,1707030203,"17070301","OEC","RaMCONms_fmm_17070302","RaMCONms","RaMCONms_fmm",27,"fmm","RaMCONms","RaMCONms_fmm","Mixed Conifer - Eastside Mesic",3
"3_41_35_64718",4,68,399,2159,1640,1707030202,"17070301","OEC","RaMCONms_fmm_17070302","RaMCONms","RaMCONms_fmm",27,"fmm","RaMCONms","RaMCONms_fmm","Mixed Conifer - Eastside Mesic",3
"3_41_35_78016",4,68,399,1107,3404,1707030202,"17070301","OEC","RaPIPOm_fpl_1707030202","RaPIPOm","RaPIPOm_fpl",55,"fpl","RaPIPOm","RaPIPOm_fpl","Dry Ponderosa Pine - Mesic",1
"3_41_35_98420",4,68,399,1107,1707,1707030202,"17070301","OEC","RaPIPOm_fpl_1707030202","RaPIPOm","RaPIPOm_fpl",55,"fpl","RaPIPOm","RaPIPOm_fpl","Dry Ponderosa Pine - Mesic",1
"3_41_35_96947",4,68,398,1115,2712,1707030201,"17070301","OEC","RaPIPOm_fpl_1707030201","RaPIPOm","RaPIPOm_fpl",55,"fpl","RaPIPOm","RaPIPOm_fpl","Dry Ponderosa Pine - Mesic",1
"3_41_35_96604",4,68,398,1115,1567,1707030201,"17070301","OEC","RaPIPOm_fpl_1707030201","RaPIPOm","RaPIPOm_fpl",55,"fpl","RaPIPOm","RaPIPOm_fpl","Dry Ponderosa Pine - Mesic",1
"3_41_35_85175",4,68,402,1114,1651,1707030205,"17070301","OEC","RaPIPOm_fpl_1707030205","RaPIPOm","RaPIPOm_fpl",55,"fpl","RaPIPOm","RaPIPOm_fpl","Dry Ponderosa Pine - Mesic",1
"3_41_35_80181",4,68,402,1114,1618,1707030205,"17070301","OEC","RaPIPOm_fpl_1707030205","RaPIPOm","RaPIPOm_fpl",55,"fpl","RaPIPOm","RaPIPOm_fpl","Dry Ponderosa Pine - Mesic",1
"3_41_35_75505",4,68,402,1114,1418,1707030205,"17070301","OEC","RaPIPOm_fpl_1707030205","RaPIPOm","RaPIPOm_fpl",55,"fpl","RaPIPOm","RaPIPOm_fpl","Dry Ponderosa Pine - Mesic",1
"3_41_35_92971",4,68,402,1114,1254,1707030205,"17070301","OEC","RaPIPOm_fpl_1707030205","RaPIPOm","RaPIPOm_fpl",55,"fpl","RaPIPOm","RaPIPOm_fpl","Dry Ponderosa Pine - Mesic",1
"5_53_57_82398",11,132,749,2286,917,1711000701,"17110006","WNC","Na0710411_fmt_WNC","Na0710411","Na0710411_fmt",5,"fmt","Na0710411","Na0710411_fmt","North Pacific Mountain Hemlock Forest - Wet",5
"3_41_35_90879",4,68,402,2159,852,1707030205,"17070301","OEC","RaMCONms_fmm_17070302","RaMCONms","RaMCONms_fmm",27,"fmm","RaMCONms","RaMCONms_fmm","Mixed Conifer - Eastside Mesic",3
"3_41_35_65010",4,68,402,1114,1048,1707030205,"17070301","OEC","RaPIPOm_fpl_1707030205","RaPIPOm","RaPIPOm_fpl",55,"fpl","RaPIPOm","RaPIPOm_fpl","Dry Ponderosa Pine - Mesic",1
"3_41_35_75991",4,68,402,2322,828,1707030205,"17070301","OEC","RaSPFI_fmz_OEC","RaSPFI","RaSPFI_fmz",26,"fmz","RaSPFI","RaSPFI_fmz","Spruce - Fir",4
"3_41_35_80563",4,68,402,1121,858,1707030205,"17070301","OEC","RaMCONdy_fmx_1707030205","RaMCONdy","RaMCONdy_fmx",29,"fmx","RaMCONdy","RaMCONdy_fmx","Mixed Conifer - Eastside Dry",1
"3_41_35_51588",4,68,402,1121,1387,1707030205,"17070301","OEC","RaMCONdy_fmx_1707030205","RaMCONdy","RaMCONdy_fmx",29,"fmx","RaMCONdy","RaMCONdy_fmx","Mixed Conifer - Eastside Dry",1
"3_41_35_60331",4,68,402,1121,842,1707030205,"17070301","OEC","RaMCONdy_fmx_1707030205","RaMCONdy","RaMCONdy_fmx",29,"fmx","RaMCONdy","RaMCONdy_fmx","Mixed Conifer - Eastside Dry",1
"3_41_35_72264",4,157,893,1179,1848,1801020102,"18010101","OEC","RaMCONdy_fmx_1801020102","RaMCONdy","RaMCONdy_fmx",29,"fmx","RaMCONdy","RaMCONdy_fmx","Mixed Conifer - Eastside Dry",1
"3_41_35_94183",4,157,893,1179,1399,1801020102,"18010101","OEC","RaMCONdy_fmx_1801020102","RaMCONdy","RaMCONdy_fmx",29,"fmx","RaMCONdy","RaMCONdy_fmx","Mixed Conifer - Eastside Dry",1
"3_41_35_65326",4,157,893,1180,1691,1801020102,"18010101","OEC","RaPIPOm_fpl_1801020102","RaPIPOm","RaPIPOm_fpl",55,"fpl","RaPIPOm","RaPIPOm_fpl","Dry Ponderosa Pine - Mesic",1
"3_41_35_79815",4,157,893,1180,1684,1801020102,"18010101","OEC","RaPIPOm_fpl_1801020102","RaPIPOm","RaPIPOm_fpl",55,"fpl","RaPIPOm","RaPIPOm_fpl","Dry Ponderosa Pine - Mesic",1
"3_41_35_87880",4,157,893,1180,1162,1801020102,"18010101","OEC","RaPIPOm_fpl_1801020102","RaPIPOm","RaPIPOm_fpl",55,"fpl","RaPIPOm","RaPIPOm_fpl","Dry Ponderosa Pine - Mesic",1
"3_41_35_98708",4,157,895,1164,959,1801020104,"18010101","OEC","RaPIPOm_fpl_1801020104","RaPIPOm","RaPIPOm_fpl",55,"fpl","RaPIPOm","RaPIPOm_fpl","Dry Ponderosa Pine - Mesic",1
"3_41_35_98681",4,157,895,2339,1169,1801020104,"18010101","OEC","RaPICOpu_fld_OEC","RaPICOpu","RaPICOpu_fld",49,"fld","RaPICOpu","RaPICOpu_fld","Lodgepole Pine - Pumice Soils",4
"3_41_35_74866",4,157,896,1317,2495,1801020105,"18010101","OEC","RaPIPOm_fpl_1801020105","RaPIPOm","RaPIPOm_fpl",55,"fpl","RaPIPOm","RaPIPOm_fpl","Dry Ponderosa Pine - Mesic",1
"3_41_35_57931",4,157,897,1351,2247,1801020106,"18010101","OEC","RaPIPOm_fpl_1801020106","RaPIPOm","RaPIPOm_fpl",55,"fpl","RaPIPOm","RaPIPOm_fpl","Dry Ponderosa Pine - Mesic",1
"3_41_35_65943",4,157,896,1317,1274,1801020105,"18010101","OEC","RaPIPOm_fpl_1801020105","RaPIPOm","RaPIPOm_fpl",55,"fpl","RaPIPOm","RaPIPOm_fpl","Dry Ponderosa Pine - Mesic",1
"3_41_35_74559",4,157,897,1351,1428,1801020106,"18010101","OEC","RaPIPOm_fpl_1801020106","RaPIPOm","RaPIPOm_fpl",55,"fpl","RaPIPOm","RaPIPOm_fpl","Dry Ponderosa Pine - Mesic",1
"3_41_35_88605",4,157,897,1351,1497,1801020106,"18010101","OEC","RaPIPOm_fpl_1801020106","RaPIPOm","RaPIPOm_fpl",55,"fpl","RaPIPOm","RaPIPOm_fpl","Dry Ponderosa Pine - Mesic",1
"3_41_35_95628",4,158,904,1430,847,1801020207,"18010201","OEC","RaMCONdy_fmx_1801020207","RaMCONdy","RaMCONdy_fmx",29,"fmx","RaMCONdy","RaMCONdy_fmx","Mixed Conifer - Eastside Dry",1
"3_41_35_62299",4,158,904,2232,1993,1801020207,"18010201","OEC","RaPIPOxe_fpd_18010202","RaPIPOxe","RaPIPOxe_fpd",53,"fpd","RaPIPOxe","RaPIPOxe_fpd","Ponderosa Pine - Xeric",3
"3_41_35_69552",4,158,904,2232,1966,1801020207,"18010201","OEC","RaPIPOxe_fpd_18010202","RaPIPOxe","RaPIPOxe_fpd",53,"fpd","RaPIPOxe","RaPIPOxe_fpd","Ponderosa Pine - Xeric",3
"3_41_35_74684",4,158,904,2232,1727,1801020207,"18010201","OEC","RaPIPOxe_fpd_18010202","RaPIPOxe","RaPIPOxe_fpd",53,"fpd","RaPIPOxe","RaPIPOxe_fpd","Ponderosa Pine - Xeric",3
"3_41_35_65749",4,158,904,2232,953,1801020207,"18010201","OEC","RaPIPOxe_fpd_18010202","RaPIPOxe","RaPIPOxe_fpd",53,"fpd","RaPIPOxe","RaPIPOxe_fpd","Ponderosa Pine - Xeric",3
"3_41_35_67138",4,158,904,2232,1787,1801020207,"18010201","OEC","RaPIPOxe_fpd_18010202","RaPIPOxe","RaPIPOxe_fpd",53,"fpd","RaPIPOxe","RaPIPOxe_fpd","Ponderosa Pine - Xeric",3
"3_41_35_99910",4,158,904,2232,722,1801020207,"18010201","OEC","RaPIPOxe_fpd_18010202","RaPIPOxe","RaPIPOxe_fpd",53,"fpd","RaPIPOxe","RaPIPOxe_fpd","Ponderosa Pine - Xeric",3
"5_53_57_62593",11,133,751,2285,1739,1711000801,"17110007","WNC","RaABAMup_fst_WNC","RaABAMup","RaABAMup_fst",13,"fst","RaABAMup","RaABAMup_fst","Pacific Silver Fir - High Elevation",5
"3_41_35_91080",4,158,904,2233,1114,1801020207,"18010201","OEC","RaPIPOxe_fxp_18010202","RaPIPOxe","RaPIPOxe_fxp",56,"fxp","RaPIPOxe","RaPIPOxe_fxp","Ponderosa Pine - Xeric",3
"3_41_35_91871",4,158,904,2233,2069,1801020207,"18010201","OEC","RaPIPOxe_fxp_18010202","RaPIPOxe","RaPIPOxe_fxp",56,"fxp","RaPIPOxe","RaPIPOxe_fxp","Ponderosa Pine - Xeric",3
"3_41_35_50245",4,158,904,2229,1925,1801020207,"18010201","OEC","RaMCONms_fmm_18010202","RaMCONms","RaMCONms_fmm",27,"fmm","RaMCONms","RaMCONms_fmm","Mixed Conifer - Eastside Mesic",3
"3_41_35_92224",4,158,904,2229,942,1801020207,"18010201","OEC","RaMCONms_fmm_18010202","RaMCONms","RaMCONms_fmm",27,"fmm","RaMCONms","RaMCONms_fmm","Mixed Conifer - Eastside Mesic",3
"3_41_35_77881",4,158,904,2229,2572,1801020207,"18010201","OEC","RaMCONms_fmm_18010202","RaMCONms","RaMCONms_fmm",27,"fmm","RaMCONms","RaMCONms_fmm","Mixed Conifer - Eastside Mesic",3
"3_41_35_74209",4,158,904,2229,2848,1801020207,"18010201","OEC","RaMCONms_fmm_18010202","RaMCONms","RaMCONms_fmm",27,"fmm","RaMCONms","RaMCONms_fmm","Mixed Conifer - Eastside Mesic",3
"3_41_35_78677",4,160,913,2261,777,1801020408,"18010203","OEC","RaPIPOxe_fpd_18010204","RaPIPOxe","RaPIPOxe_fpd",53,"fpd","RaPIPOxe","RaPIPOxe_fpd","Ponderosa Pine - Xeric",3
"5_53_61_99778",11,133,752,2285,2187,1711000802,"17110007","WNC","RaABAMup_fst_WNC","RaABAMup","RaABAMup_fst",13,"fst","RaABAMup","RaABAMup_fst","Pacific Silver Fir - High Elevation",5
"5_53_61_83273",11,133,752,2285,1147,1711000802,"17110007","WNC","RaABAMup_fst_WNC","RaABAMup","RaABAMup_fst",13,"fst","RaABAMup","RaABAMup_fst","Pacific Silver Fir - High Elevation",5
"5_53_73_69816",11,129,731,2285,1153,1711000401,"17110003","WNC","RaABAMup_fst_WNC","RaABAMup","RaABAMup_fst",13,"fst","RaABAMup","RaABAMup_fst","Pacific Silver Fir - High Elevation",5
"5_53_61_72030",11,133,752,2285,1617,1711000802,"17110007","WNC","RaABAMup_fst_WNC","RaABAMup","RaABAMup_fst",13,"fst","RaABAMup","RaABAMup_fst","Pacific Silver Fir - High Elevation",5
"5_53_61_87676",11,134,760,2282,1227,1711000907,"17110008","WNC","RaDFHEwt_fwm_WNC","RaDFHEwt","RaDFHEwt_fwm",33,"fwm","RaDFHEwt","RaDFHEwt_fwm","Douglas-fir Hemlock-Wet Mesic",5
"5_53_73_51728",11,129,731,2282,1342,1711000401,"17110003","WNC","RaDFHEwt_fwm_WNC","RaDFHEwt","RaDFHEwt_fwm",33,"fwm","RaDFHEwt","RaDFHEwt_fwm","Douglas-fir Hemlock-Wet Mesic",5
"5_53_61_52470",11,134,760,2282,408,1711000907,"17110008","WNC","RaDFHEwt_fwm_WNC","RaDFHEwt","RaDFHEwt_fwm",33,"fwm","RaDFHEwt","RaDFHEwt_fwm","Douglas-fir Hemlock-Wet Mesic",5
"5_53_61_73607",11,134,760,2282,1098,1711000907,"17110008","WNC","RaDFHEwt_fwm_WNC","RaDFHEwt","RaDFHEwt_fwm",33,"fwm","RaDFHEwt","RaDFHEwt_fwm","Douglas-fir Hemlock-Wet Mesic",5
"5_53_33_89507",11,135,766,2282,1278,1711001006,"17110009","WNC","RaDFHEwt_fwm_WNC","RaDFHEwt","RaDFHEwt_fwm",33,"fwm","RaDFHEwt","RaDFHEwt_fwm","Douglas-fir Hemlock-Wet Mesic",5
"5_53_33_98038",11,135,766,1882,777,1711001006,"17110009","WNC","RaDFHEdy_fwi_17110010","RaDFHEdy","RaDFHEdy_fwi",31,"fwi","RaDFHEdy","RaDFHEdy_fwi","Douglas-fir Hemlock-Dry Mesic",3
"5_53_33_68690",11,135,765,1882,1000,1711001005,"17110009","WNC","RaDFHEdy_fwi_17110010","RaDFHEdy","RaDFHEdy_fwi",31,"fwi","RaDFHEdy","RaDFHEdy_fwi","Douglas-fir Hemlock-Dry Mesic",3
"5_53_73_71931",11,129,731,2282,2401,1711000401,"17110003","WNC","RaDFHEwt_fwm_WNC","RaDFHEwt","RaDFHEwt_fwm",33,"fwm","RaDFHEwt","RaDFHEwt_fwm","Douglas-fir Hemlock-Wet Mesic",5
"5_53_33_64431",11,135,765,1882,594,1711001005,"17110009","WNC","RaDFHEdy_fwi_17110010","RaDFHEdy","RaDFHEdy_fwi",31,"fwi","RaDFHEdy","RaDFHEdy_fwi","Douglas-fir Hemlock-Dry Mesic",3
"5_53_33_79954",11,135,764,1882,1957,1711001004,"17110009","WNC","RaDFHEdy_fwi_17110010","RaDFHEdy","RaDFHEdy_fwi",31,"fwi","RaDFHEdy","RaDFHEdy_fwi","Douglas-fir Hemlock-Dry Mesic",3
"5_53_33_64580",11,135,764,2282,1612,1711001004,"17110009","WNC","RaDFHEwt_fwm_WNC","RaDFHEwt","RaDFHEwt_fwm",33,"fwm","RaDFHEwt","RaDFHEwt_fwm","Douglas-fir Hemlock-Wet Mesic",5
"5_53_33_52519",11,135,764,1882,1693,1711001004,"17110009","WNC","RaDFHEdy_fwi_17110010","RaDFHEdy","RaDFHEdy_fwi",31,"fwi","RaDFHEdy","RaDFHEdy_fwi","Douglas-fir Hemlock-Dry Mesic",3
"5_53_33_82358",13,137,769,1872,691,1711001201,"17110011","WWC","RaDFHEdy_fdg_17110012","RaDFHEdy","RaDFHEdy_fdg",24,"fdg","RaDFHEdy","RaDFHEdy_fdg","Douglas-fir Hemlock-Dry Mesic",3
"5_53_73_81406",11,129,731,2285,1883,1711000401,"17110003","WNC","RaABAMup_fst_WNC","RaABAMup","RaABAMup_fst",13,"fst","RaABAMup","RaABAMup_fst","Pacific Silver Fir - High Elevation",5
"5_53_33_55563",13,138,774,1902,747,1711001302,"17110012","WWC","RaDFHEdy_fdg_17110013","RaDFHEdy","RaDFHEdy_fdg",24,"fdg","RaDFHEdy","RaDFHEdy_fdg","Douglas-fir Hemlock-Dry Mesic",3
"5_53_33_69675",13,138,774,2292,1341,1711001302,"17110012","WWC","RaDFHEwt_fwm_WWC","RaDFHEwt","RaDFHEwt_fwm",33,"fwm","RaDFHEwt","RaDFHEwt_fwm","Douglas-fir Hemlock-Wet Mesic",5
"5_53_33_94891",13,138,774,2303,881,1711001302,"17110012","WWC","RaABAMup_fst_WWC","RaABAMup","RaABAMup_fst",13,"fst","RaABAMup","RaABAMup_fst","Pacific Silver Fir - High Elevation",5
"5_53_33_78992",13,139,779,2292,2306,1711001404,"17110013","WWC","RaDFHEwt_fwm_WWC","RaDFHEwt","RaDFHEwt_fwm",33,"fwm","RaDFHEwt","RaDFHEwt_fwm","Douglas-fir Hemlock-Wet Mesic",5
"5_53_53_60460",13,139,779,2303,906,1711001404,"17110013","WWC","RaABAMup_fst_WWC","RaABAMup","RaABAMup_fst",13,"fst","RaABAMup","RaABAMup_fst","Pacific Silver Fir - High Elevation",5
"5_53_73_74582",11,129,731,2285,2357,1711000401,"17110003","WNC","RaABAMup_fst_WNC","RaABAMup","RaABAMup_fst",13,"fst","RaABAMup","RaABAMup_fst","Pacific Silver Fir - High Elevation",5
"5_53_53_70232",13,139,779,2303,514,1711001404,"17110013","WWC","RaABAMup_fst_WWC","RaABAMup","RaABAMup_fst",13,"fst","RaABAMup","RaABAMup_fst","Pacific Silver Fir - High Elevation",5
"5_53_53_53599",13,139,776,2305,934,1711001401,"17110013","WWC","Na0710412_fmc_WWC","Na0710412","Na0710412_fmc",7,"fmc","Na0710412","Na0710412_fmc","North Pacific Mountain Hemlock Forest - Xeric",5
"5_53_53_85715",13,139,776,1921,1003,1711001401,"17110013","WWC","RaABAMlw_fsi_17110014","RaABAMlw","RaABAMlw_fsi",14,"fsi","RaABAMlw","RaABAMlw_fsi","Pacific Silver Fir - Low Elevation",3
"5_53_53_71206",13,139,776,2303,904,1711001401,"17110013","WWC","RaABAMup_fst_WWC","RaABAMup","RaABAMup_fst",13,"fst","RaABAMup","RaABAMup_fst","Pacific Silver Fir - High Elevation",5
"5_53_53_78865",13,139,777,1928,1848,1711001402,"17110013","WWC","RaSAWD_fal_17110014","RaSAWD","RaSAWD_fal",2,"fal","RaSAWD","RaSAWD_fal","Subalpine Woodland",3
"5_53_73_99658",11,129,733,2287,1067,1711000403,"17110003","WNC","Na0710412_fmc_WNC","Na0710412","Na0710412_fmc",7,"fmc","Na0710412","Na0710412_fmc","North Pacific Mountain Hemlock Forest - Xeric",5
"5_53_53_77728",13,140,781,2303,1683,1711001501,"17110014","WWC","RaABAMup_fst_WWC","RaABAMup","RaABAMup_fst",13,"fst","RaABAMup","RaABAMup_fst","Pacific Silver Fir - High Elevation",5
"7_53_41_68619",13,140,781,2292,853,1711001501,"17110014","WWC","RaDFHEwt_fwm_WWC","RaDFHEwt","RaDFHEwt_fwm",33,"fwm","RaDFHEwt","RaDFHEwt_fwm","Douglas-fir Hemlock-Wet Mesic",5
"7_53_41_61845",13,140,781,1936,2037,1711001501,"17110014","WWC","RaABAMlw_fsi_17110015","RaABAMlw","RaABAMlw_fsi",14,"fsi","RaABAMlw","RaABAMlw_fsi","Pacific Silver Fir - Low Elevation",3
"7_53_41_99564",13,82,475,2303,639,1708000405,"17080003A","WWC","RaABAMup_fst_WWC","RaABAMup","RaABAMup_fst",13,"fst","RaABAMup","RaABAMup_fst","Pacific Silver Fir - High Elevation",5
"7_53_41_62502",13,82,475,1940,1210,1708000405,"17080003A","WWC","RaABAMlw_fsi_17080004","RaABAMlw","RaABAMlw_fsi",14,"fsi","RaABAMlw","RaABAMlw_fsi","Pacific Silver Fir - Low Elevation",3
"7_53_41_76193",13,82,475,1940,1782,1708000405,"17080003A","WWC","RaABAMlw_fsi_17080004","RaABAMlw","RaABAMlw_fsi",14,"fsi","RaABAMlw","RaABAMlw_fsi","Pacific Silver Fir - Low Elevation",3
"7_53_41_81546",13,82,475,1940,1442,1708000405,"17080003A","WWC","RaABAMlw_fsi_17080004","RaABAMlw","RaABAMlw_fsi",14,"fsi","RaABAMlw","RaABAMlw_fsi","Pacific Silver Fir - Low Elevation",3
"7_53_41_53651",13,82,475,2305,1342,1708000405,"17080003A","WWC","Na0710412_fmc_WWC","Na0710412","Na0710412_fmc",7,"fmc","Na0710412","Na0710412_fmc","North Pacific Mountain Hemlock Forest - Xeric",5
"7_53_41_57669",13,82,475,1941,648,1708000405,"17080003A","WWC","RaDFHEdy_fwi_17080004","RaDFHEdy","RaDFHEdy_fwi",31,"fwi","RaDFHEdy","RaDFHEdy_fwi","Douglas-fir Hemlock-Dry Mesic",3
"7_53_41_82065",13,82,475,1940,947,1708000405,"17080003A","WWC","RaABAMlw_fsi_17080004","RaABAMlw","RaABAMlw_fsi",14,"fsi","RaABAMlw","RaABAMlw_fsi","Pacific Silver Fir - Low Elevation",3
"7_53_41_54850",13,82,475,1941,1024,1708000405,"17080003A","WWC","RaDFHEdy_fwi_17080004","RaDFHEdy","RaDFHEdy_fwi",31,"fwi","RaDFHEdy","RaDFHEdy_fwi","Douglas-fir Hemlock-Dry Mesic",3
"7_53_41_98792",13,82,474,1941,585,1708000404,"17080003A","WWC","RaDFHEdy_fwi_17080004","RaDFHEdy","RaDFHEdy_fwi",31,"fwi","RaDFHEdy","RaDFHEdy_fwi","Douglas-fir Hemlock-Dry Mesic",3
"7_53_41_62778",13,82,474,1941,577,1708000404,"17080003A","WWC","RaDFHEdy_fwi_17080004","RaDFHEdy","RaDFHEdy_fwi",31,"fwi","RaDFHEdy","RaDFHEdy_fwi","Douglas-fir Hemlock-Dry Mesic",3
"7_53_41_77243",13,82,474,1944,737,1708000404,"17080003A","WWC","RaABAMlw_fwc_17080004","RaABAMlw","RaABAMlw_fwc",35,"fwc","RaABAMlw","RaABAMlw_fwc","Pacific Silver Fir - Low Elevation",3
"7_53_41_76639",13,82,474,2292,909,1708000404,"17080003A","WWC","RaDFHEwt_fwm_WWC","RaDFHEwt","RaDFHEwt_fwm",33,"fwm","RaDFHEwt","RaDFHEwt_fwm","Douglas-fir Hemlock-Wet Mesic",5
"7_53_41_55499",13,82,474,1941,876,1708000404,"17080003A","WWC","RaDFHEdy_fwi_17080004","RaDFHEdy","RaDFHEdy_fwi",31,"fwi","RaDFHEdy","RaDFHEdy_fwi","Douglas-fir Hemlock-Dry Mesic",3
"7_53_41_55556",13,82,474,1941,1207,1708000404,"17080003A","WWC","RaDFHEdy_fwi_17080004","RaDFHEdy","RaDFHEdy_fwi",31,"fwi","RaDFHEdy","RaDFHEdy_fwi","Douglas-fir Hemlock-Dry Mesic",3
"7_53_59_84724",13,82,474,1940,2188,1708000404,"17080003A","WWC","RaABAMlw_fsi_17080004","RaABAMlw","RaABAMlw_fsi",14,"fsi","RaABAMlw","RaABAMlw_fsi","Pacific Silver Fir - Low Elevation",3
"7_53_59_81357",13,82,474,2305,2481,1708000404,"17080003A","WWC","Na0710412_fmc_WWC","Na0710412","Na0710412_fmc",7,"fmc","Na0710412","Na0710412_fmc","North Pacific Mountain Hemlock Forest - Xeric",5
"7_53_59_96596",13,82,474,1940,2180,1708000404,"17080003A","WWC","RaABAMlw_fsi_17080004","RaABAMlw","RaABAMlw_fsi",14,"fsi","RaABAMlw","RaABAMlw_fsi","Pacific Silver Fir - Low Elevation",3
"7_53_59_87966",13,82,474,1940,2246,1708000404,"17080003A","WWC","RaABAMlw_fsi_17080004","RaABAMlw","RaABAMlw_fsi",14,"fsi","RaABAMlw","RaABAMlw_fsi","Pacific Silver Fir - Low Elevation",3
"7_53_59_93082",13,78,459,1970,2695,1708000201,"17080001A","WWC","RaABAMlw_fsi_17080002","RaABAMlw","RaABAMlw_fsi",14,"fsi","RaABAMlw","RaABAMlw_fsi","Pacific Silver Fir - Low Elevation",3
"7_53_59_97949",13,78,459,1970,2274,1708000201,"17080001A","WWC","RaABAMlw_fsi_17080002","RaABAMlw","RaABAMlw_fsi",14,"fsi","RaABAMlw","RaABAMlw_fsi","Pacific Silver Fir - Low Elevation",3
"7_53_59_65464",13,78,459,1970,1360,1708000201,"17080001A","WWC","RaABAMlw_fsi_17080002","RaABAMlw","RaABAMlw_fsi",14,"fsi","RaABAMlw","RaABAMlw_fsi","Pacific Silver Fir - Low Elevation",3
"7_53_59_91463",13,78,459,1970,1901,1708000201,"17080001A","WWC","RaABAMlw_fsi_17080002","RaABAMlw","RaABAMlw_fsi",14,"fsi","RaABAMlw","RaABAMlw_fsi","Pacific Silver Fir - Low Elevation",3
"7_53_59_55869",13,78,459,1970,1205,1708000201,"17080001A","WWC","RaABAMlw_fsi_17080002","RaABAMlw","RaABAMlw_fsi",14,"fsi","RaABAMlw","RaABAMlw_fsi","Pacific Silver Fir - Low Elevation",3
"7_53_59_61657",13,78,459,1970,2736,1708000201,"17080001A","WWC","RaABAMlw_fsi_17080002","RaABAMlw","RaABAMlw_fsi",14,"fsi","RaABAMlw","RaABAMlw_fsi","Pacific Silver Fir - Low Elevation",3
"7_53_59_61662",13,78,459,2305,1299,1708000201,"17080001A","WWC","Na0710412_fmc_WWC","Na0710412","Na0710412_fmc",7,"fmc","Na0710412","Na0710412_fmc","North Pacific Mountain Hemlock Forest - Xeric",5
"7_53_59_91422",13,78,459,2305,2182,1708000201,"17080001A","WWC","Na0710412_fmc_WWC","Na0710412","Na0710412_fmc",7,"fmc","Na0710412","Na0710412_fmc","North Pacific Mountain Hemlock Forest - Xeric",5
"7_53_59_95184",13,78,459,2305,992,1708000201,"17080001A","WWC","Na0710412_fmc_WWC","Na0710412","Na0710412_fmc",7,"fmc","Na0710412","Na0710412_fmc","North Pacific Mountain Hemlock Forest - Xeric",5
"7_53_59_85560",13,78,459,2305,2528,1708000201,"17080001A","WWC","Na0710412_fmc_WWC","Na0710412","Na0710412_fmc",7,"fmc","Na0710412","Na0710412_fmc","North Pacific Mountain Hemlock Forest - Xeric",5
"5_53_73_55591",11,129,734,2285,1176,1711000404,"17110003","WNC","RaABAMup_fst_WNC","RaABAMup","RaABAMup_fst",13,"fst","RaABAMup","RaABAMup_fst","Pacific Silver Fir - High Elevation",5
"7_53_59_81976",10,60,336,2291,1160,1707010509,"17070105B","WEC","Na0710412_fmh_WEC","Na0710412","Na0710412_fmh",4,"fmh","Na0710412","Na0710412_fmh","North Pacific Mountain Hemlock Forest - Xeric",5
"7_53_59_82671",10,60,336,2291,391,1707010509,"17070105B","WEC","Na0710412_fmh_WEC","Na0710412","Na0710412_fmh",4,"fmh","Na0710412","Na0710412_fmh","North Pacific Mountain Hemlock Forest - Xeric",5
"7_53_59_88369",10,60,336,1983,14,1707010509,"17070105B","WEC","RaABAMlw_fsi_17070105A","RaABAMlw","RaABAMlw_fsi",14,"fsi","RaABAMlw","RaABAMlw_fsi","Pacific Silver Fir - Low Elevation",3
"7_53_59_88834",10,60,336,1983,1159,1707010509,"17070105B","WEC","RaABAMlw_fsi_17070105A","RaABAMlw","RaABAMlw_fsi",14,"fsi","RaABAMlw","RaABAMlw_fsi","Pacific Silver Fir - Low Elevation",3
"7_53_59_83203",10,60,336,1985,860,1707010509,"17070105B","WEC","RaMCONms_fmm_17070105A","RaMCONms","RaMCONms_fmm",27,"fmm","RaMCONms","RaMCONms_fmm","Mixed Conifer - Eastside Mesic",3
"7_53_59_62894",13,61,337,1993,1334,1707010510,"17070105A","WWC","RaDFHEdy_fwi_17070105C","RaDFHEdy","RaDFHEdy_fwi",31,"fwi","RaDFHEdy","RaDFHEdy_fwi","Douglas-fir Hemlock-Dry Mesic",3
"7_53_59_52346",13,61,337,2292,1129,1707010510,"17070105A","WWC","RaDFHEwt_fwm_WWC","RaDFHEwt","RaDFHEwt_fwm",33,"fwm","RaDFHEwt","RaDFHEwt_fwm","Douglas-fir Hemlock-Wet Mesic",5
"7_53_59_51480",13,61,337,1993,1922,1707010510,"17070105A","WWC","RaDFHEdy_fwi_17070105C","RaDFHEdy","RaDFHEdy_fwi",31,"fwi","RaDFHEdy","RaDFHEdy_fwi","Douglas-fir Hemlock-Dry Mesic",3
"5_53_73_87405",11,129,734,2285,1210,1711000404,"17110003","WNC","RaABAMup_fst_WNC","RaABAMup","RaABAMup_fst",13,"fst","RaABAMup","RaABAMup_fst","Pacific Silver Fir - High Elevation",5
"0_41_27_78524",13,61,339,1989,1103,1707010512,"17070105A","WWC","RaABAMlw_fsi_17070105C","RaABAMlw","RaABAMlw_fsi",14,"fsi","RaABAMlw","RaABAMlw_fsi","Pacific Silver Fir - Low Elevation",3
"0_41_27_61115",4,59,333,2015,1215,1707010506,"17070104","OEC","RaABAMlw_fsi_17070105B","RaABAMlw","RaABAMlw_fsi",14,"fsi","RaABAMlw","RaABAMlw_fsi","Pacific Silver Fir - Low Elevation",3
"0_41_27_82393",4,59,333,2325,1093,1707010506,"17070104","OEC","Na0710412_fmc_OEC","Na0710412","Na0710412_fmc",7,"fmc","Na0710412","Na0710412_fmc","North Pacific Mountain Hemlock Forest - Xeric",5
"0_41_27_77613",4,59,333,2015,1327,1707010506,"17070104","OEC","RaABAMlw_fsi_17070105B","RaABAMlw","RaABAMlw_fsi",14,"fsi","RaABAMlw","RaABAMlw_fsi","Pacific Silver Fir - Low Elevation",3
"0_41_27_67086",4,59,333,2016,1563,1707010506,"17070104","OEC","RaDFHEdy_fwi_17070105B","RaDFHEdy","RaDFHEdy_fwi",31,"fwi","RaDFHEdy","RaDFHEdy_fwi","Douglas-fir Hemlock-Dry Mesic",3
"0_41_27_74571",4,59,333,2015,2305,1707010506,"17070104","OEC","RaABAMlw_fsi_17070105B","RaABAMlw","RaABAMlw_fsi",14,"fsi","RaABAMlw","RaABAMlw_fsi","Pacific Silver Fir - Low Elevation",3
"0_41_27_65482",4,59,333,2016,1831,1707010506,"17070104","OEC","RaDFHEdy_fwi_17070105B","RaDFHEdy","RaDFHEdy_fwi",31,"fwi","RaDFHEdy","RaDFHEdy_fwi","Douglas-fir Hemlock-Dry Mesic",3
"0_41_27_80561",4,59,333,2015,1210,1707010506,"17070104","OEC","RaABAMlw_fsi_17070105B","RaABAMlw","RaABAMlw_fsi",14,"fsi","RaABAMlw","RaABAMlw_fsi","Pacific Silver Fir - Low Elevation",3
"0_41_27_65084",4,59,333,2015,2034,1707010506,"17070104","OEC","RaABAMlw_fsi_17070105B","RaABAMlw","RaABAMlw_fsi",14,"fsi","RaABAMlw","RaABAMlw_fsi","Pacific Silver Fir - Low Elevation",3
"0_41_27_61244",7,76,451,2026,782,1708000101,"17070307","OWC","RaABAMlw_fsi_17080001B","RaABAMlw","RaABAMlw_fsi",14,"fsi","RaABAMlw","RaABAMlw_fsi","Pacific Silver Fir - Low Elevation",3
"0_41_5_61684",7,76,451,2331,1526,1708000101,"17070307","OWC","Na0710412_fmc_OWC","Na0710412","Na0710412_fmc",7,"fmc","Na0710412","Na0710412_fmc","North Pacific Mountain Hemlock Forest - Xeric",5
"0_41_5_93044",7,76,452,2331,1057,1708000102,"17070307","OWC","Na0710412_fmc_OWC","Na0710412","Na0710412_fmc",7,"fmc","Na0710412","Na0710412_fmc","North Pacific Mountain Hemlock Forest - Xeric",5
"0_41_5_91362",7,76,452,2026,640,1708000102,"17070307","OWC","RaABAMlw_fsi_17080001B","RaABAMlw","RaABAMlw_fsi",14,"fsi","RaABAMlw","RaABAMlw_fsi","Pacific Silver Fir - Low Elevation",3
"0_41_5_83249",7,76,452,2331,727,1708000102,"17070307","OWC","Na0710412_fmc_OWC","Na0710412","Na0710412_fmc",7,"fmc","Na0710412","Na0710412_fmc","North Pacific Mountain Hemlock Forest - Xeric",5
"0_41_5_90867",7,76,453,2026,1855,1708000103,"17070307","OWC","RaABAMlw_fsi_17080001B","RaABAMlw","RaABAMlw_fsi",14,"fsi","RaABAMlw","RaABAMlw_fsi","Pacific Silver Fir - Low Elevation",3
"3_41_65_94910",7,76,453,2026,1205,1708000103,"17070307","OWC","RaABAMlw_fsi_17080001B","RaABAMlw","RaABAMlw_fsi",14,"fsi","RaABAMlw","RaABAMlw_fsi","Pacific Silver Fir - Low Elevation",3
"0_41_5_57871",7,97,554,2044,1512,1709001103,"17090010","OWC","RaABAMlw_fsi_17090011","RaABAMlw","RaABAMlw_fsi",14,"fsi","RaABAMlw","RaABAMlw_fsi","Pacific Silver Fir - Low Elevation",3
"0_41_5_73046",7,97,554,2044,1082,1709001103,"17090010","OWC","RaABAMlw_fsi_17090011","RaABAMlw","RaABAMlw_fsi",14,"fsi","RaABAMlw","RaABAMlw_fsi","Pacific Silver Fir - Low Elevation",3
"0_41_5_91395",7,97,554,2046,1206,1709001103,"17090010","OWC","RaABAMlw_fsw_17090011","RaABAMlw","RaABAMlw_fsw",16,"fsw","RaABAMlw","RaABAMlw_fsw","Pacific Silver Fir - Low Elevation",3
"0_41_5_65501",7,97,554,2046,1323,1709001103,"17090010","OWC","RaABAMlw_fsw_17090011","RaABAMlw","RaABAMlw_fsw",16,"fsw","RaABAMlw","RaABAMlw_fsw","Pacific Silver Fir - Low Elevation",3
"0_41_5_55379",7,97,554,2044,1314,1709001103,"17090010","OWC","RaABAMlw_fsi_17090011","RaABAMlw","RaABAMlw_fsi",14,"fsi","RaABAMlw","RaABAMlw_fsi","Pacific Silver Fir - Low Elevation",3
"0_41_5_67406",7,97,554,2044,1275,1709001103,"17090010","OWC","RaABAMlw_fsi_17090011","RaABAMlw","RaABAMlw_fsi",14,"fsi","RaABAMlw","RaABAMlw_fsi","Pacific Silver Fir - Low Elevation",3
"3_41_65_73092",4,73,439,2043,1636,1707030606,"17070305B","OEC","RaABAMlw_fsi_17070306","RaABAMlw","RaABAMlw_fsi",14,"fsi","RaABAMlw","RaABAMlw_fsi","Pacific Silver Fir - Low Elevation",3
"3_41_65_92297",4,73,439,2324,1556,1707030606,"17070305B","OEC","Na0710412_fmh_OEC","Na0710412","Na0710412_fmh",4,"fmh","Na0710412","Na0710412_fmh","North Pacific Mountain Hemlock Forest - Xeric",5
"3_41_65_93499",4,73,439,2069,1049,1707030606,"17070305B","OEC","RaABAMlw_fwc_17070306","RaABAMlw","RaABAMlw_fwc",35,"fwc","RaABAMlw","RaABAMlw_fwc","Pacific Silver Fir - Low Elevation",3
"0_41_47_50169",7,97,553,2331,1892,1709001102,"17090010","OWC","Na0710412_fmc_OWC","Na0710412","Na0710412_fmc",7,"fmc","Na0710412","Na0710412_fmc","North Pacific Mountain Hemlock Forest - Xeric",5
"3_41_31_72548",4,73,436,2324,2074,1707030603,"17070305B","OEC","Na0710412_fmh_OEC","Na0710412","Na0710412_fmh",4,"fmh","Na0710412","Na0710412_fmh","North Pacific Mountain Hemlock Forest - Xeric",5
"3_41_31_55066",4,67,396,2324,2000,1707030110,"17070204","OEC","Na0710412_fmh_OEC","Na0710412","Na0710412_fmh",4,"fmh","Na0710412","Na0710412_fmh","North Pacific Mountain Hemlock Forest - Xeric",5
"3_41_31_97017",4,67,395,2324,888,1707030109,"17070204","OEC","Na0710412_fmh_OEC","Na0710412","Na0710412_fmh",4,"fmh","Na0710412","Na0710412_fmh","North Pacific Mountain Hemlock Forest - Xeric",5
"3_41_31_58371",4,67,395,2085,2223,1707030109,"17070204","OEC","RaMCONms_fmm_17070301","RaMCONms","RaMCONms_fmm",27,"fmm","RaMCONms","RaMCONms_fmm","Mixed Conifer - Eastside Mesic",3
"3_41_31_91892",4,67,395,2085,1367,1707030109,"17070204","OEC","RaMCONms_fmm_17070301","RaMCONms","RaMCONms_fmm",27,"fmm","RaMCONms","RaMCONms_fmm","Mixed Conifer - Eastside Mesic",3
"3_41_31_94305",4,67,395,2085,2728,1707030109,"17070204","OEC","RaMCONms_fmm_17070301","RaMCONms","RaMCONms_fmm",27,"fmm","RaMCONms","RaMCONms_fmm","Mixed Conifer - Eastside Mesic",3
"3_41_31_92546",4,67,395,2085,2329,1707030109,"17070204","OEC","RaMCONms_fmm_17070301","RaMCONms","RaMCONms_fmm",27,"fmm","RaMCONms","RaMCONms_fmm","Mixed Conifer - Eastside Mesic",3
"3_41_31_64663",4,67,395,2085,2531,1707030109,"17070204","OEC","RaMCONms_fmm_17070301","RaMCONms","RaMCONms_fmm",27,"fmm","RaMCONms","RaMCONms_fmm","Mixed Conifer - Eastside Mesic",3
"3_41_31_84674",4,67,395,2085,1999,1707030109,"17070204","OEC","RaMCONms_fmm_17070301","RaMCONms","RaMCONms_fmm",27,"fmm","RaMCONms","RaMCONms_fmm","Mixed Conifer - Eastside Mesic",3
"5_53_57_61546",11,132,749,2282,2094,1711000701,"17110006","WNC","RaDFHEwt_fwm_WNC","RaDFHEwt","RaDFHEwt_fwm",33,"fwm","RaDFHEwt","RaDFHEwt_fwm","Douglas-fir Hemlock-Wet Mesic",5
"3_41_17_70763",4,67,395,756,2649,1707030109,"17070204","OEC","RaMCONdy_fmd_1707030109","RaMCONdy","RaMCONdy_fmd",28,"fmd","RaMCONdy","RaMCONdy_fmd","Mixed Conifer - Eastside Dry",1
"3_41_17_52103",4,67,395,2095,1360,1707030109,"17070204","OEC","RaPIPOxe_fpd_17070301","RaPIPOxe","RaPIPOxe_fpd",53,"fpd","RaPIPOxe","RaPIPOxe_fpd","Ponderosa Pine - Xeric",3
"3_41_17_71596",4,67,395,756,977,1707030109,"17070204","OEC","RaMCONdy_fmd_1707030109","RaMCONdy","RaMCONdy_fmd",28,"fmd","RaMCONdy","RaMCONdy_fmd","Mixed Conifer - Eastside Dry",1
"3_41_17_89990",4,67,393,828,2074,1707030107,"17070204","OEC","RaMCONdy_fmd_1707030107","RaMCONdy","RaMCONdy_fmd",28,"fmd","RaMCONdy","RaMCONdy_fmd","Mixed Conifer - Eastside Dry",1
"3_41_17_78949",4,67,393,2324,2436,1707030107,"17070204","OEC","Na0710412_fmh_OEC","Na0710412","Na0710412_fmh",4,"fmh","Na0710412","Na0710412_fmh","North Pacific Mountain Hemlock Forest - Xeric",5
"3_41_17_61430",4,67,393,2324,2361,1707030107,"17070204","OEC","Na0710412_fmh_OEC","Na0710412","Na0710412_fmh",4,"fmh","Na0710412","Na0710412_fmh","North Pacific Mountain Hemlock Forest - Xeric",5
"3_41_17_70382",4,67,393,2324,1003,1707030107,"17070204","OEC","Na0710412_fmh_OEC","Na0710412","Na0710412_fmh",4,"fmh","Na0710412","Na0710412_fmh","North Pacific Mountain Hemlock Forest - Xeric",5
"3_41_17_79808",4,67,393,2324,2983,1707030107,"17070204","OEC","Na0710412_fmh_OEC","Na0710412","Na0710412_fmh",4,"fmh","Na0710412","Na0710412_fmh","North Pacific Mountain Hemlock Forest - Xeric",5
"3_41_17_68923",4,67,393,2324,1055,1707030107,"17070204","OEC","Na0710412_fmh_OEC","Na0710412","Na0710412_fmh",4,"fmh","Na0710412","Na0710412_fmh","North Pacific Mountain Hemlock Forest - Xeric",5
"3_41_17_65802",4,67,387,2339,2131,1707030101,"17070204","OEC","RaPICOpu_fld_OEC","RaPICOpu","RaPICOpu_fld",49,"fld","RaPICOpu","RaPICOpu_fld","Lodgepole Pine - Pumice Soils",4
"3_41_17_67878",4,67,387,2324,1542,1707030101,"17070204","OEC","Na0710412_fmh_OEC","Na0710412","Na0710412_fmh",4,"fmh","Na0710412","Na0710412_fmh","North Pacific Mountain Hemlock Forest - Xeric",5
"3_41_17_55577",4,67,387,2324,887,1707030101,"17070204","OEC","Na0710412_fmh_OEC","Na0710412","Na0710412_fmh",4,"fmh","Na0710412","Na0710412_fmh","North Pacific Mountain Hemlock Forest - Xeric",5
"3_41_17_96167",4,67,387,2324,2490,1707030101,"17070204","OEC","Na0710412_fmh_OEC","Na0710412","Na0710412_fmh",4,"fmh","Na0710412","Na0710412_fmh","North Pacific Mountain Hemlock Forest - Xeric",5
"3_41_17_57910",4,67,387,2324,2510,1707030101,"17070204","OEC","Na0710412_fmh_OEC","Na0710412","Na0710412_fmh",4,"fmh","Na0710412","Na0710412_fmh","North Pacific Mountain Hemlock Forest - Xeric",5
"3_41_17_91352",4,67,387,2324,1853,1707030101,"17070204","OEC","Na0710412_fmh_OEC","Na0710412","Na0710412_fmh",4,"fmh","Na0710412","Na0710412_fmh","North Pacific Mountain Hemlock Forest - Xeric",5
"3_41_17_61824",4,67,387,2085,2001,1707030101,"17070204","OEC","RaMCONms_fmm_17070301","RaMCONms","RaMCONms_fmm",27,"fmm","RaMCONms","RaMCONms_fmm","Mixed Conifer - Eastside Mesic",3
"3_41_17_62325",4,67,387,2324,1577,1707030101,"17070204","OEC","Na0710412_fmh_OEC","Na0710412","Na0710412_fmh",4,"fmh","Na0710412","Na0710412_fmh","North Pacific Mountain Hemlock Forest - Xeric",5
"5_53_57_75192",11,132,749,2282,1761,1711000701,"17110006","WNC","RaDFHEwt_fwm_WNC","RaDFHEwt","RaDFHEwt_fwm",33,"fwm","RaDFHEwt","RaDFHEwt_fwm","Douglas-fir Hemlock-Wet Mesic",5
"3_41_17_73847",4,67,387,2085,2298,1707030101,"17070204","OEC","RaMCONms_fmm_17070301","RaMCONms","RaMCONms_fmm",27,"fmm","RaMCONms","RaMCONms_fmm","Mixed Conifer - Eastside Mesic",3
"3_41_17_97209",4,67,387,985,1380,1707030101,"17070204","OEC","RaMCONdy_fmx_1707030101","RaMCONdy","RaMCONdy_fmx",29,"fmx","RaMCONdy","RaMCONdy_fmx","Mixed Conifer - Eastside Dry",1
"3_41_17_89646",4,67,387,2085,3006,1707030101,"17070204","OEC","RaMCONms_fmm_17070301","RaMCONms","RaMCONms_fmm",27,"fmm","RaMCONms","RaMCONms_fmm","Mixed Conifer - Eastside Mesic",3
"3_41_17_93182",4,67,387,2085,2747,1707030101,"17070204","OEC","RaMCONms_fmm_17070301","RaMCONms","RaMCONms_fmm",27,"fmm","RaMCONms","RaMCONms_fmm","Mixed Conifer - Eastside Mesic",3
"3_41_17_73131",4,67,389,2085,1531,1707030103,"17070204","OEC","RaMCONms_fmm_17070301","RaMCONms","RaMCONms_fmm",27,"fmm","RaMCONms","RaMCONms_fmm","Mixed Conifer - Eastside Mesic",3
"3_41_17_59193",4,67,389,996,1558,1707030103,"17070204","OEC","RaMCONdy_fmx_1707030103","RaMCONdy","RaMCONdy_fmx",29,"fmx","RaMCONdy","RaMCONdy_fmx","Mixed Conifer - Eastside Dry",1
"3_41_17_60594",4,67,389,1025,1543,1707030103,"17070204","OEC","RaPIPOm_fpl_1707030103","RaPIPOm","RaPIPOm_fpl",55,"fpl","RaPIPOm","RaPIPOm_fpl","Dry Ponderosa Pine - Mesic",1
"3_41_17_98379",4,67,389,2340,728,1707030103,"17070204","OEC","RaPICOpu_flw_OEC","RaPICOpu","RaPICOpu_flw",50,"flw","RaPICOpu","RaPICOpu_flw","Lodgepole Pine - Pumice Soils",4
"3_41_35_97212",4,67,388,1061,1766,1707030102,"17070204","OEC","RaPIPOm_fpl_1707030102","RaPIPOm","RaPIPOm_fpl",55,"fpl","RaPIPOm","RaPIPOm_fpl","Dry Ponderosa Pine - Mesic",1
"3_41_17_86654",4,67,388,1061,1532,1707030102,"17070204","OEC","RaPIPOm_fpl_1707030102","RaPIPOm","RaPIPOm_fpl",55,"fpl","RaPIPOm","RaPIPOm_fpl","Dry Ponderosa Pine - Mesic",1
"5_53_57_71368",11,132,749,2285,1494,1711000701,"17110006","WNC","RaABAMup_fst_WNC","RaABAMup","RaABAMup_fst",13,"fst","RaABAMup","RaABAMup_fst","Pacific Silver Fir - High Elevation",5
"5_53_73_67937",11,129,731,2286,1704,1711000401,"17110003","WNC","Na0710411_fmt_WNC","Na0710411","Na0710411_fmt",5,"fmt","Na0710411","Na0710411_fmt","North Pacific Mountain Hemlock Forest - Wet",5
"5_53_73_75518",11,129,731,2285,1494,1711000401,"17110003","WNC","RaABAMup_fst_WNC","RaABAMup","RaABAMup_fst",13,"fst","RaABAMup","RaABAMup_fst","Pacific Silver Fir - High Elevation",5
"3_41_35_51581",4,68,400,2159,1426,1707030203,"17070301","OEC","RaMCONms_fmm_17070302","RaMCONms","RaMCONms_fmm",27,"fmm","RaMCONms","RaMCONms_fmm","Mixed Conifer - Eastside Mesic",3
"3_41_35_94029",4,68,400,2159,3102,1707030203,"17070301","OEC","RaMCONms_fmm_17070302","RaMCONms","RaMCONms_fmm",27,"fmm","RaMCONms","RaMCONms_fmm","Mixed Conifer - Eastside Mesic",3
"3_41_35_76934",4,68,399,1107,2075,1707030202,"17070301","OEC","RaPIPOm_fpl_1707030202","RaPIPOm","RaPIPOm_fpl",55,"fpl","RaPIPOm","RaPIPOm_fpl","Dry Ponderosa Pine - Mesic",1
"3_41_35_70866",4,68,402,1114,1692,1707030205,"17070301","OEC","RaPIPOm_fpl_1707030205","RaPIPOm","RaPIPOm_fpl",55,"fpl","RaPIPOm","RaPIPOm_fpl","Dry Ponderosa Pine - Mesic",1
"3_41_35_68650",4,68,402,2159,767,1707030205,"17070301","OEC","RaMCONms_fmm_17070302","RaMCONms","RaMCONms_fmm",27,"fmm","RaMCONms","RaMCONms_fmm","Mixed Conifer - Eastside Mesic",3
"3_41_35_74955",4,68,401,2322,443,1707030204,"17070301","OEC","RaSPFI_fmz_OEC","RaSPFI","RaSPFI_fmz",26,"fmz","RaSPFI","RaSPFI_fmz","Spruce - Fir",4
"5_53_57_93770",11,132,749,2285,1369,1711000701,"17110006","WNC","RaABAMup_fst_WNC","RaABAMup","RaABAMup_fst",13,"fst","RaABAMup","RaABAMup_fst","Pacific Silver Fir - High Elevation",5
"3_41_35_99103",4,68,402,2324,1007,1707030205,"17070301","OEC","Na0710412_fmh_OEC","Na0710412","Na0710412_fmh",4,"fmh","Na0710412","Na0710412_fmh","North Pacific Mountain Hemlock Forest - Xeric",5
"3_41_35_76404",4,157,895,2200,1066,1801020104,"18010101","OEC","RaMCONms_fmm_18010201","RaMCONms","RaMCONms_fmm",27,"fmm","RaMCONms","RaMCONms_fmm","Mixed Conifer - Eastside Mesic",3
"3_41_35_94476",4,157,895,2200,866,1801020104,"18010101","OEC","RaMCONms_fmm_18010201","RaMCONms","RaMCONms_fmm",27,"fmm","RaMCONms","RaMCONms_fmm","Mixed Conifer - Eastside Mesic",3
"3_41_35_77070",4,157,893,1179,1085,1801020102,"18010101","OEC","RaMCONdy_fmx_1801020102","RaMCONdy","RaMCONdy_fmx",29,"fmx","RaMCONdy","RaMCONdy_fmx","Mixed Conifer - Eastside Dry",1
"3_41_35_65354",4,157,893,1179,1592,1801020102,"18010101","OEC","RaMCONdy_fmx_1801020102","RaMCONdy","RaMCONdy_fmx",29,"fmx","RaMCONdy","RaMCONdy_fmx","Mixed Conifer - Eastside Dry",1
"3_41_35_58212",4,157,893,1179,1526,1801020102,"18010101","OEC","RaMCONdy_fmx_1801020102","RaMCONdy","RaMCONdy_fmx",29,"fmx","RaMCONdy","RaMCONdy_fmx","Mixed Conifer - Eastside Dry",1
"3_41_35_71567",4,157,893,1179,2206,1801020102,"18010101","OEC","RaMCONdy_fmx_1801020102","RaMCONdy","RaMCONdy_fmx",29,"fmx","RaMCONdy","RaMCONdy_fmx","Mixed Conifer - Eastside Dry",1
"3_41_35_95307",4,157,893,1179,1761,1801020102,"18010101","OEC","RaMCONdy_fmx_1801020102","RaMCONdy","RaMCONdy_fmx",29,"fmx","RaMCONdy","RaMCONdy_fmx","Mixed Conifer - Eastside Dry",1
"3_41_35_64912",4,157,893,1180,846,1801020102,"18010101","OEC","RaPIPOm_fpl_1801020102","RaPIPOm","RaPIPOm_fpl",55,"fpl","RaPIPOm","RaPIPOm_fpl","Dry Ponderosa Pine - Mesic",1
"3_41_35_98669",4,157,893,1180,1517,1801020102,"18010101","OEC","RaPIPOm_fpl_1801020102","RaPIPOm","RaPIPOm_fpl",55,"fpl","RaPIPOm","RaPIPOm_fpl","Dry Ponderosa Pine - Mesic",1
"3_41_35_85667",4,157,893,1180,1494,1801020102,"18010101","OEC","RaPIPOm_fpl_1801020102","RaPIPOm","RaPIPOm_fpl",55,"fpl","RaPIPOm","RaPIPOm_fpl","Dry Ponderosa Pine - Mesic",1
"3_41_35_67870",4,157,893,1180,2265,1801020102,"18010101","OEC","RaPIPOm_fpl_1801020102","RaPIPOm","RaPIPOm_fpl",55,"fpl","RaPIPOm","RaPIPOm_fpl","Dry Ponderosa Pine - Mesic",1
"5_53_57_53050",11,133,751,2285,1049,1711000801,"17110007","WNC","RaABAMup_fst_WNC","RaABAMup","RaABAMup_fst",13,"fst","RaABAMup","RaABAMup_fst","Pacific Silver Fir - High Elevation",5
"3_41_35_97989",4,157,895,1164,1728,1801020104,"18010101","OEC","RaPIPOm_fpl_1801020104","RaPIPOm","RaPIPOm_fpl",55,"fpl","RaPIPOm","RaPIPOm_fpl","Dry Ponderosa Pine - Mesic",1
"3_41_35_67339",4,157,896,1317,2290,1801020105,"18010101","OEC","RaPIPOm_fpl_1801020105","RaPIPOm","RaPIPOm_fpl",55,"fpl","RaPIPOm","RaPIPOm_fpl","Dry Ponderosa Pine - Mesic",1
"3_41_35_85321",4,157,897,1351,1020,1801020106,"18010101","OEC","RaPIPOm_fpl_1801020106","RaPIPOm","RaPIPOm_fpl",55,"fpl","RaPIPOm","RaPIPOm_fpl","Dry Ponderosa Pine - Mesic",1
"3_41_35_66942",4,157,896,1317,1506,1801020105,"18010101","OEC","RaPIPOm_fpl_1801020105","RaPIPOm","RaPIPOm_fpl",55,"fpl","RaPIPOm","RaPIPOm_fpl","Dry Ponderosa Pine - Mesic",1
"3_41_35_97907",4,157,897,1351,1159,1801020106,"18010101","OEC","RaPIPOm_fpl_1801020106","RaPIPOm","RaPIPOm_fpl",55,"fpl","RaPIPOm","RaPIPOm_fpl","Dry Ponderosa Pine - Mesic",1
"3_41_35_67883",4,157,897,1351,949,1801020106,"18010101","OEC","RaPIPOm_fpl_1801020106","RaPIPOm","RaPIPOm_fpl",55,"fpl","RaPIPOm","RaPIPOm_fpl","Dry Ponderosa Pine - Mesic",1
"3_41_35_93121",4,157,897,1351,1710,1801020106,"18010101","OEC","RaPIPOm_fpl_1801020106","RaPIPOm","RaPIPOm_fpl",55,"fpl","RaPIPOm","RaPIPOm_fpl","Dry Ponderosa Pine - Mesic",1
"3_41_35_77382",4,157,897,1351,1791,1801020106,"18010101","OEC","RaPIPOm_fpl_1801020106","RaPIPOm","RaPIPOm_fpl",55,"fpl","RaPIPOm","RaPIPOm_fpl","Dry Ponderosa Pine - Mesic",1
"3_41_35_61982",4,157,897,1351,2420,1801020106,"18010101","OEC","RaPIPOm_fpl_1801020106","RaPIPOm","RaPIPOm_fpl",55,"fpl","RaPIPOm","RaPIPOm_fpl","Dry Ponderosa Pine - Mesic",1
"3_41_35_77645",4,157,897,1351,948,1801020106,"18010101","OEC","RaPIPOm_fpl_1801020106","RaPIPOm","RaPIPOm_fpl",55,"fpl","RaPIPOm","RaPIPOm_fpl","Dry Ponderosa Pine - Mesic",1
"3_41_35_56890",4,158,904,1430,1793,1801020207,"18010201","OEC","RaMCONdy_fmx_1801020207","RaMCONdy","RaMCONdy_fmx",29,"fmx","RaMCONdy","RaMCONdy_fmx","Mixed Conifer - Eastside Dry",1
"3_41_35_83663",4,158,904,1432,2016,1801020207,"18010201","OEC","RaPIPOm_fpl_1801020207","RaPIPOm","RaPIPOm_fpl",55,"fpl","RaPIPOm","RaPIPOm_fpl","Dry Ponderosa Pine - Mesic",1
"3_41_35_85896",4,158,904,2232,1793,1801020207,"18010201","OEC","RaPIPOxe_fpd_18010202","RaPIPOxe","RaPIPOxe_fpd",53,"fpd","RaPIPOxe","RaPIPOxe_fpd","Ponderosa Pine - Xeric",3
"3_41_35_85463",4,158,904,2232,2339,1801020207,"18010201","OEC","RaPIPOxe_fpd_18010202","RaPIPOxe","RaPIPOxe_fpd",53,"fpd","RaPIPOxe","RaPIPOxe_fpd","Ponderosa Pine - Xeric",3
"3_41_35_55285",4,158,904,2232,1124,1801020207,"18010201","OEC","RaPIPOxe_fpd_18010202","RaPIPOxe","RaPIPOxe_fpd",53,"fpd","RaPIPOxe","RaPIPOxe_fpd","Ponderosa Pine - Xeric",3
"3_41_35_76498",4,158,904,2232,548,1801020207,"18010201","OEC","RaPIPOxe_fpd_18010202","RaPIPOxe","RaPIPOxe_fpd",53,"fpd","RaPIPOxe","RaPIPOxe_fpd","Ponderosa Pine - Xeric",3
"3_41_35_89311",4,158,904,2232,2666,1801020207,"18010201","OEC","RaPIPOxe_fpd_18010202","RaPIPOxe","RaPIPOxe_fpd",53,"fpd","RaPIPOxe","RaPIPOxe_fpd","Ponderosa Pine - Xeric",3
"3_41_35_80742",4,158,904,2233,1272,1801020207,"18010201","OEC","RaPIPOxe_fxp_18010202","RaPIPOxe","RaPIPOxe_fxp",56,"fxp","RaPIPOxe","RaPIPOxe_fxp","Ponderosa Pine - Xeric",3
"3_41_35_99705",4,158,904,2229,1961,1801020207,"18010201","OEC","RaMCONms_fmm_18010202","RaMCONms","RaMCONms_fmm",27,"fmm","RaMCONms","RaMCONms_fmm","Mixed Conifer - Eastside Mesic",3
"3_41_35_58803",4,158,904,2229,1903,1801020207,"18010201","OEC","RaMCONms_fmm_18010202","RaMCONms","RaMCONms_fmm",27,"fmm","RaMCONms","RaMCONms_fmm","Mixed Conifer - Eastside Mesic",3
"3_41_35_50155",4,158,904,2229,2024,1801020207,"18010201","OEC","RaMCONms_fmm_18010202","RaMCONms","RaMCONms_fmm",27,"fmm","RaMCONms","RaMCONms_fmm","Mixed Conifer - Eastside Mesic",3
"3_41_35_86251",4,158,904,2229,1035,1801020207,"18010201","OEC","RaMCONms_fmm_18010202","RaMCONms","RaMCONms_fmm",27,"fmm","RaMCONms","RaMCONms_fmm","Mixed Conifer - Eastside Mesic",3
"3_41_35_78763",4,158,904,2229,2043,1801020207,"18010201","OEC","RaMCONms_fmm_18010202","RaMCONms","RaMCONms_fmm",27,"fmm","RaMCONms","RaMCONms_fmm","Mixed Conifer - Eastside Mesic",3
"3_41_35_89699",4,158,904,2229,3279,1801020207,"18010201","OEC","RaMCONms_fmm_18010202","RaMCONms","RaMCONms_fmm",27,"fmm","RaMCONms","RaMCONms_fmm","Mixed Conifer - Eastside Mesic",3
"3_41_35_59897",4,160,913,2261,1715,1801020408,"18010203","OEC","RaPIPOxe_fpd_18010204","RaPIPOxe","RaPIPOxe_fpd",53,"fpd","RaPIPOxe","RaPIPOxe_fpd","Ponderosa Pine - Xeric",3
"5_53_57_76110",11,133,751,2282,1187,1711000801,"17110007","WNC","RaDFHEwt_fwm_WNC","RaDFHEwt","RaDFHEwt_fwm",33,"fwm","RaDFHEwt","RaDFHEwt_fwm","Douglas-fir Hemlock-Wet Mesic",5
"5_53_61_50198",11,133,751,2282,1532,1711000801,"17110007","WNC","RaDFHEwt_fwm_WNC","RaDFHEwt","RaDFHEwt_fwm",33,"fwm","RaDFHEwt","RaDFHEwt_fwm","Douglas-fir Hemlock-Wet Mesic",5
"5_53_73_58505",11,129,731,1783,2226,1711000401,"17110003","WNC","RaSAWD_fal_17110004","RaSAWD","RaSAWD_fal",2,"fal","RaSAWD","RaSAWD_fal","Subalpine Woodland",3
"5_53_61_63259",11,133,752,2285,2217,1711000802,"17110007","WNC","RaABAMup_fst_WNC","RaABAMup","RaABAMup_fst",13,"fst","RaABAMup","RaABAMup_fst","Pacific Silver Fir - High Elevation",5
"5_53_61_58102",11,133,752,1829,885,1711000802,"17110007","WNC","RaDFHEdy_fdg_17110008","RaDFHEdy","RaDFHEdy_fdg",24,"fdg","RaDFHEdy","RaDFHEdy_fdg","Douglas-fir Hemlock-Dry Mesic",3
"5_53_61_83405",13,136,767,2292,954,1711001101,"17110010","WWC","RaDFHEwt_fwm_WWC","RaDFHEwt","RaDFHEwt_fwm",33,"fwm","RaDFHEwt","RaDFHEwt_fwm","Douglas-fir Hemlock-Wet Mesic",5
"5_53_61_76900",13,136,767,2292,1383,1711001101,"17110010","WWC","RaDFHEwt_fwm_WWC","RaDFHEwt","RaDFHEwt_fwm",33,"fwm","RaDFHEwt","RaDFHEwt_fwm","Douglas-fir Hemlock-Wet Mesic",5
"5_53_61_79789",13,136,767,2292,1328,1711001101,"17110010","WWC","RaDFHEwt_fwm_WWC","RaDFHEwt","RaDFHEwt_fwm",33,"fwm","RaDFHEwt","RaDFHEwt_fwm","Douglas-fir Hemlock-Wet Mesic",5
"5_53_61_77828",11,134,760,1862,504,1711000907,"17110008","WNC","RaDFHEdy_fdg_17110009","RaDFHEdy","RaDFHEdy_fdg",24,"fdg","RaDFHEdy","RaDFHEdy_fdg","Douglas-fir Hemlock-Dry Mesic",3
"5_53_73_53543",11,129,731,2282,2083,1711000401,"17110003","WNC","RaDFHEwt_fwm_WNC","RaDFHEwt","RaDFHEwt_fwm",33,"fwm","RaDFHEwt","RaDFHEwt_fwm","Douglas-fir Hemlock-Wet Mesic",5
"5_53_61_81644",11,134,760,1863,1083,1711000907,"17110008","WNC","RaDFHEdy_fwi_17110009","RaDFHEdy","RaDFHEdy_fwi",31,"fwi","RaDFHEdy","RaDFHEdy_fwi","Douglas-fir Hemlock-Dry Mesic",3
"5_53_33_54243",11,135,765,2282,1537,1711001005,"17110009","WNC","RaDFHEwt_fwm_WNC","RaDFHEwt","RaDFHEwt_fwm",33,"fwm","RaDFHEwt","RaDFHEwt_fwm","Douglas-fir Hemlock-Wet Mesic",5
"5_53_73_84912",11,129,731,2285,1878,1711000401,"17110003","WNC","RaABAMup_fst_WNC","RaABAMup","RaABAMup_fst",13,"fst","RaABAMup","RaABAMup_fst","Pacific Silver Fir - High Elevation",5
"5_53_33_54661",11,135,764,2282,1458,1711001004,"17110009","WNC","RaDFHEwt_fwm_WNC","RaDFHEwt","RaDFHEwt_fwm",33,"fwm","RaDFHEwt","RaDFHEwt_fwm","Douglas-fir Hemlock-Wet Mesic",5
"5_53_33_69717",11,135,764,2285,713,1711001004,"17110009","WNC","RaABAMup_fst_WNC","RaABAMup","RaABAMup_fst",13,"fst","RaABAMup","RaABAMup_fst","Pacific Silver Fir - High Elevation",5
"5_53_33_87096",13,138,774,2303,690,1711001302,"17110012","WWC","RaABAMup_fst_WWC","RaABAMup","RaABAMup_fst",13,"fst","RaABAMup","RaABAMup_fst","Pacific Silver Fir - High Elevation",5
"5_53_33_54157",13,138,774,2303,2657,1711001302,"17110012","WWC","RaABAMup_fst_WWC","RaABAMup","RaABAMup_fst",13,"fst","RaABAMup","RaABAMup_fst","Pacific Silver Fir - High Elevation",5
"5_53_53_53463",13,139,779,1921,1280,1711001404,"17110013","WWC","RaABAMlw_fsi_17110014","RaABAMlw","RaABAMlw_fsi",14,"fsi","RaABAMlw","RaABAMlw_fsi","Pacific Silver Fir - Low Elevation",3
"5_53_53_77496",13,139,779,2303,810,1711001404,"17110013","WWC","RaABAMup_fst_WWC","RaABAMup","RaABAMup_fst",13,"fst","RaABAMup","RaABAMup_fst","Pacific Silver Fir - High Elevation",5
"5_53_53_85314",13,139,776,1921,1086,1711001401,"17110013","WWC","RaABAMlw_fsi_17110014","RaABAMlw","RaABAMlw_fsi",14,"fsi","RaABAMlw","RaABAMlw_fsi","Pacific Silver Fir - Low Elevation",3
"5_53_53_57457",13,139,779,2310,813,1711001404,"17110013","WWC","Na0710412_fmi_WWC","Na0710412","Na0710412_fmi",6,"fmi","Na0710412","Na0710412_fmi","North Pacific Mountain Hemlock Forest - Xeric",5
"7_53_41_68987",13,140,781,1936,1459,1711001501,"17110014","WWC","RaABAMlw_fsi_17110015","RaABAMlw","RaABAMlw_fsi",14,"fsi","RaABAMlw","RaABAMlw_fsi","Pacific Silver Fir - Low Elevation",3
"7_53_41_80453",13,82,472,2303,600,1708000402,"17080003A","WWC","RaABAMup_fst_WWC","RaABAMup","RaABAMup_fst",13,"fst","RaABAMup","RaABAMup_fst","Pacific Silver Fir - High Elevation",5
"7_53_41_92220",13,82,472,1940,1234,1708000402,"17080003A","WWC","RaABAMlw_fsi_17080004","RaABAMlw","RaABAMlw_fsi",14,"fsi","RaABAMlw","RaABAMlw_fsi","Pacific Silver Fir - Low Elevation",3
"7_53_41_81199",13,82,472,1940,1553,1708000402,"17080003A","WWC","RaABAMlw_fsi_17080004","RaABAMlw","RaABAMlw_fsi",14,"fsi","RaABAMlw","RaABAMlw_fsi","Pacific Silver Fir - Low Elevation",3
"7_53_41_78829",13,82,475,1940,1919,1708000405,"17080003A","WWC","RaABAMlw_fsi_17080004","RaABAMlw","RaABAMlw_fsi",14,"fsi","RaABAMlw","RaABAMlw_fsi","Pacific Silver Fir - Low Elevation",3
"7_53_41_53921",13,82,475,1940,1933,1708000405,"17080003A","WWC","RaABAMlw_fsi_17080004","RaABAMlw","RaABAMlw_fsi",14,"fsi","RaABAMlw","RaABAMlw_fsi","Pacific Silver Fir - Low Elevation",3
"7_53_41_53117",13,82,475,1940,1490,1708000405,"17080003A","WWC","RaABAMlw_fsi_17080004","RaABAMlw","RaABAMlw_fsi",14,"fsi","RaABAMlw","RaABAMlw_fsi","Pacific Silver Fir - Low Elevation",3
"7_53_41_75316",13,82,475,1940,1518,1708000405,"17080003A","WWC","RaABAMlw_fsi_17080004","RaABAMlw","RaABAMlw_fsi",14,"fsi","RaABAMlw","RaABAMlw_fsi","Pacific Silver Fir - Low Elevation",3
"7_53_41_75368",13,82,475,1941,805,1708000405,"17080003A","WWC","RaDFHEdy_fwi_17080004","RaDFHEdy","RaDFHEdy_fwi",31,"fwi","RaDFHEdy","RaDFHEdy_fwi","Douglas-fir Hemlock-Dry Mesic",3
"7_53_41_86868",13,82,475,1940,927,1708000405,"17080003A","WWC","RaABAMlw_fsi_17080004","RaABAMlw","RaABAMlw_fsi",14,"fsi","RaABAMlw","RaABAMlw_fsi","Pacific Silver Fir - Low Elevation",3
"7_53_41_73787",13,82,475,1940,768,1708000405,"17080003A","WWC","RaABAMlw_fsi_17080004","RaABAMlw","RaABAMlw_fsi",14,"fsi","RaABAMlw","RaABAMlw_fsi","Pacific Silver Fir - Low Elevation",3
"7_53_41_69768",13,82,473,1941,992,1708000403,"17080003A","WWC","RaDFHEdy_fwi_17080004","RaDFHEdy","RaDFHEdy_fwi",31,"fwi","RaDFHEdy","RaDFHEdy_fwi","Douglas-fir Hemlock-Dry Mesic",3
"7_53_41_62455",13,82,473,1941,814,1708000403,"17080003A","WWC","RaDFHEdy_fwi_17080004","RaDFHEdy","RaDFHEdy_fwi",31,"fwi","RaDFHEdy","RaDFHEdy_fwi","Douglas-fir Hemlock-Dry Mesic",3
"7_53_41_59101",13,82,474,1941,801,1708000404,"17080003A","WWC","RaDFHEdy_fwi_17080004","RaDFHEdy","RaDFHEdy_fwi",31,"fwi","RaDFHEdy","RaDFHEdy_fwi","Douglas-fir Hemlock-Dry Mesic",3
"7_53_41_62895",13,82,474,1940,1956,1708000404,"17080003A","WWC","RaABAMlw_fsi_17080004","RaABAMlw","RaABAMlw_fsi",14,"fsi","RaABAMlw","RaABAMlw_fsi","Pacific Silver Fir - Low Elevation",3
"7_53_59_77074",13,82,474,1940,1452,1708000404,"17080003A","WWC","RaABAMlw_fsi_17080004","RaABAMlw","RaABAMlw_fsi",14,"fsi","RaABAMlw","RaABAMlw_fsi","Pacific Silver Fir - Low Elevation",3
"7_53_59_73183",13,82,474,1940,1536,1708000404,"17080003A","WWC","RaABAMlw_fsi_17080004","RaABAMlw","RaABAMlw_fsi",14,"fsi","RaABAMlw","RaABAMlw_fsi","Pacific Silver Fir - Low Elevation",3
"7_53_59_99780",13,82,473,1940,1138,1708000403,"17080003A","WWC","RaABAMlw_fsi_17080004","RaABAMlw","RaABAMlw_fsi",14,"fsi","RaABAMlw","RaABAMlw_fsi","Pacific Silver Fir - Low Elevation",3
"7_53_59_95582",13,82,473,1940,2984,1708000403,"17080003A","WWC","RaABAMlw_fsi_17080004","RaABAMlw","RaABAMlw_fsi",14,"fsi","RaABAMlw","RaABAMlw_fsi","Pacific Silver Fir - Low Elevation",3
"7_53_59_77112",13,78,459,1970,977,1708000201,"17080001A","WWC","RaABAMlw_fsi_17080002","RaABAMlw","RaABAMlw_fsi",14,"fsi","RaABAMlw","RaABAMlw_fsi","Pacific Silver Fir - Low Elevation",3
"7_53_59_79336",13,78,459,2305,2764,1708000201,"17080001A","WWC","Na0710412_fmc_WWC","Na0710412","Na0710412_fmc",7,"fmc","Na0710412","Na0710412_fmc","North Pacific Mountain Hemlock Forest - Xeric",5
"7_53_59_64927",13,78,459,2305,1934,1708000201,"17080001A","WWC","Na0710412_fmc_WWC","Na0710412","Na0710412_fmc",7,"fmc","Na0710412","Na0710412_fmc","North Pacific Mountain Hemlock Forest - Xeric",5
"7_53_59_63855",13,78,459,1970,1211,1708000201,"17080001A","WWC","RaABAMlw_fsi_17080002","RaABAMlw","RaABAMlw_fsi",14,"fsi","RaABAMlw","RaABAMlw_fsi","Pacific Silver Fir - Low Elevation",3
"7_53_59_75222",13,78,459,1970,1105,1708000201,"17080001A","WWC","RaABAMlw_fsi_17080002","RaABAMlw","RaABAMlw_fsi",14,"fsi","RaABAMlw","RaABAMlw_fsi","Pacific Silver Fir - Low Elevation",3
"7_53_59_71800",13,78,459,2305,1768,1708000201,"17080001A","WWC","Na0710412_fmc_WWC","Na0710412","Na0710412_fmc",7,"fmc","Na0710412","Na0710412_fmc","North Pacific Mountain Hemlock Forest - Xeric",5
"7_53_59_81147",13,78,459,1970,1298,1708000201,"17080001A","WWC","RaABAMlw_fsi_17080002","RaABAMlw","RaABAMlw_fsi",14,"fsi","RaABAMlw","RaABAMlw_fsi","Pacific Silver Fir - Low Elevation",3
"7_53_59_79530",10,60,335,1983,1211,1707010508,"17070105B","WEC","RaABAMlw_fsi_17070105A","RaABAMlw","RaABAMlw_fsi",14,"fsi","RaABAMlw","RaABAMlw_fsi","Pacific Silver Fir - Low Elevation",3
"7_53_59_73064",10,60,335,2291,2134,1707010508,"17070105B","WEC","Na0710412_fmh_WEC","Na0710412","Na0710412_fmh",4,"fmh","Na0710412","Na0710412_fmh","North Pacific Mountain Hemlock Forest - Xeric",5
"7_53_59_80196",10,60,335,2291,1834,1707010508,"17070105B","WEC","Na0710412_fmh_WEC","Na0710412","Na0710412_fmh",4,"fmh","Na0710412","Na0710412_fmh","North Pacific Mountain Hemlock Forest - Xeric",5
"7_53_59_59350",10,60,335,2291,1916,1707010508,"17070105B","WEC","Na0710412_fmh_WEC","Na0710412","Na0710412_fmh",4,"fmh","Na0710412","Na0710412_fmh","North Pacific Mountain Hemlock Forest - Xeric",5
"7_53_59_79628",10,60,335,2291,1491,1707010508,"17070105B","WEC","Na0710412_fmh_WEC","Na0710412","Na0710412_fmh",4,"fmh","Na0710412","Na0710412_fmh","North Pacific Mountain Hemlock Forest - Xeric",5
"5_53_73_58245",11,130,743,2285,800,1711000510,"17110004","WNC","RaABAMup_fst_WNC","RaABAMup","RaABAMup_fst",13,"fst","RaABAMup","RaABAMup_fst","Pacific Silver Fir - High Elevation",5
"5_53_73_57611",11,130,743,1777,826,1711000510,"17110004","WNC","RaSAWD_fal_17110005","RaSAWD","RaSAWD_fal",2,"fal","RaSAWD","RaSAWD_fal","Subalpine Woodland",3
"7_53_59_98656",10,60,336,1983,2200,1707010509,"17070105B","WEC","RaABAMlw_fsi_17070105A","RaABAMlw","RaABAMlw_fsi",14,"fsi","RaABAMlw","RaABAMlw_fsi","Pacific Silver Fir - Low Elevation",3
"7_53_59_83093",10,60,336,2291,2545,1707010509,"17070105B","WEC","Na0710412_fmh_WEC","Na0710412","Na0710412_fmh",4,"fmh","Na0710412","Na0710412_fmh","North Pacific Mountain Hemlock Forest - Xeric",5
"7_53_59_53296",10,60,336,1983,2562,1707010509,"17070105B","WEC","RaABAMlw_fsi_17070105A","RaABAMlw","RaABAMlw_fsi",14,"fsi","RaABAMlw","RaABAMlw_fsi","Pacific Silver Fir - Low Elevation",3
"7_53_59_99952",10,60,336,1983,1214,1707010509,"17070105B","WEC","RaABAMlw_fsi_17070105A","RaABAMlw","RaABAMlw_fsi",14,"fsi","RaABAMlw","RaABAMlw_fsi","Pacific Silver Fir - Low Elevation",3
"7_53_59_66730",10,60,336,1983,996,1707010509,"17070105B","WEC","RaABAMlw_fsi_17070105A","RaABAMlw","RaABAMlw_fsi",14,"fsi","RaABAMlw","RaABAMlw_fsi","Pacific Silver Fir - Low Elevation",3
"7_53_59_90075",10,60,336,1983,680,1707010509,"17070105B","WEC","RaABAMlw_fsi_17070105A","RaABAMlw","RaABAMlw_fsi",14,"fsi","RaABAMlw","RaABAMlw_fsi","Pacific Silver Fir - Low Elevation",3
"7_53_59_61811",10,60,336,1985,332,1707010509,"17070105B","WEC","RaMCONms_fmm_17070105A","RaMCONms","RaMCONms_fmm",27,"fmm","RaMCONms","RaMCONms_fmm","Mixed Conifer - Eastside Mesic",3
"7_53_59_58161",10,60,336,1985,333,1707010509,"17070105B","WEC","RaMCONms_fmm_17070105A","RaMCONms","RaMCONms_fmm",27,"fmm","RaMCONms","RaMCONms_fmm","Mixed Conifer - Eastside Mesic",3
"7_53_59_84265",10,60,336,1985,1652,1707010509,"17070105B","WEC","RaMCONms_fmm_17070105A","RaMCONms","RaMCONms_fmm",27,"fmm","RaMCONms","RaMCONms_fmm","Mixed Conifer - Eastside Mesic",3
"7_53_59_83586",10,60,336,1985,129,1707010509,"17070105B","WEC","RaMCONms_fmm_17070105A","RaMCONms","RaMCONms_fmm",27,"fmm","RaMCONms","RaMCONms_fmm","Mixed Conifer - Eastside Mesic",3
"7_53_59_61125",10,60,336,1985,2858,1707010509,"17070105B","WEC","RaMCONms_fmm_17070105A","RaMCONms","RaMCONms_fmm",27,"fmm","RaMCONms","RaMCONms_fmm","Mixed Conifer - Eastside Mesic",3
"7_53_59_55552",13,61,337,1993,1377,1707010510,"17070105A","WWC","RaDFHEdy_fwi_17070105C","RaDFHEdy","RaDFHEdy_fwi",31,"fwi","RaDFHEdy","RaDFHEdy_fwi","Douglas-fir Hemlock-Dry Mesic",3
"5_53_73_93727",11,130,743,2286,524,1711000510,"17110004","WNC","Na0710411_fmt_WNC","Na0710411","Na0710411_fmt",5,"fmt","Na0710411","Na0710411_fmt","North Pacific Mountain Hemlock Forest - Wet",5
"7_53_59_93964",4,59,338,2016,1292,1707010511,"17070104","OEC","RaDFHEdy_fwi_17070105B","RaDFHEdy","RaDFHEdy_fwi",31,"fwi","RaDFHEdy","RaDFHEdy_fwi","Douglas-fir Hemlock-Dry Mesic",3
"7_53_59_68065",4,59,338,2016,1737,1707010511,"17070104","OEC","RaDFHEdy_fwi_17070105B","RaDFHEdy","RaDFHEdy_fwi",31,"fwi","RaDFHEdy","RaDFHEdy_fwi","Douglas-fir Hemlock-Dry Mesic",3
"7_53_59_68253",4,59,338,2016,3188,1707010511,"17070104","OEC","RaDFHEdy_fwi_17070105B","RaDFHEdy","RaDFHEdy_fwi",31,"fwi","RaDFHEdy","RaDFHEdy_fwi","Douglas-fir Hemlock-Dry Mesic",3
"0_41_27_90299",4,59,333,2015,774,1707010506,"17070104","OEC","RaABAMlw_fsi_17070105B","RaABAMlw","RaABAMlw_fsi",14,"fsi","RaABAMlw","RaABAMlw_fsi","Pacific Silver Fir - Low Elevation",3
"0_41_27_76155",4,59,332,2015,757,1707010505,"17070104","OEC","RaABAMlw_fsi_17070105B","RaABAMlw","RaABAMlw_fsi",14,"fsi","RaABAMlw","RaABAMlw_fsi","Pacific Silver Fir - Low Elevation",3
"0_41_27_51502",4,59,333,2016,1001,1707010506,"17070104","OEC","RaDFHEdy_fwi_17070105B","RaDFHEdy","RaDFHEdy_fwi",31,"fwi","RaDFHEdy","RaDFHEdy_fwi","Douglas-fir Hemlock-Dry Mesic",3
"5_53_73_96724",11,129,734,2285,1600,1711000404,"17110003","WNC","RaABAMup_fst_WNC","RaABAMup","RaABAMup_fst",13,"fst","RaABAMup","RaABAMup_fst","Pacific Silver Fir - High Elevation",5
"5_53_73_94119",11,129,734,2285,1074,1711000404,"17110003","WNC","RaABAMup_fst_WNC","RaABAMup","RaABAMup_fst",13,"fst","RaABAMup","RaABAMup_fst","Pacific Silver Fir - High Elevation",5
"0_41_27_94352",4,59,333,2325,1443,1707010506,"17070104","OEC","Na0710412_fmc_OEC","Na0710412","Na0710412_fmc",7,"fmc","Na0710412","Na0710412_fmc","North Pacific Mountain Hemlock Forest - Xeric",5
"0_41_27_94502",4,59,333,2325,2179,1707010506,"17070104","OEC","Na0710412_fmc_OEC","Na0710412","Na0710412_fmc",7,"fmc","Na0710412","Na0710412_fmc","North Pacific Mountain Hemlock Forest - Xeric",5
"0_41_27_73162",4,59,333,2034,198,1707010506,"17070104","OEC","RaSAWD_fal_17070105B","RaSAWD","RaSAWD_fal",2,"fal","RaSAWD","RaSAWD_fal","Subalpine Woodland",3
"0_41_5_92592",7,76,453,2331,1685,1708000103,"17070307","OWC","Na0710412_fmc_OWC","Na0710412","Na0710412_fmc",7,"fmc","Na0710412","Na0710412_fmc","North Pacific Mountain Hemlock Forest - Xeric",5
"0_41_5_68490",7,76,453,2036,860,1708000103,"17070307","OWC","RaSAWD_fal_17080001B","RaSAWD","RaSAWD_fal",2,"fal","RaSAWD","RaSAWD_fal","Subalpine Woodland",3
"0_41_5_57150",7,76,453,2026,1692,1708000103,"17070307","OWC","RaABAMlw_fsi_17080001B","RaABAMlw","RaABAMlw_fsi",14,"fsi","RaABAMlw","RaABAMlw_fsi","Pacific Silver Fir - Low Elevation",3
"0_41_5_83348",7,76,453,2026,1424,1708000103,"17070307","OWC","RaABAMlw_fsi_17080001B","RaABAMlw","RaABAMlw_fsi",14,"fsi","RaABAMlw","RaABAMlw_fsi","Pacific Silver Fir - Low Elevation",3
"0_41_5_69117",7,76,453,2026,1200,1708000103,"17070307","OWC","RaABAMlw_fsi_17080001B","RaABAMlw","RaABAMlw_fsi",14,"fsi","RaABAMlw","RaABAMlw_fsi","Pacific Silver Fir - Low Elevation",3
"3_41_65_99656",4,73,442,2324,1477,1707030609,"17070305B","OEC","Na0710412_fmh_OEC","Na0710412","Na0710412_fmh",4,"fmh","Na0710412","Na0710412_fmh","North Pacific Mountain Hemlock Forest - Xeric",5
"3_41_65_71941",4,73,442,2043,1445,1707030609,"17070305B","OEC","RaABAMlw_fsi_17070306","RaABAMlw","RaABAMlw_fsi",14,"fsi","RaABAMlw","RaABAMlw_fsi","Pacific Silver Fir - Low Elevation",3
"3_41_65_91310",4,73,442,2043,2557,1707030609,"17070305B","OEC","RaABAMlw_fsi_17070306","RaABAMlw","RaABAMlw_fsi",14,"fsi","RaABAMlw","RaABAMlw_fsi","Pacific Silver Fir - Low Elevation",3
"0_41_5_55479",7,97,554,2044,2056,1709001103,"17090010","OWC","RaABAMlw_fsi_17090011","RaABAMlw","RaABAMlw_fsi",14,"fsi","RaABAMlw","RaABAMlw_fsi","Pacific Silver Fir - Low Elevation",3
"3_41_65_68525",4,73,439,2043,2187,1707030606,"17070305B","OEC","RaABAMlw_fsi_17070306","RaABAMlw","RaABAMlw_fsi",14,"fsi","RaABAMlw","RaABAMlw_fsi","Pacific Silver Fir - Low Elevation",3
"3_41_65_79489",4,73,439,2047,1484,1707030606,"17070305B","OEC","RaDFHEdy_fwi_17070306","RaDFHEdy","RaDFHEdy_fwi",31,"fwi","RaDFHEdy","RaDFHEdy_fwi","Douglas-fir Hemlock-Dry Mesic",3
"3_41_65_54334",4,73,439,2326,1036,1707030606,"17070305B","OEC","Na0710412_fmi_OEC","Na0710412","Na0710412_fmi",6,"fmi","Na0710412","Na0710412_fmi","North Pacific Mountain Hemlock Forest - Xeric",5
"3_41_65_65626",4,73,439,2043,1621,1707030606,"17070305B","OEC","RaABAMlw_fsi_17070306","RaABAMlw","RaABAMlw_fsi",14,"fsi","RaABAMlw","RaABAMlw_fsi","Pacific Silver Fir - Low Elevation",3
"3_41_65_83202",4,73,439,2324,1209,1707030606,"17070305B","OEC","Na0710412_fmh_OEC","Na0710412","Na0710412_fmh",4,"fmh","Na0710412","Na0710412_fmh","North Pacific Mountain Hemlock Forest - Xeric",5
"3_41_65_89853",4,73,439,2324,2700,1707030606,"17070305B","OEC","Na0710412_fmh_OEC","Na0710412","Na0710412_fmh",4,"fmh","Na0710412","Na0710412_fmh","North Pacific Mountain Hemlock Forest - Xeric",5
"3_41_31_79984",4,73,437,2326,1301,1707030604,"17070305B","OEC","Na0710412_fmi_OEC","Na0710412","Na0710412_fmi",6,"fmi","Na0710412","Na0710412_fmi","North Pacific Mountain Hemlock Forest - Xeric",5
"3_41_31_64945",4,73,436,2324,953,1707030603,"17070305B","OEC","Na0710412_fmh_OEC","Na0710412","Na0710412_fmh",4,"fmh","Na0710412","Na0710412_fmh","North Pacific Mountain Hemlock Forest - Xeric",5
"3_41_31_73526",4,67,396,2085,1442,1707030110,"17070204","OEC","RaMCONms_fmm_17070301","RaMCONms","RaMCONms_fmm",27,"fmm","RaMCONms","RaMCONms_fmm","Mixed Conifer - Eastside Mesic",3
"3_41_31_63047",4,67,396,2324,2857,1707030110,"17070204","OEC","Na0710412_fmh_OEC","Na0710412","Na0710412_fmh",4,"fmh","Na0710412","Na0710412_fmh","North Pacific Mountain Hemlock Forest - Xeric",5
"3_41_31_93233",4,67,395,2085,2569,1707030109,"17070204","OEC","RaMCONms_fmm_17070301","RaMCONms","RaMCONms_fmm",27,"fmm","RaMCONms","RaMCONms_fmm","Mixed Conifer - Eastside Mesic",3
"3_41_31_59901",4,67,395,2085,2708,1707030109,"17070204","OEC","RaMCONms_fmm_17070301","RaMCONms","RaMCONms_fmm",27,"fmm","RaMCONms","RaMCONms_fmm","Mixed Conifer - Eastside Mesic",3
"3_41_31_65168",4,67,395,2085,2700,1707030109,"17070204","OEC","RaMCONms_fmm_17070301","RaMCONms","RaMCONms_fmm",27,"fmm","RaMCONms","RaMCONms_fmm","Mixed Conifer - Eastside Mesic",3
"3_41_31_64593",4,67,395,2085,1240,1707030109,"17070204","OEC","RaMCONms_fmm_17070301","RaMCONms","RaMCONms_fmm",27,"fmm","RaMCONms","RaMCONms_fmm","Mixed Conifer - Eastside Mesic",3
"3_41_31_53102",4,67,395,2085,1344,1707030109,"17070204","OEC","RaMCONms_fmm_17070301","RaMCONms","RaMCONms_fmm",27,"fmm","RaMCONms","RaMCONms_fmm","Mixed Conifer - Eastside Mesic",3
"3_41_17_62896",4,67,395,756,1680,1707030109,"17070204","OEC","RaMCONdy_fmd_1707030109","RaMCONdy","RaMCONdy_fmd",28,"fmd","RaMCONdy","RaMCONdy_fmd","Mixed Conifer - Eastside Dry",1
"3_41_17_61804",4,67,393,828,1833,1707030107,"17070204","OEC","RaMCONdy_fmd_1707030107","RaMCONdy","RaMCONdy_fmd",28,"fmd","RaMCONdy","RaMCONdy_fmd","Mixed Conifer - Eastside Dry",1
"3_41_17_62373",4,67,393,828,1843,1707030107,"17070204","OEC","RaMCONdy_fmd_1707030107","RaMCONdy","RaMCONdy_fmd",28,"fmd","RaMCONdy","RaMCONdy_fmd","Mixed Conifer - Eastside Dry",1
"3_41_17_75812",4,67,393,828,1516,1707030107,"17070204","OEC","RaMCONdy_fmd_1707030107","RaMCONdy","RaMCONdy_fmd",28,"fmd","RaMCONdy","RaMCONdy_fmd","Mixed Conifer - Eastside Dry",1
"3_41_17_52125",4,67,393,2085,1340,1707030107,"17070204","OEC","RaMCONms_fmm_17070301","RaMCONms","RaMCONms_fmm",27,"fmm","RaMCONms","RaMCONms_fmm","Mixed Conifer - Eastside Mesic",3
"3_41_17_50662",4,67,393,2085,1802,1707030107,"17070204","OEC","RaMCONms_fmm_17070301","RaMCONms","RaMCONms_fmm",27,"fmm","RaMCONms","RaMCONms_fmm","Mixed Conifer - Eastside Mesic",3
"3_41_17_77781",4,67,393,828,1269,1707030107,"17070204","OEC","RaMCONdy_fmd_1707030107","RaMCONdy","RaMCONdy_fmd",28,"fmd","RaMCONdy","RaMCONdy_fmd","Mixed Conifer - Eastside Dry",1
"3_41_17_64622",4,67,393,2085,717,1707030107,"17070204","OEC","RaMCONms_fmm_17070301","RaMCONms","RaMCONms_fmm",27,"fmm","RaMCONms","RaMCONms_fmm","Mixed Conifer - Eastside Mesic",3
"3_41_17_92583",4,67,393,2085,1274,1707030107,"17070204","OEC","RaMCONms_fmm_17070301","RaMCONms","RaMCONms_fmm",27,"fmm","RaMCONms","RaMCONms_fmm","Mixed Conifer - Eastside Mesic",3
"3_41_17_60977",4,67,387,2324,1863,1707030101,"17070204","OEC","Na0710412_fmh_OEC","Na0710412","Na0710412_fmh",4,"fmh","Na0710412","Na0710412_fmh","North Pacific Mountain Hemlock Forest - Xeric",5
"3_41_17_71842",4,67,389,2324,2286,1707030103,"17070204","OEC","Na0710412_fmh_OEC","Na0710412","Na0710412_fmh",4,"fmh","Na0710412","Na0710412_fmh","North Pacific Mountain Hemlock Forest - Xeric",5
"3_41_17_63294",4,67,389,2324,2688,1707030103,"17070204","OEC","Na0710412_fmh_OEC","Na0710412","Na0710412_fmh",4,"fmh","Na0710412","Na0710412_fmh","North Pacific Mountain Hemlock Forest - Xeric",5
"3_41_17_63336",4,67,389,2324,2305,1707030103,"17070204","OEC","Na0710412_fmh_OEC","Na0710412","Na0710412_fmh",4,"fmh","Na0710412","Na0710412_fmh","North Pacific Mountain Hemlock Forest - Xeric",5
"3_41_17_78983",4,67,389,2085,1692,1707030103,"17070204","OEC","RaMCONms_fmm_17070301","RaMCONms","RaMCONms_fmm",27,"fmm","RaMCONms","RaMCONms_fmm","Mixed Conifer - Eastside Mesic",3
"3_41_17_83230",4,67,389,2085,1464,1707030103,"17070204","OEC","RaMCONms_fmm_17070301","RaMCONms","RaMCONms_fmm",27,"fmm","RaMCONms","RaMCONms_fmm","Mixed Conifer - Eastside Mesic",3
"5_53_57_84786",11,132,749,2282,1869,1711000701,"17110006","WNC","RaDFHEwt_fwm_WNC","RaDFHEwt","RaDFHEwt_fwm",33,"fwm","RaDFHEwt","RaDFHEwt_fwm","Douglas-fir Hemlock-Wet Mesic",5
"3_41_17_50680",4,67,389,2085,2230,1707030103,"17070204","OEC","RaMCONms_fmm_17070301","RaMCONms","RaMCONms_fmm",27,"fmm","RaMCONms","RaMCONms_fmm","Mixed Conifer - Eastside Mesic",3
"3_41_17_82209",4,67,389,2085,1451,1707030103,"17070204","OEC","RaMCONms_fmm_17070301","RaMCONms","RaMCONms_fmm",27,"fmm","RaMCONms","RaMCONms_fmm","Mixed Conifer - Eastside Mesic",3
"3_41_17_95534",4,67,389,2085,3007,1707030103,"17070204","OEC","RaMCONms_fmm_17070301","RaMCONms","RaMCONms_fmm",27,"fmm","RaMCONms","RaMCONms_fmm","Mixed Conifer - Eastside Mesic",3
"3_41_17_73656",4,67,389,996,2129,1707030103,"17070204","OEC","RaMCONdy_fmx_1707030103","RaMCONdy","RaMCONdy_fmx",29,"fmx","RaMCONdy","RaMCONdy_fmx","Mixed Conifer - Eastside Dry",1
"3_41_17_55183",4,67,389,1025,2733,1707030103,"17070204","OEC","RaPIPOm_fpl_1707030103","RaPIPOm","RaPIPOm_fpl",55,"fpl","RaPIPOm","RaPIPOm_fpl","Dry Ponderosa Pine - Mesic",1
"3_41_17_73154",4,67,389,2339,2469,1707030103,"17070204","OEC","RaPICOpu_fld_OEC","RaPICOpu","RaPICOpu_fld",49,"fld","RaPICOpu","RaPICOpu_fld","Lodgepole Pine - Pumice Soils",4
"3_41_17_74051",4,67,389,2340,3136,1707030103,"17070204","OEC","RaPICOpu_flw_OEC","RaPICOpu","RaPICOpu_flw",50,"flw","RaPICOpu","RaPICOpu_flw","Lodgepole Pine - Pumice Soils",4
"3_41_17_85825",4,67,389,1025,1027,1707030103,"17070204","OEC","RaPIPOm_fpl_1707030103","RaPIPOm","RaPIPOm_fpl",55,"fpl","RaPIPOm","RaPIPOm_fpl","Dry Ponderosa Pine - Mesic",1
"3_41_17_52813",4,67,388,1058,1608,1707030102,"17070204","OEC","RaMCONdy_fmx_1707030102","RaMCONdy","RaMCONdy_fmx",29,"fmx","RaMCONdy","RaMCONdy_fmx","Mixed Conifer - Eastside Dry",1
"3_41_17_64653",4,67,388,1061,1800,1707030102,"17070204","OEC","RaPIPOm_fpl_1707030102","RaPIPOm","RaPIPOm_fpl",55,"fpl","RaPIPOm","RaPIPOm_fpl","Dry Ponderosa Pine - Mesic",1
"5_53_73_63184",11,129,731,2285,1567,1711000401,"17110003","WNC","RaABAMup_fst_WNC","RaABAMup","RaABAMup_fst",13,"fst","RaABAMup","RaABAMup_fst","Pacific Silver Fir - High Elevation",5
"5_53_73_69232",11,129,731,2286,1762,1711000401,"17110003","WNC","Na0710411_fmt_WNC","Na0710411","Na0710411_fmt",5,"fmt","Na0710411","Na0710411_fmt","North Pacific Mountain Hemlock Forest - Wet",5
"3_41_35_87048",4,68,398,1115,2009,1707030201,"17070301","OEC","RaPIPOm_fpl_1707030201","RaPIPOm","RaPIPOm_fpl",55,"fpl","RaPIPOm","RaPIPOm_fpl","Dry Ponderosa Pine - Mesic",1
"3_41_35_99561",4,68,398,1115,2297,1707030201,"17070301","OEC","RaPIPOm_fpl_1707030201","RaPIPOm","RaPIPOm_fpl",55,"fpl","RaPIPOm","RaPIPOm_fpl","Dry Ponderosa Pine - Mesic",1
"3_41_35_83270",4,68,402,2159,665,1707030205,"17070301","OEC","RaMCONms_fmm_17070302","RaMCONms","RaMCONms_fmm",27,"fmm","RaMCONms","RaMCONms_fmm","Mixed Conifer - Eastside Mesic",3
"3_41_35_61388",4,68,401,2322,2342,1707030204,"17070301","OEC","RaSPFI_fmz_OEC","RaSPFI","RaSPFI_fmz",26,"fmz","RaSPFI","RaSPFI_fmz","Spruce - Fir",4
"5_53_57_88616",11,132,749,2286,1161,1711000701,"17110006","WNC","Na0710411_fmt_WNC","Na0710411","Na0710411_fmt",5,"fmt","Na0710411","Na0710411_fmt","North Pacific Mountain Hemlock Forest - Wet",5
"3_41_35_83017",4,157,895,2200,715,1801020104,"18010101","OEC","RaMCONms_fmm_18010201","RaMCONms","RaMCONms_fmm",27,"fmm","RaMCONms","RaMCONms_fmm","Mixed Conifer - Eastside Mesic",3
"3_41_35_96488",4,157,895,2339,941,1801020104,"18010101","OEC","RaPICOpu_fld_OEC","RaPICOpu","RaPICOpu_fld",49,"fld","RaPICOpu","RaPICOpu_fld","Lodgepole Pine - Pumice Soils",4
"3_41_35_62920",4,157,895,2339,755,1801020104,"18010101","OEC","RaPICOpu_fld_OEC","RaPICOpu","RaPICOpu_fld",49,"fld","RaPICOpu","RaPICOpu_fld","Lodgepole Pine - Pumice Soils",4
"3_41_35_83579",4,157,893,1179,1884,1801020102,"18010101","OEC","RaMCONdy_fmx_1801020102","RaMCONdy","RaMCONdy_fmx",29,"fmx","RaMCONdy","RaMCONdy_fmx","Mixed Conifer - Eastside Dry",1
"3_41_35_51404",4,157,893,2339,1574,1801020102,"18010101","OEC","RaPICOpu_fld_OEC","RaPICOpu","RaPICOpu_fld",49,"fld","RaPICOpu","RaPICOpu_fld","Lodgepole Pine - Pumice Soils",4
"3_41_35_72800",4,157,893,1179,2003,1801020102,"18010101","OEC","RaMCONdy_fmx_1801020102","RaMCONdy","RaMCONdy_fmx",29,"fmx","RaMCONdy","RaMCONdy_fmx","Mixed Conifer - Eastside Dry",1
"3_41_35_65017",4,157,893,2339,2604,1801020102,"18010101","OEC","RaPICOpu_fld_OEC","RaPICOpu","RaPICOpu_fld",49,"fld","RaPICOpu","RaPICOpu_fld","Lodgepole Pine - Pumice Soils",4
"3_41_35_60097",4,157,893,1179,2443,1801020102,"18010101","OEC","RaMCONdy_fmx_1801020102","RaMCONdy","RaMCONdy_fmx",29,"fmx","RaMCONdy","RaMCONdy_fmx","Mixed Conifer - Eastside Dry",1
"3_41_35_94006",4,157,893,1179,905,1801020102,"18010101","OEC","RaMCONdy_fmx_1801020102","RaMCONdy","RaMCONdy_fmx",29,"fmx","RaMCONdy","RaMCONdy_fmx","Mixed Conifer - Eastside Dry",1
"3_41_35_78117",4,157,895,1164,2004,1801020104,"18010101","OEC","RaPIPOm_fpl_1801020104","RaPIPOm","RaPIPOm_fpl",55,"fpl","RaPIPOm","RaPIPOm_fpl","Dry Ponderosa Pine - Mesic",1
"5_53_57_69040",11,132,749,2286,1214,1711000701,"17110006","WNC","Na0710411_fmt_WNC","Na0710411","Na0710411_fmt",5,"fmt","Na0710411","Na0710411_fmt","North Pacific Mountain Hemlock Forest - Wet",5
"5_53_57_98153",11,132,749,2285,1338,1711000701,"17110006","WNC","RaABAMup_fst_WNC","RaABAMup","RaABAMup_fst",13,"fst","RaABAMup","RaABAMup_fst","Pacific Silver Fir - High Elevation",5
"3_41_35_86833",4,157,895,1164,1457,1801020104,"18010101","OEC","RaPIPOm_fpl_1801020104","RaPIPOm","RaPIPOm_fpl",55,"fpl","RaPIPOm","RaPIPOm_fpl","Dry Ponderosa Pine - Mesic",1
"3_41_35_63197",4,157,895,1164,1796,1801020104,"18010101","OEC","RaPIPOm_fpl_1801020104","RaPIPOm","RaPIPOm_fpl",55,"fpl","RaPIPOm","RaPIPOm_fpl","Dry Ponderosa Pine - Mesic",1
"3_41_35_54783",4,157,895,1164,1007,1801020104,"18010101","OEC","RaPIPOm_fpl_1801020104","RaPIPOm","RaPIPOm_fpl",55,"fpl","RaPIPOm","RaPIPOm_fpl","Dry Ponderosa Pine - Mesic",1
"3_41_35_51136",4,157,896,1317,1326,1801020105,"18010101","OEC","RaPIPOm_fpl_1801020105","RaPIPOm","RaPIPOm_fpl",55,"fpl","RaPIPOm","RaPIPOm_fpl","Dry Ponderosa Pine - Mesic",1
"3_41_35_85195",4,157,896,1323,1580,1801020105,"18010101","OEC","RaMCONdy_fmx_1801020105","RaMCONdy","RaMCONdy_fmx",29,"fmx","RaMCONdy","RaMCONdy_fmx","Mixed Conifer - Eastside Dry",1
"3_41_35_84287",4,157,896,1317,2209,1801020105,"18010101","OEC","RaPIPOm_fpl_1801020105","RaPIPOm","RaPIPOm_fpl",55,"fpl","RaPIPOm","RaPIPOm_fpl","Dry Ponderosa Pine - Mesic",1
"5_53_57_54479",11,132,749,2285,2197,1711000701,"17110006","WNC","RaABAMup_fst_WNC","RaABAMup","RaABAMup_fst",13,"fst","RaABAMup","RaABAMup_fst","Pacific Silver Fir - High Elevation",5
"3_41_35_88309",4,157,897,1351,1006,1801020106,"18010101","OEC","RaPIPOm_fpl_1801020106","RaPIPOm","RaPIPOm_fpl",55,"fpl","RaPIPOm","RaPIPOm_fpl","Dry Ponderosa Pine - Mesic",1
"3_41_35_71057",4,157,897,1351,1209,1801020106,"18010101","OEC","RaPIPOm_fpl_1801020106","RaPIPOm","RaPIPOm_fpl",55,"fpl","RaPIPOm","RaPIPOm_fpl","Dry Ponderosa Pine - Mesic",1
"3_41_35_51321",4,157,897,1351,1209,1801020106,"18010101","OEC","RaPIPOm_fpl_1801020106","RaPIPOm","RaPIPOm_fpl",55,"fpl","RaPIPOm","RaPIPOm_fpl","Dry Ponderosa Pine - Mesic",1
"3_41_35_64780",4,157,897,1351,911,1801020106,"18010101","OEC","RaPIPOm_fpl_1801020106","RaPIPOm","RaPIPOm_fpl",55,"fpl","RaPIPOm","RaPIPOm_fpl","Dry Ponderosa Pine - Mesic",1
"3_41_35_52615",4,157,897,1351,826,1801020106,"18010101","OEC","RaPIPOm_fpl_1801020106","RaPIPOm","RaPIPOm_fpl",55,"fpl","RaPIPOm","RaPIPOm_fpl","Dry Ponderosa Pine - Mesic",1
"3_41_35_54148",4,157,897,1351,1861,1801020106,"18010101","OEC","RaPIPOm_fpl_1801020106","RaPIPOm","RaPIPOm_fpl",55,"fpl","RaPIPOm","RaPIPOm_fpl","Dry Ponderosa Pine - Mesic",1
"3_41_35_61806",4,158,904,1432,1357,1801020207,"18010201","OEC","RaPIPOm_fpl_1801020207","RaPIPOm","RaPIPOm_fpl",55,"fpl","RaPIPOm","RaPIPOm_fpl","Dry Ponderosa Pine - Mesic",1
"3_41_35_57601",4,158,904,1432,1657,1801020207,"18010201","OEC","RaPIPOm_fpl_1801020207","RaPIPOm","RaPIPOm_fpl",55,"fpl","RaPIPOm","RaPIPOm_fpl","Dry Ponderosa Pine - Mesic",1
"3_41_35_53627",4,158,904,1432,2325,1801020207,"18010201","OEC","RaPIPOm_fpl_1801020207","RaPIPOm","RaPIPOm_fpl",55,"fpl","RaPIPOm","RaPIPOm_fpl","Dry Ponderosa Pine - Mesic",1
"3_41_35_85441",4,158,904,2232,1046,1801020207,"18010201","OEC","RaPIPOxe_fpd_18010202","RaPIPOxe","RaPIPOxe_fpd",53,"fpd","RaPIPOxe","RaPIPOxe_fpd","Ponderosa Pine - Xeric",3
"3_41_35_51553",4,158,904,2232,1869,1801020207,"18010201","OEC","RaPIPOxe_fpd_18010202","RaPIPOxe","RaPIPOxe_fpd",53,"fpd","RaPIPOxe","RaPIPOxe_fpd","Ponderosa Pine - Xeric",3
"5_53_57_61968",11,133,751,2285,3172,1711000801,"17110007","WNC","RaABAMup_fst_WNC","RaABAMup","RaABAMup_fst",13,"fst","RaABAMup","RaABAMup_fst","Pacific Silver Fir - High Elevation",5
"3_41_35_82521",4,158,904,2229,1381,1801020207,"18010201","OEC","RaMCONms_fmm_18010202","RaMCONms","RaMCONms_fmm",27,"fmm","RaMCONms","RaMCONms_fmm","Mixed Conifer - Eastside Mesic",3
"3_41_35_71651",4,158,904,2233,1080,1801020207,"18010201","OEC","RaPIPOxe_fxp_18010202","RaPIPOxe","RaPIPOxe_fxp",56,"fxp","RaPIPOxe","RaPIPOxe_fxp","Ponderosa Pine - Xeric",3
"3_41_35_93520",4,158,904,2232,892,1801020207,"18010201","OEC","RaPIPOxe_fpd_18010202","RaPIPOxe","RaPIPOxe_fpd",53,"fpd","RaPIPOxe","RaPIPOxe_fpd","Ponderosa Pine - Xeric",3
"3_41_35_92291",4,158,904,2229,2161,1801020207,"18010201","OEC","RaMCONms_fmm_18010202","RaMCONms","RaMCONms_fmm",27,"fmm","RaMCONms","RaMCONms_fmm","Mixed Conifer - Eastside Mesic",3
"3_41_35_53287",4,160,912,2258,2540,1801020407,"18010203","OEC","RaMCONms_fmm_18010204","RaMCONms","RaMCONms_fmm",27,"fmm","RaMCONms","RaMCONms_fmm","Mixed Conifer - Eastside Mesic",3
"5_53_57_80880",11,133,751,2285,2068,1711000801,"17110007","WNC","RaABAMup_fst_WNC","RaABAMup","RaABAMup_fst",13,"fst","RaABAMup","RaABAMup_fst","Pacific Silver Fir - High Elevation",5
"3_41_35_82240",4,160,914,1735,1809,1801020409,"18010203","OEC","RaMCONdy_fmd_1801020409","RaMCONdy","RaMCONdy_fmd",28,"fmd","RaMCONdy","RaMCONdy_fmd","Mixed Conifer - Eastside Dry",1
"5_53_57_91622",11,133,751,2282,1807,1711000801,"17110007","WNC","RaDFHEwt_fwm_WNC","RaDFHEwt","RaDFHEwt_fwm",33,"fwm","RaDFHEwt","RaDFHEwt_fwm","Douglas-fir Hemlock-Wet Mesic",5
"5_53_61_85927",11,133,751,2285,2154,1711000801,"17110007","WNC","RaABAMup_fst_WNC","RaABAMup","RaABAMup_fst",13,"fst","RaABAMup","RaABAMup_fst","Pacific Silver Fir - High Elevation",5
"5_53_61_96800",11,133,752,2285,1590,1711000802,"17110007","WNC","RaABAMup_fst_WNC","RaABAMup","RaABAMup_fst",13,"fst","RaABAMup","RaABAMup_fst","Pacific Silver Fir - High Elevation",5
"5_53_73_99109",11,129,731,1783,1731,1711000401,"17110003","WNC","RaSAWD_fal_17110004","RaSAWD","RaSAWD_fal",2,"fal","RaSAWD","RaSAWD_fal","Subalpine Woodland",3
"5_53_61_67123",11,133,752,2285,1829,1711000802,"17110007","WNC","RaABAMup_fst_WNC","RaABAMup","RaABAMup_fst",13,"fst","RaABAMup","RaABAMup_fst","Pacific Silver Fir - High Elevation",5
"5_53_61_63945",11,133,752,2282,953,1711000802,"17110007","WNC","RaDFHEwt_fwm_WNC","RaDFHEwt","RaDFHEwt_fwm",33,"fwm","RaDFHEwt","RaDFHEwt_fwm","Douglas-fir Hemlock-Wet Mesic",5
"5_53_61_92838",11,133,752,2282,1128,1711000802,"17110007","WNC","RaDFHEwt_fwm_WNC","RaDFHEwt","RaDFHEwt_fwm",33,"fwm","RaDFHEwt","RaDFHEwt_fwm","Douglas-fir Hemlock-Wet Mesic",5
"5_53_61_99205",11,134,758,2282,494,1711000905,"17110008","WNC","RaDFHEwt_fwm_WNC","RaDFHEwt","RaDFHEwt_fwm",33,"fwm","RaDFHEwt","RaDFHEwt_fwm","Douglas-fir Hemlock-Wet Mesic",5
"5_53_61_89407",11,134,758,1862,694,1711000905,"17110008","WNC","RaDFHEdy_fdg_17110009","RaDFHEdy","RaDFHEdy_fdg",24,"fdg","RaDFHEdy","RaDFHEdy_fdg","Douglas-fir Hemlock-Dry Mesic",3
"5_53_73_92927",11,129,731,2282,1818,1711000401,"17110003","WNC","RaDFHEwt_fwm_WNC","RaDFHEwt","RaDFHEwt_fwm",33,"fwm","RaDFHEwt","RaDFHEwt_fwm","Douglas-fir Hemlock-Wet Mesic",5
"5_53_33_65328",11,135,766,2285,665,1711001006,"17110009","WNC","RaABAMup_fst_WNC","RaABAMup","RaABAMup_fst",13,"fst","RaABAMup","RaABAMup_fst","Pacific Silver Fir - High Elevation",5
"5_53_33_57361",11,135,765,2282,1081,1711001005,"17110009","WNC","RaDFHEwt_fwm_WNC","RaDFHEwt","RaDFHEwt_fwm",33,"fwm","RaDFHEwt","RaDFHEwt_fwm","Douglas-fir Hemlock-Wet Mesic",5
"5_53_33_76085",11,135,765,2282,775,1711001005,"17110009","WNC","RaDFHEwt_fwm_WNC","RaDFHEwt","RaDFHEwt_fwm",33,"fwm","RaDFHEwt","RaDFHEwt_fwm","Douglas-fir Hemlock-Wet Mesic",5
"5_53_73_67891",11,129,731,2286,1998,1711000401,"17110003","WNC","Na0710411_fmt_WNC","Na0710411","Na0710411_fmt",5,"fmt","Na0710411","Na0710411_fmt","North Pacific Mountain Hemlock Forest - Wet",5
"5_53_33_96056",11,135,764,2282,676,1711001004,"17110009","WNC","RaDFHEwt_fwm_WNC","RaDFHEwt","RaDFHEwt_fwm",33,"fwm","RaDFHEwt","RaDFHEwt_fwm","Douglas-fir Hemlock-Wet Mesic",5
"5_53_33_84337",11,135,764,2282,1109,1711001004,"17110009","WNC","RaDFHEwt_fwm_WNC","RaDFHEwt","RaDFHEwt_fwm",33,"fwm","RaDFHEwt","RaDFHEwt_fwm","Douglas-fir Hemlock-Wet Mesic",5
"5_53_33_72704",11,135,764,1883,1177,1711001004,"17110009","WNC","RaDFHEdy_fdg_17110010","RaDFHEdy","RaDFHEdy_fdg",24,"fdg","RaDFHEdy","RaDFHEdy_fdg","Douglas-fir Hemlock-Dry Mesic",3
"5_53_33_90475",11,135,763,2284,1473,1711001003,"17110009","WNC","RaDFHEwt_fww_WNC","RaDFHEwt","RaDFHEwt_fww",34,"fww","RaDFHEwt","RaDFHEwt_fww","Douglas-fir Hemlock-Wet Mesic",5
"5_53_33_99730",11,135,763,2282,942,1711001003,"17110009","WNC","RaDFHEwt_fwm_WNC","RaDFHEwt","RaDFHEwt_fwm",33,"fwm","RaDFHEwt","RaDFHEwt_fwm","Douglas-fir Hemlock-Wet Mesic",5
"5_53_73_54102",11,129,731,1783,1371,1711000401,"17110003","WNC","RaSAWD_fal_17110004","RaSAWD","RaSAWD_fal",2,"fal","RaSAWD","RaSAWD_fal","Subalpine Woodland",3
"5_53_33_51129",13,137,769,2292,973,1711001201,"17110011","WWC","RaDFHEwt_fwm_WWC","RaDFHEwt","RaDFHEwt_fwm",33,"fwm","RaDFHEwt","RaDFHEwt_fwm","Douglas-fir Hemlock-Wet Mesic",5
"5_53_33_81886",13,138,774,2292,1307,1711001302,"17110012","WWC","RaDFHEwt_fwm_WWC","RaDFHEwt","RaDFHEwt_fwm",33,"fwm","RaDFHEwt","RaDFHEwt_fwm","Douglas-fir Hemlock-Wet Mesic",5
"5_53_33_70054",13,138,774,2292,890,1711001302,"17110012","WWC","RaDFHEwt_fwm_WWC","RaDFHEwt","RaDFHEwt_fwm",33,"fwm","RaDFHEwt","RaDFHEwt_fwm","Douglas-fir Hemlock-Wet Mesic",5
"5_53_33_74960",13,138,774,2303,966,1711001302,"17110012","WWC","RaABAMup_fst_WWC","RaABAMup","RaABAMup_fst",13,"fst","RaABAMup","RaABAMup_fst","Pacific Silver Fir - High Elevation",5
"5_53_33_74325",13,139,779,2292,1682,1711001404,"17110013","WWC","RaDFHEwt_fwm_WWC","RaDFHEwt","RaDFHEwt_fwm",33,"fwm","RaDFHEwt","RaDFHEwt_fwm","Douglas-fir Hemlock-Wet Mesic",5
"5_53_53_76798",13,139,779,1918,810,1711001404,"17110013","WWC","RaDFHEdy_fdg_17110014","RaDFHEdy","RaDFHEdy_fdg",24,"fdg","RaDFHEdy","RaDFHEdy_fdg","Douglas-fir Hemlock-Dry Mesic",3
"5_53_53_66646",13,139,779,1918,718,1711001404,"17110013","WWC","RaDFHEdy_fdg_17110014","RaDFHEdy","RaDFHEdy_fdg",24,"fdg","RaDFHEdy","RaDFHEdy_fdg","Douglas-fir Hemlock-Dry Mesic",3
"5_53_53_51531",13,139,779,1918,970,1711001404,"17110013","WWC","RaDFHEdy_fdg_17110014","RaDFHEdy","RaDFHEdy_fdg",24,"fdg","RaDFHEdy","RaDFHEdy_fdg","Douglas-fir Hemlock-Dry Mesic",3
"5_53_53_82859",13,139,776,1921,1104,1711001401,"17110013","WWC","RaABAMlw_fsi_17110014","RaABAMlw","RaABAMlw_fsi",14,"fsi","RaABAMlw","RaABAMlw_fsi","Pacific Silver Fir - Low Elevation",3
"5_53_53_75107",13,139,778,1928,1427,1711001403,"17110013","WWC","RaSAWD_fal_17110014","RaSAWD","RaSAWD_fal",2,"fal","RaSAWD","RaSAWD_fal","Subalpine Woodland",3
"7_53_41_81772",13,82,472,1940,1862,1708000402,"17080003A","WWC","RaABAMlw_fsi_17080004","RaABAMlw","RaABAMlw_fsi",14,"fsi","RaABAMlw","RaABAMlw_fsi","Pacific Silver Fir - Low Elevation",3
"7_53_41_78809",13,82,472,2305,1686,1708000402,"17080003A","WWC","Na0710412_fmc_WWC","Na0710412","Na0710412_fmc",7,"fmc","Na0710412","Na0710412_fmc","North Pacific Mountain Hemlock Forest - Xeric",5
"7_53_41_71472",13,82,472,1940,1363,1708000402,"17080003A","WWC","RaABAMlw_fsi_17080004","RaABAMlw","RaABAMlw_fsi",14,"fsi","RaABAMlw","RaABAMlw_fsi","Pacific Silver Fir - Low Elevation",3
"7_53_41_84561",13,82,472,1940,1627,1708000402,"17080003A","WWC","RaABAMlw_fsi_17080004","RaABAMlw","RaABAMlw_fsi",14,"fsi","RaABAMlw","RaABAMlw_fsi","Pacific Silver Fir - Low Elevation",3
"7_53_41_99592",13,82,472,1940,941,1708000402,"17080003A","WWC","RaABAMlw_fsi_17080004","RaABAMlw","RaABAMlw_fsi",14,"fsi","RaABAMlw","RaABAMlw_fsi","Pacific Silver Fir - Low Elevation",3
"7_53_41_53278",13,82,472,1940,639,1708000402,"17080003A","WWC","RaABAMlw_fsi_17080004","RaABAMlw","RaABAMlw_fsi",14,"fsi","RaABAMlw","RaABAMlw_fsi","Pacific Silver Fir - Low Elevation",3
"7_53_41_94635",13,82,475,1940,1073,1708000405,"17080003A","WWC","RaABAMlw_fsi_17080004","RaABAMlw","RaABAMlw_fsi",14,"fsi","RaABAMlw","RaABAMlw_fsi","Pacific Silver Fir - Low Elevation",3
"7_53_41_64291",13,82,475,2292,1122,1708000405,"17080003A","WWC","RaDFHEwt_fwm_WWC","RaDFHEwt","RaDFHEwt_fwm",33,"fwm","RaDFHEwt","RaDFHEwt_fwm","Douglas-fir Hemlock-Wet Mesic",5
"7_53_41_54884",13,82,475,1941,1067,1708000405,"17080003A","WWC","RaDFHEdy_fwi_17080004","RaDFHEdy","RaDFHEdy_fwi",31,"fwi","RaDFHEdy","RaDFHEdy_fwi","Douglas-fir Hemlock-Dry Mesic",3
"7_53_41_64947",13,82,475,1941,1153,1708000405,"17080003A","WWC","RaDFHEdy_fwi_17080004","RaDFHEdy","RaDFHEdy_fwi",31,"fwi","RaDFHEdy","RaDFHEdy_fwi","Douglas-fir Hemlock-Dry Mesic",3
"7_53_41_51675",13,82,475,1940,1454,1708000405,"17080003A","WWC","RaABAMlw_fsi_17080004","RaABAMlw","RaABAMlw_fsi",14,"fsi","RaABAMlw","RaABAMlw_fsi","Pacific Silver Fir - Low Elevation",3
"7_53_41_78649",13,82,473,1941,894,1708000403,"17080003A","WWC","RaDFHEdy_fwi_17080004","RaDFHEdy","RaDFHEdy_fwi",31,"fwi","RaDFHEdy","RaDFHEdy_fwi","Douglas-fir Hemlock-Dry Mesic",3
"7_53_41_59072",13,82,475,2305,936,1708000405,"17080003A","WWC","Na0710412_fmc_WWC","Na0710412","Na0710412_fmc",7,"fmc","Na0710412","Na0710412_fmc","North Pacific Mountain Hemlock Forest - Xeric",5
"7_53_41_60051",13,82,473,1941,1322,1708000403,"17080003A","WWC","RaDFHEdy_fwi_17080004","RaDFHEdy","RaDFHEdy_fwi",31,"fwi","RaDFHEdy","RaDFHEdy_fwi","Douglas-fir Hemlock-Dry Mesic",3
"7_53_41_62063",13,82,473,1941,932,1708000403,"17080003A","WWC","RaDFHEdy_fwi_17080004","RaDFHEdy","RaDFHEdy_fwi",31,"fwi","RaDFHEdy","RaDFHEdy_fwi","Douglas-fir Hemlock-Dry Mesic",3
"7_53_59_54098",13,82,473,1944,630,1708000403,"17080003A","WWC","RaABAMlw_fwc_17080004","RaABAMlw","RaABAMlw_fwc",35,"fwc","RaABAMlw","RaABAMlw_fwc","Pacific Silver Fir - Low Elevation",3
"7_53_59_72177",13,82,473,1940,1903,1708000403,"17080003A","WWC","RaABAMlw_fsi_17080004","RaABAMlw","RaABAMlw_fsi",14,"fsi","RaABAMlw","RaABAMlw_fsi","Pacific Silver Fir - Low Elevation",3
"7_53_59_54337",13,82,473,2305,1518,1708000403,"17080003A","WWC","Na0710412_fmc_WWC","Na0710412","Na0710412_fmc",7,"fmc","Na0710412","Na0710412_fmc","North Pacific Mountain Hemlock Forest - Xeric",5
"7_53_59_91271",13,82,473,1940,1933,1708000403,"17080003A","WWC","RaABAMlw_fsi_17080004","RaABAMlw","RaABAMlw_fsi",14,"fsi","RaABAMlw","RaABAMlw_fsi","Pacific Silver Fir - Low Elevation",3
"5_53_73_97541",11,130,743,2286,673,1711000510,"17110004","WNC","Na0710411_fmt_WNC","Na0710411","Na0710411_fmt",5,"fmt","Na0710411","Na0710411_fmt","North Pacific Mountain Hemlock Forest - Wet",5
"5_53_73_99734",11,130,743,1777,831,1711000510,"17110004","WNC","RaSAWD_fal_17110005","RaSAWD","RaSAWD_fal",2,"fal","RaSAWD","RaSAWD_fal","Subalpine Woodland",3
"5_53_73_96041",11,126,723,2286,1482,1711000103,"17100312","WNC","Na0710411_fmt_WNC","Na0710411","Na0710411_fmt",5,"fmt","Na0710411","Na0710411_fmt","North Pacific Mountain Hemlock Forest - Wet",5
"7_53_59_76704",13,82,473,1940,2321,1708000403,"17080003A","WWC","RaABAMlw_fsi_17080004","RaABAMlw","RaABAMlw_fsi",14,"fsi","RaABAMlw","RaABAMlw_fsi","Pacific Silver Fir - Low Elevation",3
"7_53_59_68869",13,82,473,2305,2448,1708000403,"17080003A","WWC","Na0710412_fmc_WWC","Na0710412","Na0710412_fmc",7,"fmc","Na0710412","Na0710412_fmc","North Pacific Mountain Hemlock Forest - Xeric",5
"7_53_59_92759",13,78,459,1970,1897,1708000201,"17080001A","WWC","RaABAMlw_fsi_17080002","RaABAMlw","RaABAMlw_fsi",14,"fsi","RaABAMlw","RaABAMlw_fsi","Pacific Silver Fir - Low Elevation",3
"7_53_59_77127",13,78,459,1973,409,1708000201,"17080001A","WWC","RaDFHEdy_fwi_17080002","RaDFHEdy","RaDFHEdy_fwi",31,"fwi","RaDFHEdy","RaDFHEdy_fwi","Douglas-fir Hemlock-Dry Mesic",3
"7_53_59_74234",13,78,459,1970,1389,1708000201,"17080001A","WWC","RaABAMlw_fsi_17080002","RaABAMlw","RaABAMlw_fsi",14,"fsi","RaABAMlw","RaABAMlw_fsi","Pacific Silver Fir - Low Elevation",3
"7_53_59_70504",13,78,459,2305,911,1708000201,"17080001A","WWC","Na0710412_fmc_WWC","Na0710412","Na0710412_fmc",7,"fmc","Na0710412","Na0710412_fmc","North Pacific Mountain Hemlock Forest - Xeric",5
"7_53_59_63219",13,78,459,1970,994,1708000201,"17080001A","WWC","RaABAMlw_fsi_17080002","RaABAMlw","RaABAMlw_fsi",14,"fsi","RaABAMlw","RaABAMlw_fsi","Pacific Silver Fir - Low Elevation",3
"7_53_59_51534",10,60,335,1983,1218,1707010508,"17070105B","WEC","RaABAMlw_fsi_17070105A","RaABAMlw","RaABAMlw_fsi",14,"fsi","RaABAMlw","RaABAMlw_fsi","Pacific Silver Fir - Low Elevation",3
"7_53_59_65212",10,60,335,1983,1175,1707010508,"17070105B","WEC","RaABAMlw_fsi_17070105A","RaABAMlw","RaABAMlw_fsi",14,"fsi","RaABAMlw","RaABAMlw_fsi","Pacific Silver Fir - Low Elevation",3
"7_53_59_77618",10,60,335,1983,1767,1707010508,"17070105B","WEC","RaABAMlw_fsi_17070105A","RaABAMlw","RaABAMlw_fsi",14,"fsi","RaABAMlw","RaABAMlw_fsi","Pacific Silver Fir - Low Elevation",3
"7_53_59_91349",10,60,335,1983,2488,1707010508,"17070105B","WEC","RaABAMlw_fsi_17070105A","RaABAMlw","RaABAMlw_fsi",14,"fsi","RaABAMlw","RaABAMlw_fsi","Pacific Silver Fir - Low Elevation",3
"7_53_59_94469",10,60,335,1983,907,1707010508,"17070105B","WEC","RaABAMlw_fsi_17070105A","RaABAMlw","RaABAMlw_fsi",14,"fsi","RaABAMlw","RaABAMlw_fsi","Pacific Silver Fir - Low Elevation",3
"7_53_59_58845",10,60,335,1983,1495,1707010508,"17070105B","WEC","RaABAMlw_fsi_17070105A","RaABAMlw","RaABAMlw_fsi",14,"fsi","RaABAMlw","RaABAMlw_fsi","Pacific Silver Fir - Low Elevation",3
"7_53_59_63315",10,60,335,1983,2371,1707010508,"17070105B","WEC","RaABAMlw_fsi_17070105A","RaABAMlw","RaABAMlw_fsi",14,"fsi","RaABAMlw","RaABAMlw_fsi","Pacific Silver Fir - Low Elevation",3
"7_53_59_67849",10,60,335,1983,2520,1707010508,"17070105B","WEC","RaABAMlw_fsi_17070105A","RaABAMlw","RaABAMlw_fsi",14,"fsi","RaABAMlw","RaABAMlw_fsi","Pacific Silver Fir - Low Elevation",3
"7_53_59_93401",10,60,335,1983,2632,1707010508,"17070105B","WEC","RaABAMlw_fsi_17070105A","RaABAMlw","RaABAMlw_fsi",14,"fsi","RaABAMlw","RaABAMlw_fsi","Pacific Silver Fir - Low Elevation",3
"7_53_59_86934",10,60,336,1985,1619,1707010509,"17070105B","WEC","RaMCONms_fmm_17070105A","RaMCONms","RaMCONms_fmm",27,"fmm","RaMCONms","RaMCONms_fmm","Mixed Conifer - Eastside Mesic",3
"7_53_59_56620",10,60,336,1985,2311,1707010509,"17070105B","WEC","RaMCONms_fmm_17070105A","RaMCONms","RaMCONms_fmm",27,"fmm","RaMCONms","RaMCONms_fmm","Mixed Conifer - Eastside Mesic",3
"7_53_59_87697",10,60,336,1985,1945,1707010509,"17070105B","WEC","RaMCONms_fmm_17070105A","RaMCONms","RaMCONms_fmm",27,"fmm","RaMCONms","RaMCONms_fmm","Mixed Conifer - Eastside Mesic",3
"7_53_59_94879",10,60,336,1985,2190,1707010509,"17070105B","WEC","RaMCONms_fmm_17070105A","RaMCONms","RaMCONms_fmm",27,"fmm","RaMCONms","RaMCONms_fmm","Mixed Conifer - Eastside Mesic",3
"7_53_59_80409",10,60,336,1985,2762,1707010509,"17070105B","WEC","RaMCONms_fmm_17070105A","RaMCONms","RaMCONms_fmm",27,"fmm","RaMCONms","RaMCONms_fmm","Mixed Conifer - Eastside Mesic",3
"7_53_59_62210",10,60,336,1985,2615,1707010509,"17070105B","WEC","RaMCONms_fmm_17070105A","RaMCONms","RaMCONms_fmm",27,"fmm","RaMCONms","RaMCONms_fmm","Mixed Conifer - Eastside Mesic",3
"7_53_59_58120",10,60,336,1985,1120,1707010509,"17070105B","WEC","RaMCONms_fmm_17070105A","RaMCONms","RaMCONms_fmm",27,"fmm","RaMCONms","RaMCONms_fmm","Mixed Conifer - Eastside Mesic",3
"5_53_73_97237",11,130,743,2285,1836,1711000510,"17110004","WNC","RaABAMup_fst_WNC","RaABAMup","RaABAMup_fst",13,"fst","RaABAMup","RaABAMup_fst","Pacific Silver Fir - High Elevation",5
"5_53_73_99522",11,130,743,2285,1349,1711000510,"17110004","WNC","RaABAMup_fst_WNC","RaABAMup","RaABAMup_fst",13,"fst","RaABAMup","RaABAMup_fst","Pacific Silver Fir - High Elevation",5
"5_53_73_85310",11,130,743,2285,687,1711000510,"17110004","WNC","RaABAMup_fst_WNC","RaABAMup","RaABAMup_fst",13,"fst","RaABAMup","RaABAMup_fst","Pacific Silver Fir - High Elevation",5
"7_53_59_93890",10,60,336,1985,2749,1707010509,"17070105B","WEC","RaMCONms_fmm_17070105A","RaMCONms","RaMCONms_fmm",27,"fmm","RaMCONms","RaMCONms_fmm","Mixed Conifer - Eastside Mesic",3
"7_53_59_50956",4,59,338,2016,2334,1707010511,"17070104","OEC","RaDFHEdy_fwi_17070105B","RaDFHEdy","RaDFHEdy_fwi",31,"fwi","RaDFHEdy","RaDFHEdy_fwi","Douglas-fir Hemlock-Dry Mesic",3
"0_41_27_57279",4,59,334,2015,1478,1707010507,"17070104","OEC","RaABAMlw_fsi_17070105B","RaABAMlw","RaABAMlw_fsi",14,"fsi","RaABAMlw","RaABAMlw_fsi","Pacific Silver Fir - Low Elevation",3
"0_41_27_54957",4,59,333,2016,575,1707010506,"17070104","OEC","RaDFHEdy_fwi_17070105B","RaDFHEdy","RaDFHEdy_fwi",31,"fwi","RaDFHEdy","RaDFHEdy_fwi","Douglas-fir Hemlock-Dry Mesic",3
"0_41_27_91114",4,59,333,434,1085,1707010506,"17070104","OEC","RaMCONdy_fdx_1707010506","RaMCONdy","RaMCONdy_fdx",45,"fdx","RaMCONdy","RaMCONdy_fdx","Mixed Conifer - Eastside Dry",1
"0_41_27_75074",4,59,333,2016,1177,1707010506,"17070104","OEC","RaDFHEdy_fwi_17070105B","RaDFHEdy","RaDFHEdy_fwi",31,"fwi","RaDFHEdy","RaDFHEdy_fwi","Douglas-fir Hemlock-Dry Mesic",3
"0_41_27_56962",4,59,332,2324,1418,1707010505,"17070104","OEC","Na0710412_fmh_OEC","Na0710412","Na0710412_fmh",4,"fmh","Na0710412","Na0710412_fmh","North Pacific Mountain Hemlock Forest - Xeric",5
"5_53_73_65618",11,130,743,2285,942,1711000510,"17110004","WNC","RaABAMup_fst_WNC","RaABAMup","RaABAMup_fst",13,"fst","RaABAMup","RaABAMup_fst","Pacific Silver Fir - High Elevation",5
"0_41_27_55211",4,59,332,2015,1375,1707010505,"17070104","OEC","RaABAMlw_fsi_17070105B","RaABAMlw","RaABAMlw_fsi",14,"fsi","RaABAMlw","RaABAMlw_fsi","Pacific Silver Fir - Low Elevation",3
"0_41_27_93040",4,59,332,2324,1757,1707010505,"17070104","OEC","Na0710412_fmh_OEC","Na0710412","Na0710412_fmh",4,"fmh","Na0710412","Na0710412_fmh","North Pacific Mountain Hemlock Forest - Xeric",5
"0_41_27_64189",4,59,332,2015,1505,1707010505,"17070104","OEC","RaABAMlw_fsi_17070105B","RaABAMlw","RaABAMlw_fsi",14,"fsi","RaABAMlw","RaABAMlw_fsi","Pacific Silver Fir - Low Elevation",3
"0_41_27_77904",4,73,442,2324,1222,1707030609,"17070305B","OEC","Na0710412_fmh_OEC","Na0710412","Na0710412_fmh",4,"fmh","Na0710412","Na0710412_fmh","North Pacific Mountain Hemlock Forest - Xeric",5
"0_41_27_70476",4,73,442,2324,1341,1707030609,"17070305B","OEC","Na0710412_fmh_OEC","Na0710412","Na0710412_fmh",4,"fmh","Na0710412","Na0710412_fmh","North Pacific Mountain Hemlock Forest - Xeric",5
"3_41_65_93939",4,73,442,2324,1301,1707030609,"17070305B","OEC","Na0710412_fmh_OEC","Na0710412","Na0710412_fmh",4,"fmh","Na0710412","Na0710412_fmh","North Pacific Mountain Hemlock Forest - Xeric",5
"3_41_65_91982",4,73,442,2047,1579,1707030609,"17070305B","OEC","RaDFHEdy_fwi_17070306","RaDFHEdy","RaDFHEdy_fwi",31,"fwi","RaDFHEdy","RaDFHEdy_fwi","Douglas-fir Hemlock-Dry Mesic",3
"3_41_65_78129",4,73,442,2324,2653,1707030609,"17070305B","OEC","Na0710412_fmh_OEC","Na0710412","Na0710412_fmh",4,"fmh","Na0710412","Na0710412_fmh","North Pacific Mountain Hemlock Forest - Xeric",5
"3_41_65_64360",4,73,442,2047,2933,1707030609,"17070305B","OEC","RaDFHEdy_fwi_17070306","RaDFHEdy","RaDFHEdy_fwi",31,"fwi","RaDFHEdy","RaDFHEdy_fwi","Douglas-fir Hemlock-Dry Mesic",3
"3_41_65_78223",4,73,439,2047,1087,1707030606,"17070305B","OEC","RaDFHEdy_fwi_17070306","RaDFHEdy","RaDFHEdy_fwi",31,"fwi","RaDFHEdy","RaDFHEdy_fwi","Douglas-fir Hemlock-Dry Mesic",3
"5_53_57_95866",11,130,743,2285,1366,1711000510,"17110004","WNC","RaABAMup_fst_WNC","RaABAMup","RaABAMup_fst",13,"fst","RaABAMup","RaABAMup_fst","Pacific Silver Fir - High Elevation",5
"3_41_31_68771",4,67,396,2085,2982,1707030110,"17070204","OEC","RaMCONms_fmm_17070301","RaMCONms","RaMCONms_fmm",27,"fmm","RaMCONms","RaMCONms_fmm","Mixed Conifer - Eastside Mesic",3
"3_41_31_66178",4,67,396,2085,813,1707030110,"17070204","OEC","RaMCONms_fmm_17070301","RaMCONms","RaMCONms_fmm",27,"fmm","RaMCONms","RaMCONms_fmm","Mixed Conifer - Eastside Mesic",3
"3_41_31_64375",4,67,395,2085,2316,1707030109,"17070204","OEC","RaMCONms_fmm_17070301","RaMCONms","RaMCONms_fmm",27,"fmm","RaMCONms","RaMCONms_fmm","Mixed Conifer - Eastside Mesic",3
"3_41_31_85836",4,67,395,2085,2428,1707030109,"17070204","OEC","RaMCONms_fmm_17070301","RaMCONms","RaMCONms_fmm",27,"fmm","RaMCONms","RaMCONms_fmm","Mixed Conifer - Eastside Mesic",3
"3_41_31_84108",4,67,395,2095,1295,1707030109,"17070204","OEC","RaPIPOxe_fpd_17070301","RaPIPOxe","RaPIPOxe_fpd",53,"fpd","RaPIPOxe","RaPIPOxe_fpd","Ponderosa Pine - Xeric",3
"3_41_31_75617",4,67,395,2095,2480,1707030109,"17070204","OEC","RaPIPOxe_fpd_17070301","RaPIPOxe","RaPIPOxe_fpd",53,"fpd","RaPIPOxe","RaPIPOxe_fpd","Ponderosa Pine - Xeric",3
"3_41_31_62165",4,67,395,2322,1144,1707030109,"17070204","OEC","RaSPFI_fmz_OEC","RaSPFI","RaSPFI_fmz",26,"fmz","RaSPFI","RaSPFI_fmz","Spruce - Fir",4
"3_41_31_82380",4,67,395,2085,2511,1707030109,"17070204","OEC","RaMCONms_fmm_17070301","RaMCONms","RaMCONms_fmm",27,"fmm","RaMCONms","RaMCONms_fmm","Mixed Conifer - Eastside Mesic",3
"5_53_57_83448",11,132,749,2282,1524,1711000701,"17110006","WNC","RaDFHEwt_fwm_WNC","RaDFHEwt","RaDFHEwt_fwm",33,"fwm","RaDFHEwt","RaDFHEwt_fwm","Douglas-fir Hemlock-Wet Mesic",5
"3_41_17_67523",4,67,395,2085,1770,1707030109,"17070204","OEC","RaMCONms_fmm_17070301","RaMCONms","RaMCONms_fmm",27,"fmm","RaMCONms","RaMCONms_fmm","Mixed Conifer - Eastside Mesic",3
"3_41_17_61678",4,67,393,2095,2414,1707030107,"17070204","OEC","RaPIPOxe_fpd_17070301","RaPIPOxe","RaPIPOxe_fpd",53,"fpd","RaPIPOxe","RaPIPOxe_fpd","Ponderosa Pine - Xeric",3
"3_41_17_51995",4,67,393,2098,1956,1707030107,"17070204","OEC","RaPIPOxe_fxp_17070301","RaPIPOxe","RaPIPOxe_fxp",56,"fxp","RaPIPOxe","RaPIPOxe_fxp","Ponderosa Pine - Xeric",3
"3_41_17_84984",4,67,393,850,1337,1707030107,"17070204","OEC","RaMCONdy_fmx_1707030107","RaMCONdy","RaMCONdy_fmx",29,"fmx","RaMCONdy","RaMCONdy_fmx","Mixed Conifer - Eastside Dry",1
"3_41_17_65467",4,67,393,2322,1085,1707030107,"17070204","OEC","RaSPFI_fmz_OEC","RaSPFI","RaSPFI_fmz",26,"fmz","RaSPFI","RaSPFI_fmz","Spruce - Fir",4
"3_41_17_67313",4,67,393,828,617,1707030107,"17070204","OEC","RaMCONdy_fmd_1707030107","RaMCONdy","RaMCONdy_fmd",28,"fmd","RaMCONdy","RaMCONdy_fmd","Mixed Conifer - Eastside Dry",1
"3_41_17_71876",4,67,393,2085,525,1707030107,"17070204","OEC","RaMCONms_fmm_17070301","RaMCONms","RaMCONms_fmm",27,"fmm","RaMCONms","RaMCONms_fmm","Mixed Conifer - Eastside Mesic",3
"3_41_17_65595",4,67,392,2339,788,1707030106,"17070204","OEC","RaPICOpu_fld_OEC","RaPICOpu","RaPICOpu_fld",49,"fld","RaPICOpu","RaPICOpu_fld","Lodgepole Pine - Pumice Soils",4
"3_41_17_87805",4,67,393,2085,1728,1707030107,"17070204","OEC","RaMCONms_fmm_17070301","RaMCONms","RaMCONms_fmm",27,"fmm","RaMCONms","RaMCONms_fmm","Mixed Conifer - Eastside Mesic",3
"3_41_17_99425",4,67,392,2324,1598,1707030106,"17070204","OEC","Na0710412_fmh_OEC","Na0710412","Na0710412_fmh",4,"fmh","Na0710412","Na0710412_fmh","North Pacific Mountain Hemlock Forest - Xeric",5
"3_41_17_94160",4,67,393,2324,767,1707030107,"17070204","OEC","Na0710412_fmh_OEC","Na0710412","Na0710412_fmh",4,"fmh","Na0710412","Na0710412_fmh","North Pacific Mountain Hemlock Forest - Xeric",5
"3_41_17_79900",4,67,392,2324,980,1707030106,"17070204","OEC","Na0710412_fmh_OEC","Na0710412","Na0710412_fmh",4,"fmh","Na0710412","Na0710412_fmh","North Pacific Mountain Hemlock Forest - Xeric",5
"3_41_17_83797",4,67,391,2324,1458,1707030105,"17070204","OEC","Na0710412_fmh_OEC","Na0710412","Na0710412_fmh",4,"fmh","Na0710412","Na0710412_fmh","North Pacific Mountain Hemlock Forest - Xeric",5
"3_41_17_75068",4,67,391,2324,582,1707030105,"17070204","OEC","Na0710412_fmh_OEC","Na0710412","Na0710412_fmh",4,"fmh","Na0710412","Na0710412_fmh","North Pacific Mountain Hemlock Forest - Xeric",5
"3_41_17_77724",4,67,391,2324,2123,1707030105,"17070204","OEC","Na0710412_fmh_OEC","Na0710412","Na0710412_fmh",4,"fmh","Na0710412","Na0710412_fmh","North Pacific Mountain Hemlock Forest - Xeric",5
"3_41_17_58655",4,67,389,2324,1207,1707030103,"17070204","OEC","Na0710412_fmh_OEC","Na0710412","Na0710412_fmh",4,"fmh","Na0710412","Na0710412_fmh","North Pacific Mountain Hemlock Forest - Xeric",5
"3_41_17_87618",4,67,389,2324,1101,1707030103,"17070204","OEC","Na0710412_fmh_OEC","Na0710412","Na0710412_fmh",4,"fmh","Na0710412","Na0710412_fmh","North Pacific Mountain Hemlock Forest - Xeric",5
"3_41_17_80701",4,67,389,2324,2928,1707030103,"17070204","OEC","Na0710412_fmh_OEC","Na0710412","Na0710412_fmh",4,"fmh","Na0710412","Na0710412_fmh","North Pacific Mountain Hemlock Forest - Xeric",5
"3_41_17_77754",4,67,389,2339,1685,1707030103,"17070204","OEC","RaPICOpu_fld_OEC","RaPICOpu","RaPICOpu_fld",49,"fld","RaPICOpu","RaPICOpu_fld","Lodgepole Pine - Pumice Soils",4
"3_41_17_59763",4,67,389,996,2770,1707030103,"17070204","OEC","RaMCONdy_fmx_1707030103","RaMCONdy","RaMCONdy_fmx",29,"fmx","RaMCONdy","RaMCONdy_fmx","Mixed Conifer - Eastside Dry",1
"3_41_17_78343",4,67,389,996,984,1707030103,"17070204","OEC","RaMCONdy_fmx_1707030103","RaMCONdy","RaMCONdy_fmx",29,"fmx","RaMCONdy","RaMCONdy_fmx","Mixed Conifer - Eastside Dry",1
"3_41_17_67787",4,67,389,1025,1328,1707030103,"17070204","OEC","RaPIPOm_fpl_1707030103","RaPIPOm","RaPIPOm_fpl",55,"fpl","RaPIPOm","RaPIPOm_fpl","Dry Ponderosa Pine - Mesic",1
"3_41_17_76009",4,67,389,996,1037,1707030103,"17070204","OEC","RaMCONdy_fmx_1707030103","RaMCONdy","RaMCONdy_fmx",29,"fmx","RaMCONdy","RaMCONdy_fmx","Mixed Conifer - Eastside Dry",1
"3_41_17_60217",4,67,389,1025,3042,1707030103,"17070204","OEC","RaPIPOm_fpl_1707030103","RaPIPOm","RaPIPOm_fpl",55,"fpl","RaPIPOm","RaPIPOm_fpl","Dry Ponderosa Pine - Mesic",1
"3_41_17_65600",4,67,389,1025,2943,1707030103,"17070204","OEC","RaPIPOm_fpl_1707030103","RaPIPOm","RaPIPOm_fpl",55,"fpl","RaPIPOm","RaPIPOm_fpl","Dry Ponderosa Pine - Mesic",1
"3_41_17_64434",4,67,389,1025,3151,1707030103,"17070204","OEC","RaPIPOm_fpl_1707030103","RaPIPOm","RaPIPOm_fpl",55,"fpl","RaPIPOm","RaPIPOm_fpl","Dry Ponderosa Pine - Mesic",1
"3_41_17_77073",4,67,389,2339,1627,1707030103,"17070204","OEC","RaPICOpu_fld_OEC","RaPICOpu","RaPICOpu_fld",49,"fld","RaPICOpu","RaPICOpu_fld","Lodgepole Pine - Pumice Soils",4
"3_41_17_66492",4,67,389,1025,1678,1707030103,"17070204","OEC","RaPIPOm_fpl_1707030103","RaPIPOm","RaPIPOm_fpl",55,"fpl","RaPIPOm","RaPIPOm_fpl","Dry Ponderosa Pine - Mesic",1
"5_53_57_74741",11,132,749,2285,2878,1711000701,"17110006","WNC","RaABAMup_fst_WNC","RaABAMup","RaABAMup_fst",13,"fst","RaABAMup","RaABAMup_fst","Pacific Silver Fir - High Elevation",5
"5_53_73_61595",11,129,731,2287,748,1711000401,"17110003","WNC","Na0710412_fmc_WNC","Na0710412","Na0710412_fmc",7,"fmc","Na0710412","Na0710412_fmc","North Pacific Mountain Hemlock Forest - Xeric",5
"3_41_35_84374",4,68,400,2340,1368,1707030203,"17070301","OEC","RaPICOpu_flw_OEC","RaPICOpu","RaPICOpu_flw",50,"flw","RaPICOpu","RaPICOpu_flw","Lodgepole Pine - Pumice Soils",4
"3_41_35_88261",4,68,403,1079,1700,1707030206,"17070301","OEC","RaPIPOm_fpl_1707030206","RaPIPOm","RaPIPOm_fpl",55,"fpl","RaPIPOm","RaPIPOm_fpl","Dry Ponderosa Pine - Mesic",1
"3_41_35_62829",4,68,402,1114,2297,1707030205,"17070301","OEC","RaPIPOm_fpl_1707030205","RaPIPOm","RaPIPOm_fpl",55,"fpl","RaPIPOm","RaPIPOm_fpl","Dry Ponderosa Pine - Mesic",1
"3_41_35_87543",4,68,402,1114,2011,1707030205,"17070301","OEC","RaPIPOm_fpl_1707030205","RaPIPOm","RaPIPOm_fpl",55,"fpl","RaPIPOm","RaPIPOm_fpl","Dry Ponderosa Pine - Mesic",1
"3_41_35_71291",4,68,402,2339,1164,1707030205,"17070301","OEC","RaPICOpu_fld_OEC","RaPICOpu","RaPICOpu_fld",49,"fld","RaPICOpu","RaPICOpu_fld","Lodgepole Pine - Pumice Soils",4
"3_41_35_56315",4,68,401,2159,1307,1707030204,"17070301","OEC","RaMCONms_fmm_17070302","RaMCONms","RaMCONms_fmm",27,"fmm","RaMCONms","RaMCONms_fmm","Mixed Conifer - Eastside Mesic",3
"3_41_35_90286",4,68,401,2159,1423,1707030204,"17070301","OEC","RaMCONms_fmm_17070302","RaMCONms","RaMCONms_fmm",27,"fmm","RaMCONms","RaMCONms_fmm","Mixed Conifer - Eastside Mesic",3
"5_53_57_55562",11,132,749,1804,785,1711000701,"17110006","WNC","RaABAMlw_fsi_17110007","RaABAMlw","RaABAMlw_fsi",14,"fsi","RaABAMlw","RaABAMlw_fsi","Pacific Silver Fir - Low Elevation",3
"5_53_57_52632",11,132,749,2285,1796,1711000701,"17110006","WNC","RaABAMup_fst_WNC","RaABAMup","RaABAMup_fst",13,"fst","RaABAMup","RaABAMup_fst","Pacific Silver Fir - High Elevation",5
"3_41_35_86560",4,157,895,2339,1844,1801020104,"18010101","OEC","RaPICOpu_fld_OEC","RaPICOpu","RaPICOpu_fld",49,"fld","RaPICOpu","RaPICOpu_fld","Lodgepole Pine - Pumice Soils",4
"3_41_35_62563",4,157,895,2339,1203,1801020104,"18010101","OEC","RaPICOpu_fld_OEC","RaPICOpu","RaPICOpu_fld",49,"fld","RaPICOpu","RaPICOpu_fld","Lodgepole Pine - Pumice Soils",4
"3_41_35_64629",4,157,895,2339,1838,1801020104,"18010101","OEC","RaPICOpu_fld_OEC","RaPICOpu","RaPICOpu_fld",49,"fld","RaPICOpu","RaPICOpu_fld","Lodgepole Pine - Pumice Soils",4
"3_41_35_86739",4,157,895,2339,1430,1801020104,"18010101","OEC","RaPICOpu_fld_OEC","RaPICOpu","RaPICOpu_fld",49,"fld","RaPICOpu","RaPICOpu_fld","Lodgepole Pine - Pumice Soils",4
"3_41_35_64246",4,157,895,2339,968,1801020104,"18010101","OEC","RaPICOpu_fld_OEC","RaPICOpu","RaPICOpu_fld",49,"fld","RaPICOpu","RaPICOpu_fld","Lodgepole Pine - Pumice Soils",4
"3_41_35_88927",4,157,893,2339,1503,1801020102,"18010101","OEC","RaPICOpu_fld_OEC","RaPICOpu","RaPICOpu_fld",49,"fld","RaPICOpu","RaPICOpu_fld","Lodgepole Pine - Pumice Soils",4
"3_41_35_74473",4,157,893,2339,2474,1801020102,"18010101","OEC","RaPICOpu_fld_OEC","RaPICOpu","RaPICOpu_fld",49,"fld","RaPICOpu","RaPICOpu_fld","Lodgepole Pine - Pumice Soils",4
"3_41_35_68368",4,157,895,2339,1516,1801020104,"18010101","OEC","RaPICOpu_fld_OEC","RaPICOpu","RaPICOpu_fld",49,"fld","RaPICOpu","RaPICOpu_fld","Lodgepole Pine - Pumice Soils",4
"3_41_35_63682",4,157,895,2200,2302,1801020104,"18010101","OEC","RaMCONms_fmm_18010201","RaMCONms","RaMCONms_fmm",27,"fmm","RaMCONms","RaMCONms_fmm","Mixed Conifer - Eastside Mesic",3
"3_41_35_58610",4,157,895,2200,1804,1801020104,"18010101","OEC","RaMCONms_fmm_18010201","RaMCONms","RaMCONms_fmm",27,"fmm","RaMCONms","RaMCONms_fmm","Mixed Conifer - Eastside Mesic",3
"3_41_35_96110",4,157,895,1164,2232,1801020104,"18010101","OEC","RaPIPOm_fpl_1801020104","RaPIPOm","RaPIPOm_fpl",55,"fpl","RaPIPOm","RaPIPOm_fpl","Dry Ponderosa Pine - Mesic",1
"5_53_57_57785",11,132,749,2285,1323,1711000701,"17110006","WNC","RaABAMup_fst_WNC","RaABAMup","RaABAMup_fst",13,"fst","RaABAMup","RaABAMup_fst","Pacific Silver Fir - High Elevation",5
"3_41_35_93622",4,157,895,1164,822,1801020104,"18010101","OEC","RaPIPOm_fpl_1801020104","RaPIPOm","RaPIPOm_fpl",55,"fpl","RaPIPOm","RaPIPOm_fpl","Dry Ponderosa Pine - Mesic",1
"3_41_35_62513",4,157,895,1164,2988,1801020104,"18010101","OEC","RaPIPOm_fpl_1801020104","RaPIPOm","RaPIPOm_fpl",55,"fpl","RaPIPOm","RaPIPOm_fpl","Dry Ponderosa Pine - Mesic",1
"3_41_35_52246",4,157,895,1164,2598,1801020104,"18010101","OEC","RaPIPOm_fpl_1801020104","RaPIPOm","RaPIPOm_fpl",55,"fpl","RaPIPOm","RaPIPOm_fpl","Dry Ponderosa Pine - Mesic",1
"3_41_35_83995",4,157,895,1164,2670,1801020104,"18010101","OEC","RaPIPOm_fpl_1801020104","RaPIPOm","RaPIPOm_fpl",55,"fpl","RaPIPOm","RaPIPOm_fpl","Dry Ponderosa Pine - Mesic",1
"3_41_35_52503",4,157,895,1164,1110,1801020104,"18010101","OEC","RaPIPOm_fpl_1801020104","RaPIPOm","RaPIPOm_fpl",55,"fpl","RaPIPOm","RaPIPOm_fpl","Dry Ponderosa Pine - Mesic",1
"3_41_35_76666",4,157,896,1317,1229,1801020105,"18010101","OEC","RaPIPOm_fpl_1801020105","RaPIPOm","RaPIPOm_fpl",55,"fpl","RaPIPOm","RaPIPOm_fpl","Dry Ponderosa Pine - Mesic",1
"3_41_35_98049",4,157,895,1162,898,1801020104,"18010101","OEC","RaMCONdy_fmx_1801020104","RaMCONdy","RaMCONdy_fmx",29,"fmx","RaMCONdy","RaMCONdy_fmx","Mixed Conifer - Eastside Dry",1
"5_53_57_65188",11,132,749,2286,1116,1711000701,"17110006","WNC","Na0710411_fmt_WNC","Na0710411","Na0710411_fmt",5,"fmt","Na0710411","Na0710411_fmt","North Pacific Mountain Hemlock Forest - Wet",5
"3_41_35_87075",4,157,896,1317,1376,1801020105,"18010101","OEC","RaPIPOm_fpl_1801020105","RaPIPOm","RaPIPOm_fpl",55,"fpl","RaPIPOm","RaPIPOm_fpl","Dry Ponderosa Pine - Mesic",1
"3_41_35_75088",4,157,896,1323,1189,1801020105,"18010101","OEC","RaMCONdy_fmx_1801020105","RaMCONdy","RaMCONdy_fmx",29,"fmx","RaMCONdy","RaMCONdy_fmx","Mixed Conifer - Eastside Dry",1
"3_41_35_81351",4,157,896,1317,843,1801020105,"18010101","OEC","RaPIPOm_fpl_1801020105","RaPIPOm","RaPIPOm_fpl",55,"fpl","RaPIPOm","RaPIPOm_fpl","Dry Ponderosa Pine - Mesic",1
"3_41_35_80113",4,157,897,1351,953,1801020106,"18010101","OEC","RaPIPOm_fpl_1801020106","RaPIPOm","RaPIPOm_fpl",55,"fpl","RaPIPOm","RaPIPOm_fpl","Dry Ponderosa Pine - Mesic",1
"3_41_35_71802",4,157,897,1357,1433,1801020106,"18010101","OEC","RaMCONdy_fmx_1801020106","RaMCONdy","RaMCONdy_fmx",29,"fmx","RaMCONdy","RaMCONdy_fmx","Mixed Conifer - Eastside Dry",1
"3_41_35_63210",4,158,904,1432,2293,1801020207,"18010201","OEC","RaPIPOm_fpl_1801020207","RaPIPOm","RaPIPOm_fpl",55,"fpl","RaPIPOm","RaPIPOm_fpl","Dry Ponderosa Pine - Mesic",1
"3_41_35_82565",4,158,904,1432,2753,1801020207,"18010201","OEC","RaPIPOm_fpl_1801020207","RaPIPOm","RaPIPOm_fpl",55,"fpl","RaPIPOm","RaPIPOm_fpl","Dry Ponderosa Pine - Mesic",1
"3_41_35_56496",4,158,904,1432,2306,1801020207,"18010201","OEC","RaPIPOm_fpl_1801020207","RaPIPOm","RaPIPOm_fpl",55,"fpl","RaPIPOm","RaPIPOm_fpl","Dry Ponderosa Pine - Mesic",1
"3_41_35_51825",4,158,904,1432,2444,1801020207,"18010201","OEC","RaPIPOm_fpl_1801020207","RaPIPOm","RaPIPOm_fpl",55,"fpl","RaPIPOm","RaPIPOm_fpl","Dry Ponderosa Pine - Mesic",1
"3_41_35_89688",4,158,904,2232,995,1801020207,"18010201","OEC","RaPIPOxe_fpd_18010202","RaPIPOxe","RaPIPOxe_fpd",53,"fpd","RaPIPOxe","RaPIPOxe_fpd","Ponderosa Pine - Xeric",3
"5_53_57_84680",11,133,751,2285,1947,1711000801,"17110007","WNC","RaABAMup_fst_WNC","RaABAMup","RaABAMup_fst",13,"fst","RaABAMup","RaABAMup_fst","Pacific Silver Fir - High Elevation",5
"3_41_35_86436",4,158,904,2233,1683,1801020207,"18010201","OEC","RaPIPOxe_fxp_18010202","RaPIPOxe","RaPIPOxe_fxp",56,"fxp","RaPIPOxe","RaPIPOxe_fxp","Ponderosa Pine - Xeric",3
"3_41_35_86954",4,158,904,2233,1906,1801020207,"18010201","OEC","RaPIPOxe_fxp_18010202","RaPIPOxe","RaPIPOxe_fxp",56,"fxp","RaPIPOxe","RaPIPOxe_fxp","Ponderosa Pine - Xeric",3
"3_41_35_73098",4,160,912,2260,2653,1801020407,"18010203","OEC","RaPIPOxe_fxp_18010204","RaPIPOxe","RaPIPOxe_fxp",56,"fxp","RaPIPOxe","RaPIPOxe_fxp","Ponderosa Pine - Xeric",3
"3_41_35_94628",4,160,913,2258,840,1801020408,"18010203","OEC","RaMCONms_fmm_18010204","RaMCONms","RaMCONms_fmm",27,"fmm","RaMCONms","RaMCONms_fmm","Mixed Conifer - Eastside Mesic",3
"5_53_57_69217",11,133,751,2285,1719,1711000801,"17110007","WNC","RaABAMup_fst_WNC","RaABAMup","RaABAMup_fst",13,"fst","RaABAMup","RaABAMup_fst","Pacific Silver Fir - High Elevation",5
"3_41_35_93585",4,160,914,2260,261,1801020409,"18010203","OEC","RaPIPOxe_fxp_18010204","RaPIPOxe","RaPIPOxe_fxp",56,"fxp","RaPIPOxe","RaPIPOxe_fxp","Ponderosa Pine - Xeric",3
"5_53_57_67881",11,133,751,2285,1016,1711000801,"17110007","WNC","RaABAMup_fst_WNC","RaABAMup","RaABAMup_fst",13,"fst","RaABAMup","RaABAMup_fst","Pacific Silver Fir - High Elevation",5
"5_53_61_92319",11,133,751,2282,1359,1711000801,"17110007","WNC","RaDFHEwt_fwm_WNC","RaDFHEwt","RaDFHEwt_fwm",33,"fwm","RaDFHEwt","RaDFHEwt_fwm","Douglas-fir Hemlock-Wet Mesic",5
"5_53_61_80077",11,133,751,2285,1083,1711000801,"17110007","WNC","RaABAMup_fst_WNC","RaABAMup","RaABAMup_fst",13,"fst","RaABAMup","RaABAMup_fst","Pacific Silver Fir - High Elevation",5
"5_53_61_96092",11,133,752,2285,901,1711000802,"17110007","WNC","RaABAMup_fst_WNC","RaABAMup","RaABAMup_fst",13,"fst","RaABAMup","RaABAMup_fst","Pacific Silver Fir - High Elevation",5
"5_53_61_94724",11,133,752,2285,2069,1711000802,"17110007","WNC","RaABAMup_fst_WNC","RaABAMup","RaABAMup_fst",13,"fst","RaABAMup","RaABAMup_fst","Pacific Silver Fir - High Elevation",5
"5_53_61_76311",11,133,752,2285,1077,1711000802,"17110007","WNC","RaABAMup_fst_WNC","RaABAMup","RaABAMup_fst",13,"fst","RaABAMup","RaABAMup_fst","Pacific Silver Fir - High Elevation",5
"5_53_61_68012",11,133,752,2285,1019,1711000802,"17110007","WNC","RaABAMup_fst_WNC","RaABAMup","RaABAMup_fst",13,"fst","RaABAMup","RaABAMup_fst","Pacific Silver Fir - High Elevation",5
"5_53_61_66519",11,133,752,2282,1366,1711000802,"17110007","WNC","RaDFHEwt_fwm_WNC","RaDFHEwt","RaDFHEwt_fwm",33,"fwm","RaDFHEwt","RaDFHEwt_fwm","Douglas-fir Hemlock-Wet Mesic",5
"5_53_61_59426",11,133,752,2282,878,1711000802,"17110007","WNC","RaDFHEwt_fwm_WNC","RaDFHEwt","RaDFHEwt_fwm",33,"fwm","RaDFHEwt","RaDFHEwt_fwm","Douglas-fir Hemlock-Wet Mesic",5
"5_53_61_59198",11,133,752,2286,1438,1711000802,"17110007","WNC","Na0710411_fmt_WNC","Na0710411","Na0710411_fmt",5,"fmt","Na0710411","Na0710411_fmt","North Pacific Mountain Hemlock Forest - Wet",5
"5_53_61_98473",13,136,767,2292,1246,1711001101,"17110010","WWC","RaDFHEwt_fwm_WWC","RaDFHEwt","RaDFHEwt_fwm",33,"fwm","RaDFHEwt","RaDFHEwt_fwm","Douglas-fir Hemlock-Wet Mesic",5
"5_53_61_89561",13,136,767,2303,1152,1711001101,"17110010","WWC","RaABAMup_fst_WWC","RaABAMup","RaABAMup_fst",13,"fst","RaABAMup","RaABAMup_fst","Pacific Silver Fir - High Elevation",5
"5_53_73_98443",11,129,731,2285,1225,1711000401,"17110003","WNC","RaABAMup_fst_WNC","RaABAMup","RaABAMup_fst",13,"fst","RaABAMup","RaABAMup_fst","Pacific Silver Fir - High Elevation",5
"5_53_61_67200",11,134,760,2285,1988,1711000907,"17110008","WNC","RaABAMup_fst_WNC","RaABAMup","RaABAMup_fst",13,"fst","RaABAMup","RaABAMup_fst","Pacific Silver Fir - High Elevation",5
"5_53_73_85450",11,129,731,2286,1865,1711000401,"17110003","WNC","Na0710411_fmt_WNC","Na0710411","Na0710411_fmt",5,"fmt","Na0710411","Na0710411_fmt","North Pacific Mountain Hemlock Forest - Wet",5
"5_53_33_50251",11,135,764,1883,1158,1711001004,"17110009","WNC","RaDFHEdy_fdg_17110010","RaDFHEdy","RaDFHEdy_fdg",24,"fdg","RaDFHEdy","RaDFHEdy_fdg","Douglas-fir Hemlock-Dry Mesic",3
"5_53_33_66533",13,137,769,2303,2214,1711001201,"17110011","WWC","RaABAMup_fst_WWC","RaABAMup","RaABAMup_fst",13,"fst","RaABAMup","RaABAMup_fst","Pacific Silver Fir - High Elevation",5
"5_53_73_53377",11,129,731,2285,1058,1711000401,"17110003","WNC","RaABAMup_fst_WNC","RaABAMup","RaABAMup_fst",13,"fst","RaABAMup","RaABAMup_fst","Pacific Silver Fir - High Elevation",5
"5_53_73_74317",11,129,731,2287,1329,1711000401,"17110003","WNC","Na0710412_fmc_WNC","Na0710412","Na0710412_fmc",7,"fmc","Na0710412","Na0710412_fmc","North Pacific Mountain Hemlock Forest - Xeric",5
"5_53_33_86503",13,138,774,2303,778,1711001302,"17110012","WWC","RaABAMup_fst_WWC","RaABAMup","RaABAMup_fst",13,"fst","RaABAMup","RaABAMup_fst","Pacific Silver Fir - High Elevation",5
"5_53_53_96431",13,139,779,1921,957,1711001404,"17110013","WWC","RaABAMlw_fsi_17110014","RaABAMlw","RaABAMlw_fsi",14,"fsi","RaABAMlw","RaABAMlw_fsi","Pacific Silver Fir - Low Elevation",3
"5_53_53_52551",13,139,778,1921,2069,1711001403,"17110013","WWC","RaABAMlw_fsi_17110014","RaABAMlw","RaABAMlw_fsi",14,"fsi","RaABAMlw","RaABAMlw_fsi","Pacific Silver Fir - Low Elevation",3
"5_53_53_67833",13,139,778,1921,1900,1711001403,"17110013","WWC","RaABAMlw_fsi_17110014","RaABAMlw","RaABAMlw_fsi",14,"fsi","RaABAMlw","RaABAMlw_fsi","Pacific Silver Fir - Low Elevation",3
"5_53_53_93897",13,139,778,2305,849,1711001403,"17110013","WWC","Na0710412_fmc_WWC","Na0710412","Na0710412_fmc",7,"fmc","Na0710412","Na0710412_fmc","North Pacific Mountain Hemlock Forest - Xeric",5
"7_53_41_76726",13,140,781,2305,562,1711001501,"17110014","WWC","Na0710412_fmc_WWC","Na0710412","Na0710412_fmc",7,"fmc","Na0710412","Na0710412_fmc","North Pacific Mountain Hemlock Forest - Xeric",5
"7_53_41_97711",13,82,472,2305,1405,1708000402,"17080003A","WWC","Na0710412_fmc_WWC","Na0710412","Na0710412_fmc",7,"fmc","Na0710412","Na0710412_fmc","North Pacific Mountain Hemlock Forest - Xeric",5
"7_53_41_83862",13,82,472,1940,1379,1708000402,"17080003A","WWC","RaABAMlw_fsi_17080004","RaABAMlw","RaABAMlw_fsi",14,"fsi","RaABAMlw","RaABAMlw_fsi","Pacific Silver Fir - Low Elevation",3
"7_53_41_87817",13,82,472,1940,1046,1708000402,"17080003A","WWC","RaABAMlw_fsi_17080004","RaABAMlw","RaABAMlw_fsi",14,"fsi","RaABAMlw","RaABAMlw_fsi","Pacific Silver Fir - Low Elevation",3
"7_53_41_71530",13,82,472,2292,1462,1708000402,"17080003A","WWC","RaDFHEwt_fwm_WWC","RaDFHEwt","RaDFHEwt_fwm",33,"fwm","RaDFHEwt","RaDFHEwt_fwm","Douglas-fir Hemlock-Wet Mesic",5
"7_53_41_92440",13,82,472,2292,1663,1708000402,"17080003A","WWC","RaDFHEwt_fwm_WWC","RaDFHEwt","RaDFHEwt_fwm",33,"fwm","RaDFHEwt","RaDFHEwt_fwm","Douglas-fir Hemlock-Wet Mesic",5
"7_53_41_85331",13,82,475,1941,446,1708000405,"17080003A","WWC","RaDFHEdy_fwi_17080004","RaDFHEdy","RaDFHEdy_fwi",31,"fwi","RaDFHEdy","RaDFHEdy_fwi","Douglas-fir Hemlock-Dry Mesic",3
"7_53_41_67935",13,82,472,2292,1784,1708000402,"17080003A","WWC","RaDFHEwt_fwm_WWC","RaDFHEwt","RaDFHEwt_fwm",33,"fwm","RaDFHEwt","RaDFHEwt_fwm","Douglas-fir Hemlock-Wet Mesic",5
"7_53_41_83605",13,82,475,1940,2054,1708000405,"17080003A","WWC","RaABAMlw_fsi_17080004","RaABAMlw","RaABAMlw_fsi",14,"fsi","RaABAMlw","RaABAMlw_fsi","Pacific Silver Fir - Low Elevation",3
"7_53_41_56460",13,82,475,2305,2299,1708000405,"17080003A","WWC","Na0710412_fmc_WWC","Na0710412","Na0710412_fmc",7,"fmc","Na0710412","Na0710412_fmc","North Pacific Mountain Hemlock Forest - Xeric",5
"7_53_41_81062",13,82,475,2305,1659,1708000405,"17080003A","WWC","Na0710412_fmc_WWC","Na0710412","Na0710412_fmc",7,"fmc","Na0710412","Na0710412_fmc","North Pacific Mountain Hemlock Forest - Xeric",5
"7_53_41_84906",13,82,473,1941,879,1708000403,"17080003A","WWC","RaDFHEdy_fwi_17080004","RaDFHEdy","RaDFHEdy_fwi",31,"fwi","RaDFHEdy","RaDFHEdy_fwi","Douglas-fir Hemlock-Dry Mesic",3
"7_53_41_55844",13,82,473,2305,1602,1708000403,"17080003A","WWC","Na0710412_fmc_WWC","Na0710412","Na0710412_fmc",7,"fmc","Na0710412","Na0710412_fmc","North Pacific Mountain Hemlock Forest - Xeric",5
"7_53_41_88129",13,82,473,1940,1261,1708000403,"17080003A","WWC","RaABAMlw_fsi_17080004","RaABAMlw","RaABAMlw_fsi",14,"fsi","RaABAMlw","RaABAMlw_fsi","Pacific Silver Fir - Low Elevation",3
"7_53_59_55308",13,82,473,1940,1072,1708000403,"17080003A","WWC","RaABAMlw_fsi_17080004","RaABAMlw","RaABAMlw_fsi",14,"fsi","RaABAMlw","RaABAMlw_fsi","Pacific Silver Fir - Low Elevation",3
"7_53_59_51572",13,82,473,1941,2011,1708000403,"17080003A","WWC","RaDFHEdy_fwi_17080004","RaDFHEdy","RaDFHEdy_fwi",31,"fwi","RaDFHEdy","RaDFHEdy_fwi","Douglas-fir Hemlock-Dry Mesic",3
"7_53_59_54224",13,82,473,1940,1414,1708000403,"17080003A","WWC","RaABAMlw_fsi_17080004","RaABAMlw","RaABAMlw_fsi",14,"fsi","RaABAMlw","RaABAMlw_fsi","Pacific Silver Fir - Low Elevation",3
"2_41_11_70032",3,117,668,2315,361,1710030403,"17100303A","OCR","RaDFHEwt_fwn_OCR","RaDFHEwt","RaDFHEwt_fwn",32,"fwn","RaDFHEwt","RaDFHEwt_fwn","Douglas-fir Hemlock-Wet Mesic",5
"2_41_11_53140",3,117,668,2316,841,1710030403,"17100303A","OCR","RaDFHEwt_fww_OCR","RaDFHEwt","RaDFHEwt_fww",34,"fww","RaDFHEwt","RaDFHEwt_fww","Douglas-fir Hemlock-Wet Mesic",5
"2_41_11_52087",3,117,668,2316,963,1710030403,"17100303A","OCR","RaDFHEwt_fww_OCR","RaDFHEwt","RaDFHEwt_fww",34,"fww","RaDFHEwt","RaDFHEwt_fww","Douglas-fir Hemlock-Wet Mesic",5
"2_41_11_59049",6,118,674,2350,1257,1710030505,"17100304","OSW","RaDFHEwt_fwn_OSW","RaDFHEwt","RaDFHEwt_fwn",32,"fwn","RaDFHEwt","RaDFHEwt_fwn","Douglas-fir Hemlock-Wet Mesic",5
"2_41_11_61403",6,118,674,2350,1382,1710030505,"17100304","OSW","RaDFHEwt_fwn_OSW","RaDFHEwt","RaDFHEwt_fwn",32,"fwn","RaDFHEwt","RaDFHEwt_fwn","Douglas-fir Hemlock-Wet Mesic",5
"2_41_11_70167",6,118,671,2347,1746,1710030502,"17100304","OSW","RaDFHEwt_fwm_OSW","RaDFHEwt","RaDFHEwt_fwm",33,"fwm","RaDFHEwt","RaDFHEwt_fwm","Douglas-fir Hemlock-Wet Mesic",5
"2_41_15_66456",6,119,675,1236,1448,1710030601,"17100305","OSW","RaTAOAco_fto_1710030601","RaTAOAco","RaTAOAco_fto",46,"fto","RaTAOAco","RaTAOAco_fto","Oregon Coastal Tanoak",1
"2_41_15_59983",6,119,676,2347,2320,1710030602,"17100305","OSW","RaDFHEwt_fwm_OSW","RaDFHEwt","RaDFHEwt_fwm",33,"fwm","RaDFHEwt","RaDFHEwt_fwm","Douglas-fir Hemlock-Wet Mesic",5
"2_41_15_53195",6,119,676,1283,2008,1710030602,"17100305","OSW","RaTAOAco_ftm_1710030602","RaTAOAco","RaTAOAco_ftm",47,"ftm","RaTAOAco","RaTAOAco_ftm","Oregon Coastal Tanoak",1
"2_41_15_68305",6,119,676,1283,1272,1710030602,"17100305","OSW","RaTAOAco_ftm_1710030602","RaTAOAco","RaTAOAco_ftm",47,"ftm","RaTAOAco","RaTAOAco_ftm","Oregon Coastal Tanoak",1
"2_41_15_89090",6,119,676,1283,1186,1710030602,"17100305","OSW","RaTAOAco_ftm_1710030602","RaTAOAco","RaTAOAco_ftm",47,"ftm","RaTAOAco","RaTAOAco_ftm","Oregon Coastal Tanoak",1
"2_41_15_92251",6,119,676,1283,1628,1710030602,"17100305","OSW","RaTAOAco_ftm_1710030602","RaTAOAco","RaTAOAco_ftm",47,"ftm","RaTAOAco","RaTAOAco_ftm","Oregon Coastal Tanoak",1
"2_41_15_91574",6,119,677,1311,2150,1710030603,"17100305","OSW","RaTAOAco_ftm_1710030603","RaTAOAco","RaTAOAco_ftm",47,"ftm","RaTAOAco","RaTAOAco_ftm","Oregon Coastal Tanoak",1
"2_41_15_95776",6,119,677,1311,708,1710030603,"17100305","OSW","RaTAOAco_ftm_1710030603","RaTAOAco","RaTAOAco_ftm",47,"ftm","RaTAOAco","RaTAOAco_ftm","Oregon Coastal Tanoak",1
"2_41_15_58581",6,119,677,1311,1044,1710030603,"17100305","OSW","RaTAOAco_ftm_1710030603","RaTAOAco","RaTAOAco_ftm",47,"ftm","RaTAOAco","RaTAOAco_ftm","Oregon Coastal Tanoak",1
"2_41_15_95812",6,119,677,1311,1205,1710030603,"17100305","OSW","RaTAOAco_ftm_1710030603","RaTAOAco","RaTAOAco_ftm",47,"ftm","RaTAOAco","RaTAOAco_ftm","Oregon Coastal Tanoak",1
"2_41_15_68226",6,123,703,2236,562,1710031007,"17100309","OSW","RaDFHEdy_fwi_17100310","RaDFHEdy","RaDFHEdy_fwi",31,"fwi","RaDFHEdy","RaDFHEdy_fwi","Douglas-fir Hemlock-Dry Mesic",3
"2_41_15_88147",6,123,703,1408,1738,1710031007,"17100309","OSW","RaTAOAco_ftm_1710031007","RaTAOAco","RaTAOAco_ftm",47,"ftm","RaTAOAco","RaTAOAco_ftm","Oregon Coastal Tanoak",1
"2_41_15_88287",6,123,703,1408,1587,1710031007,"17100309","OSW","RaTAOAco_ftm_1710031007","RaTAOAco","RaTAOAco_ftm",47,"ftm","RaTAOAco","RaTAOAco_ftm","Oregon Coastal Tanoak",1
"2_41_15_79797",6,123,704,1457,2422,1710031008,"17100309","OSW","RaTAOAco_ftm_1710031008","RaTAOAco","RaTAOAco_ftm",47,"ftm","RaTAOAco","RaTAOAco_ftm","Oregon Coastal Tanoak",1
"2_41_15_75007",6,123,704,1457,2524,1710031008,"17100309","OSW","RaTAOAco_ftm_1710031008","RaTAOAco","RaTAOAco_ftm",47,"ftm","RaTAOAco","RaTAOAco_ftm","Oregon Coastal Tanoak",1
"6_53_9_99241",9,100,562,2295,1399,1710010101,"17090012A","WCR","RaSSHE_fss_WCR","RaSSHE","RaSSHE_fss",60,"fss","RaSSHE","RaSSHE_fss","Sitka Spruce - Western Hemlock",5
"2_41_15_65034",6,123,704,1457,2082,1710031008,"17100309","OSW","RaTAOAco_ftm_1710031008","RaTAOAco","RaTAOAco_ftm",47,"ftm","RaTAOAco","RaTAOAco_ftm","Oregon Coastal Tanoak",1
"2_41_15_76351",6,123,704,1457,1474,1710031008,"17100309","OSW","RaTAOAco_ftm_1710031008","RaTAOAco","RaTAOAco_ftm",47,"ftm","RaTAOAco","RaTAOAco_ftm","Oregon Coastal Tanoak",1
"2_41_15_71178",6,125,720,1557,850,1710031205,"17100311","OSW","RaTAOAco_ftm_1710031205","RaTAOAco","RaTAOAco_ftm",47,"ftm","RaTAOAco","RaTAOAco_ftm","Oregon Coastal Tanoak",1
"2_41_15_75591",6,125,719,1575,1187,1710031204,"17100311","OSW","RaTAOAco_ftm_1710031204","RaTAOAco","RaTAOAco_ftm",47,"ftm","RaTAOAco","RaTAOAco_ftm","Oregon Coastal Tanoak",1
"2_41_15_62208",6,125,719,1575,1936,1710031204,"17100311","OSW","RaTAOAco_ftm_1710031204","RaTAOAco","RaTAOAco_ftm",47,"ftm","RaTAOAco","RaTAOAco_ftm","Oregon Coastal Tanoak",1
"2_41_15_57041",6,125,719,1575,1660,1710031204,"17100311","OSW","RaTAOAco_ftm_1710031204","RaTAOAco","RaTAOAco_ftm",47,"ftm","RaTAOAco","RaTAOAco_ftm","Oregon Coastal Tanoak",1
"2_41_15_82251",6,125,719,1575,2761,1710031204,"17100311","OSW","RaTAOAco_ftm_1710031204","RaTAOAco","RaTAOAco_ftm",47,"ftm","RaTAOAco","RaTAOAco_ftm","Oregon Coastal Tanoak",1
"2_41_15_66387",6,125,719,1584,1245,1710031204,"17100311","OSW","RaMEVG_ftd_1710031204","RaMEVG","RaMEVG_ftd",48,"ftd","RaMEVG","RaMEVG_ftd","California Mixed Evergreen North",1
"2_41_15_51368",6,125,716,1597,1320,1710031201,"17100311","OSW","RaMEVG_ftd_1710031201","RaMEVG","RaMEVG_ftd",48,"ftd","RaMEVG","RaMEVG_ftd","California Mixed Evergreen North",1
"2_41_15_57273",6,125,716,1606,2481,1710031201,"17100311","OSW","RaTAOAco_ftm_1710031201","RaTAOAco","RaTAOAco_ftm",47,"ftm","RaTAOAco","RaTAOAco_ftm","Oregon Coastal Tanoak",1
"2_41_15_76882",6,125,716,1606,2234,1710031201,"17100311","OSW","RaTAOAco_ftm_1710031201","RaTAOAco","RaTAOAco_ftm",47,"ftm","RaTAOAco","RaTAOAco_ftm","Oregon Coastal Tanoak",1
"6_53_9_74691",9,100,563,2295,1533,1710010102,"17090012A","WCR","RaSSHE_fss_WCR","RaSSHE","RaSSHE_fss",60,"fss","RaSSHE","RaSSHE_fss","Sitka Spruce - Western Hemlock",5
"6_53_9_99956",9,100,563,2295,1246,1710010102,"17090012A","WCR","RaSSHE_fss_WCR","RaSSHE","RaSSHE_fss",60,"fss","RaSSHE","RaSSHE_fss","Sitka Spruce - Western Hemlock",5
"6_53_9_77267",9,100,563,2295,665,1710010102,"17090012A","WCR","RaSSHE_fss_WCR","RaSSHE","RaSSHE_fss",60,"fss","RaSSHE","RaSSHE_fss","Sitka Spruce - Western Hemlock",5
"7_53_59_92079",13,82,473,1940,1874,1708000403,"17080003A","WWC","RaABAMlw_fsi_17080004","RaABAMlw","RaABAMlw_fsi",14,"fsi","RaABAMlw","RaABAMlw_fsi","Pacific Silver Fir - Low Elevation",3
"5_53_73_97496",11,130,743,2285,1531,1711000510,"17110004","WNC","RaABAMup_fst_WNC","RaABAMup","RaABAMup_fst",13,"fst","RaABAMup","RaABAMup_fst","Pacific Silver Fir - High Elevation",5
"5_53_73_54974",11,130,743,2286,1104,1711000510,"17110004","WNC","Na0710411_fmt_WNC","Na0710411","Na0710411_fmt",5,"fmt","Na0710411","Na0710411_fmt","North Pacific Mountain Hemlock Forest - Wet",5
"5_53_73_77795",11,126,723,2285,807,1711000103,"17100312","WNC","RaABAMup_fst_WNC","RaABAMup","RaABAMup_fst",13,"fst","RaABAMup","RaABAMup_fst","Pacific Silver Fir - High Elevation",5
"7_53_59_53110",13,82,473,1940,1028,1708000403,"17080003A","WWC","RaABAMlw_fsi_17080004","RaABAMlw","RaABAMlw_fsi",14,"fsi","RaABAMlw","RaABAMlw_fsi","Pacific Silver Fir - Low Elevation",3
"7_53_59_90622",13,82,473,1940,1510,1708000403,"17080003A","WWC","RaABAMlw_fsi_17080004","RaABAMlw","RaABAMlw_fsi",14,"fsi","RaABAMlw","RaABAMlw_fsi","Pacific Silver Fir - Low Elevation",3
"7_53_59_97927",13,78,459,2305,2228,1708000201,"17080001A","WWC","Na0710412_fmc_WWC","Na0710412","Na0710412_fmc",7,"fmc","Na0710412","Na0710412_fmc","North Pacific Mountain Hemlock Forest - Xeric",5
"7_53_59_99024",13,78,459,1970,1165,1708000201,"17080001A","WWC","RaABAMlw_fsi_17080002","RaABAMlw","RaABAMlw_fsi",14,"fsi","RaABAMlw","RaABAMlw_fsi","Pacific Silver Fir - Low Elevation",3
"7_53_59_79584",13,78,459,2305,1484,1708000201,"17080001A","WWC","Na0710412_fmc_WWC","Na0710412","Na0710412_fmc",7,"fmc","Na0710412","Na0710412_fmc","North Pacific Mountain Hemlock Forest - Xeric",5
"7_53_59_60580",13,78,459,2305,2766,1708000201,"17080001A","WWC","Na0710412_fmc_WWC","Na0710412","Na0710412_fmc",7,"fmc","Na0710412","Na0710412_fmc","North Pacific Mountain Hemlock Forest - Xeric",5
"7_53_59_80794",13,78,459,1970,754,1708000201,"17080001A","WWC","RaABAMlw_fsi_17080002","RaABAMlw","RaABAMlw_fsi",14,"fsi","RaABAMlw","RaABAMlw_fsi","Pacific Silver Fir - Low Elevation",3
"7_53_59_57825",13,78,459,1970,1413,1708000201,"17080001A","WWC","RaABAMlw_fsi_17080002","RaABAMlw","RaABAMlw_fsi",14,"fsi","RaABAMlw","RaABAMlw_fsi","Pacific Silver Fir - Low Elevation",3
"7_53_59_67496",13,78,459,1970,1480,1708000201,"17080001A","WWC","RaABAMlw_fsi_17080002","RaABAMlw","RaABAMlw_fsi",14,"fsi","RaABAMlw","RaABAMlw_fsi","Pacific Silver Fir - Low Elevation",3
"7_53_59_82945",10,60,335,1983,1739,1707010508,"17070105B","WEC","RaABAMlw_fsi_17070105A","RaABAMlw","RaABAMlw_fsi",14,"fsi","RaABAMlw","RaABAMlw_fsi","Pacific Silver Fir - Low Elevation",3
"7_53_59_51331",13,78,459,1970,717,1708000201,"17080001A","WWC","RaABAMlw_fsi_17080002","RaABAMlw","RaABAMlw_fsi",14,"fsi","RaABAMlw","RaABAMlw_fsi","Pacific Silver Fir - Low Elevation",3
"7_53_59_87489",10,60,335,1983,1549,1707010508,"17070105B","WEC","RaABAMlw_fsi_17070105A","RaABAMlw","RaABAMlw_fsi",14,"fsi","RaABAMlw","RaABAMlw_fsi","Pacific Silver Fir - Low Elevation",3
"7_53_59_87752",10,60,335,2291,1089,1707010508,"17070105B","WEC","Na0710412_fmh_WEC","Na0710412","Na0710412_fmh",4,"fmh","Na0710412","Na0710412_fmh","North Pacific Mountain Hemlock Forest - Xeric",5
"7_53_59_68080",10,60,335,1983,1377,1707010508,"17070105B","WEC","RaABAMlw_fsi_17070105A","RaABAMlw","RaABAMlw_fsi",14,"fsi","RaABAMlw","RaABAMlw_fsi","Pacific Silver Fir - Low Elevation",3
"7_53_59_95746",10,60,335,1985,1510,1707010508,"17070105B","WEC","RaMCONms_fmm_17070105A","RaMCONms","RaMCONms_fmm",27,"fmm","RaMCONms","RaMCONms_fmm","Mixed Conifer - Eastside Mesic",3
"7_53_59_56318",10,60,335,1983,2822,1707010508,"17070105B","WEC","RaABAMlw_fsi_17070105A","RaABAMlw","RaABAMlw_fsi",14,"fsi","RaABAMlw","RaABAMlw_fsi","Pacific Silver Fir - Low Elevation",3
"7_53_59_70097",10,60,335,1983,2452,1707010508,"17070105B","WEC","RaABAMlw_fsi_17070105A","RaABAMlw","RaABAMlw_fsi",14,"fsi","RaABAMlw","RaABAMlw_fsi","Pacific Silver Fir - Low Elevation",3
"7_53_59_77807",10,60,335,1983,2444,1707010508,"17070105B","WEC","RaABAMlw_fsi_17070105A","RaABAMlw","RaABAMlw_fsi",14,"fsi","RaABAMlw","RaABAMlw_fsi","Pacific Silver Fir - Low Elevation",3
"7_53_59_66689",10,60,335,1983,2529,1707010508,"17070105B","WEC","RaABAMlw_fsi_17070105A","RaABAMlw","RaABAMlw_fsi",14,"fsi","RaABAMlw","RaABAMlw_fsi","Pacific Silver Fir - Low Elevation",3
"7_53_59_72862",10,60,335,1983,1623,1707010508,"17070105B","WEC","RaABAMlw_fsi_17070105A","RaABAMlw","RaABAMlw_fsi",14,"fsi","RaABAMlw","RaABAMlw_fsi","Pacific Silver Fir - Low Elevation",3
"7_53_59_90719",10,60,335,1983,1167,1707010508,"17070105B","WEC","RaABAMlw_fsi_17070105A","RaABAMlw","RaABAMlw_fsi",14,"fsi","RaABAMlw","RaABAMlw_fsi","Pacific Silver Fir - Low Elevation",3
"7_53_59_63089",10,60,336,1985,1668,1707010509,"17070105B","WEC","RaMCONms_fmm_17070105A","RaMCONms","RaMCONms_fmm",27,"fmm","RaMCONms","RaMCONms_fmm","Mixed Conifer - Eastside Mesic",3
"7_53_59_99014",10,60,336,1985,1180,1707010509,"17070105B","WEC","RaMCONms_fmm_17070105A","RaMCONms","RaMCONms_fmm",27,"fmm","RaMCONms","RaMCONms_fmm","Mixed Conifer - Eastside Mesic",3
"7_53_59_68702",10,60,336,1985,1833,1707010509,"17070105B","WEC","RaMCONms_fmm_17070105A","RaMCONms","RaMCONms_fmm",27,"fmm","RaMCONms","RaMCONms_fmm","Mixed Conifer - Eastside Mesic",3
"7_53_59_92441",10,60,336,1985,1618,1707010509,"17070105B","WEC","RaMCONms_fmm_17070105A","RaMCONms","RaMCONms_fmm",27,"fmm","RaMCONms","RaMCONms_fmm","Mixed Conifer - Eastside Mesic",3
"7_53_59_84043",10,60,336,1985,742,1707010509,"17070105B","WEC","RaMCONms_fmm_17070105A","RaMCONms","RaMCONms_fmm",27,"fmm","RaMCONms","RaMCONms_fmm","Mixed Conifer - Eastside Mesic",3
"5_53_73_68044",11,130,743,2285,835,1711000510,"17110004","WNC","RaABAMup_fst_WNC","RaABAMup","RaABAMup_fst",13,"fst","RaABAMup","RaABAMup_fst","Pacific Silver Fir - High Elevation",5
"5_53_73_85884",11,130,743,2285,1449,1711000510,"17110004","WNC","RaABAMup_fst_WNC","RaABAMup","RaABAMup_fst",13,"fst","RaABAMup","RaABAMup_fst","Pacific Silver Fir - High Elevation",5
"7_53_59_71080",10,60,336,1985,2222,1707010509,"17070105B","WEC","RaMCONms_fmm_17070105A","RaMCONms","RaMCONms_fmm",27,"fmm","RaMCONms","RaMCONms_fmm","Mixed Conifer - Eastside Mesic",3
"0_41_27_59348",4,59,332,2016,1719,1707010505,"17070104","OEC","RaDFHEdy_fwi_17070105B","RaDFHEdy","RaDFHEdy_fwi",31,"fwi","RaDFHEdy","RaDFHEdy_fwi","Douglas-fir Hemlock-Dry Mesic",3
"5_53_73_99624",11,130,743,2282,1022,1711000510,"17110004","WNC","RaDFHEwt_fwm_WNC","RaDFHEwt","RaDFHEwt_fwm",33,"fwm","RaDFHEwt","RaDFHEwt_fwm","Douglas-fir Hemlock-Wet Mesic",5
"0_41_27_56058",4,59,332,2014,1271,1707010505,"17070104","OEC","RaMCONms_fmm_17070105B","RaMCONms","RaMCONms_fmm",27,"fmm","RaMCONms","RaMCONms_fmm","Mixed Conifer - Eastside Mesic",3
"0_41_27_90205",4,59,332,2018,733,1707010505,"17070104","OEC","RaABAMlw_fsw_17070105B","RaABAMlw","RaABAMlw_fsw",16,"fsw","RaABAMlw","RaABAMlw_fsw","Pacific Silver Fir - Low Elevation",3
"0_41_27_96090",4,59,332,2324,2078,1707010505,"17070104","OEC","Na0710412_fmh_OEC","Na0710412","Na0710412_fmh",4,"fmh","Na0710412","Na0710412_fmh","North Pacific Mountain Hemlock Forest - Xeric",5
"0_41_27_64075",4,59,332,2324,2775,1707010505,"17070104","OEC","Na0710412_fmh_OEC","Na0710412","Na0710412_fmh",4,"fmh","Na0710412","Na0710412_fmh","North Pacific Mountain Hemlock Forest - Xeric",5
"0_41_27_54732",4,59,332,2324,2032,1707010505,"17070104","OEC","Na0710412_fmh_OEC","Na0710412","Na0710412_fmh",4,"fmh","Na0710412","Na0710412_fmh","North Pacific Mountain Hemlock Forest - Xeric",5
"0_41_27_61497",4,59,332,2324,57,1707010505,"17070104","OEC","Na0710412_fmh_OEC","Na0710412","Na0710412_fmh",4,"fmh","Na0710412","Na0710412_fmh","North Pacific Mountain Hemlock Forest - Xeric",5
"0_41_27_91088",4,59,332,2324,2821,1707010505,"17070104","OEC","Na0710412_fmh_OEC","Na0710412","Na0710412_fmh",4,"fmh","Na0710412","Na0710412_fmh","North Pacific Mountain Hemlock Forest - Xeric",5
"0_41_27_79052",4,73,442,2324,1394,1707030609,"17070305B","OEC","Na0710412_fmh_OEC","Na0710412","Na0710412_fmh",4,"fmh","Na0710412","Na0710412_fmh","North Pacific Mountain Hemlock Forest - Xeric",5
"0_41_27_96979",4,73,442,2043,1657,1707030609,"17070305B","OEC","RaABAMlw_fsi_17070306","RaABAMlw","RaABAMlw_fsi",14,"fsi","RaABAMlw","RaABAMlw_fsi","Pacific Silver Fir - Low Elevation",3
"3_41_65_89003",4,73,442,2043,1028,1707030609,"17070305B","OEC","RaABAMlw_fsi_17070306","RaABAMlw","RaABAMlw_fsi",14,"fsi","RaABAMlw","RaABAMlw_fsi","Pacific Silver Fir - Low Elevation",3
"3_41_65_71959",4,73,442,2049,1983,1707030609,"17070305B","OEC","RaABAMlw_fsw_17070306","RaABAMlw","RaABAMlw_fsw",16,"fsw","RaABAMlw","RaABAMlw_fsw","Pacific Silver Fir - Low Elevation",3
"3_41_65_99726",4,73,442,2049,2666,1707030609,"17070305B","OEC","RaABAMlw_fsw_17070306","RaABAMlw","RaABAMlw_fsw",16,"fsw","RaABAMlw","RaABAMlw_fsw","Pacific Silver Fir - Low Elevation",3
"3_41_65_77796",4,73,442,2047,3143,1707030609,"17070305B","OEC","RaDFHEdy_fwi_17070306","RaDFHEdy","RaDFHEdy_fwi",31,"fwi","RaDFHEdy","RaDFHEdy_fwi","Douglas-fir Hemlock-Dry Mesic",3
"3_41_65_89169",4,73,438,2043,2216,1707030605,"17070305B","OEC","RaABAMlw_fsi_17070306","RaABAMlw","RaABAMlw_fsi",14,"fsi","RaABAMlw","RaABAMlw_fsi","Pacific Silver Fir - Low Elevation",3
"3_41_65_70094",4,73,439,2324,1202,1707030606,"17070305B","OEC","Na0710412_fmh_OEC","Na0710412","Na0710412_fmh",4,"fmh","Na0710412","Na0710412_fmh","North Pacific Mountain Hemlock Forest - Xeric",5
"3_41_65_99058",4,73,439,2039,2417,1707030606,"17070305B","OEC","RaMCONms_fmm_17070306","RaMCONms","RaMCONms_fmm",27,"fmm","RaMCONms","RaMCONms_fmm","Mixed Conifer - Eastside Mesic",3
"3_41_65_98082",4,73,439,2039,2008,1707030606,"17070305B","OEC","RaMCONms_fmm_17070306","RaMCONms","RaMCONms_fmm",27,"fmm","RaMCONms","RaMCONms_fmm","Mixed Conifer - Eastside Mesic",3
"3_41_65_87715",4,73,439,2039,1560,1707030606,"17070305B","OEC","RaMCONms_fmm_17070306","RaMCONms","RaMCONms_fmm",27,"fmm","RaMCONms","RaMCONms_fmm","Mixed Conifer - Eastside Mesic",3
"3_41_65_77545",4,73,437,2039,1756,1707030604,"17070305B","OEC","RaMCONms_fmm_17070306","RaMCONms","RaMCONms_fmm",27,"fmm","RaMCONms","RaMCONms_fmm","Mixed Conifer - Eastside Mesic",3
"3_41_31_68548",4,73,437,2039,2727,1707030604,"17070305B","OEC","RaMCONms_fmm_17070306","RaMCONms","RaMCONms_fmm",27,"fmm","RaMCONms","RaMCONms_fmm","Mixed Conifer - Eastside Mesic",3
"3_41_31_74358",4,73,436,2039,2728,1707030603,"17070305B","OEC","RaMCONms_fmm_17070306","RaMCONms","RaMCONms_fmm",27,"fmm","RaMCONms","RaMCONms_fmm","Mixed Conifer - Eastside Mesic",3
"3_41_31_87646",4,67,396,2085,2030,1707030110,"17070204","OEC","RaMCONms_fmm_17070301","RaMCONms","RaMCONms_fmm",27,"fmm","RaMCONms","RaMCONms_fmm","Mixed Conifer - Eastside Mesic",3
"3_41_31_93751",4,67,396,2085,2479,1707030110,"17070204","OEC","RaMCONms_fmm_17070301","RaMCONms","RaMCONms_fmm",27,"fmm","RaMCONms","RaMCONms_fmm","Mixed Conifer - Eastside Mesic",3
"3_41_31_62211",4,67,396,2085,2201,1707030110,"17070204","OEC","RaMCONms_fmm_17070301","RaMCONms","RaMCONms_fmm",27,"fmm","RaMCONms","RaMCONms_fmm","Mixed Conifer - Eastside Mesic",3
"3_41_31_53826",4,67,395,2085,2527,1707030109,"17070204","OEC","RaMCONms_fmm_17070301","RaMCONms","RaMCONms_fmm",27,"fmm","RaMCONms","RaMCONms_fmm","Mixed Conifer - Eastside Mesic",3
"3_41_31_58028",4,67,395,2085,2016,1707030109,"17070204","OEC","RaMCONms_fmm_17070301","RaMCONms","RaMCONms_fmm",27,"fmm","RaMCONms","RaMCONms_fmm","Mixed Conifer - Eastside Mesic",3
"3_41_31_67238",4,67,395,2095,1080,1707030109,"17070204","OEC","RaPIPOxe_fpd_17070301","RaPIPOxe","RaPIPOxe_fpd",53,"fpd","RaPIPOxe","RaPIPOxe_fpd","Ponderosa Pine - Xeric",3
"3_41_31_51428",4,67,395,2085,1285,1707030109,"17070204","OEC","RaMCONms_fmm_17070301","RaMCONms","RaMCONms_fmm",27,"fmm","RaMCONms","RaMCONms_fmm","Mixed Conifer - Eastside Mesic",3
"3_41_31_75072",4,67,395,2095,1343,1707030109,"17070204","OEC","RaPIPOxe_fpd_17070301","RaPIPOxe","RaPIPOxe_fpd",53,"fpd","RaPIPOxe","RaPIPOxe_fpd","Ponderosa Pine - Xeric",3
"3_41_31_94067",4,67,395,2085,1331,1707030109,"17070204","OEC","RaMCONms_fmm_17070301","RaMCONms","RaMCONms_fmm",27,"fmm","RaMCONms","RaMCONms_fmm","Mixed Conifer - Eastside Mesic",3
"3_41_31_70218",4,67,395,2095,1102,1707030109,"17070204","OEC","RaPIPOxe_fpd_17070301","RaPIPOxe","RaPIPOxe_fpd",53,"fpd","RaPIPOxe","RaPIPOxe_fpd","Ponderosa Pine - Xeric",3
"3_41_17_63559",4,67,393,828,1323,1707030107,"17070204","OEC","RaMCONdy_fmd_1707030107","RaMCONdy","RaMCONdy_fmd",28,"fmd","RaMCONdy","RaMCONdy_fmd","Mixed Conifer - Eastside Dry",1
"3_41_17_50068",4,67,393,2095,2360,1707030107,"17070204","OEC","RaPIPOxe_fpd_17070301","RaPIPOxe","RaPIPOxe_fpd",53,"fpd","RaPIPOxe","RaPIPOxe_fpd","Ponderosa Pine - Xeric",3
"3_41_17_78227",4,67,393,2095,1949,1707030107,"17070204","OEC","RaPIPOxe_fpd_17070301","RaPIPOxe","RaPIPOxe_fpd",53,"fpd","RaPIPOxe","RaPIPOxe_fpd","Ponderosa Pine - Xeric",3
"3_41_17_60659",4,67,393,2095,2084,1707030107,"17070204","OEC","RaPIPOxe_fpd_17070301","RaPIPOxe","RaPIPOxe_fpd",53,"fpd","RaPIPOxe","RaPIPOxe_fpd","Ponderosa Pine - Xeric",3
"3_41_17_54821",4,67,393,2095,1880,1707030107,"17070204","OEC","RaPIPOxe_fpd_17070301","RaPIPOxe","RaPIPOxe_fpd",53,"fpd","RaPIPOxe","RaPIPOxe_fpd","Ponderosa Pine - Xeric",3
"3_41_17_56067",4,67,393,2095,1651,1707030107,"17070204","OEC","RaPIPOxe_fpd_17070301","RaPIPOxe","RaPIPOxe_fpd",53,"fpd","RaPIPOxe","RaPIPOxe_fpd","Ponderosa Pine - Xeric",3
"3_41_17_91433",4,67,393,2095,1675,1707030107,"17070204","OEC","RaPIPOxe_fpd_17070301","RaPIPOxe","RaPIPOxe_fpd",53,"fpd","RaPIPOxe","RaPIPOxe_fpd","Ponderosa Pine - Xeric",3
"3_41_17_87505",4,67,392,2085,1207,1707030106,"17070204","OEC","RaMCONms_fmm_17070301","RaMCONms","RaMCONms_fmm",27,"fmm","RaMCONms","RaMCONms_fmm","Mixed Conifer - Eastside Mesic",3
"3_41_17_99131",4,67,392,2095,1026,1707030106,"17070204","OEC","RaPIPOxe_fpd_17070301","RaPIPOxe","RaPIPOxe_fpd",53,"fpd","RaPIPOxe","RaPIPOxe_fpd","Ponderosa Pine - Xeric",3
"3_41_17_98341",4,67,392,925,1107,1707030106,"17070204","OEC","RaMCONdy_fmx_1707030106","RaMCONdy","RaMCONdy_fmx",29,"fmx","RaMCONdy","RaMCONdy_fmx","Mixed Conifer - Eastside Dry",1
"3_41_17_57438",4,67,392,2095,993,1707030106,"17070204","OEC","RaPIPOxe_fpd_17070301","RaPIPOxe","RaPIPOxe_fpd",53,"fpd","RaPIPOxe","RaPIPOxe_fpd","Ponderosa Pine - Xeric",3
"5_53_57_52114",11,132,749,1806,1472,1711000701,"17110006","WNC","RaDFHEdy_fdg_17110007","RaDFHEdy","RaDFHEdy_fdg",24,"fdg","RaDFHEdy","RaDFHEdy_fdg","Douglas-fir Hemlock-Dry Mesic",3
"3_41_17_83121",4,67,392,2339,866,1707030106,"17070204","OEC","RaPICOpu_fld_OEC","RaPICOpu","RaPICOpu_fld",49,"fld","RaPICOpu","RaPICOpu_fld","Lodgepole Pine - Pumice Soils",4
"3_41_17_80490",4,67,392,2339,781,1707030106,"17070204","OEC","RaPICOpu_fld_OEC","RaPICOpu","RaPICOpu_fld",49,"fld","RaPICOpu","RaPICOpu_fld","Lodgepole Pine - Pumice Soils",4
"3_41_17_70446",4,67,391,2324,1480,1707030105,"17070204","OEC","Na0710412_fmh_OEC","Na0710412","Na0710412_fmh",4,"fmh","Na0710412","Na0710412_fmh","North Pacific Mountain Hemlock Forest - Xeric",5
"3_41_17_53874",4,67,391,2324,1072,1707030105,"17070204","OEC","Na0710412_fmh_OEC","Na0710412","Na0710412_fmh",4,"fmh","Na0710412","Na0710412_fmh","North Pacific Mountain Hemlock Forest - Xeric",5
"3_41_17_62934",4,67,391,2324,1396,1707030105,"17070204","OEC","Na0710412_fmh_OEC","Na0710412","Na0710412_fmh",4,"fmh","Na0710412","Na0710412_fmh","North Pacific Mountain Hemlock Forest - Xeric",5
"3_41_17_90118",4,67,389,2324,993,1707030103,"17070204","OEC","Na0710412_fmh_OEC","Na0710412","Na0710412_fmh",4,"fmh","Na0710412","Na0710412_fmh","North Pacific Mountain Hemlock Forest - Xeric",5
"3_41_17_63028",4,67,389,2324,1416,1707030103,"17070204","OEC","Na0710412_fmh_OEC","Na0710412","Na0710412_fmh",4,"fmh","Na0710412","Na0710412_fmh","North Pacific Mountain Hemlock Forest - Xeric",5
"3_41_17_59599",4,67,389,2339,1644,1707030103,"17070204","OEC","RaPICOpu_fld_OEC","RaPICOpu","RaPICOpu_fld",49,"fld","RaPICOpu","RaPICOpu_fld","Lodgepole Pine - Pumice Soils",4
"3_41_17_82798",4,67,389,2095,1228,1707030103,"17070204","OEC","RaPIPOxe_fpd_17070301","RaPIPOxe","RaPIPOxe_fpd",53,"fpd","RaPIPOxe","RaPIPOxe_fpd","Ponderosa Pine - Xeric",3
"3_41_17_92460",4,67,389,2095,1966,1707030103,"17070204","OEC","RaPIPOxe_fpd_17070301","RaPIPOxe","RaPIPOxe_fpd",53,"fpd","RaPIPOxe","RaPIPOxe_fpd","Ponderosa Pine - Xeric",3
"3_41_17_88585",4,67,389,2095,1651,1707030103,"17070204","OEC","RaPIPOxe_fpd_17070301","RaPIPOxe","RaPIPOxe_fpd",53,"fpd","RaPIPOxe","RaPIPOxe_fpd","Ponderosa Pine - Xeric",3
"3_41_17_65431",4,67,389,1025,1635,1707030103,"17070204","OEC","RaPIPOm_fpl_1707030103","RaPIPOm","RaPIPOm_fpl",55,"fpl","RaPIPOm","RaPIPOm_fpl","Dry Ponderosa Pine - Mesic",1
"3_41_17_50627",4,67,389,1025,2539,1707030103,"17070204","OEC","RaPIPOm_fpl_1707030103","RaPIPOm","RaPIPOm_fpl",55,"fpl","RaPIPOm","RaPIPOm_fpl","Dry Ponderosa Pine - Mesic",1
"3_41_17_79958",4,67,389,1025,1826,1707030103,"17070204","OEC","RaPIPOm_fpl_1707030103","RaPIPOm","RaPIPOm_fpl",55,"fpl","RaPIPOm","RaPIPOm_fpl","Dry Ponderosa Pine - Mesic",1
"3_41_17_87497",4,67,389,2339,2220,1707030103,"17070204","OEC","RaPICOpu_fld_OEC","RaPICOpu","RaPICOpu_fld",49,"fld","RaPICOpu","RaPICOpu_fld","Lodgepole Pine - Pumice Soils",4
"3_41_17_94907",4,67,389,1025,2186,1707030103,"17070204","OEC","RaPIPOm_fpl_1707030103","RaPIPOm","RaPIPOm_fpl",55,"fpl","RaPIPOm","RaPIPOm_fpl","Dry Ponderosa Pine - Mesic",1
"3_41_17_93321",4,67,389,1025,1539,1707030103,"17070204","OEC","RaPIPOm_fpl_1707030103","RaPIPOm","RaPIPOm_fpl",55,"fpl","RaPIPOm","RaPIPOm_fpl","Dry Ponderosa Pine - Mesic",1
"3_41_17_77844",4,67,389,1025,1253,1707030103,"17070204","OEC","RaPIPOm_fpl_1707030103","RaPIPOm","RaPIPOm_fpl",55,"fpl","RaPIPOm","RaPIPOm_fpl","Dry Ponderosa Pine - Mesic",1
"3_41_17_52281",4,68,400,1069,2208,1707030203,"17070301","OEC","RaPIPOm_fpl_1707030203","RaPIPOm","RaPIPOm_fpl",55,"fpl","RaPIPOm","RaPIPOm_fpl","Dry Ponderosa Pine - Mesic",1
"3_41_17_72365",4,68,400,1069,727,1707030203,"17070301","OEC","RaPIPOm_fpl_1707030203","RaPIPOm","RaPIPOm_fpl",55,"fpl","RaPIPOm","RaPIPOm_fpl","Dry Ponderosa Pine - Mesic",1
"5_53_73_91042",11,126,723,1773,1363,1711000103,"17100312","WNC","RaSAWD_fal_17110001","RaSAWD","RaSAWD_fal",2,"fal","RaSAWD","RaSAWD_fal","Subalpine Woodland",3
"5_53_73_98195",11,126,723,2286,2031,1711000103,"17100312","WNC","Na0710411_fmt_WNC","Na0710411","Na0710411_fmt",5,"fmt","Na0710411","Na0710411_fmt","North Pacific Mountain Hemlock Forest - Wet",5
"3_41_35_87720",4,68,400,2340,552,1707030203,"17070301","OEC","RaPICOpu_flw_OEC","RaPICOpu","RaPICOpu_flw",50,"flw","RaPICOpu","RaPICOpu_flw","Lodgepole Pine - Pumice Soils",4
"3_41_35_56473",4,68,402,2339,2382,1707030205,"17070301","OEC","RaPICOpu_fld_OEC","RaPICOpu","RaPICOpu_fld",49,"fld","RaPICOpu","RaPICOpu_fld","Lodgepole Pine - Pumice Soils",4
"3_41_35_75026",4,68,401,1129,1368,1707030204,"17070301","OEC","RaMCONdy_fmx_1707030204","RaMCONdy","RaMCONdy_fmx",29,"fmx","RaMCONdy","RaMCONdy_fmx","Mixed Conifer - Eastside Dry",1
"3_41_35_54687",4,68,401,2159,2068,1707030204,"17070301","OEC","RaMCONms_fmm_17070302","RaMCONms","RaMCONms_fmm",27,"fmm","RaMCONms","RaMCONms_fmm","Mixed Conifer - Eastside Mesic",3
"3_41_35_63097",4,68,401,2339,628,1707030204,"17070301","OEC","RaPICOpu_fld_OEC","RaPICOpu","RaPICOpu_fld",49,"fld","RaPICOpu","RaPICOpu_fld","Lodgepole Pine - Pumice Soils",4
"5_53_57_97275",11,132,749,2282,678,1711000701,"17110006","WNC","RaDFHEwt_fwm_WNC","RaDFHEwt","RaDFHEwt_fwm",33,"fwm","RaDFHEwt","RaDFHEwt_fwm","Douglas-fir Hemlock-Wet Mesic",5
"5_53_57_80662",11,132,749,2285,1002,1711000701,"17110006","WNC","RaABAMup_fst_WNC","RaABAMup","RaABAMup_fst",13,"fst","RaABAMup","RaABAMup_fst","Pacific Silver Fir - High Elevation",5
"3_41_35_93956",4,68,401,2159,1763,1707030204,"17070301","OEC","RaMCONms_fmm_17070302","RaMCONms","RaMCONms_fmm",27,"fmm","RaMCONms","RaMCONms_fmm","Mixed Conifer - Eastside Mesic",3
"3_41_35_64631",4,157,895,1162,872,1801020104,"18010101","OEC","RaMCONdy_fmx_1801020104","RaMCONdy","RaMCONdy_fmx",29,"fmx","RaMCONdy","RaMCONdy_fmx","Mixed Conifer - Eastside Dry",1
"3_41_35_59160",4,157,895,1162,1077,1801020104,"18010101","OEC","RaMCONdy_fmx_1801020104","RaMCONdy","RaMCONdy_fmx",29,"fmx","RaMCONdy","RaMCONdy_fmx","Mixed Conifer - Eastside Dry",1
"3_41_35_63492",4,157,895,2339,1541,1801020104,"18010101","OEC","RaPICOpu_fld_OEC","RaPICOpu","RaPICOpu_fld",49,"fld","RaPICOpu","RaPICOpu_fld","Lodgepole Pine - Pumice Soils",4
"3_41_35_65031",4,157,895,2339,1795,1801020104,"18010101","OEC","RaPICOpu_fld_OEC","RaPICOpu","RaPICOpu_fld",49,"fld","RaPICOpu","RaPICOpu_fld","Lodgepole Pine - Pumice Soils",4
"3_41_35_70157",4,157,893,2339,1695,1801020102,"18010101","OEC","RaPICOpu_fld_OEC","RaPICOpu","RaPICOpu_fld",49,"fld","RaPICOpu","RaPICOpu_fld","Lodgepole Pine - Pumice Soils",4
"3_41_35_54535",4,157,895,2339,1803,1801020104,"18010101","OEC","RaPICOpu_fld_OEC","RaPICOpu","RaPICOpu_fld",49,"fld","RaPICOpu","RaPICOpu_fld","Lodgepole Pine - Pumice Soils",4
"3_41_35_87976",4,157,895,2339,2164,1801020104,"18010101","OEC","RaPICOpu_fld_OEC","RaPICOpu","RaPICOpu_fld",49,"fld","RaPICOpu","RaPICOpu_fld","Lodgepole Pine - Pumice Soils",4
"3_41_35_74363",4,157,895,2200,2611,1801020104,"18010101","OEC","RaMCONms_fmm_18010201","RaMCONms","RaMCONms_fmm",27,"fmm","RaMCONms","RaMCONms_fmm","Mixed Conifer - Eastside Mesic",3
"3_41_35_88715",4,157,895,2200,1533,1801020104,"18010101","OEC","RaMCONms_fmm_18010201","RaMCONms","RaMCONms_fmm",27,"fmm","RaMCONms","RaMCONms_fmm","Mixed Conifer - Eastside Mesic",3
"3_41_35_59909",4,157,895,1164,2371,1801020104,"18010101","OEC","RaPIPOm_fpl_1801020104","RaPIPOm","RaPIPOm_fpl",55,"fpl","RaPIPOm","RaPIPOm_fpl","Dry Ponderosa Pine - Mesic",1
"5_53_57_74907",11,132,749,2285,1041,1711000701,"17110006","WNC","RaABAMup_fst_WNC","RaABAMup","RaABAMup_fst",13,"fst","RaABAMup","RaABAMup_fst","Pacific Silver Fir - High Elevation",5
"5_53_57_89684",11,132,749,2285,1432,1711000701,"17110006","WNC","RaABAMup_fst_WNC","RaABAMup","RaABAMup_fst",13,"fst","RaABAMup","RaABAMup_fst","Pacific Silver Fir - High Elevation",5
"3_41_35_68638",4,157,895,1164,1788,1801020104,"18010101","OEC","RaPIPOm_fpl_1801020104","RaPIPOm","RaPIPOm_fpl",55,"fpl","RaPIPOm","RaPIPOm_fpl","Dry Ponderosa Pine - Mesic",1
"3_41_35_69219",4,157,895,1164,2008,1801020104,"18010101","OEC","RaPIPOm_fpl_1801020104","RaPIPOm","RaPIPOm_fpl",55,"fpl","RaPIPOm","RaPIPOm_fpl","Dry Ponderosa Pine - Mesic",1
"3_41_35_91158",4,157,895,1164,2809,1801020104,"18010101","OEC","RaPIPOm_fpl_1801020104","RaPIPOm","RaPIPOm_fpl",55,"fpl","RaPIPOm","RaPIPOm_fpl","Dry Ponderosa Pine - Mesic",1
"3_41_35_77053",4,157,895,2339,1044,1801020104,"18010101","OEC","RaPICOpu_fld_OEC","RaPICOpu","RaPICOpu_fld",49,"fld","RaPICOpu","RaPICOpu_fld","Lodgepole Pine - Pumice Soils",4
"3_41_35_79398",4,157,895,2339,2551,1801020104,"18010101","OEC","RaPICOpu_fld_OEC","RaPICOpu","RaPICOpu_fld",49,"fld","RaPICOpu","RaPICOpu_fld","Lodgepole Pine - Pumice Soils",4
"3_41_35_91914",4,157,895,1164,1816,1801020104,"18010101","OEC","RaPIPOm_fpl_1801020104","RaPIPOm","RaPIPOm_fpl",55,"fpl","RaPIPOm","RaPIPOm_fpl","Dry Ponderosa Pine - Mesic",1
"3_41_35_77966",4,157,895,1164,2646,1801020104,"18010101","OEC","RaPIPOm_fpl_1801020104","RaPIPOm","RaPIPOm_fpl",55,"fpl","RaPIPOm","RaPIPOm_fpl","Dry Ponderosa Pine - Mesic",1
"3_41_35_75041",4,157,895,1164,1340,1801020104,"18010101","OEC","RaPIPOm_fpl_1801020104","RaPIPOm","RaPIPOm_fpl",55,"fpl","RaPIPOm","RaPIPOm_fpl","Dry Ponderosa Pine - Mesic",1
"3_41_35_96701",4,157,895,1164,1876,1801020104,"18010101","OEC","RaPIPOm_fpl_1801020104","RaPIPOm","RaPIPOm_fpl",55,"fpl","RaPIPOm","RaPIPOm_fpl","Dry Ponderosa Pine - Mesic",1
"3_41_35_79609",4,157,895,1164,1991,1801020104,"18010101","OEC","RaPIPOm_fpl_1801020104","RaPIPOm","RaPIPOm_fpl",55,"fpl","RaPIPOm","RaPIPOm_fpl","Dry Ponderosa Pine - Mesic",1
"3_41_35_52442",4,157,895,1164,2179,1801020104,"18010101","OEC","RaPIPOm_fpl_1801020104","RaPIPOm","RaPIPOm_fpl",55,"fpl","RaPIPOm","RaPIPOm_fpl","Dry Ponderosa Pine - Mesic",1
"3_41_35_78717",4,157,895,1164,1777,1801020104,"18010101","OEC","RaPIPOm_fpl_1801020104","RaPIPOm","RaPIPOm_fpl",55,"fpl","RaPIPOm","RaPIPOm_fpl","Dry Ponderosa Pine - Mesic",1
"3_41_35_91853",4,157,895,1162,974,1801020104,"18010101","OEC","RaMCONdy_fmx_1801020104","RaMCONdy","RaMCONdy_fmx",29,"fmx","RaMCONdy","RaMCONdy_fmx","Mixed Conifer - Eastside Dry",1
"5_53_57_74052",11,132,749,2286,828,1711000701,"17110006","WNC","Na0710411_fmt_WNC","Na0710411","Na0710411_fmt",5,"fmt","Na0710411","Na0710411_fmt","North Pacific Mountain Hemlock Forest - Wet",5
"3_41_35_68177",4,157,892,1253,1201,1801020101,"18010101","OEC","RaMCONdy_fmx_1801020101","RaMCONdy","RaMCONdy_fmx",29,"fmx","RaMCONdy","RaMCONdy_fmx","Mixed Conifer - Eastside Dry",1
"3_41_35_56014",4,157,892,1251,1751,1801020101,"18010101","OEC","RaPIPOm_fpl_1801020101","RaPIPOm","RaPIPOm_fpl",55,"fpl","RaPIPOm","RaPIPOm_fpl","Dry Ponderosa Pine - Mesic",1
"3_41_35_78085",4,157,892,1251,1351,1801020101,"18010101","OEC","RaPIPOm_fpl_1801020101","RaPIPOm","RaPIPOm_fpl",55,"fpl","RaPIPOm","RaPIPOm_fpl","Dry Ponderosa Pine - Mesic",1
"3_41_35_86857",4,157,892,1251,1005,1801020101,"18010101","OEC","RaPIPOm_fpl_1801020101","RaPIPOm","RaPIPOm_fpl",55,"fpl","RaPIPOm","RaPIPOm_fpl","Dry Ponderosa Pine - Mesic",1
"3_41_35_62219",4,157,892,1251,784,1801020101,"18010101","OEC","RaPIPOm_fpl_1801020101","RaPIPOm","RaPIPOm_fpl",55,"fpl","RaPIPOm","RaPIPOm_fpl","Dry Ponderosa Pine - Mesic",1
"3_41_35_56594",4,157,897,1357,1830,1801020106,"18010101","OEC","RaMCONdy_fmx_1801020106","RaMCONdy","RaMCONdy_fmx",29,"fmx","RaMCONdy","RaMCONdy_fmx","Mixed Conifer - Eastside Dry",1
"3_41_35_65605",4,157,897,1357,1704,1801020106,"18010101","OEC","RaMCONdy_fmx_1801020106","RaMCONdy","RaMCONdy_fmx",29,"fmx","RaMCONdy","RaMCONdy_fmx","Mixed Conifer - Eastside Dry",1
"3_41_35_75893",4,158,904,1430,1440,1801020207,"18010201","OEC","RaMCONdy_fmx_1801020207","RaMCONdy","RaMCONdy_fmx",29,"fmx","RaMCONdy","RaMCONdy_fmx","Mixed Conifer - Eastside Dry",1
"3_41_35_59996",4,158,904,1430,3251,1801020207,"18010201","OEC","RaMCONdy_fmx_1801020207","RaMCONdy","RaMCONdy_fmx",29,"fmx","RaMCONdy","RaMCONdy_fmx","Mixed Conifer - Eastside Dry",1
"3_41_35_70008",4,158,904,1430,2252,1801020207,"18010201","OEC","RaMCONdy_fmx_1801020207","RaMCONdy","RaMCONdy_fmx",29,"fmx","RaMCONdy","RaMCONdy_fmx","Mixed Conifer - Eastside Dry",1
"3_41_35_54275",4,158,904,1432,915,1801020207,"18010201","OEC","RaPIPOm_fpl_1801020207","RaPIPOm","RaPIPOm_fpl",55,"fpl","RaPIPOm","RaPIPOm_fpl","Dry Ponderosa Pine - Mesic",1
"5_53_57_83809",11,133,751,2285,1891,1711000801,"17110007","WNC","RaABAMup_fst_WNC","RaABAMup","RaABAMup_fst",13,"fst","RaABAMup","RaABAMup_fst","Pacific Silver Fir - High Elevation",5
"3_41_35_63686",4,158,904,2233,1599,1801020207,"18010201","OEC","RaPIPOxe_fxp_18010202","RaPIPOxe","RaPIPOxe_fxp",56,"fxp","RaPIPOxe","RaPIPOxe_fxp","Ponderosa Pine - Xeric",3
"3_41_35_85209",4,158,904,2233,1428,1801020207,"18010201","OEC","RaPIPOxe_fxp_18010202","RaPIPOxe","RaPIPOxe_fxp",56,"fxp","RaPIPOxe","RaPIPOxe_fxp","Ponderosa Pine - Xeric",3
"3_41_35_73563",4,160,912,2261,1316,1801020407,"18010203","OEC","RaPIPOxe_fpd_18010204","RaPIPOxe","RaPIPOxe_fpd",53,"fpd","RaPIPOxe","RaPIPOxe_fpd","Ponderosa Pine - Xeric",3
"3_41_35_69572",4,160,912,2260,1002,1801020407,"18010203","OEC","RaPIPOxe_fxp_18010204","RaPIPOxe","RaPIPOxe_fxp",56,"fxp","RaPIPOxe","RaPIPOxe_fxp","Ponderosa Pine - Xeric",3
"5_53_57_54822",11,133,751,2286,1388,1711000801,"17110007","WNC","Na0710411_fmt_WNC","Na0710411","Na0710411_fmt",5,"fmt","Na0710411","Na0710411_fmt","North Pacific Mountain Hemlock Forest - Wet",5
"3_41_35_99428",4,160,914,2260,884,1801020409,"18010203","OEC","RaPIPOxe_fxp_18010204","RaPIPOxe","RaPIPOxe_fxp",56,"fxp","RaPIPOxe","RaPIPOxe_fxp","Ponderosa Pine - Xeric",3
"5_53_57_93213",11,133,751,2285,1117,1711000801,"17110007","WNC","RaABAMup_fst_WNC","RaABAMup","RaABAMup_fst",13,"fst","RaABAMup","RaABAMup_fst","Pacific Silver Fir - High Elevation",5
"5_53_61_53408",11,133,751,1828,1397,1711000801,"17110007","WNC","RaDFHEdy_fwi_17110008","RaDFHEdy","RaDFHEdy_fwi",31,"fwi","RaDFHEdy","RaDFHEdy_fwi","Douglas-fir Hemlock-Dry Mesic",3
"5_53_61_58951",11,133,751,2285,1860,1711000801,"17110007","WNC","RaABAMup_fst_WNC","RaABAMup","RaABAMup_fst",13,"fst","RaABAMup","RaABAMup_fst","Pacific Silver Fir - High Elevation",5
"5_53_61_77993",11,133,751,2285,1538,1711000801,"17110007","WNC","RaABAMup_fst_WNC","RaABAMup","RaABAMup_fst",13,"fst","RaABAMup","RaABAMup_fst","Pacific Silver Fir - High Elevation",5
"5_53_61_82516",11,133,752,2286,512,1711000802,"17110007","WNC","Na0710411_fmt_WNC","Na0710411","Na0710411_fmt",5,"fmt","Na0710411","Na0710411_fmt","North Pacific Mountain Hemlock Forest - Wet",5
"5_53_61_53881",11,133,752,2285,995,1711000802,"17110007","WNC","RaABAMup_fst_WNC","RaABAMup","RaABAMup_fst",13,"fst","RaABAMup","RaABAMup_fst","Pacific Silver Fir - High Elevation",5
"5_53_61_82344",11,133,752,2285,2387,1711000802,"17110007","WNC","RaABAMup_fst_WNC","RaABAMup","RaABAMup_fst",13,"fst","RaABAMup","RaABAMup_fst","Pacific Silver Fir - High Elevation",5
"5_53_61_69387",13,136,767,2303,2232,1711001101,"17110010","WWC","RaABAMup_fst_WWC","RaABAMup","RaABAMup_fst",13,"fst","RaABAMup","RaABAMup_fst","Pacific Silver Fir - High Elevation",5
"5_53_61_76203",11,134,758,2285,2317,1711000905,"17110008","WNC","RaABAMup_fst_WNC","RaABAMup","RaABAMup_fst",13,"fst","RaABAMup","RaABAMup_fst","Pacific Silver Fir - High Elevation",5
"5_53_73_95269",11,129,731,2285,1948,1711000401,"17110003","WNC","RaABAMup_fst_WNC","RaABAMup","RaABAMup_fst",13,"fst","RaABAMup","RaABAMup_fst","Pacific Silver Fir - High Elevation",5
"5_53_61_50473",11,134,759,2282,1226,1711000906,"17110008","WNC","RaDFHEwt_fwm_WNC","RaDFHEwt","RaDFHEwt_fwm",33,"fwm","RaDFHEwt","RaDFHEwt_fwm","Douglas-fir Hemlock-Wet Mesic",5
"5_53_61_71179",11,134,759,1862,1743,1711000906,"17110008","WNC","RaDFHEdy_fdg_17110009","RaDFHEdy","RaDFHEdy_fdg",24,"fdg","RaDFHEdy","RaDFHEdy_fdg","Douglas-fir Hemlock-Dry Mesic",3
"5_53_61_85983",11,134,759,2285,2549,1711000906,"17110008","WNC","RaABAMup_fst_WNC","RaABAMup","RaABAMup_fst",13,"fst","RaABAMup","RaABAMup_fst","Pacific Silver Fir - High Elevation",5
"5_53_33_91104",11,135,765,2285,2877,1711001005,"17110009","WNC","RaABAMup_fst_WNC","RaABAMup","RaABAMup_fst",13,"fst","RaABAMup","RaABAMup_fst","Pacific Silver Fir - High Elevation",5
"5_53_33_97933",11,135,765,2282,1417,1711001005,"17110009","WNC","RaDFHEwt_fwm_WNC","RaDFHEwt","RaDFHEwt_fwm",33,"fwm","RaDFHEwt","RaDFHEwt_fwm","Douglas-fir Hemlock-Wet Mesic",5
"5_53_33_62875",11,135,761,2282,731,1711001001,"17110009","WNC","RaDFHEwt_fwm_WNC","RaDFHEwt","RaDFHEwt_fwm",33,"fwm","RaDFHEwt","RaDFHEwt_fwm","Douglas-fir Hemlock-Wet Mesic",5
"5_53_73_74896",11,129,731,2285,1203,1711000401,"17110003","WNC","RaABAMup_fst_WNC","RaABAMup","RaABAMup_fst",13,"fst","RaABAMup","RaABAMup_fst","Pacific Silver Fir - High Elevation",5
"5_53_33_96977",11,135,761,2282,958,1711001001,"17110009","WNC","RaDFHEwt_fwm_WNC","RaDFHEwt","RaDFHEwt_fwm",33,"fwm","RaDFHEwt","RaDFHEwt_fwm","Douglas-fir Hemlock-Wet Mesic",5
"5_53_33_70724",11,135,761,2285,2145,1711001001,"17110009","WNC","RaABAMup_fst_WNC","RaABAMup","RaABAMup_fst",13,"fst","RaABAMup","RaABAMup_fst","Pacific Silver Fir - High Elevation",5
"5_53_33_85373",13,137,769,2292,1512,1711001201,"17110011","WWC","RaDFHEwt_fwm_WWC","RaDFHEwt","RaDFHEwt_fwm",33,"fwm","RaDFHEwt","RaDFHEwt_fwm","Douglas-fir Hemlock-Wet Mesic",5
"5_53_33_76004",11,135,763,2286,620,1711001003,"17110009","WNC","Na0710411_fmt_WNC","Na0710411","Na0710411_fmt",5,"fmt","Na0710411","Na0710411_fmt","North Pacific Mountain Hemlock Forest - Wet",5
"5_53_33_62931",13,137,769,2303,1565,1711001201,"17110011","WWC","RaABAMup_fst_WWC","RaABAMup","RaABAMup_fst",13,"fst","RaABAMup","RaABAMup_fst","Pacific Silver Fir - High Elevation",5
"5_53_33_78890",13,138,774,2303,705,1711001302,"17110012","WWC","RaABAMup_fst_WWC","RaABAMup","RaABAMup_fst",13,"fst","RaABAMup","RaABAMup_fst","Pacific Silver Fir - High Elevation",5
"5_53_33_61941",13,138,774,2293,786,1711001302,"17110012","WWC","RaDFHEwt_fww_WWC","RaDFHEwt","RaDFHEwt_fww",34,"fww","RaDFHEwt","RaDFHEwt_fww","Douglas-fir Hemlock-Wet Mesic",5
"5_53_33_60666",13,139,779,2303,1409,1711001404,"17110013","WWC","RaABAMup_fst_WWC","RaABAMup","RaABAMup_fst",13,"fst","RaABAMup","RaABAMup_fst","Pacific Silver Fir - High Elevation",5
"5_53_53_53952",13,139,779,2303,726,1711001404,"17110013","WWC","RaABAMup_fst_WWC","RaABAMup","RaABAMup_fst",13,"fst","RaABAMup","RaABAMup_fst","Pacific Silver Fir - High Elevation",5
"5_53_53_65632",13,139,778,2303,841,1711001403,"17110013","WWC","RaABAMup_fst_WWC","RaABAMup","RaABAMup_fst",13,"fst","RaABAMup","RaABAMup_fst","Pacific Silver Fir - High Elevation",5
"5_53_53_83408",13,139,778,1921,1091,1711001403,"17110013","WWC","RaABAMlw_fsi_17110014","RaABAMlw","RaABAMlw_fsi",14,"fsi","RaABAMlw","RaABAMlw_fsi","Pacific Silver Fir - Low Elevation",3
"5_53_53_98380",13,139,778,1918,1349,1711001403,"17110013","WWC","RaDFHEdy_fdg_17110014","RaDFHEdy","RaDFHEdy_fdg",24,"fdg","RaDFHEdy","RaDFHEdy_fdg","Douglas-fir Hemlock-Dry Mesic",3
"5_53_53_66100",13,139,778,1921,1391,1711001403,"17110013","WWC","RaABAMlw_fsi_17110014","RaABAMlw","RaABAMlw_fsi",14,"fsi","RaABAMlw","RaABAMlw_fsi","Pacific Silver Fir - Low Elevation",3
"5_53_53_55886",13,139,778,1917,1077,1711001403,"17110013","WWC","RaDFHEdy_fwi_17110014","RaDFHEdy","RaDFHEdy_fwi",31,"fwi","RaDFHEdy","RaDFHEdy_fwi","Douglas-fir Hemlock-Dry Mesic",3
"5_53_53_78460",13,139,778,1928,633,1711001403,"17110013","WWC","RaSAWD_fal_17110014","RaSAWD","RaSAWD_fal",2,"fal","RaSAWD","RaSAWD_fal","Subalpine Woodland",3
"7_53_41_98114",13,82,472,1940,1281,1708000402,"17080003A","WWC","RaABAMlw_fsi_17080004","RaABAMlw","RaABAMlw_fsi",14,"fsi","RaABAMlw","RaABAMlw_fsi","Pacific Silver Fir - Low Elevation",3
"5_53_73_61218",11,130,743,2286,711,1711000510,"17110004","WNC","Na0710411_fmt_WNC","Na0710411","Na0710411_fmt",5,"fmt","Na0710411","Na0710411_fmt","North Pacific Mountain Hemlock Forest - Wet",5
"7_53_41_88426",13,82,472,2292,485,1708000402,"17080003A","WWC","RaDFHEwt_fwm_WWC","RaDFHEwt","RaDFHEwt_fwm",33,"fwm","RaDFHEwt","RaDFHEwt_fwm","Douglas-fir Hemlock-Wet Mesic",5
"7_53_41_59431",13,82,475,1940,1134,1708000405,"17080003A","WWC","RaABAMlw_fsi_17080004","RaABAMlw","RaABAMlw_fsi",14,"fsi","RaABAMlw","RaABAMlw_fsi","Pacific Silver Fir - Low Elevation",3
"7_53_41_84194",13,82,475,1940,1167,1708000405,"17080003A","WWC","RaABAMlw_fsi_17080004","RaABAMlw","RaABAMlw_fsi",14,"fsi","RaABAMlw","RaABAMlw_fsi","Pacific Silver Fir - Low Elevation",3
"7_53_41_61007",13,82,475,2305,1339,1708000405,"17080003A","WWC","Na0710412_fmc_WWC","Na0710412","Na0710412_fmc",7,"fmc","Na0710412","Na0710412_fmc","North Pacific Mountain Hemlock Forest - Xeric",5
"7_53_41_98587",13,82,473,1940,1484,1708000403,"17080003A","WWC","RaABAMlw_fsi_17080004","RaABAMlw","RaABAMlw_fsi",14,"fsi","RaABAMlw","RaABAMlw_fsi","Pacific Silver Fir - Low Elevation",3
"7_53_41_79337",13,82,473,1940,1696,1708000403,"17080003A","WWC","RaABAMlw_fsi_17080004","RaABAMlw","RaABAMlw_fsi",14,"fsi","RaABAMlw","RaABAMlw_fsi","Pacific Silver Fir - Low Elevation",3
"7_53_41_79506",13,82,473,2305,1993,1708000403,"17080003A","WWC","Na0710412_fmc_WWC","Na0710412","Na0710412_fmc",7,"fmc","Na0710412","Na0710412_fmc","North Pacific Mountain Hemlock Forest - Xeric",5
"7_53_59_87833",13,82,473,2305,1912,1708000403,"17080003A","WWC","Na0710412_fmc_WWC","Na0710412","Na0710412_fmc",7,"fmc","Na0710412","Na0710412_fmc","North Pacific Mountain Hemlock Forest - Xeric",5
"7_53_59_65691",13,82,473,1940,1378,1708000403,"17080003A","WWC","RaABAMlw_fsi_17080004","RaABAMlw","RaABAMlw_fsi",14,"fsi","RaABAMlw","RaABAMlw_fsi","Pacific Silver Fir - Low Elevation",3
"7_53_59_76766",13,82,473,1941,1454,1708000403,"17080003A","WWC","RaDFHEdy_fwi_17080004","RaDFHEdy","RaDFHEdy_fwi",31,"fwi","RaDFHEdy","RaDFHEdy_fwi","Douglas-fir Hemlock-Dry Mesic",3
"7_53_59_61912",13,82,473,2305,1482,1708000403,"17080003A","WWC","Na0710412_fmc_WWC","Na0710412","Na0710412_fmc",7,"fmc","Na0710412","Na0710412_fmc","North Pacific Mountain Hemlock Forest - Xeric",5
"5_53_73_62675",11,130,743,2285,970,1711000510,"17110004","WNC","RaABAMup_fst_WNC","RaABAMup","RaABAMup_fst",13,"fst","RaABAMup","RaABAMup_fst","Pacific Silver Fir - High Elevation",5
"7_53_59_93428",13,82,473,1940,1382,1708000403,"17080003A","WWC","RaABAMlw_fsi_17080004","RaABAMlw","RaABAMlw_fsi",14,"fsi","RaABAMlw","RaABAMlw_fsi","Pacific Silver Fir - Low Elevation",3
"7_53_59_93497",13,78,459,2305,848,1708000201,"17080001A","WWC","Na0710412_fmc_WWC","Na0710412","Na0710412_fmc",7,"fmc","Na0710412","Na0710412_fmc","North Pacific Mountain Hemlock Forest - Xeric",5
"7_53_59_57189",13,78,459,2305,1487,1708000201,"17080001A","WWC","Na0710412_fmc_WWC","Na0710412","Na0710412_fmc",7,"fmc","Na0710412","Na0710412_fmc","North Pacific Mountain Hemlock Forest - Xeric",5
"7_53_59_75345",13,78,459,1970,1219,1708000201,"17080001A","WWC","RaABAMlw_fsi_17080002","RaABAMlw","RaABAMlw_fsi",14,"fsi","RaABAMlw","RaABAMlw_fsi","Pacific Silver Fir - Low Elevation",3
"7_53_59_86070",13,78,459,2305,1873,1708000201,"17080001A","WWC","Na0710412_fmc_WWC","Na0710412","Na0710412_fmc",7,"fmc","Na0710412","Na0710412_fmc","North Pacific Mountain Hemlock Forest - Xeric",5
"7_53_59_80311",10,60,335,1983,1639,1707010508,"17070105B","WEC","RaABAMlw_fsi_17070105A","RaABAMlw","RaABAMlw_fsi",14,"fsi","RaABAMlw","RaABAMlw_fsi","Pacific Silver Fir - Low Elevation",3
"7_53_59_73859",10,60,335,1985,1385,1707010508,"17070105B","WEC","RaMCONms_fmm_17070105A","RaMCONms","RaMCONms_fmm",27,"fmm","RaMCONms","RaMCONms_fmm","Mixed Conifer - Eastside Mesic",3
"7_53_59_97916",10,60,335,1983,1256,1707010508,"17070105B","WEC","RaABAMlw_fsi_17070105A","RaABAMlw","RaABAMlw_fsi",14,"fsi","RaABAMlw","RaABAMlw_fsi","Pacific Silver Fir - Low Elevation",3
"7_53_59_97784",10,60,335,1985,2812,1707010508,"17070105B","WEC","RaMCONms_fmm_17070105A","RaMCONms","RaMCONms_fmm",27,"fmm","RaMCONms","RaMCONms_fmm","Mixed Conifer - Eastside Mesic",3
"7_53_59_93839",10,60,335,1985,1365,1707010508,"17070105B","WEC","RaMCONms_fmm_17070105A","RaMCONms","RaMCONms_fmm",27,"fmm","RaMCONms","RaMCONms_fmm","Mixed Conifer - Eastside Mesic",3
"7_53_59_64841",10,60,335,1983,1787,1707010508,"17070105B","WEC","RaABAMlw_fsi_17070105A","RaABAMlw","RaABAMlw_fsi",14,"fsi","RaABAMlw","RaABAMlw_fsi","Pacific Silver Fir - Low Elevation",3
"7_53_59_65344",10,60,335,1985,1885,1707010508,"17070105B","WEC","RaMCONms_fmm_17070105A","RaMCONms","RaMCONms_fmm",27,"fmm","RaMCONms","RaMCONms_fmm","Mixed Conifer - Eastside Mesic",3
"7_53_59_81055",10,60,335,1985,2180,1707010508,"17070105B","WEC","RaMCONms_fmm_17070105A","RaMCONms","RaMCONms_fmm",27,"fmm","RaMCONms","RaMCONms_fmm","Mixed Conifer - Eastside Mesic",3
"7_53_59_71795",10,60,335,1985,2744,1707010508,"17070105B","WEC","RaMCONms_fmm_17070105A","RaMCONms","RaMCONms_fmm",27,"fmm","RaMCONms","RaMCONms_fmm","Mixed Conifer - Eastside Mesic",3
"7_53_59_56652",10,60,335,1985,2777,1707010508,"17070105B","WEC","RaMCONms_fmm_17070105A","RaMCONms","RaMCONms_fmm",27,"fmm","RaMCONms","RaMCONms_fmm","Mixed Conifer - Eastside Mesic",3
"7_53_59_88029",10,60,336,1985,2360,1707010509,"17070105B","WEC","RaMCONms_fmm_17070105A","RaMCONms","RaMCONms_fmm",27,"fmm","RaMCONms","RaMCONms_fmm","Mixed Conifer - Eastside Mesic",3
"7_53_59_60947",10,60,336,1985,1311,1707010509,"17070105B","WEC","RaMCONms_fmm_17070105A","RaMCONms","RaMCONms_fmm",27,"fmm","RaMCONms","RaMCONms_fmm","Mixed Conifer - Eastside Mesic",3
"7_53_59_90262",10,60,336,1985,1682,1707010509,"17070105B","WEC","RaMCONms_fmm_17070105A","RaMCONms","RaMCONms_fmm",27,"fmm","RaMCONms","RaMCONms_fmm","Mixed Conifer - Eastside Mesic",3
"7_53_59_58150",10,60,336,1985,2081,1707010509,"17070105B","WEC","RaMCONms_fmm_17070105A","RaMCONms","RaMCONms_fmm",27,"fmm","RaMCONms","RaMCONms_fmm","Mixed Conifer - Eastside Mesic",3
"5_53_73_57549",11,130,743,2282,1326,1711000510,"17110004","WNC","RaDFHEwt_fwm_WNC","RaDFHEwt","RaDFHEwt_fwm",33,"fwm","RaDFHEwt","RaDFHEwt_fwm","Douglas-fir Hemlock-Wet Mesic",5
"7_53_59_77049",10,60,336,361,543,1707010509,"17070105B","WEC","RaMCONdy_fmd_1707010509","RaMCONdy","RaMCONdy_fmd",28,"fmd","RaMCONdy","RaMCONdy_fmd","Mixed Conifer - Eastside Dry",1
"0_41_27_68533",4,59,338,2014,2279,1707010511,"17070104","OEC","RaMCONms_fmm_17070105B","RaMCONms","RaMCONms_fmm",27,"fmm","RaMCONms","RaMCONms_fmm","Mixed Conifer - Eastside Mesic",3
"0_41_27_60948",4,59,334,2014,1792,1707010507,"17070104","OEC","RaMCONms_fmm_17070105B","RaMCONms","RaMCONms_fmm",27,"fmm","RaMCONms","RaMCONms_fmm","Mixed Conifer - Eastside Mesic",3
"5_53_73_62697",11,130,743,2282,1661,1711000510,"17110004","WNC","RaDFHEwt_fwm_WNC","RaDFHEwt","RaDFHEwt_fwm",33,"fwm","RaDFHEwt","RaDFHEwt_fwm","Douglas-fir Hemlock-Wet Mesic",5
"5_53_73_55717",11,130,743,2282,1433,1711000510,"17110004","WNC","RaDFHEwt_fwm_WNC","RaDFHEwt","RaDFHEwt_fwm",33,"fwm","RaDFHEwt","RaDFHEwt_fwm","Douglas-fir Hemlock-Wet Mesic",5
"0_41_27_82085",4,59,332,2016,1309,1707010505,"17070104","OEC","RaDFHEdy_fwi_17070105B","RaDFHEdy","RaDFHEdy_fwi",31,"fwi","RaDFHEdy","RaDFHEdy_fwi","Douglas-fir Hemlock-Dry Mesic",3
"0_41_27_60756",4,59,332,2014,2868,1707010505,"17070104","OEC","RaMCONms_fmm_17070105B","RaMCONms","RaMCONms_fmm",27,"fmm","RaMCONms","RaMCONms_fmm","Mixed Conifer - Eastside Mesic",3
"0_41_27_71571",4,59,332,2014,2173,1707010505,"17070104","OEC","RaMCONms_fmm_17070105B","RaMCONms","RaMCONms_fmm",27,"fmm","RaMCONms","RaMCONms_fmm","Mixed Conifer - Eastside Mesic",3
"0_41_27_56573",4,59,332,2014,820,1707010505,"17070104","OEC","RaMCONms_fmm_17070105B","RaMCONms","RaMCONms_fmm",27,"fmm","RaMCONms","RaMCONms_fmm","Mixed Conifer - Eastside Mesic",3
"0_41_27_71532",4,59,332,2324,1909,1707010505,"17070104","OEC","Na0710412_fmh_OEC","Na0710412","Na0710412_fmh",4,"fmh","Na0710412","Na0710412_fmh","North Pacific Mountain Hemlock Forest - Xeric",5
"0_41_27_98610",4,59,332,2015,1154,1707010505,"17070104","OEC","RaABAMlw_fsi_17070105B","RaABAMlw","RaABAMlw_fsi",14,"fsi","RaABAMlw","RaABAMlw_fsi","Pacific Silver Fir - Low Elevation",3
"3_41_65_74961",4,73,442,2039,2948,1707030609,"17070305B","OEC","RaMCONms_fmm_17070306","RaMCONms","RaMCONms_fmm",27,"fmm","RaMCONms","RaMCONms_fmm","Mixed Conifer - Eastside Mesic",3
"5_53_57_75771",11,130,743,2282,1136,1711000510,"17110004","WNC","RaDFHEwt_fwm_WNC","RaDFHEwt","RaDFHEwt_fwm",33,"fwm","RaDFHEwt","RaDFHEwt_fwm","Douglas-fir Hemlock-Wet Mesic",5
"3_41_65_82875",4,73,442,2323,1720,1707030609,"17070305B","OEC","RaDFHEwt_fww_OEC","RaDFHEwt","RaDFHEwt_fww",34,"fww","RaDFHEwt","RaDFHEwt_fww","Douglas-fir Hemlock-Wet Mesic",5
"3_41_65_93464",4,73,442,2039,2998,1707030609,"17070305B","OEC","RaMCONms_fmm_17070306","RaMCONms","RaMCONms_fmm",27,"fmm","RaMCONms","RaMCONms_fmm","Mixed Conifer - Eastside Mesic",3
"3_41_65_59920",4,73,442,2039,2079,1707030609,"17070305B","OEC","RaMCONms_fmm_17070306","RaMCONms","RaMCONms_fmm",27,"fmm","RaMCONms","RaMCONms_fmm","Mixed Conifer - Eastside Mesic",3
"3_41_65_66713",4,73,439,2039,3232,1707030606,"17070305B","OEC","RaMCONms_fmm_17070306","RaMCONms","RaMCONms_fmm",27,"fmm","RaMCONms","RaMCONms_fmm","Mixed Conifer - Eastside Mesic",3
"3_41_31_76454",4,73,437,2039,1892,1707030604,"17070305B","OEC","RaMCONms_fmm_17070306","RaMCONms","RaMCONms_fmm",27,"fmm","RaMCONms","RaMCONms_fmm","Mixed Conifer - Eastside Mesic",3
"3_41_31_77678",4,73,434,2039,2425,1707030601,"17070305B","OEC","RaMCONms_fmm_17070306","RaMCONms","RaMCONms_fmm",27,"fmm","RaMCONms","RaMCONms_fmm","Mixed Conifer - Eastside Mesic",3
"3_41_31_76153",4,67,396,2085,1622,1707030110,"17070204","OEC","RaMCONms_fmm_17070301","RaMCONms","RaMCONms_fmm",27,"fmm","RaMCONms","RaMCONms_fmm","Mixed Conifer - Eastside Mesic",3
"3_41_31_80679",4,67,396,2085,1458,1707030110,"17070204","OEC","RaMCONms_fmm_17070301","RaMCONms","RaMCONms_fmm",27,"fmm","RaMCONms","RaMCONms_fmm","Mixed Conifer - Eastside Mesic",3
"3_41_31_91065",4,67,396,2085,1534,1707030110,"17070204","OEC","RaMCONms_fmm_17070301","RaMCONms","RaMCONms_fmm",27,"fmm","RaMCONms","RaMCONms_fmm","Mixed Conifer - Eastside Mesic",3
"3_41_31_64432",4,67,396,2085,2507,1707030110,"17070204","OEC","RaMCONms_fmm_17070301","RaMCONms","RaMCONms_fmm",27,"fmm","RaMCONms","RaMCONms_fmm","Mixed Conifer - Eastside Mesic",3
"3_41_31_75502",4,67,396,2085,3237,1707030110,"17070204","OEC","RaMCONms_fmm_17070301","RaMCONms","RaMCONms_fmm",27,"fmm","RaMCONms","RaMCONms_fmm","Mixed Conifer - Eastside Mesic",3
"3_41_31_69967",4,67,396,2085,2566,1707030110,"17070204","OEC","RaMCONms_fmm_17070301","RaMCONms","RaMCONms_fmm",27,"fmm","RaMCONms","RaMCONms_fmm","Mixed Conifer - Eastside Mesic",3
"3_41_31_82114",4,67,396,2085,3329,1707030110,"17070204","OEC","RaMCONms_fmm_17070301","RaMCONms","RaMCONms_fmm",27,"fmm","RaMCONms","RaMCONms_fmm","Mixed Conifer - Eastside Mesic",3
"3_41_31_78709",4,67,396,2085,1869,1707030110,"17070204","OEC","RaMCONms_fmm_17070301","RaMCONms","RaMCONms_fmm",27,"fmm","RaMCONms","RaMCONms_fmm","Mixed Conifer - Eastside Mesic",3
"3_41_31_74785",4,67,396,2085,3456,1707030110,"17070204","OEC","RaMCONms_fmm_17070301","RaMCONms","RaMCONms_fmm",27,"fmm","RaMCONms","RaMCONms_fmm","Mixed Conifer - Eastside Mesic",3
"3_41_31_85774",4,67,396,2085,1205,1707030110,"17070204","OEC","RaMCONms_fmm_17070301","RaMCONms","RaMCONms_fmm",27,"fmm","RaMCONms","RaMCONms_fmm","Mixed Conifer - Eastside Mesic",3
"3_41_31_58896",4,67,397,2095,857,1707030111,"17070204","OEC","RaPIPOxe_fpd_17070301","RaPIPOxe","RaPIPOxe_fpd",53,"fpd","RaPIPOxe","RaPIPOxe_fpd","Ponderosa Pine - Xeric",3
"5_53_57_58529",11,130,743,1781,1171,1711000510,"17110004","WNC","RaDFHEdy_fwi_17110005","RaDFHEdy","RaDFHEdy_fwi",31,"fwi","RaDFHEdy","RaDFHEdy_fwi","Douglas-fir Hemlock-Dry Mesic",3
"3_41_17_68788",4,67,393,2095,1526,1707030107,"17070204","OEC","RaPIPOxe_fpd_17070301","RaPIPOxe","RaPIPOxe_fpd",53,"fpd","RaPIPOxe","RaPIPOxe_fpd","Ponderosa Pine - Xeric",3
"3_41_17_91592",4,67,393,2095,2961,1707030107,"17070204","OEC","RaPIPOxe_fpd_17070301","RaPIPOxe","RaPIPOxe_fpd",53,"fpd","RaPIPOxe","RaPIPOxe_fpd","Ponderosa Pine - Xeric",3
"3_41_17_66693",4,67,393,2095,2269,1707030107,"17070204","OEC","RaPIPOxe_fpd_17070301","RaPIPOxe","RaPIPOxe_fpd",53,"fpd","RaPIPOxe","RaPIPOxe_fpd","Ponderosa Pine - Xeric",3
"3_41_17_78551",4,67,393,2095,2329,1707030107,"17070204","OEC","RaPIPOxe_fpd_17070301","RaPIPOxe","RaPIPOxe_fpd",53,"fpd","RaPIPOxe","RaPIPOxe_fpd","Ponderosa Pine - Xeric",3
"3_41_17_88201",4,67,392,2095,1942,1707030106,"17070204","OEC","RaPIPOxe_fpd_17070301","RaPIPOxe","RaPIPOxe_fpd",53,"fpd","RaPIPOxe","RaPIPOxe_fpd","Ponderosa Pine - Xeric",3
"5_53_57_67364",11,130,744,1782,1162,1711000511,"17110004","WNC","RaDFHEdy_fdg_17110005","RaDFHEdy","RaDFHEdy_fdg",24,"fdg","RaDFHEdy","RaDFHEdy_fdg","Douglas-fir Hemlock-Dry Mesic",3
"3_41_17_69520",4,67,392,2324,1454,1707030106,"17070204","OEC","Na0710412_fmh_OEC","Na0710412","Na0710412_fmh",4,"fmh","Na0710412","Na0710412_fmh","North Pacific Mountain Hemlock Forest - Xeric",5
"3_41_17_93024",4,67,392,2339,1741,1707030106,"17070204","OEC","RaPICOpu_fld_OEC","RaPICOpu","RaPICOpu_fld",49,"fld","RaPICOpu","RaPICOpu_fld","Lodgepole Pine - Pumice Soils",4
"3_41_17_58713",4,67,391,2324,1082,1707030105,"17070204","OEC","Na0710412_fmh_OEC","Na0710412","Na0710412_fmh",4,"fmh","Na0710412","Na0710412_fmh","North Pacific Mountain Hemlock Forest - Xeric",5
"3_41_17_94995",4,67,391,2085,2101,1707030105,"17070204","OEC","RaMCONms_fmm_17070301","RaMCONms","RaMCONms_fmm",27,"fmm","RaMCONms","RaMCONms_fmm","Mixed Conifer - Eastside Mesic",3
"3_41_17_87028",4,67,390,990,1787,1707030104,"17070204","OEC","RaMCONdy_fmx_1707030104","RaMCONdy","RaMCONdy_fmx",29,"fmx","RaMCONdy","RaMCONdy_fmx","Mixed Conifer - Eastside Dry",1
"3_41_17_60717",4,67,390,990,2452,1707030104,"17070204","OEC","RaMCONdy_fmx_1707030104","RaMCONdy","RaMCONdy_fmx",29,"fmx","RaMCONdy","RaMCONdy_fmx","Mixed Conifer - Eastside Dry",1
"3_41_17_87001",4,67,389,996,2278,1707030103,"17070204","OEC","RaMCONdy_fmx_1707030103","RaMCONdy","RaMCONdy_fmx",29,"fmx","RaMCONdy","RaMCONdy_fmx","Mixed Conifer - Eastside Dry",1
"3_41_17_58649",4,67,389,996,1520,1707030103,"17070204","OEC","RaMCONdy_fmx_1707030103","RaMCONdy","RaMCONdy_fmx",29,"fmx","RaMCONdy","RaMCONdy_fmx","Mixed Conifer - Eastside Dry",1
"3_41_17_74973",4,67,389,2339,1739,1707030103,"17070204","OEC","RaPICOpu_fld_OEC","RaPICOpu","RaPICOpu_fld",49,"fld","RaPICOpu","RaPICOpu_fld","Lodgepole Pine - Pumice Soils",4
"3_41_17_96421",4,67,389,2095,2624,1707030103,"17070204","OEC","RaPIPOxe_fpd_17070301","RaPIPOxe","RaPIPOxe_fpd",53,"fpd","RaPIPOxe","RaPIPOxe_fpd","Ponderosa Pine - Xeric",3
"3_41_17_64618",4,67,389,2339,977,1707030103,"17070204","OEC","RaPICOpu_fld_OEC","RaPICOpu","RaPICOpu_fld",49,"fld","RaPICOpu","RaPICOpu_fld","Lodgepole Pine - Pumice Soils",4
"3_41_17_51905",4,67,389,2339,1681,1707030103,"17070204","OEC","RaPICOpu_fld_OEC","RaPICOpu","RaPICOpu_fld",49,"fld","RaPICOpu","RaPICOpu_fld","Lodgepole Pine - Pumice Soils",4
"3_41_17_75971",4,67,389,1025,1900,1707030103,"17070204","OEC","RaPIPOm_fpl_1707030103","RaPIPOm","RaPIPOm_fpl",55,"fpl","RaPIPOm","RaPIPOm_fpl","Dry Ponderosa Pine - Mesic",1
"3_41_17_91542",4,67,389,2339,1982,1707030103,"17070204","OEC","RaPICOpu_fld_OEC","RaPICOpu","RaPICOpu_fld",49,"fld","RaPICOpu","RaPICOpu_fld","Lodgepole Pine - Pumice Soils",4
"3_41_17_98309",4,67,389,1025,1387,1707030103,"17070204","OEC","RaPIPOm_fpl_1707030103","RaPIPOm","RaPIPOm_fpl",55,"fpl","RaPIPOm","RaPIPOm_fpl","Dry Ponderosa Pine - Mesic",1
"3_41_17_89786",4,68,404,2339,1161,1707030207,"17070301","OEC","RaPICOpu_fld_OEC","RaPICOpu","RaPICOpu_fld",49,"fld","RaPICOpu","RaPICOpu_fld","Lodgepole Pine - Pumice Soils",4
"3_41_17_79779",4,68,404,2339,3202,1707030207,"17070301","OEC","RaPICOpu_fld_OEC","RaPICOpu","RaPICOpu_fld",49,"fld","RaPICOpu","RaPICOpu_fld","Lodgepole Pine - Pumice Soils",4
"3_41_17_94955",4,68,404,2339,1280,1707030207,"17070301","OEC","RaPICOpu_fld_OEC","RaPICOpu","RaPICOpu_fld",49,"fld","RaPICOpu","RaPICOpu_fld","Lodgepole Pine - Pumice Soils",4
"3_41_35_87236",4,68,403,2339,1904,1707030206,"17070301","OEC","RaPICOpu_fld_OEC","RaPICOpu","RaPICOpu_fld",49,"fld","RaPICOpu","RaPICOpu_fld","Lodgepole Pine - Pumice Soils",4
"3_41_35_71928",4,68,403,2339,1774,1707030206,"17070301","OEC","RaPICOpu_fld_OEC","RaPICOpu","RaPICOpu_fld",49,"fld","RaPICOpu","RaPICOpu_fld","Lodgepole Pine - Pumice Soils",4
"3_41_35_52337",4,68,403,1079,2326,1707030206,"17070301","OEC","RaPIPOm_fpl_1707030206","RaPIPOm","RaPIPOm_fpl",55,"fpl","RaPIPOm","RaPIPOm_fpl","Dry Ponderosa Pine - Mesic",1
"3_41_35_83459",4,68,402,1114,2386,1707030205,"17070301","OEC","RaPIPOm_fpl_1707030205","RaPIPOm","RaPIPOm_fpl",55,"fpl","RaPIPOm","RaPIPOm_fpl","Dry Ponderosa Pine - Mesic",1
"3_41_35_57703",4,68,401,1129,2073,1707030204,"17070301","OEC","RaMCONdy_fmx_1707030204","RaMCONdy","RaMCONdy_fmx",29,"fmx","RaMCONdy","RaMCONdy_fmx","Mixed Conifer - Eastside Dry",1
"3_41_35_72654",4,68,401,2159,2916,1707030204,"17070301","OEC","RaMCONms_fmm_17070302","RaMCONms","RaMCONms_fmm",27,"fmm","RaMCONms","RaMCONms_fmm","Mixed Conifer - Eastside Mesic",3
"3_41_35_78264",4,68,401,2159,1220,1707030204,"17070301","OEC","RaMCONms_fmm_17070302","RaMCONms","RaMCONms_fmm",27,"fmm","RaMCONms","RaMCONms_fmm","Mixed Conifer - Eastside Mesic",3
"3_41_35_86671",4,68,401,2159,2153,1707030204,"17070301","OEC","RaMCONms_fmm_17070302","RaMCONms","RaMCONms_fmm",27,"fmm","RaMCONms","RaMCONms_fmm","Mixed Conifer - Eastside Mesic",3
"3_41_35_56237",4,68,401,2159,966,1707030204,"17070301","OEC","RaMCONms_fmm_17070302","RaMCONms","RaMCONms_fmm",27,"fmm","RaMCONms","RaMCONms_fmm","Mixed Conifer - Eastside Mesic",3
"3_41_35_57114",4,151,840,2172,1435,1712000501,"17120004","OEC","RaMCONms_fmm_17120005","RaMCONms","RaMCONms_fmm",27,"fmm","RaMCONms","RaMCONms_fmm","Mixed Conifer - Eastside Mesic",3
"3_41_35_58747",4,151,840,2339,1331,1712000501,"17120004","OEC","RaPICOpu_fld_OEC","RaPICOpu","RaPICOpu_fld",49,"fld","RaPICOpu","RaPICOpu_fld","Lodgepole Pine - Pumice Soils",4
"3_41_35_51243",4,151,840,2339,1707,1712000501,"17120004","OEC","RaPICOpu_fld_OEC","RaPICOpu","RaPICOpu_fld",49,"fld","RaPICOpu","RaPICOpu_fld","Lodgepole Pine - Pumice Soils",4
"3_41_35_57838",4,157,895,1164,2242,1801020104,"18010101","OEC","RaPIPOm_fpl_1801020104","RaPIPOm","RaPIPOm_fpl",55,"fpl","RaPIPOm","RaPIPOm_fpl","Dry Ponderosa Pine - Mesic",1
"3_41_35_85900",4,157,895,2339,2998,1801020104,"18010101","OEC","RaPICOpu_fld_OEC","RaPICOpu","RaPICOpu_fld",49,"fld","RaPICOpu","RaPICOpu_fld","Lodgepole Pine - Pumice Soils",4
"3_41_35_76480",4,157,895,2339,1195,1801020104,"18010101","OEC","RaPICOpu_fld_OEC","RaPICOpu","RaPICOpu_fld",49,"fld","RaPICOpu","RaPICOpu_fld","Lodgepole Pine - Pumice Soils",4
"3_41_35_71542",4,157,895,1164,1155,1801020104,"18010101","OEC","RaPIPOm_fpl_1801020104","RaPIPOm","RaPIPOm_fpl",55,"fpl","RaPIPOm","RaPIPOm_fpl","Dry Ponderosa Pine - Mesic",1
"3_41_35_59967",4,157,895,1164,1592,1801020104,"18010101","OEC","RaPIPOm_fpl_1801020104","RaPIPOm","RaPIPOm_fpl",55,"fpl","RaPIPOm","RaPIPOm_fpl","Dry Ponderosa Pine - Mesic",1
"5_53_57_75610",11,133,751,2285,2044,1711000801,"17110007","WNC","RaABAMup_fst_WNC","RaABAMup","RaABAMup_fst",13,"fst","RaABAMup","RaABAMup_fst","Pacific Silver Fir - High Elevation",5
"5_53_57_65972",11,133,751,2285,1460,1711000801,"17110007","WNC","RaABAMup_fst_WNC","RaABAMup","RaABAMup_fst",13,"fst","RaABAMup","RaABAMup_fst","Pacific Silver Fir - High Elevation",5
"3_41_35_98982",4,157,895,1164,2206,1801020104,"18010101","OEC","RaPIPOm_fpl_1801020104","RaPIPOm","RaPIPOm_fpl",55,"fpl","RaPIPOm","RaPIPOm_fpl","Dry Ponderosa Pine - Mesic",1
"3_41_35_99248",4,157,895,1164,1079,1801020104,"18010101","OEC","RaPIPOm_fpl_1801020104","RaPIPOm","RaPIPOm_fpl",55,"fpl","RaPIPOm","RaPIPOm_fpl","Dry Ponderosa Pine - Mesic",1
"3_41_35_63791",4,157,895,1164,1999,1801020104,"18010101","OEC","RaPIPOm_fpl_1801020104","RaPIPOm","RaPIPOm_fpl",55,"fpl","RaPIPOm","RaPIPOm_fpl","Dry Ponderosa Pine - Mesic",1
"3_41_35_98831",4,157,895,2339,971,1801020104,"18010101","OEC","RaPICOpu_fld_OEC","RaPICOpu","RaPICOpu_fld",49,"fld","RaPICOpu","RaPICOpu_fld","Lodgepole Pine - Pumice Soils",4
"3_41_35_97651",4,157,895,1164,1766,1801020104,"18010101","OEC","RaPIPOm_fpl_1801020104","RaPIPOm","RaPIPOm_fpl",55,"fpl","RaPIPOm","RaPIPOm_fpl","Dry Ponderosa Pine - Mesic",1
"3_41_35_89434",4,157,895,1164,1755,1801020104,"18010101","OEC","RaPIPOm_fpl_1801020104","RaPIPOm","RaPIPOm_fpl",55,"fpl","RaPIPOm","RaPIPOm_fpl","Dry Ponderosa Pine - Mesic",1
"3_41_35_53277",4,157,895,1164,1537,1801020104,"18010101","OEC","RaPIPOm_fpl_1801020104","RaPIPOm","RaPIPOm_fpl",55,"fpl","RaPIPOm","RaPIPOm_fpl","Dry Ponderosa Pine - Mesic",1
"3_41_35_76628",4,157,895,1164,1522,1801020104,"18010101","OEC","RaPIPOm_fpl_1801020104","RaPIPOm","RaPIPOm_fpl",55,"fpl","RaPIPOm","RaPIPOm_fpl","Dry Ponderosa Pine - Mesic",1
"3_41_35_88530",4,157,895,1164,2984,1801020104,"18010101","OEC","RaPIPOm_fpl_1801020104","RaPIPOm","RaPIPOm_fpl",55,"fpl","RaPIPOm","RaPIPOm_fpl","Dry Ponderosa Pine - Mesic",1
"3_41_35_99879",4,157,895,1164,2759,1801020104,"18010101","OEC","RaPIPOm_fpl_1801020104","RaPIPOm","RaPIPOm_fpl",55,"fpl","RaPIPOm","RaPIPOm_fpl","Dry Ponderosa Pine - Mesic",1
"3_41_35_95113",4,157,892,1251,2422,1801020101,"18010101","OEC","RaPIPOm_fpl_1801020101","RaPIPOm","RaPIPOm_fpl",55,"fpl","RaPIPOm","RaPIPOm_fpl","Dry Ponderosa Pine - Mesic",1
"5_53_57_61082",11,133,751,2285,720,1711000801,"17110007","WNC","RaABAMup_fst_WNC","RaABAMup","RaABAMup_fst",13,"fst","RaABAMup","RaABAMup_fst","Pacific Silver Fir - High Elevation",5
"3_41_35_70906",4,157,892,1251,3157,1801020101,"18010101","OEC","RaPIPOm_fpl_1801020101","RaPIPOm","RaPIPOm_fpl",55,"fpl","RaPIPOm","RaPIPOm_fpl","Dry Ponderosa Pine - Mesic",1
"3_41_35_90990",4,157,892,1251,2893,1801020101,"18010101","OEC","RaPIPOm_fpl_1801020101","RaPIPOm","RaPIPOm_fpl",55,"fpl","RaPIPOm","RaPIPOm_fpl","Dry Ponderosa Pine - Mesic",1
"3_41_35_93108",4,157,892,1251,2074,1801020101,"18010101","OEC","RaPIPOm_fpl_1801020101","RaPIPOm","RaPIPOm_fpl",55,"fpl","RaPIPOm","RaPIPOm_fpl","Dry Ponderosa Pine - Mesic",1
"3_41_35_65385",4,157,892,1253,1317,1801020101,"18010101","OEC","RaMCONdy_fmx_1801020101","RaMCONdy","RaMCONdy_fmx",29,"fmx","RaMCONdy","RaMCONdy_fmx","Mixed Conifer - Eastside Dry",1
"3_41_35_63603",4,157,897,1357,1295,1801020106,"18010101","OEC","RaMCONdy_fmx_1801020106","RaMCONdy","RaMCONdy_fmx",29,"fmx","RaMCONdy","RaMCONdy_fmx","Mixed Conifer - Eastside Dry",1
"3_41_35_61327",4,157,897,1357,2997,1801020106,"18010101","OEC","RaMCONdy_fmx_1801020106","RaMCONdy","RaMCONdy_fmx",29,"fmx","RaMCONdy","RaMCONdy_fmx","Mixed Conifer - Eastside Dry",1
"3_41_35_52401",4,158,904,1430,1503,1801020207,"18010201","OEC","RaMCONdy_fmx_1801020207","RaMCONdy","RaMCONdy_fmx",29,"fmx","RaMCONdy","RaMCONdy_fmx","Mixed Conifer - Eastside Dry",1
"3_41_35_77552",4,158,904,1430,3354,1801020207,"18010201","OEC","RaMCONdy_fmx_1801020207","RaMCONdy","RaMCONdy_fmx",29,"fmx","RaMCONdy","RaMCONdy_fmx","Mixed Conifer - Eastside Dry",1
"3_41_35_68575",4,158,904,1430,2261,1801020207,"18010201","OEC","RaMCONdy_fmx_1801020207","RaMCONdy","RaMCONdy_fmx",29,"fmx","RaMCONdy","RaMCONdy_fmx","Mixed Conifer - Eastside Dry",1
"3_41_35_97194",4,158,904,1432,2026,1801020207,"18010201","OEC","RaPIPOm_fpl_1801020207","RaPIPOm","RaPIPOm_fpl",55,"fpl","RaPIPOm","RaPIPOm_fpl","Dry Ponderosa Pine - Mesic",1
"3_41_35_93551",4,158,904,2232,1722,1801020207,"18010201","OEC","RaPIPOxe_fpd_18010202","RaPIPOxe","RaPIPOxe_fpd",53,"fpd","RaPIPOxe","RaPIPOxe_fpd","Ponderosa Pine - Xeric",3
"5_53_57_89158",11,133,751,2286,1309,1711000801,"17110007","WNC","Na0710411_fmt_WNC","Na0710411","Na0710411_fmt",5,"fmt","Na0710411","Na0710411_fmt","North Pacific Mountain Hemlock Forest - Wet",5
"5_53_57_53166",11,133,751,2286,1883,1711000801,"17110007","WNC","Na0710411_fmt_WNC","Na0710411","Na0710411_fmt",5,"fmt","Na0710411","Na0710411_fmt","North Pacific Mountain Hemlock Forest - Wet",5
"3_41_35_54517",4,158,904,2233,1021,1801020207,"18010201","OEC","RaPIPOxe_fxp_18010202","RaPIPOxe","RaPIPOxe_fxp",56,"fxp","RaPIPOxe","RaPIPOxe_fxp","Ponderosa Pine - Xeric",3
"3_41_35_61709",4,160,912,1593,1324,1801020407,"18010203","OEC","RaMCONdy_fmd_1801020407","RaMCONdy","RaMCONdy_fmd",28,"fmd","RaMCONdy","RaMCONdy_fmd","Mixed Conifer - Eastside Dry",1
"3_41_35_94008",4,160,912,2260,343,1801020407,"18010203","OEC","RaPIPOxe_fxp_18010204","RaPIPOxe","RaPIPOxe_fxp",56,"fxp","RaPIPOxe","RaPIPOxe_fxp","Ponderosa Pine - Xeric",3
"5_53_57_55546",11,133,751,2286,887,1711000801,"17110007","WNC","Na0710411_fmt_WNC","Na0710411","Na0710411_fmt",5,"fmt","Na0710411","Na0710411_fmt","North Pacific Mountain Hemlock Forest - Wet",5
"3_41_35_55738",4,160,912,2260,38,1801020407,"18010203","OEC","RaPIPOxe_fxp_18010204","RaPIPOxe","RaPIPOxe_fxp",56,"fxp","RaPIPOxe","RaPIPOxe_fxp","Ponderosa Pine - Xeric",3
"5_53_57_58593",11,133,751,2282,1870,1711000801,"17110007","WNC","RaDFHEwt_fwm_WNC","RaDFHEwt","RaDFHEwt_fwm",33,"fwm","RaDFHEwt","RaDFHEwt_fwm","Douglas-fir Hemlock-Wet Mesic",5
"5_53_61_61654",11,133,751,1828,688,1711000801,"17110007","WNC","RaDFHEdy_fwi_17110008","RaDFHEdy","RaDFHEdy_fwi",31,"fwi","RaDFHEdy","RaDFHEdy_fwi","Douglas-fir Hemlock-Dry Mesic",3
"5_53_61_62399",11,133,751,2282,1204,1711000801,"17110007","WNC","RaDFHEwt_fwm_WNC","RaDFHEwt","RaDFHEwt_fwm",33,"fwm","RaDFHEwt","RaDFHEwt_fwm","Douglas-fir Hemlock-Wet Mesic",5
"5_53_61_75053",11,133,752,2285,1095,1711000802,"17110007","WNC","RaABAMup_fst_WNC","RaABAMup","RaABAMup_fst",13,"fst","RaABAMup","RaABAMup_fst","Pacific Silver Fir - High Elevation",5
"5_53_61_55258",11,133,752,2286,784,1711000802,"17110007","WNC","Na0710411_fmt_WNC","Na0710411","Na0710411_fmt",5,"fmt","Na0710411","Na0710411_fmt","North Pacific Mountain Hemlock Forest - Wet",5
"5_53_61_57665",11,133,752,2285,825,1711000802,"17110007","WNC","RaABAMup_fst_WNC","RaABAMup","RaABAMup_fst",13,"fst","RaABAMup","RaABAMup_fst","Pacific Silver Fir - High Elevation",5
"5_53_61_86238",11,133,752,2282,747,1711000802,"17110007","WNC","RaDFHEwt_fwm_WNC","RaDFHEwt","RaDFHEwt_fwm",33,"fwm","RaDFHEwt","RaDFHEwt_fwm","Douglas-fir Hemlock-Wet Mesic",5
"5_53_61_72025",11,133,752,2282,862,1711000802,"17110007","WNC","RaDFHEwt_fwm_WNC","RaDFHEwt","RaDFHEwt_fwm",33,"fwm","RaDFHEwt","RaDFHEwt_fwm","Douglas-fir Hemlock-Wet Mesic",5
"5_53_61_90394",11,133,752,2285,1687,1711000802,"17110007","WNC","RaABAMup_fst_WNC","RaABAMup","RaABAMup_fst",13,"fst","RaABAMup","RaABAMup_fst","Pacific Silver Fir - High Elevation",5
"5_53_61_62460",13,136,767,2303,1007,1711001101,"17110010","WWC","RaABAMup_fst_WWC","RaABAMup","RaABAMup_fst",13,"fst","RaABAMup","RaABAMup_fst","Pacific Silver Fir - High Elevation",5
"5_53_73_56468",11,129,731,2285,1427,1711000401,"17110003","WNC","RaABAMup_fst_WNC","RaABAMup","RaABAMup_fst",13,"fst","RaABAMup","RaABAMup_fst","Pacific Silver Fir - High Elevation",5
"5_53_73_89188",11,129,731,2285,1577,1711000401,"17110003","WNC","RaABAMup_fst_WNC","RaABAMup","RaABAMup_fst",13,"fst","RaABAMup","RaABAMup_fst","Pacific Silver Fir - High Elevation",5
"5_53_61_71979",11,134,759,2286,1290,1711000906,"17110008","WNC","Na0710411_fmt_WNC","Na0710411","Na0710411_fmt",5,"fmt","Na0710411","Na0710411_fmt","North Pacific Mountain Hemlock Forest - Wet",5
"5_53_33_74781",11,135,761,2285,1138,1711001001,"17110009","WNC","RaABAMup_fst_WNC","RaABAMup","RaABAMup_fst",13,"fst","RaABAMup","RaABAMup_fst","Pacific Silver Fir - High Elevation",5
"5_53_33_92983",11,135,763,2285,2213,1711001003,"17110009","WNC","RaABAMup_fst_WNC","RaABAMup","RaABAMup_fst",13,"fst","RaABAMup","RaABAMup_fst","Pacific Silver Fir - High Elevation",5
"5_53_33_50515",13,137,769,2303,1651,1711001201,"17110011","WWC","RaABAMup_fst_WWC","RaABAMup","RaABAMup_fst",13,"fst","RaABAMup","RaABAMup_fst","Pacific Silver Fir - High Elevation",5
"5_53_33_96916",13,138,774,1899,1394,1711001302,"17110012","WWC","RaDFHEdy_fwi_17110013","RaDFHEdy","RaDFHEdy_fwi",31,"fwi","RaDFHEdy","RaDFHEdy_fwi","Douglas-fir Hemlock-Dry Mesic",3
"5_53_33_58594",13,138,774,2303,2172,1711001302,"17110012","WWC","RaABAMup_fst_WWC","RaABAMup","RaABAMup_fst",13,"fst","RaABAMup","RaABAMup_fst","Pacific Silver Fir - High Elevation",5
"5_53_53_54838",13,139,778,1921,2469,1711001403,"17110013","WWC","RaABAMlw_fsi_17110014","RaABAMlw","RaABAMlw_fsi",14,"fsi","RaABAMlw","RaABAMlw_fsi","Pacific Silver Fir - Low Elevation",3
"5_53_53_91021",13,139,778,1921,2121,1711001403,"17110013","WWC","RaABAMlw_fsi_17110014","RaABAMlw","RaABAMlw_fsi",14,"fsi","RaABAMlw","RaABAMlw_fsi","Pacific Silver Fir - Low Elevation",3
"5_53_53_65072",13,139,778,1921,1450,1711001403,"17110013","WWC","RaABAMlw_fsi_17110014","RaABAMlw","RaABAMlw_fsi",14,"fsi","RaABAMlw","RaABAMlw_fsi","Pacific Silver Fir - Low Elevation",3
"5_53_53_66802",13,139,778,2305,993,1711001403,"17110013","WWC","Na0710412_fmc_WWC","Na0710412","Na0710412_fmc",7,"fmc","Na0710412","Na0710412_fmc","North Pacific Mountain Hemlock Forest - Xeric",5
"7_53_41_71139",13,82,471,2305,1737,1708000401,"17080003A","WWC","Na0710412_fmc_WWC","Na0710412","Na0710412_fmc",7,"fmc","Na0710412","Na0710412_fmc","North Pacific Mountain Hemlock Forest - Xeric",5
"7_53_41_86621",13,82,471,2303,1048,1708000401,"17080003A","WWC","RaABAMup_fst_WWC","RaABAMup","RaABAMup_fst",13,"fst","RaABAMup","RaABAMup_fst","Pacific Silver Fir - High Elevation",5
"7_53_41_97578",13,82,472,2292,1786,1708000402,"17080003A","WWC","RaDFHEwt_fwm_WWC","RaDFHEwt","RaDFHEwt_fwm",33,"fwm","RaDFHEwt","RaDFHEwt_fwm","Douglas-fir Hemlock-Wet Mesic",5
"7_53_41_57695",13,82,472,1941,1733,1708000402,"17080003A","WWC","RaDFHEdy_fwi_17080004","RaDFHEdy","RaDFHEdy_fwi",31,"fwi","RaDFHEdy","RaDFHEdy_fwi","Douglas-fir Hemlock-Dry Mesic",3
"7_53_41_94645",13,82,472,1944,1415,1708000402,"17080003A","WWC","RaABAMlw_fwc_17080004","RaABAMlw","RaABAMlw_fwc",35,"fwc","RaABAMlw","RaABAMlw_fwc","Pacific Silver Fir - Low Elevation",3
"7_53_41_97088",13,82,472,1940,1313,1708000402,"17080003A","WWC","RaABAMlw_fsi_17080004","RaABAMlw","RaABAMlw_fsi",14,"fsi","RaABAMlw","RaABAMlw_fsi","Pacific Silver Fir - Low Elevation",3
"5_53_73_56578",11,130,743,2285,1133,1711000510,"17110004","WNC","RaABAMup_fst_WNC","RaABAMup","RaABAMup_fst",13,"fst","RaABAMup","RaABAMup_fst","Pacific Silver Fir - High Elevation",5
"7_53_41_96157",13,82,472,1941,1413,1708000402,"17080003A","WWC","RaDFHEdy_fwi_17080004","RaDFHEdy","RaDFHEdy_fwi",31,"fwi","RaDFHEdy","RaDFHEdy_fwi","Douglas-fir Hemlock-Dry Mesic",3
"7_53_41_90972",13,82,472,2305,1105,1708000402,"17080003A","WWC","Na0710412_fmc_WWC","Na0710412","Na0710412_fmc",7,"fmc","Na0710412","Na0710412_fmc","North Pacific Mountain Hemlock Forest - Xeric",5
"7_53_41_67159",13,82,472,1940,2439,1708000402,"17080003A","WWC","RaABAMlw_fsi_17080004","RaABAMlw","RaABAMlw_fsi",14,"fsi","RaABAMlw","RaABAMlw_fsi","Pacific Silver Fir - Low Elevation",3
"7_53_41_94643",13,82,472,1940,1816,1708000402,"17080003A","WWC","RaABAMlw_fsi_17080004","RaABAMlw","RaABAMlw_fsi",14,"fsi","RaABAMlw","RaABAMlw_fsi","Pacific Silver Fir - Low Elevation",3
"7_53_41_76742",13,82,473,1940,787,1708000403,"17080003A","WWC","RaABAMlw_fsi_17080004","RaABAMlw","RaABAMlw_fsi",14,"fsi","RaABAMlw","RaABAMlw_fsi","Pacific Silver Fir - Low Elevation",3
"7_53_41_90730",13,82,472,2305,1144,1708000402,"17080003A","WWC","Na0710412_fmc_WWC","Na0710412","Na0710412_fmc",7,"fmc","Na0710412","Na0710412_fmc","North Pacific Mountain Hemlock Forest - Xeric",5
"7_53_41_89678",13,82,473,1940,2039,1708000403,"17080003A","WWC","RaABAMlw_fsi_17080004","RaABAMlw","RaABAMlw_fsi",14,"fsi","RaABAMlw","RaABAMlw_fsi","Pacific Silver Fir - Low Elevation",3
"7_53_59_69742",13,82,473,1940,1249,1708000403,"17080003A","WWC","RaABAMlw_fsi_17080004","RaABAMlw","RaABAMlw_fsi",14,"fsi","RaABAMlw","RaABAMlw_fsi","Pacific Silver Fir - Low Elevation",3
"7_53_59_97661",13,82,473,1940,988,1708000403,"17080003A","WWC","RaABAMlw_fsi_17080004","RaABAMlw","RaABAMlw_fsi",14,"fsi","RaABAMlw","RaABAMlw_fsi","Pacific Silver Fir - Low Elevation",3
"7_53_59_80051",13,82,473,1941,1365,1708000403,"17080003A","WWC","RaDFHEdy_fwi_17080004","RaDFHEdy","RaDFHEdy_fwi",31,"fwi","RaDFHEdy","RaDFHEdy_fwi","Douglas-fir Hemlock-Dry Mesic",3
"7_53_59_65065",13,82,473,1940,1002,1708000403,"17080003A","WWC","RaABAMlw_fsi_17080004","RaABAMlw","RaABAMlw_fsi",14,"fsi","RaABAMlw","RaABAMlw_fsi","Pacific Silver Fir - Low Elevation",3
"7_53_59_59032",13,82,473,1940,2323,1708000403,"17080003A","WWC","RaABAMlw_fsi_17080004","RaABAMlw","RaABAMlw_fsi",14,"fsi","RaABAMlw","RaABAMlw_fsi","Pacific Silver Fir - Low Elevation",3
"5_53_73_61230",11,130,743,2282,2330,1711000510,"17110004","WNC","RaDFHEwt_fwm_WNC","RaDFHEwt","RaDFHEwt_fwm",33,"fwm","RaDFHEwt","RaDFHEwt_fwm","Douglas-fir Hemlock-Wet Mesic",5
"5_53_73_85990",11,126,723,2287,758,1711000103,"17100312","WNC","Na0710412_fmc_WNC","Na0710412","Na0710412_fmc",7,"fmc","Na0710412","Na0710412_fmc","North Pacific Mountain Hemlock Forest - Xeric",5
"7_53_59_99185",13,78,459,2305,1229,1708000201,"17080001A","WWC","Na0710412_fmc_WWC","Na0710412","Na0710412_fmc",7,"fmc","Na0710412","Na0710412_fmc","North Pacific Mountain Hemlock Forest - Xeric",5
"7_53_59_65099",10,60,335,1985,1492,1707010508,"17070105B","WEC","RaMCONms_fmm_17070105A","RaMCONms","RaMCONms_fmm",27,"fmm","RaMCONms","RaMCONms_fmm","Mixed Conifer - Eastside Mesic",3
"7_53_59_86454",10,60,335,1985,2460,1707010508,"17070105B","WEC","RaMCONms_fmm_17070105A","RaMCONms","RaMCONms_fmm",27,"fmm","RaMCONms","RaMCONms_fmm","Mixed Conifer - Eastside Mesic",3
"7_53_59_97265",10,60,335,1985,2852,1707010508,"17070105B","WEC","RaMCONms_fmm_17070105A","RaMCONms","RaMCONms_fmm",27,"fmm","RaMCONms","RaMCONms_fmm","Mixed Conifer - Eastside Mesic",3
"5_53_73_60140",11,130,743,2282,452,1711000510,"17110004","WNC","RaDFHEwt_fwm_WNC","RaDFHEwt","RaDFHEwt_fwm",33,"fwm","RaDFHEwt","RaDFHEwt_fwm","Douglas-fir Hemlock-Wet Mesic",5
"8_53_39_65835",10,60,335,1985,700,1707010508,"17070105B","WEC","RaMCONms_fmm_17070105A","RaMCONms","RaMCONms_fmm",27,"fmm","RaMCONms","RaMCONms_fmm","Mixed Conifer - Eastside Mesic",3
"8_53_39_89574",10,60,335,1985,1958,1707010508,"17070105B","WEC","RaMCONms_fmm_17070105A","RaMCONms","RaMCONms_fmm",27,"fmm","RaMCONms","RaMCONms_fmm","Mixed Conifer - Eastside Mesic",3
"8_53_39_51933",10,60,336,1985,2622,1707010509,"17070105B","WEC","RaMCONms_fmm_17070105A","RaMCONms","RaMCONms_fmm",27,"fmm","RaMCONms","RaMCONms_fmm","Mixed Conifer - Eastside Mesic",3
"8_53_39_67341",10,60,336,1985,1302,1707010509,"17070105B","WEC","RaMCONms_fmm_17070105A","RaMCONms","RaMCONms_fmm",27,"fmm","RaMCONms","RaMCONms_fmm","Mixed Conifer - Eastside Mesic",3
"8_53_39_81951",10,60,335,316,1688,1707010508,"17070105B","WEC","RaMCONdy_fmd_1707010508","RaMCONdy","RaMCONdy_fmd",28,"fmd","RaMCONdy","RaMCONdy_fmd","Mixed Conifer - Eastside Dry",1
"5_53_73_69240",11,130,743,2282,1098,1711000510,"17110004","WNC","RaDFHEwt_fwm_WNC","RaDFHEwt","RaDFHEwt_fwm",33,"fwm","RaDFHEwt","RaDFHEwt_fwm","Douglas-fir Hemlock-Wet Mesic",5
"7_53_59_75694",10,60,335,316,2192,1707010508,"17070105B","WEC","RaMCONdy_fmd_1707010508","RaMCONdy","RaMCONdy_fmd",28,"fmd","RaMCONdy","RaMCONdy_fmd","Mixed Conifer - Eastside Dry",1
"0_41_27_95586",4,59,334,2014,1831,1707010507,"17070104","OEC","RaMCONms_fmm_17070105B","RaMCONms","RaMCONms_fmm",27,"fmm","RaMCONms","RaMCONms_fmm","Mixed Conifer - Eastside Mesic",3
"5_53_73_69968",11,130,743,2285,1022,1711000510,"17110004","WNC","RaABAMup_fst_WNC","RaABAMup","RaABAMup_fst",13,"fst","RaABAMup","RaABAMup_fst","Pacific Silver Fir - High Elevation",5
"0_41_27_72243",4,59,332,2014,687,1707010505,"17070104","OEC","RaMCONms_fmm_17070105B","RaMCONms","RaMCONms_fmm",27,"fmm","RaMCONms","RaMCONms_fmm","Mixed Conifer - Eastside Mesic",3
"0_41_27_61625",4,59,332,2014,3134,1707010505,"17070104","OEC","RaMCONms_fmm_17070105B","RaMCONms","RaMCONms_fmm",27,"fmm","RaMCONms","RaMCONms_fmm","Mixed Conifer - Eastside Mesic",3
"0_41_27_85322",4,59,332,2014,2815,1707010505,"17070104","OEC","RaMCONms_fmm_17070105B","RaMCONms","RaMCONms_fmm",27,"fmm","RaMCONms","RaMCONms_fmm","Mixed Conifer - Eastside Mesic",3
"0_41_27_71618",4,59,332,2014,2883,1707010505,"17070104","OEC","RaMCONms_fmm_17070105B","RaMCONms","RaMCONms_fmm",27,"fmm","RaMCONms","RaMCONms_fmm","Mixed Conifer - Eastside Mesic",3
"0_41_27_53572",4,59,332,2014,2088,1707010505,"17070104","OEC","RaMCONms_fmm_17070105B","RaMCONms","RaMCONms_fmm",27,"fmm","RaMCONms","RaMCONms_fmm","Mixed Conifer - Eastside Mesic",3
"0_41_27_94394",4,59,332,2014,2953,1707010505,"17070104","OEC","RaMCONms_fmm_17070105B","RaMCONms","RaMCONms_fmm",27,"fmm","RaMCONms","RaMCONms_fmm","Mixed Conifer - Eastside Mesic",3
"0_41_27_60043",4,59,332,2324,1134,1707010505,"17070104","OEC","Na0710412_fmh_OEC","Na0710412","Na0710412_fmh",4,"fmh","Na0710412","Na0710412_fmh","North Pacific Mountain Hemlock Forest - Xeric",5
"0_41_27_67472",4,73,442,2324,1684,1707030609,"17070305B","OEC","Na0710412_fmh_OEC","Na0710412","Na0710412_fmh",4,"fmh","Na0710412","Na0710412_fmh","North Pacific Mountain Hemlock Forest - Xeric",5
"0_41_27_88603",4,73,441,2324,2222,1707030608,"17070305B","OEC","Na0710412_fmh_OEC","Na0710412","Na0710412_fmh",4,"fmh","Na0710412","Na0710412_fmh","North Pacific Mountain Hemlock Forest - Xeric",5
"3_41_65_56222",4,73,442,2039,1311,1707030609,"17070305B","OEC","RaMCONms_fmm_17070306","RaMCONms","RaMCONms_fmm",27,"fmm","RaMCONms","RaMCONms_fmm","Mixed Conifer - Eastside Mesic",3
"3_41_65_51670",4,73,442,2043,3208,1707030609,"17070305B","OEC","RaABAMlw_fsi_17070306","RaABAMlw","RaABAMlw_fsi",14,"fsi","RaABAMlw","RaABAMlw_fsi","Pacific Silver Fir - Low Elevation",3
"5_53_57_64410",11,130,743,2285,1711,1711000510,"17110004","WNC","RaABAMup_fst_WNC","RaABAMup","RaABAMup_fst",13,"fst","RaABAMup","RaABAMup_fst","Pacific Silver Fir - High Elevation",5
"3_41_65_74572",4,73,442,2039,1644,1707030609,"17070305B","OEC","RaMCONms_fmm_17070306","RaMCONms","RaMCONms_fmm",27,"fmm","RaMCONms","RaMCONms_fmm","Mixed Conifer - Eastside Mesic",3
"3_41_65_54529",4,73,442,2039,3189,1707030609,"17070305B","OEC","RaMCONms_fmm_17070306","RaMCONms","RaMCONms_fmm",27,"fmm","RaMCONms","RaMCONms_fmm","Mixed Conifer - Eastside Mesic",3
"3_41_65_51096",4,73,442,2039,1315,1707030609,"17070305B","OEC","RaMCONms_fmm_17070306","RaMCONms","RaMCONms_fmm",27,"fmm","RaMCONms","RaMCONms_fmm","Mixed Conifer - Eastside Mesic",3
"3_41_65_69152",4,73,442,2039,1553,1707030609,"17070305B","OEC","RaMCONms_fmm_17070306","RaMCONms","RaMCONms_fmm",27,"fmm","RaMCONms","RaMCONms_fmm","Mixed Conifer - Eastside Mesic",3
"3_41_65_77802",4,73,442,2039,1697,1707030609,"17070305B","OEC","RaMCONms_fmm_17070306","RaMCONms","RaMCONms_fmm",27,"fmm","RaMCONms","RaMCONms_fmm","Mixed Conifer - Eastside Mesic",3
"3_41_65_77076",4,73,438,2039,3021,1707030605,"17070305B","OEC","RaMCONms_fmm_17070306","RaMCONms","RaMCONms_fmm",27,"fmm","RaMCONms","RaMCONms_fmm","Mixed Conifer - Eastside Mesic",3
"3_41_65_69129",4,73,438,2039,3483,1707030605,"17070305B","OEC","RaMCONms_fmm_17070306","RaMCONms","RaMCONms_fmm",27,"fmm","RaMCONms","RaMCONms_fmm","Mixed Conifer - Eastside Mesic",3
"3_41_65_97189",4,73,438,2039,1431,1707030605,"17070305B","OEC","RaMCONms_fmm_17070306","RaMCONms","RaMCONms_fmm",27,"fmm","RaMCONms","RaMCONms_fmm","Mixed Conifer - Eastside Mesic",3
"3_41_65_52474",4,73,438,576,1668,1707030605,"17070305B","OEC","RaMCONdy_fmd_1707030605","RaMCONdy","RaMCONdy_fmd",28,"fmd","RaMCONdy","RaMCONdy_fmd","Mixed Conifer - Eastside Dry",1
"3_41_65_67968",4,73,439,608,735,1707030606,"17070305B","OEC","RaMCONdy_fmd_1707030606","RaMCONdy","RaMCONdy_fmd",28,"fmd","RaMCONdy","RaMCONdy_fmd","Mixed Conifer - Eastside Dry",1
"3_41_65_72808",4,73,439,2039,888,1707030606,"17070305B","OEC","RaMCONms_fmm_17070306","RaMCONms","RaMCONms_fmm",27,"fmm","RaMCONms","RaMCONms_fmm","Mixed Conifer - Eastside Mesic",3
"3_41_65_85328",4,73,437,2039,1452,1707030604,"17070305B","OEC","RaMCONms_fmm_17070306","RaMCONms","RaMCONms_fmm",27,"fmm","RaMCONms","RaMCONms_fmm","Mixed Conifer - Eastside Mesic",3
"3_41_31_91652",4,73,436,2039,1245,1707030603,"17070305B","OEC","RaMCONms_fmm_17070306","RaMCONms","RaMCONms_fmm",27,"fmm","RaMCONms","RaMCONms_fmm","Mixed Conifer - Eastside Mesic",3
"3_41_31_81435",4,67,396,2085,2353,1707030110,"17070204","OEC","RaMCONms_fmm_17070301","RaMCONms","RaMCONms_fmm",27,"fmm","RaMCONms","RaMCONms_fmm","Mixed Conifer - Eastside Mesic",3
"3_41_31_91102",4,67,396,2085,2899,1707030110,"17070204","OEC","RaMCONms_fmm_17070301","RaMCONms","RaMCONms_fmm",27,"fmm","RaMCONms","RaMCONms_fmm","Mixed Conifer - Eastside Mesic",3
"3_41_31_78974",4,67,396,2085,3157,1707030110,"17070204","OEC","RaMCONms_fmm_17070301","RaMCONms","RaMCONms_fmm",27,"fmm","RaMCONms","RaMCONms_fmm","Mixed Conifer - Eastside Mesic",3
"3_41_31_97974",4,67,396,2085,3030,1707030110,"17070204","OEC","RaMCONms_fmm_17070301","RaMCONms","RaMCONms_fmm",27,"fmm","RaMCONms","RaMCONms_fmm","Mixed Conifer - Eastside Mesic",3
"3_41_31_99595",4,67,396,722,1537,1707030110,"17070204","OEC","RaMCONdy_fmd_1707030110","RaMCONdy","RaMCONdy_fmd",28,"fmd","RaMCONdy","RaMCONdy_fmd","Mixed Conifer - Eastside Dry",1
"3_41_31_84169",4,67,396,722,1596,1707030110,"17070204","OEC","RaMCONdy_fmd_1707030110","RaMCONdy","RaMCONdy_fmd",28,"fmd","RaMCONdy","RaMCONdy_fmd","Mixed Conifer - Eastside Dry",1
"3_41_31_62391",4,67,396,722,1791,1707030110,"17070204","OEC","RaMCONdy_fmd_1707030110","RaMCONdy","RaMCONdy_fmd",28,"fmd","RaMCONdy","RaMCONdy_fmd","Mixed Conifer - Eastside Dry",1
"5_53_57_55547",11,130,744,2282,969,1711000511,"17110004","WNC","RaDFHEwt_fwm_WNC","RaDFHEwt","RaDFHEwt_fwm",33,"fwm","RaDFHEwt","RaDFHEwt_fwm","Douglas-fir Hemlock-Wet Mesic",5
"3_41_17_76588",4,67,393,2095,1604,1707030107,"17070204","OEC","RaPIPOxe_fpd_17070301","RaPIPOxe","RaPIPOxe_fpd",53,"fpd","RaPIPOxe","RaPIPOxe_fpd","Ponderosa Pine - Xeric",3
"3_41_17_72878",4,67,393,2095,2304,1707030107,"17070204","OEC","RaPIPOxe_fpd_17070301","RaPIPOxe","RaPIPOxe_fpd",53,"fpd","RaPIPOxe","RaPIPOxe_fpd","Ponderosa Pine - Xeric",3
"3_41_17_83707",4,67,393,2095,1978,1707030107,"17070204","OEC","RaPIPOxe_fpd_17070301","RaPIPOxe","RaPIPOxe_fpd",53,"fpd","RaPIPOxe","RaPIPOxe_fpd","Ponderosa Pine - Xeric",3
"3_41_17_64746",4,67,393,2095,2180,1707030107,"17070204","OEC","RaPIPOxe_fpd_17070301","RaPIPOxe","RaPIPOxe_fpd",53,"fpd","RaPIPOxe","RaPIPOxe_fpd","Ponderosa Pine - Xeric",3
"3_41_17_72689",4,67,393,2095,2041,1707030107,"17070204","OEC","RaPIPOxe_fpd_17070301","RaPIPOxe","RaPIPOxe_fpd",53,"fpd","RaPIPOxe","RaPIPOxe_fpd","Ponderosa Pine - Xeric",3
"3_41_17_50835",4,67,393,2095,1747,1707030107,"17070204","OEC","RaPIPOxe_fpd_17070301","RaPIPOxe","RaPIPOxe_fpd",53,"fpd","RaPIPOxe","RaPIPOxe_fpd","Ponderosa Pine - Xeric",3
"3_41_17_98236",4,67,392,2095,1963,1707030106,"17070204","OEC","RaPIPOxe_fpd_17070301","RaPIPOxe","RaPIPOxe_fpd",53,"fpd","RaPIPOxe","RaPIPOxe_fpd","Ponderosa Pine - Xeric",3
"3_41_17_96061",4,67,392,2095,1989,1707030106,"17070204","OEC","RaPIPOxe_fpd_17070301","RaPIPOxe","RaPIPOxe_fpd",53,"fpd","RaPIPOxe","RaPIPOxe_fpd","Ponderosa Pine - Xeric",3
"3_41_17_68937",4,67,392,925,1396,1707030106,"17070204","OEC","RaMCONdy_fmx_1707030106","RaMCONdy","RaMCONdy_fmx",29,"fmx","RaMCONdy","RaMCONdy_fmx","Mixed Conifer - Eastside Dry",1
"3_41_17_68420",4,67,391,967,1185,1707030105,"17070204","OEC","RaMCONdy_fmx_1707030105","RaMCONdy","RaMCONdy_fmx",29,"fmx","RaMCONdy","RaMCONdy_fmx","Mixed Conifer - Eastside Dry",1
"3_41_17_79681",4,67,390,2322,1839,1707030104,"17070204","OEC","RaSPFI_fmz_OEC","RaSPFI","RaSPFI_fmz",26,"fmz","RaSPFI","RaSPFI_fmz","Spruce - Fir",4
"3_41_17_64769",4,67,390,2339,3241,1707030104,"17070204","OEC","RaPICOpu_fld_OEC","RaPICOpu","RaPICOpu_fld",49,"fld","RaPICOpu","RaPICOpu_fld","Lodgepole Pine - Pumice Soils",4
"3_41_17_76595",4,67,390,2339,1857,1707030104,"17070204","OEC","RaPICOpu_fld_OEC","RaPICOpu","RaPICOpu_fld",49,"fld","RaPICOpu","RaPICOpu_fld","Lodgepole Pine - Pumice Soils",4
"3_41_17_53335",4,67,389,2095,2940,1707030103,"17070204","OEC","RaPIPOxe_fpd_17070301","RaPIPOxe","RaPIPOxe_fpd",53,"fpd","RaPIPOxe","RaPIPOxe_fpd","Ponderosa Pine - Xeric",3
"3_41_17_70547",4,67,389,2095,1360,1707030103,"17070204","OEC","RaPIPOxe_fpd_17070301","RaPIPOxe","RaPIPOxe_fpd",53,"fpd","RaPIPOxe","RaPIPOxe_fpd","Ponderosa Pine - Xeric",3
"3_41_17_85658",4,67,389,1025,2009,1707030103,"17070204","OEC","RaPIPOm_fpl_1707030103","RaPIPOm","RaPIPOm_fpl",55,"fpl","RaPIPOm","RaPIPOm_fpl","Dry Ponderosa Pine - Mesic",1
"3_41_17_80546",4,67,389,1025,1844,1707030103,"17070204","OEC","RaPIPOm_fpl_1707030103","RaPIPOm","RaPIPOm_fpl",55,"fpl","RaPIPOm","RaPIPOm_fpl","Dry Ponderosa Pine - Mesic",1
"3_41_17_90666",4,67,389,2339,1347,1707030103,"17070204","OEC","RaPICOpu_fld_OEC","RaPICOpu","RaPICOpu_fld",49,"fld","RaPICOpu","RaPICOpu_fld","Lodgepole Pine - Pumice Soils",4
"3_41_17_88870",4,68,403,2340,2806,1707030206,"17070301","OEC","RaPICOpu_flw_OEC","RaPICOpu","RaPICOpu_flw",50,"flw","RaPICOpu","RaPICOpu_flw","Lodgepole Pine - Pumice Soils",4
"3_41_35_55417",4,68,403,2339,2300,1707030206,"17070301","OEC","RaPICOpu_fld_OEC","RaPICOpu","RaPICOpu_fld",49,"fld","RaPICOpu","RaPICOpu_fld","Lodgepole Pine - Pumice Soils",4
"3_41_35_81611",4,68,401,1119,1755,1707030204,"17070301","OEC","RaPIPOm_fpl_1707030204","RaPIPOm","RaPIPOm_fpl",55,"fpl","RaPIPOm","RaPIPOm_fpl","Dry Ponderosa Pine - Mesic",1
"3_41_35_60025",4,68,401,1129,2479,1707030204,"17070301","OEC","RaMCONdy_fmx_1707030204","RaMCONdy","RaMCONdy_fmx",29,"fmx","RaMCONdy","RaMCONdy_fmx","Mixed Conifer - Eastside Dry",1
"3_41_35_92151",4,68,401,2159,2753,1707030204,"17070301","OEC","RaMCONms_fmm_17070302","RaMCONms","RaMCONms_fmm",27,"fmm","RaMCONms","RaMCONms_fmm","Mixed Conifer - Eastside Mesic",3
"3_41_35_55913",4,68,401,2159,1386,1707030204,"17070301","OEC","RaMCONms_fmm_17070302","RaMCONms","RaMCONms_fmm",27,"fmm","RaMCONms","RaMCONms_fmm","Mixed Conifer - Eastside Mesic",3
"5_53_57_99069",11,130,744,2282,1392,1711000511,"17110004","WNC","RaDFHEwt_fwm_WNC","RaDFHEwt","RaDFHEwt_fwm",33,"fwm","RaDFHEwt","RaDFHEwt_fwm","Douglas-fir Hemlock-Wet Mesic",5
"3_41_35_67264",4,68,401,2159,1745,1707030204,"17070301","OEC","RaMCONms_fmm_17070302","RaMCONms","RaMCONms_fmm",27,"fmm","RaMCONms","RaMCONms_fmm","Mixed Conifer - Eastside Mesic",3
"3_41_35_65043",4,68,401,2159,1018,1707030204,"17070301","OEC","RaMCONms_fmm_17070302","RaMCONms","RaMCONms_fmm",27,"fmm","RaMCONms","RaMCONms_fmm","Mixed Conifer - Eastside Mesic",3
"3_41_35_61027",4,151,840,2172,1805,1712000501,"17120004","OEC","RaMCONms_fmm_17120005","RaMCONms","RaMCONms_fmm",27,"fmm","RaMCONms","RaMCONms_fmm","Mixed Conifer - Eastside Mesic",3
"3_41_35_60055",4,151,840,2172,1364,1712000501,"17120004","OEC","RaMCONms_fmm_17120005","RaMCONms","RaMCONms_fmm",27,"fmm","RaMCONms","RaMCONms_fmm","Mixed Conifer - Eastside Mesic",3
"3_41_35_54651",4,157,895,1162,1183,1801020104,"18010101","OEC","RaMCONdy_fmx_1801020104","RaMCONdy","RaMCONdy_fmx",29,"fmx","RaMCONdy","RaMCONdy_fmx","Mixed Conifer - Eastside Dry",1
"3_41_35_97875",4,157,895,1164,1180,1801020104,"18010101","OEC","RaPIPOm_fpl_1801020104","RaPIPOm","RaPIPOm_fpl",55,"fpl","RaPIPOm","RaPIPOm_fpl","Dry Ponderosa Pine - Mesic",1
"3_41_35_97436",4,157,895,1164,1549,1801020104,"18010101","OEC","RaPIPOm_fpl_1801020104","RaPIPOm","RaPIPOm_fpl",55,"fpl","RaPIPOm","RaPIPOm_fpl","Dry Ponderosa Pine - Mesic",1
"3_41_35_68973",4,157,895,1164,2204,1801020104,"18010101","OEC","RaPIPOm_fpl_1801020104","RaPIPOm","RaPIPOm_fpl",55,"fpl","RaPIPOm","RaPIPOm_fpl","Dry Ponderosa Pine - Mesic",1
"3_41_35_96522",4,157,895,1162,1139,1801020104,"18010101","OEC","RaMCONdy_fmx_1801020104","RaMCONdy","RaMCONdy_fmx",29,"fmx","RaMCONdy","RaMCONdy_fmx","Mixed Conifer - Eastside Dry",1
"3_41_35_67998",4,157,895,1162,1440,1801020104,"18010101","OEC","RaMCONdy_fmx_1801020104","RaMCONdy","RaMCONdy_fmx",29,"fmx","RaMCONdy","RaMCONdy_fmx","Mixed Conifer - Eastside Dry",1
"5_53_57_60181",11,133,751,2285,1568,1711000801,"17110007","WNC","RaABAMup_fst_WNC","RaABAMup","RaABAMup_fst",13,"fst","RaABAMup","RaABAMup_fst","Pacific Silver Fir - High Elevation",5
"3_41_35_99475",4,157,895,1164,1200,1801020104,"18010101","OEC","RaPIPOm_fpl_1801020104","RaPIPOm","RaPIPOm_fpl",55,"fpl","RaPIPOm","RaPIPOm_fpl","Dry Ponderosa Pine - Mesic",1
"3_41_35_79922",4,157,892,1251,1215,1801020101,"18010101","OEC","RaPIPOm_fpl_1801020101","RaPIPOm","RaPIPOm_fpl",55,"fpl","RaPIPOm","RaPIPOm_fpl","Dry Ponderosa Pine - Mesic",1
"3_41_35_59314",4,157,892,1251,1050,1801020101,"18010101","OEC","RaPIPOm_fpl_1801020101","RaPIPOm","RaPIPOm_fpl",55,"fpl","RaPIPOm","RaPIPOm_fpl","Dry Ponderosa Pine - Mesic",1
"3_41_35_81118",4,157,892,1251,1594,1801020101,"18010101","OEC","RaPIPOm_fpl_1801020101","RaPIPOm","RaPIPOm_fpl",55,"fpl","RaPIPOm","RaPIPOm_fpl","Dry Ponderosa Pine - Mesic",1
"3_41_35_57166",4,157,892,1251,1504,1801020101,"18010101","OEC","RaPIPOm_fpl_1801020101","RaPIPOm","RaPIPOm_fpl",55,"fpl","RaPIPOm","RaPIPOm_fpl","Dry Ponderosa Pine - Mesic",1
"3_41_35_89981",4,157,892,1251,2557,1801020101,"18010101","OEC","RaPIPOm_fpl_1801020101","RaPIPOm","RaPIPOm_fpl",55,"fpl","RaPIPOm","RaPIPOm_fpl","Dry Ponderosa Pine - Mesic",1
"3_41_35_98337",4,157,892,1251,1149,1801020101,"18010101","OEC","RaPIPOm_fpl_1801020101","RaPIPOm","RaPIPOm_fpl",55,"fpl","RaPIPOm","RaPIPOm_fpl","Dry Ponderosa Pine - Mesic",1
"3_41_35_55446",4,157,892,1251,2321,1801020101,"18010101","OEC","RaPIPOm_fpl_1801020101","RaPIPOm","RaPIPOm_fpl",55,"fpl","RaPIPOm","RaPIPOm_fpl","Dry Ponderosa Pine - Mesic",1
"3_41_35_63905",4,157,892,1251,2634,1801020101,"18010101","OEC","RaPIPOm_fpl_1801020101","RaPIPOm","RaPIPOm_fpl",55,"fpl","RaPIPOm","RaPIPOm_fpl","Dry Ponderosa Pine - Mesic",1
"3_41_35_74769",4,157,892,1251,3214,1801020101,"18010101","OEC","RaPIPOm_fpl_1801020101","RaPIPOm","RaPIPOm_fpl",55,"fpl","RaPIPOm","RaPIPOm_fpl","Dry Ponderosa Pine - Mesic",1
"3_41_35_75605",4,157,892,1251,2570,1801020101,"18010101","OEC","RaPIPOm_fpl_1801020101","RaPIPOm","RaPIPOm_fpl",55,"fpl","RaPIPOm","RaPIPOm_fpl","Dry Ponderosa Pine - Mesic",1
"3_41_35_94419",4,157,892,1251,3120,1801020101,"18010101","OEC","RaPIPOm_fpl_1801020101","RaPIPOm","RaPIPOm_fpl",55,"fpl","RaPIPOm","RaPIPOm_fpl","Dry Ponderosa Pine - Mesic",1
"5_53_57_61913",11,133,751,2285,1039,1711000801,"17110007","WNC","RaABAMup_fst_WNC","RaABAMup","RaABAMup_fst",13,"fst","RaABAMup","RaABAMup_fst","Pacific Silver Fir - High Elevation",5
"3_41_35_77627",4,157,892,1251,2842,1801020101,"18010101","OEC","RaPIPOm_fpl_1801020101","RaPIPOm","RaPIPOm_fpl",55,"fpl","RaPIPOm","RaPIPOm_fpl","Dry Ponderosa Pine - Mesic",1
"3_41_35_54162",4,157,892,1251,1156,1801020101,"18010101","OEC","RaPIPOm_fpl_1801020101","RaPIPOm","RaPIPOm_fpl",55,"fpl","RaPIPOm","RaPIPOm_fpl","Dry Ponderosa Pine - Mesic",1
"3_41_35_64868",4,157,892,1251,2880,1801020101,"18010101","OEC","RaPIPOm_fpl_1801020101","RaPIPOm","RaPIPOm_fpl",55,"fpl","RaPIPOm","RaPIPOm_fpl","Dry Ponderosa Pine - Mesic",1
"3_41_35_78215",4,157,892,1251,1444,1801020101,"18010101","OEC","RaPIPOm_fpl_1801020101","RaPIPOm","RaPIPOm_fpl",55,"fpl","RaPIPOm","RaPIPOm_fpl","Dry Ponderosa Pine - Mesic",1
"3_41_35_56107",4,157,892,1253,1659,1801020101,"18010101","OEC","RaMCONdy_fmx_1801020101","RaMCONdy","RaMCONdy_fmx",29,"fmx","RaMCONdy","RaMCONdy_fmx","Mixed Conifer - Eastside Dry",1
"3_41_35_56474",4,157,892,1253,1204,1801020101,"18010101","OEC","RaMCONdy_fmx_1801020101","RaMCONdy","RaMCONdy_fmx",29,"fmx","RaMCONdy","RaMCONdy_fmx","Mixed Conifer - Eastside Dry",1
"3_41_35_56961",4,157,892,1253,2223,1801020101,"18010101","OEC","RaMCONdy_fmx_1801020101","RaMCONdy","RaMCONdy_fmx",29,"fmx","RaMCONdy","RaMCONdy_fmx","Mixed Conifer - Eastside Dry",1
"3_41_35_96960",4,158,904,1430,1619,1801020207,"18010201","OEC","RaMCONdy_fmx_1801020207","RaMCONdy","RaMCONdy_fmx",29,"fmx","RaMCONdy","RaMCONdy_fmx","Mixed Conifer - Eastside Dry",1
"3_41_35_80769",4,158,904,1432,2490,1801020207,"18010201","OEC","RaPIPOm_fpl_1801020207","RaPIPOm","RaPIPOm_fpl",55,"fpl","RaPIPOm","RaPIPOm_fpl","Dry Ponderosa Pine - Mesic",1
"3_41_35_74405",4,158,904,1432,1096,1801020207,"18010201","OEC","RaPIPOm_fpl_1801020207","RaPIPOm","RaPIPOm_fpl",55,"fpl","RaPIPOm","RaPIPOm_fpl","Dry Ponderosa Pine - Mesic",1
"3_41_35_80995",4,158,904,2232,1264,1801020207,"18010201","OEC","RaPIPOxe_fpd_18010202","RaPIPOxe","RaPIPOxe_fpd",53,"fpd","RaPIPOxe","RaPIPOxe_fpd","Ponderosa Pine - Xeric",3
"5_53_57_93522",11,133,751,2285,593,1711000801,"17110007","WNC","RaABAMup_fst_WNC","RaABAMup","RaABAMup_fst",13,"fst","RaABAMup","RaABAMup_fst","Pacific Silver Fir - High Elevation",5
"3_41_35_55767",4,158,904,2233,783,1801020207,"18010201","OEC","RaPIPOxe_fxp_18010202","RaPIPOxe","RaPIPOxe_fxp",56,"fxp","RaPIPOxe","RaPIPOxe_fxp","Ponderosa Pine - Xeric",3
"3_41_35_75433",4,158,904,2233,1102,1801020207,"18010201","OEC","RaPIPOxe_fxp_18010202","RaPIPOxe","RaPIPOxe_fxp",56,"fxp","RaPIPOxe","RaPIPOxe_fxp","Ponderosa Pine - Xeric",3
"3_41_35_69294",4,158,904,2232,1835,1801020207,"18010201","OEC","RaPIPOxe_fpd_18010202","RaPIPOxe","RaPIPOxe_fpd",53,"fpd","RaPIPOxe","RaPIPOxe_fpd","Ponderosa Pine - Xeric",3
"3_41_35_97544",4,160,912,2260,1180,1801020407,"18010203","OEC","RaPIPOxe_fxp_18010204","RaPIPOxe","RaPIPOxe_fxp",56,"fxp","RaPIPOxe","RaPIPOxe_fxp","Ponderosa Pine - Xeric",3
"5_53_57_57365",11,133,751,2285,1805,1711000801,"17110007","WNC","RaABAMup_fst_WNC","RaABAMup","RaABAMup_fst",13,"fst","RaABAMup","RaABAMup_fst","Pacific Silver Fir - High Elevation",5
"5_53_57_76179",11,133,751,2285,1313,1711000801,"17110007","WNC","RaABAMup_fst_WNC","RaABAMup","RaABAMup_fst",13,"fst","RaABAMup","RaABAMup_fst","Pacific Silver Fir - High Elevation",5
"5_53_61_68783",11,133,751,2285,1199,1711000801,"17110007","WNC","RaABAMup_fst_WNC","RaABAMup","RaABAMup_fst",13,"fst","RaABAMup","RaABAMup_fst","Pacific Silver Fir - High Elevation",5
"5_53_61_66741",11,131,748,2286,839,1711000604,"17110005","WNC","Na0710411_fmt_WNC","Na0710411","Na0710411_fmt",5,"fmt","Na0710411","Na0710411_fmt","North Pacific Mountain Hemlock Forest - Wet",5
"5_53_61_74411",11,131,748,2285,1126,1711000604,"17110005","WNC","RaABAMup_fst_WNC","RaABAMup","RaABAMup_fst",13,"fst","RaABAMup","RaABAMup_fst","Pacific Silver Fir - High Elevation",5
"5_53_61_74944",11,133,752,2285,960,1711000802,"17110007","WNC","RaABAMup_fst_WNC","RaABAMup","RaABAMup_fst",13,"fst","RaABAMup","RaABAMup_fst","Pacific Silver Fir - High Elevation",5
"5_53_61_62168",11,133,752,2285,1425,1711000802,"17110007","WNC","RaABAMup_fst_WNC","RaABAMup","RaABAMup_fst",13,"fst","RaABAMup","RaABAMup_fst","Pacific Silver Fir - High Elevation",5
"5_53_61_94511",11,133,752,2285,2477,1711000802,"17110007","WNC","RaABAMup_fst_WNC","RaABAMup","RaABAMup_fst",13,"fst","RaABAMup","RaABAMup_fst","Pacific Silver Fir - High Elevation",5
"5_53_61_72715",11,134,758,2285,1732,1711000905,"17110008","WNC","RaABAMup_fst_WNC","RaABAMup","RaABAMup_fst",13,"fst","RaABAMup","RaABAMup_fst","Pacific Silver Fir - High Elevation",5
"5_53_61_59433",11,134,759,2286,2593,1711000906,"17110008","WNC","Na0710411_fmt_WNC","Na0710411","Na0710411_fmt",5,"fmt","Na0710411","Na0710411_fmt","North Pacific Mountain Hemlock Forest - Wet",5
"5_53_61_94151",11,134,759,2282,2249,1711000906,"17110008","WNC","RaDFHEwt_fwm_WNC","RaDFHEwt","RaDFHEwt_fwm",33,"fwm","RaDFHEwt","RaDFHEwt_fwm","Douglas-fir Hemlock-Wet Mesic",5
"5_53_61_63734",11,134,759,2282,970,1711000906,"17110008","WNC","RaDFHEwt_fwm_WNC","RaDFHEwt","RaDFHEwt_fwm",33,"fwm","RaDFHEwt","RaDFHEwt_fwm","Douglas-fir Hemlock-Wet Mesic",5
"5_53_61_93105",11,134,759,2285,2138,1711000906,"17110008","WNC","RaABAMup_fst_WNC","RaABAMup","RaABAMup_fst",13,"fst","RaABAMup","RaABAMup_fst","Pacific Silver Fir - High Elevation",5
"5_53_33_54849",11,135,765,2285,1180,1711001005,"17110009","WNC","RaABAMup_fst_WNC","RaABAMup","RaABAMup_fst",13,"fst","RaABAMup","RaABAMup_fst","Pacific Silver Fir - High Elevation",5
"5_53_33_92972",11,135,765,2285,2399,1711001005,"17110009","WNC","RaABAMup_fst_WNC","RaABAMup","RaABAMup_fst",13,"fst","RaABAMup","RaABAMup_fst","Pacific Silver Fir - High Elevation",5
"5_53_33_52055",11,135,761,2282,921,1711001001,"17110009","WNC","RaDFHEwt_fwm_WNC","RaDFHEwt","RaDFHEwt_fwm",33,"fwm","RaDFHEwt","RaDFHEwt_fwm","Douglas-fir Hemlock-Wet Mesic",5
"5_53_33_85843",11,135,761,2286,1063,1711001001,"17110009","WNC","Na0710411_fmt_WNC","Na0710411","Na0710411_fmt",5,"fmt","Na0710411","Na0710411_fmt","North Pacific Mountain Hemlock Forest - Wet",5
"5_53_33_94529",11,135,761,2285,1136,1711001001,"17110009","WNC","RaABAMup_fst_WNC","RaABAMup","RaABAMup_fst",13,"fst","RaABAMup","RaABAMup_fst","Pacific Silver Fir - High Elevation",5
"5_53_33_84329",11,135,761,2286,1800,1711001001,"17110009","WNC","Na0710411_fmt_WNC","Na0710411","Na0710411_fmt",5,"fmt","Na0710411","Na0710411_fmt","North Pacific Mountain Hemlock Forest - Wet",5
"5_53_33_63795",11,135,761,2285,1076,1711001001,"17110009","WNC","RaABAMup_fst_WNC","RaABAMup","RaABAMup_fst",13,"fst","RaABAMup","RaABAMup_fst","Pacific Silver Fir - High Elevation",5
"5_53_33_99710",11,135,762,2282,1268,1711001002,"17110009","WNC","RaDFHEwt_fwm_WNC","RaDFHEwt","RaDFHEwt_fwm",33,"fwm","RaDFHEwt","RaDFHEwt_fwm","Douglas-fir Hemlock-Wet Mesic",5
"5_53_33_95952",11,135,762,2285,1764,1711001002,"17110009","WNC","RaABAMup_fst_WNC","RaABAMup","RaABAMup_fst",13,"fst","RaABAMup","RaABAMup_fst","Pacific Silver Fir - High Elevation",5
"5_53_33_84600",11,135,763,2285,583,1711001003,"17110009","WNC","RaABAMup_fst_WNC","RaABAMup","RaABAMup_fst",13,"fst","RaABAMup","RaABAMup_fst","Pacific Silver Fir - High Elevation",5
"5_53_33_79245",11,135,763,2285,1323,1711001003,"17110009","WNC","RaABAMup_fst_WNC","RaABAMup","RaABAMup_fst",13,"fst","RaABAMup","RaABAMup_fst","Pacific Silver Fir - High Elevation",5
"5_53_33_56531",11,135,763,2285,1086,1711001003,"17110009","WNC","RaABAMup_fst_WNC","RaABAMup","RaABAMup_fst",13,"fst","RaABAMup","RaABAMup_fst","Pacific Silver Fir - High Elevation",5
"5_53_73_65721",11,129,731,1783,1499,1711000401,"17110003","WNC","RaSAWD_fal_17110004","RaSAWD","RaSAWD_fal",2,"fal","RaSAWD","RaSAWD_fal","Subalpine Woodland",3
"5_53_33_55040",13,137,769,2303,1949,1711001201,"17110011","WWC","RaABAMup_fst_WWC","RaABAMup","RaABAMup_fst",13,"fst","RaABAMup","RaABAMup_fst","Pacific Silver Fir - High Elevation",5
"5_53_33_57409",13,138,774,2303,654,1711001302,"17110012","WWC","RaABAMup_fst_WWC","RaABAMup","RaABAMup_fst",13,"fst","RaABAMup","RaABAMup_fst","Pacific Silver Fir - High Elevation",5
"5_53_33_96270",13,139,778,1918,2072,1711001403,"17110013","WWC","RaDFHEdy_fdg_17110014","RaDFHEdy","RaDFHEdy_fdg",24,"fdg","RaDFHEdy","RaDFHEdy_fdg","Douglas-fir Hemlock-Dry Mesic",3
"5_53_53_59672",13,139,778,1917,1175,1711001403,"17110013","WWC","RaDFHEdy_fwi_17110014","RaDFHEdy","RaDFHEdy_fwi",31,"fwi","RaDFHEdy","RaDFHEdy_fwi","Douglas-fir Hemlock-Dry Mesic",3
"5_53_53_77097",13,139,778,1921,1781,1711001403,"17110013","WWC","RaABAMlw_fsi_17110014","RaABAMlw","RaABAMlw_fsi",14,"fsi","RaABAMlw","RaABAMlw_fsi","Pacific Silver Fir - Low Elevation",3
"5_53_53_83154",13,139,778,1917,746,1711001403,"17110013","WWC","RaDFHEdy_fwi_17110014","RaDFHEdy","RaDFHEdy_fwi",31,"fwi","RaDFHEdy","RaDFHEdy_fwi","Douglas-fir Hemlock-Dry Mesic",3
"5_53_53_85649",13,139,778,1921,863,1711001403,"17110013","WWC","RaABAMlw_fsi_17110014","RaABAMlw","RaABAMlw_fsi",14,"fsi","RaABAMlw","RaABAMlw_fsi","Pacific Silver Fir - Low Elevation",3
"5_53_53_82213",13,139,778,1921,1475,1711001403,"17110013","WWC","RaABAMlw_fsi_17110014","RaABAMlw","RaABAMlw_fsi",14,"fsi","RaABAMlw","RaABAMlw_fsi","Pacific Silver Fir - Low Elevation",3
"5_53_53_97411",13,139,778,1921,1701,1711001403,"17110013","WWC","RaABAMlw_fsi_17110014","RaABAMlw","RaABAMlw_fsi",14,"fsi","RaABAMlw","RaABAMlw_fsi","Pacific Silver Fir - Low Elevation",3
"5_53_53_53880",13,139,778,1921,801,1711001403,"17110013","WWC","RaABAMlw_fsi_17110014","RaABAMlw","RaABAMlw_fsi",14,"fsi","RaABAMlw","RaABAMlw_fsi","Pacific Silver Fir - Low Elevation",3
"5_53_53_77224",13,139,778,1928,2150,1711001403,"17110013","WWC","RaSAWD_fal_17110014","RaSAWD","RaSAWD_fal",2,"fal","RaSAWD","RaSAWD_fal","Subalpine Woodland",3
"5_53_53_97953",13,139,778,1928,1589,1711001403,"17110013","WWC","RaSAWD_fal_17110014","RaSAWD","RaSAWD_fal",2,"fal","RaSAWD","RaSAWD_fal","Subalpine Woodland",3
"5_53_53_96285",13,82,471,2303,1079,1708000401,"17080003A","WWC","RaABAMup_fst_WWC","RaABAMup","RaABAMup_fst",13,"fst","RaABAMup","RaABAMup_fst","Pacific Silver Fir - High Elevation",5
"5_53_53_75341",13,82,471,2305,2053,1708000401,"17080003A","WWC","Na0710412_fmc_WWC","Na0710412","Na0710412_fmc",7,"fmc","Na0710412","Na0710412_fmc","North Pacific Mountain Hemlock Forest - Xeric",5
"7_53_41_83672",13,82,471,1941,1184,1708000401,"17080003A","WWC","RaDFHEdy_fwi_17080004","RaDFHEdy","RaDFHEdy_fwi",31,"fwi","RaDFHEdy","RaDFHEdy_fwi","Douglas-fir Hemlock-Dry Mesic",3
"7_53_41_73604",13,82,471,1941,687,1708000401,"17080003A","WWC","RaDFHEdy_fwi_17080004","RaDFHEdy","RaDFHEdy_fwi",31,"fwi","RaDFHEdy","RaDFHEdy_fwi","Douglas-fir Hemlock-Dry Mesic",3
"7_53_41_93921",13,82,472,1944,1646,1708000402,"17080003A","WWC","RaABAMlw_fwc_17080004","RaABAMlw","RaABAMlw_fwc",35,"fwc","RaABAMlw","RaABAMlw_fwc","Pacific Silver Fir - Low Elevation",3
"7_53_41_62704",13,82,472,1940,1886,1708000402,"17080003A","WWC","RaABAMlw_fsi_17080004","RaABAMlw","RaABAMlw_fsi",14,"fsi","RaABAMlw","RaABAMlw_fsi","Pacific Silver Fir - Low Elevation",3
"7_53_41_72491",13,82,472,1940,2221,1708000402,"17080003A","WWC","RaABAMlw_fsi_17080004","RaABAMlw","RaABAMlw_fsi",14,"fsi","RaABAMlw","RaABAMlw_fsi","Pacific Silver Fir - Low Elevation",3
"5_53_73_99655",11,130,743,2285,2840,1711000510,"17110004","WNC","RaABAMup_fst_WNC","RaABAMup","RaABAMup_fst",13,"fst","RaABAMup","RaABAMup_fst","Pacific Silver Fir - High Elevation",5
"7_53_41_63893",13,82,472,1940,2893,1708000402,"17080003A","WWC","RaABAMlw_fsi_17080004","RaABAMlw","RaABAMlw_fsi",14,"fsi","RaABAMlw","RaABAMlw_fsi","Pacific Silver Fir - Low Elevation",3
"7_53_41_80502",13,82,472,1941,965,1708000402,"17080003A","WWC","RaDFHEdy_fwi_17080004","RaDFHEdy","RaDFHEdy_fwi",31,"fwi","RaDFHEdy","RaDFHEdy_fwi","Douglas-fir Hemlock-Dry Mesic",3
"7_53_41_80314",13,82,472,1940,1261,1708000402,"17080003A","WWC","RaABAMlw_fsi_17080004","RaABAMlw","RaABAMlw_fsi",14,"fsi","RaABAMlw","RaABAMlw_fsi","Pacific Silver Fir - Low Elevation",3
"7_53_41_62145",13,82,472,1940,1374,1708000402,"17080003A","WWC","RaABAMlw_fsi_17080004","RaABAMlw","RaABAMlw_fsi",14,"fsi","RaABAMlw","RaABAMlw_fsi","Pacific Silver Fir - Low Elevation",3
"7_53_41_67552",13,82,473,1940,1343,1708000403,"17080003A","WWC","RaABAMlw_fsi_17080004","RaABAMlw","RaABAMlw_fsi",14,"fsi","RaABAMlw","RaABAMlw_fsi","Pacific Silver Fir - Low Elevation",3
"7_53_41_84106",13,82,473,1940,950,1708000403,"17080003A","WWC","RaABAMlw_fsi_17080004","RaABAMlw","RaABAMlw_fsi",14,"fsi","RaABAMlw","RaABAMlw_fsi","Pacific Silver Fir - Low Elevation",3
"7_53_59_54440",13,82,473,2305,1011,1708000403,"17080003A","WWC","Na0710412_fmc_WWC","Na0710412","Na0710412_fmc",7,"fmc","Na0710412","Na0710412_fmc","North Pacific Mountain Hemlock Forest - Xeric",5
"7_53_41_97797",13,82,473,2305,855,1708000403,"17080003A","WWC","Na0710412_fmc_WWC","Na0710412","Na0710412_fmc",7,"fmc","Na0710412","Na0710412_fmc","North Pacific Mountain Hemlock Forest - Xeric",5
"7_53_59_64176",13,82,473,1940,1092,1708000403,"17080003A","WWC","RaABAMlw_fsi_17080004","RaABAMlw","RaABAMlw_fsi",14,"fsi","RaABAMlw","RaABAMlw_fsi","Pacific Silver Fir - Low Elevation",3
"7_53_59_98054",13,82,473,1940,1285,1708000403,"17080003A","WWC","RaABAMlw_fsi_17080004","RaABAMlw","RaABAMlw_fsi",14,"fsi","RaABAMlw","RaABAMlw_fsi","Pacific Silver Fir - Low Elevation",3
"7_53_59_94494",13,82,473,2305,2275,1708000403,"17080003A","WWC","Na0710412_fmc_WWC","Na0710412","Na0710412_fmc",7,"fmc","Na0710412","Na0710412_fmc","North Pacific Mountain Hemlock Forest - Xeric",5
"5_53_73_87157",11,130,743,2285,2006,1711000510,"17110004","WNC","RaABAMup_fst_WNC","RaABAMup","RaABAMup_fst",13,"fst","RaABAMup","RaABAMup_fst","Pacific Silver Fir - High Elevation",5
"7_53_59_97011",13,82,473,2305,1910,1708000403,"17080003A","WWC","Na0710412_fmc_WWC","Na0710412","Na0710412_fmc",7,"fmc","Na0710412","Na0710412_fmc","North Pacific Mountain Hemlock Forest - Xeric",5
"7_53_59_53836",13,82,473,2305,2469,1708000403,"17080003A","WWC","Na0710412_fmc_WWC","Na0710412","Na0710412_fmc",7,"fmc","Na0710412","Na0710412_fmc","North Pacific Mountain Hemlock Forest - Xeric",5
"7_53_59_71829",13,78,459,1974,948,1708000201,"17080001A","WWC","RaSAWD_fal_17080002","RaSAWD","RaSAWD_fal",2,"fal","RaSAWD","RaSAWD_fal","Subalpine Woodland",3
"7_53_59_66317",13,78,459,1974,1913,1708000201,"17080001A","WWC","RaSAWD_fal_17080002","RaSAWD","RaSAWD_fal",2,"fal","RaSAWD","RaSAWD_fal","Subalpine Woodland",3
"7_53_59_65981",10,60,335,2291,1737,1707010508,"17070105B","WEC","Na0710412_fmh_WEC","Na0710412","Na0710412_fmh",4,"fmh","Na0710412","Na0710412_fmh","North Pacific Mountain Hemlock Forest - Xeric",5
"7_53_59_54350",10,60,335,1985,2696,1707010508,"17070105B","WEC","RaMCONms_fmm_17070105A","RaMCONms","RaMCONms_fmm",27,"fmm","RaMCONms","RaMCONms_fmm","Mixed Conifer - Eastside Mesic",3
"7_53_59_82051",10,60,335,1985,1021,1707010508,"17070105B","WEC","RaMCONms_fmm_17070105A","RaMCONms","RaMCONms_fmm",27,"fmm","RaMCONms","RaMCONms_fmm","Mixed Conifer - Eastside Mesic",3
"7_53_59_55466",10,60,335,1985,1638,1707010508,"17070105B","WEC","RaMCONms_fmm_17070105A","RaMCONms","RaMCONms_fmm",27,"fmm","RaMCONms","RaMCONms_fmm","Mixed Conifer - Eastside Mesic",3
"8_53_39_66180",10,60,335,1985,1908,1707010508,"17070105B","WEC","RaMCONms_fmm_17070105A","RaMCONms","RaMCONms_fmm",27,"fmm","RaMCONms","RaMCONms_fmm","Mixed Conifer - Eastside Mesic",3
"8_53_39_65038",10,60,335,1985,1372,1707010508,"17070105B","WEC","RaMCONms_fmm_17070105A","RaMCONms","RaMCONms_fmm",27,"fmm","RaMCONms","RaMCONms_fmm","Mixed Conifer - Eastside Mesic",3
"8_53_39_71489",10,60,335,316,1917,1707010508,"17070105B","WEC","RaMCONdy_fmd_1707010508","RaMCONdy","RaMCONdy_fmd",28,"fmd","RaMCONdy","RaMCONdy_fmd","Mixed Conifer - Eastside Dry",1
"5_53_73_50804",11,130,743,2285,2499,1711000510,"17110004","WNC","RaABAMup_fst_WNC","RaABAMup","RaABAMup_fst",13,"fst","RaABAMup","RaABAMup_fst","Pacific Silver Fir - High Elevation",5
"5_53_73_56719",11,130,743,2286,924,1711000510,"17110004","WNC","Na0710411_fmt_WNC","Na0710411","Na0710411_fmt",5,"fmt","Na0710411","Na0710411_fmt","North Pacific Mountain Hemlock Forest - Wet",5
"0_41_27_92020",4,59,334,2014,1271,1707010507,"17070104","OEC","RaMCONms_fmm_17070105B","RaMCONms","RaMCONms_fmm",27,"fmm","RaMCONms","RaMCONms_fmm","Mixed Conifer - Eastside Mesic",3
"0_41_27_94767",4,59,332,445,715,1707010505,"17070104","OEC","RaMCONdy_fmd_1707010505","RaMCONdy","RaMCONdy_fmd",28,"fmd","RaMCONdy","RaMCONdy_fmd","Mixed Conifer - Eastside Dry",1
"0_41_27_61522",4,59,332,2014,1502,1707010505,"17070104","OEC","RaMCONms_fmm_17070105B","RaMCONms","RaMCONms_fmm",27,"fmm","RaMCONms","RaMCONms_fmm","Mixed Conifer - Eastside Mesic",3
"0_41_27_66356",4,59,332,2014,1249,1707010505,"17070104","OEC","RaMCONms_fmm_17070105B","RaMCONms","RaMCONms_fmm",27,"fmm","RaMCONms","RaMCONms_fmm","Mixed Conifer - Eastside Mesic",3
"5_53_73_78961",11,130,743,2286,1119,1711000510,"17110004","WNC","Na0710411_fmt_WNC","Na0710411","Na0710411_fmt",5,"fmt","Na0710411","Na0710411_fmt","North Pacific Mountain Hemlock Forest - Wet",5
"0_41_27_67492",4,59,332,2014,1408,1707010505,"17070104","OEC","RaMCONms_fmm_17070105B","RaMCONms","RaMCONms_fmm",27,"fmm","RaMCONms","RaMCONms_fmm","Mixed Conifer - Eastside Mesic",3
"0_41_27_67451",4,59,331,2014,1973,1707010504,"17070104","OEC","RaMCONms_fmm_17070105B","RaMCONms","RaMCONms_fmm",27,"fmm","RaMCONms","RaMCONms_fmm","Mixed Conifer - Eastside Mesic",3
"0_41_27_66388",4,59,332,2014,1946,1707010505,"17070104","OEC","RaMCONms_fmm_17070105B","RaMCONms","RaMCONms_fmm",27,"fmm","RaMCONms","RaMCONms_fmm","Mixed Conifer - Eastside Mesic",3
"0_41_27_54714",4,59,332,2014,2491,1707010505,"17070104","OEC","RaMCONms_fmm_17070105B","RaMCONms","RaMCONms_fmm",27,"fmm","RaMCONms","RaMCONms_fmm","Mixed Conifer - Eastside Mesic",3
"0_41_27_90587",4,59,332,2324,2154,1707010505,"17070104","OEC","Na0710412_fmh_OEC","Na0710412","Na0710412_fmh",4,"fmh","Na0710412","Na0710412_fmh","North Pacific Mountain Hemlock Forest - Xeric",5
"3_41_65_56282",4,73,442,2324,1935,1707030609,"17070305B","OEC","Na0710412_fmh_OEC","Na0710412","Na0710412_fmh",4,"fmh","Na0710412","Na0710412_fmh","North Pacific Mountain Hemlock Forest - Xeric",5
"5_53_57_65533",11,130,743,2285,1315,1711000510,"17110004","WNC","RaABAMup_fst_WNC","RaABAMup","RaABAMup_fst",13,"fst","RaABAMup","RaABAMup_fst","Pacific Silver Fir - High Elevation",5
"3_41_65_85833",4,73,442,525,1338,1707030609,"17070305B","OEC","RaMCONdy_fmd_1707030609","RaMCONdy","RaMCONdy_fmd",28,"fmd","RaMCONdy","RaMCONdy_fmd","Mixed Conifer - Eastside Dry",1
"3_41_65_86626",4,73,442,2039,2301,1707030609,"17070305B","OEC","RaMCONms_fmm_17070306","RaMCONms","RaMCONms_fmm",27,"fmm","RaMCONms","RaMCONms_fmm","Mixed Conifer - Eastside Mesic",3
"3_41_65_75852",4,73,442,2039,2146,1707030609,"17070305B","OEC","RaMCONms_fmm_17070306","RaMCONms","RaMCONms_fmm",27,"fmm","RaMCONms","RaMCONms_fmm","Mixed Conifer - Eastside Mesic",3
"3_41_65_73659",4,73,442,2039,1521,1707030609,"17070305B","OEC","RaMCONms_fmm_17070306","RaMCONms","RaMCONms_fmm",27,"fmm","RaMCONms","RaMCONms_fmm","Mixed Conifer - Eastside Mesic",3
"3_41_65_65543",4,73,442,2039,1747,1707030609,"17070305B","OEC","RaMCONms_fmm_17070306","RaMCONms","RaMCONms_fmm",27,"fmm","RaMCONms","RaMCONms_fmm","Mixed Conifer - Eastside Mesic",3
"3_41_65_88074",4,73,438,2039,1002,1707030605,"17070305B","OEC","RaMCONms_fmm_17070306","RaMCONms","RaMCONms_fmm",27,"fmm","RaMCONms","RaMCONms_fmm","Mixed Conifer - Eastside Mesic",3
"5_53_57_74704",11,130,743,2286,1823,1711000510,"17110004","WNC","Na0710411_fmt_WNC","Na0710411","Na0710411_fmt",5,"fmt","Na0710411","Na0710411_fmt","North Pacific Mountain Hemlock Forest - Wet",5
"3_41_65_70672",4,73,439,608,3355,1707030606,"17070305B","OEC","RaMCONdy_fmd_1707030606","RaMCONdy","RaMCONdy_fmd",28,"fmd","RaMCONdy","RaMCONdy_fmd","Mixed Conifer - Eastside Dry",1
"3_41_31_65422",4,73,437,2055,1802,1707030604,"17070305B","OEC","RaPIPOxe_fpd_17070306","RaPIPOxe","RaPIPOxe_fpd",53,"fpd","RaPIPOxe","RaPIPOxe_fpd","Ponderosa Pine - Xeric",3
"3_41_31_53358",4,73,436,2055,761,1707030603,"17070305B","OEC","RaPIPOxe_fpd_17070306","RaPIPOxe","RaPIPOxe_fpd",53,"fpd","RaPIPOxe","RaPIPOxe_fpd","Ponderosa Pine - Xeric",3
"3_41_31_97005",4,73,434,2055,787,1707030601,"17070305B","OEC","RaPIPOxe_fpd_17070306","RaPIPOxe","RaPIPOxe_fpd",53,"fpd","RaPIPOxe","RaPIPOxe_fpd","Ponderosa Pine - Xeric",3
"5_53_57_58584",11,130,744,2285,1221,1711000511,"17110004","WNC","RaABAMup_fst_WNC","RaABAMup","RaABAMup_fst",13,"fst","RaABAMup","RaABAMup_fst","Pacific Silver Fir - High Elevation",5
"3_41_31_56592",4,67,396,722,2153,1707030110,"17070204","OEC","RaMCONdy_fmd_1707030110","RaMCONdy","RaMCONdy_fmd",28,"fmd","RaMCONdy","RaMCONdy_fmd","Mixed Conifer - Eastside Dry",1
"3_41_31_50433",4,67,396,2095,1462,1707030110,"17070204","OEC","RaPIPOxe_fpd_17070301","RaPIPOxe","RaPIPOxe_fpd",53,"fpd","RaPIPOxe","RaPIPOxe_fpd","Ponderosa Pine - Xeric",3
"3_41_31_84625",4,67,396,2095,543,1707030110,"17070204","OEC","RaPIPOxe_fpd_17070301","RaPIPOxe","RaPIPOxe_fpd",53,"fpd","RaPIPOxe","RaPIPOxe_fpd","Ponderosa Pine - Xeric",3
"3_41_31_96400",4,67,396,2095,1426,1707030110,"17070204","OEC","RaPIPOxe_fpd_17070301","RaPIPOxe","RaPIPOxe_fpd",53,"fpd","RaPIPOxe","RaPIPOxe_fpd","Ponderosa Pine - Xeric",3
"3_41_31_75569",4,67,396,2095,838,1707030110,"17070204","OEC","RaPIPOxe_fpd_17070301","RaPIPOxe","RaPIPOxe_fpd",53,"fpd","RaPIPOxe","RaPIPOxe_fpd","Ponderosa Pine - Xeric",3
"3_41_31_95340",4,67,396,2095,2531,1707030110,"17070204","OEC","RaPIPOxe_fpd_17070301","RaPIPOxe","RaPIPOxe_fpd",53,"fpd","RaPIPOxe","RaPIPOxe_fpd","Ponderosa Pine - Xeric",3
"3_41_31_69801",4,67,397,2095,1838,1707030111,"17070204","OEC","RaPIPOxe_fpd_17070301","RaPIPOxe","RaPIPOxe_fpd",53,"fpd","RaPIPOxe","RaPIPOxe_fpd","Ponderosa Pine - Xeric",3
"3_41_17_74424",4,67,397,2095,1167,1707030111,"17070204","OEC","RaPIPOxe_fpd_17070301","RaPIPOxe","RaPIPOxe_fpd",53,"fpd","RaPIPOxe","RaPIPOxe_fpd","Ponderosa Pine - Xeric",3
"3_41_31_68464",4,67,397,2095,1563,1707030111,"17070204","OEC","RaPIPOxe_fpd_17070301","RaPIPOxe","RaPIPOxe_fpd",53,"fpd","RaPIPOxe","RaPIPOxe_fpd","Ponderosa Pine - Xeric",3
"3_41_17_62489",4,67,393,2095,1614,1707030107,"17070204","OEC","RaPIPOxe_fpd_17070301","RaPIPOxe","RaPIPOxe_fpd",53,"fpd","RaPIPOxe","RaPIPOxe_fpd","Ponderosa Pine - Xeric",3
"3_41_17_51628",4,67,393,2095,1022,1707030107,"17070204","OEC","RaPIPOxe_fpd_17070301","RaPIPOxe","RaPIPOxe_fpd",53,"fpd","RaPIPOxe","RaPIPOxe_fpd","Ponderosa Pine - Xeric",3
"3_41_17_77883",4,67,397,2095,1685,1707030111,"17070204","OEC","RaPIPOxe_fpd_17070301","RaPIPOxe","RaPIPOxe_fpd",53,"fpd","RaPIPOxe","RaPIPOxe_fpd","Ponderosa Pine - Xeric",3
"3_41_17_63012",4,67,393,2095,2608,1707030107,"17070204","OEC","RaPIPOxe_fpd_17070301","RaPIPOxe","RaPIPOxe_fpd",53,"fpd","RaPIPOxe","RaPIPOxe_fpd","Ponderosa Pine - Xeric",3
"3_41_17_50175",4,67,392,2095,672,1707030106,"17070204","OEC","RaPIPOxe_fpd_17070301","RaPIPOxe","RaPIPOxe_fpd",53,"fpd","RaPIPOxe","RaPIPOxe_fpd","Ponderosa Pine - Xeric",3
"3_41_17_88063",4,67,392,2095,1303,1707030106,"17070204","OEC","RaPIPOxe_fpd_17070301","RaPIPOxe","RaPIPOxe_fpd",53,"fpd","RaPIPOxe","RaPIPOxe_fpd","Ponderosa Pine - Xeric",3
"3_41_17_71785",4,67,392,2095,1930,1707030106,"17070204","OEC","RaPIPOxe_fpd_17070301","RaPIPOxe","RaPIPOxe_fpd",53,"fpd","RaPIPOxe","RaPIPOxe_fpd","Ponderosa Pine - Xeric",3
"5_53_57_72267",11,130,744,2285,1859,1711000511,"17110004","WNC","RaABAMup_fst_WNC","RaABAMup","RaABAMup_fst",13,"fst","RaABAMup","RaABAMup_fst","Pacific Silver Fir - High Elevation",5
"3_41_17_85902",4,67,392,2322,1199,1707030106,"17070204","OEC","RaSPFI_fmz_OEC","RaSPFI","RaSPFI_fmz",26,"fmz","RaSPFI","RaSPFI_fmz","Spruce - Fir",4
"3_41_17_65908",4,67,394,879,1437,1707030108,"17070204","OEC","RaPIPOm_fdp_1707030108","RaPIPOm","RaPIPOm_fdp",52,"fdp","RaPIPOm","RaPIPOm_fdp","Dry Ponderosa Pine - Mesic",1
"3_41_17_64849",4,67,391,967,1610,1707030105,"17070204","OEC","RaMCONdy_fmx_1707030105","RaMCONdy","RaMCONdy_fmx",29,"fmx","RaMCONdy","RaMCONdy_fmx","Mixed Conifer - Eastside Dry",1
"3_41_17_81655",4,67,390,990,1012,1707030104,"17070204","OEC","RaMCONdy_fmx_1707030104","RaMCONdy","RaMCONdy_fmx",29,"fmx","RaMCONdy","RaMCONdy_fmx","Mixed Conifer - Eastside Dry",1
"3_41_17_92843",4,67,390,990,2451,1707030104,"17070204","OEC","RaMCONdy_fmx_1707030104","RaMCONdy","RaMCONdy_fmx",29,"fmx","RaMCONdy","RaMCONdy_fmx","Mixed Conifer - Eastside Dry",1
"3_41_17_70292",4,67,390,990,2209,1707030104,"17070204","OEC","RaMCONdy_fmx_1707030104","RaMCONdy","RaMCONdy_fmx",29,"fmx","RaMCONdy","RaMCONdy_fmx","Mixed Conifer - Eastside Dry",1
"3_41_17_66885",4,67,390,990,2547,1707030104,"17070204","OEC","RaMCONdy_fmx_1707030104","RaMCONdy","RaMCONdy_fmx",29,"fmx","RaMCONdy","RaMCONdy_fmx","Mixed Conifer - Eastside Dry",1
"3_41_17_69984",4,67,390,990,2062,1707030104,"17070204","OEC","RaMCONdy_fmx_1707030104","RaMCONdy","RaMCONdy_fmx",29,"fmx","RaMCONdy","RaMCONdy_fmx","Mixed Conifer - Eastside Dry",1
"3_41_17_53950",4,67,390,2095,1451,1707030104,"17070204","OEC","RaPIPOxe_fpd_17070301","RaPIPOxe","RaPIPOxe_fpd",53,"fpd","RaPIPOxe","RaPIPOxe_fpd","Ponderosa Pine - Xeric",3
"3_41_17_51212",4,67,389,1025,907,1707030103,"17070204","OEC","RaPIPOm_fpl_1707030103","RaPIPOm","RaPIPOm_fpl",55,"fpl","RaPIPOm","RaPIPOm_fpl","Dry Ponderosa Pine - Mesic",1
"3_41_17_79527",4,67,389,1025,1830,1707030103,"17070204","OEC","RaPIPOm_fpl_1707030103","RaPIPOm","RaPIPOm_fpl",55,"fpl","RaPIPOm","RaPIPOm_fpl","Dry Ponderosa Pine - Mesic",1
"3_41_17_56817",4,67,389,1025,1813,1707030103,"17070204","OEC","RaPIPOm_fpl_1707030103","RaPIPOm","RaPIPOm_fpl",55,"fpl","RaPIPOm","RaPIPOm_fpl","Dry Ponderosa Pine - Mesic",1
"3_41_17_96940",4,67,389,2340,1298,1707030103,"17070204","OEC","RaPICOpu_flw_OEC","RaPICOpu","RaPICOpu_flw",50,"flw","RaPICOpu","RaPICOpu_flw","Lodgepole Pine - Pumice Soils",4
"3_41_17_64395",4,67,389,1025,1770,1707030103,"17070204","OEC","RaPIPOm_fpl_1707030103","RaPIPOm","RaPIPOm_fpl",55,"fpl","RaPIPOm","RaPIPOm_fpl","Dry Ponderosa Pine - Mesic",1
"3_41_17_88561",4,68,404,2339,2306,1707030207,"17070301","OEC","RaPICOpu_fld_OEC","RaPICOpu","RaPICOpu_fld",49,"fld","RaPICOpu","RaPICOpu_fld","Lodgepole Pine - Pumice Soils",4
"3_41_17_68299",4,68,404,2339,1782,1707030207,"17070301","OEC","RaPICOpu_fld_OEC","RaPICOpu","RaPICOpu_fld",49,"fld","RaPICOpu","RaPICOpu_fld","Lodgepole Pine - Pumice Soils",4
"3_41_17_55589",4,68,403,2339,2239,1707030206,"17070301","OEC","RaPICOpu_fld_OEC","RaPICOpu","RaPICOpu_fld",49,"fld","RaPICOpu","RaPICOpu_fld","Lodgepole Pine - Pumice Soils",4
"3_41_35_85750",4,68,403,2339,2030,1707030206,"17070301","OEC","RaPICOpu_fld_OEC","RaPICOpu","RaPICOpu_fld",49,"fld","RaPICOpu","RaPICOpu_fld","Lodgepole Pine - Pumice Soils",4
"3_41_35_61721",4,68,403,1079,2909,1707030206,"17070301","OEC","RaPIPOm_fpl_1707030206","RaPIPOm","RaPIPOm_fpl",55,"fpl","RaPIPOm","RaPIPOm_fpl","Dry Ponderosa Pine - Mesic",1
"3_41_35_72067",4,68,401,1119,2708,1707030204,"17070301","OEC","RaPIPOm_fpl_1707030204","RaPIPOm","RaPIPOm_fpl",55,"fpl","RaPIPOm","RaPIPOm_fpl","Dry Ponderosa Pine - Mesic",1
"3_41_35_64697",4,68,401,1129,2262,1707030204,"17070301","OEC","RaMCONdy_fmx_1707030204","RaMCONdy","RaMCONdy_fmx",29,"fmx","RaMCONdy","RaMCONdy_fmx","Mixed Conifer - Eastside Dry",1
"3_41_35_92442",4,68,401,2159,1304,1707030204,"17070301","OEC","RaMCONms_fmm_17070302","RaMCONms","RaMCONms_fmm",27,"fmm","RaMCONms","RaMCONms_fmm","Mixed Conifer - Eastside Mesic",3
"3_41_35_67974",4,68,401,2159,1937,1707030204,"17070301","OEC","RaMCONms_fmm_17070302","RaMCONms","RaMCONms_fmm",27,"fmm","RaMCONms","RaMCONms_fmm","Mixed Conifer - Eastside Mesic",3
"3_41_35_58270",4,68,401,2159,1750,1707030204,"17070301","OEC","RaMCONms_fmm_17070302","RaMCONms","RaMCONms_fmm",27,"fmm","RaMCONms","RaMCONms_fmm","Mixed Conifer - Eastside Mesic",3
"3_41_35_73258",4,151,840,2172,1033,1712000501,"17120004","OEC","RaMCONms_fmm_17120005","RaMCONms","RaMCONms_fmm",27,"fmm","RaMCONms","RaMCONms_fmm","Mixed Conifer - Eastside Mesic",3
"3_41_35_90524",4,151,840,2173,1005,1712000501,"17120004","OEC","RaREFI_frf_17120005","RaREFI","RaREFI_frf",12,"frf","RaREFI","RaREFI_frf","Red Fir",3
"3_41_35_82469",4,151,840,2172,929,1712000501,"17120004","OEC","RaMCONms_fmm_17120005","RaMCONms","RaMCONms_fmm",27,"fmm","RaMCONms","RaMCONms_fmm","Mixed Conifer - Eastside Mesic",3
"3_41_35_52888",4,151,840,1155,1321,1712000501,"17120004","OEC","RaPIPOm_fpl_1712000501","RaPIPOm","RaPIPOm_fpl",55,"fpl","RaPIPOm","RaPIPOm_fpl","Dry Ponderosa Pine - Mesic",1
"3_41_35_77652",4,157,895,1164,1153,1801020104,"18010101","OEC","RaPIPOm_fpl_1801020104","RaPIPOm","RaPIPOm_fpl",55,"fpl","RaPIPOm","RaPIPOm_fpl","Dry Ponderosa Pine - Mesic",1
"3_41_35_57072",4,157,895,1164,1022,1801020104,"18010101","OEC","RaPIPOm_fpl_1801020104","RaPIPOm","RaPIPOm_fpl",55,"fpl","RaPIPOm","RaPIPOm_fpl","Dry Ponderosa Pine - Mesic",1
"3_41_35_78509",4,157,895,1164,1115,1801020104,"18010101","OEC","RaPIPOm_fpl_1801020104","RaPIPOm","RaPIPOm_fpl",55,"fpl","RaPIPOm","RaPIPOm_fpl","Dry Ponderosa Pine - Mesic",1
"3_41_35_58311",4,157,895,1164,2210,1801020104,"18010101","OEC","RaPIPOm_fpl_1801020104","RaPIPOm","RaPIPOm_fpl",55,"fpl","RaPIPOm","RaPIPOm_fpl","Dry Ponderosa Pine - Mesic",1
"5_53_57_59076",11,133,751,2285,861,1711000801,"17110007","WNC","RaABAMup_fst_WNC","RaABAMup","RaABAMup_fst",13,"fst","RaABAMup","RaABAMup_fst","Pacific Silver Fir - High Elevation",5
"3_41_35_60092",4,157,892,1251,1718,1801020101,"18010101","OEC","RaPIPOm_fpl_1801020101","RaPIPOm","RaPIPOm_fpl",55,"fpl","RaPIPOm","RaPIPOm_fpl","Dry Ponderosa Pine - Mesic",1
"3_41_35_77943",4,157,895,1164,1348,1801020104,"18010101","OEC","RaPIPOm_fpl_1801020104","RaPIPOm","RaPIPOm_fpl",55,"fpl","RaPIPOm","RaPIPOm_fpl","Dry Ponderosa Pine - Mesic",1
"3_41_35_56833",4,157,892,1251,1771,1801020101,"18010101","OEC","RaPIPOm_fpl_1801020101","RaPIPOm","RaPIPOm_fpl",55,"fpl","RaPIPOm","RaPIPOm_fpl","Dry Ponderosa Pine - Mesic",1
"3_41_35_55001",4,157,892,1251,888,1801020101,"18010101","OEC","RaPIPOm_fpl_1801020101","RaPIPOm","RaPIPOm_fpl",55,"fpl","RaPIPOm","RaPIPOm_fpl","Dry Ponderosa Pine - Mesic",1
"3_41_35_88005",4,157,892,1251,1354,1801020101,"18010101","OEC","RaPIPOm_fpl_1801020101","RaPIPOm","RaPIPOm_fpl",55,"fpl","RaPIPOm","RaPIPOm_fpl","Dry Ponderosa Pine - Mesic",1
"3_41_35_73426",4,157,892,1251,1893,1801020101,"18010101","OEC","RaPIPOm_fpl_1801020101","RaPIPOm","RaPIPOm_fpl",55,"fpl","RaPIPOm","RaPIPOm_fpl","Dry Ponderosa Pine - Mesic",1
"3_41_35_98370",4,157,892,1251,2839,1801020101,"18010101","OEC","RaPIPOm_fpl_1801020101","RaPIPOm","RaPIPOm_fpl",55,"fpl","RaPIPOm","RaPIPOm_fpl","Dry Ponderosa Pine - Mesic",1
"3_41_35_90825",4,157,892,1251,2156,1801020101,"18010101","OEC","RaPIPOm_fpl_1801020101","RaPIPOm","RaPIPOm_fpl",55,"fpl","RaPIPOm","RaPIPOm_fpl","Dry Ponderosa Pine - Mesic",1
"3_41_35_69694",4,157,892,1251,2434,1801020101,"18010101","OEC","RaPIPOm_fpl_1801020101","RaPIPOm","RaPIPOm_fpl",55,"fpl","RaPIPOm","RaPIPOm_fpl","Dry Ponderosa Pine - Mesic",1
"5_53_57_66197",11,131,748,2285,887,1711000604,"17110005","WNC","RaABAMup_fst_WNC","RaABAMup","RaABAMup_fst",13,"fst","RaABAMup","RaABAMup_fst","Pacific Silver Fir - High Elevation",5
"5_53_57_76284",11,133,751,2285,950,1711000801,"17110007","WNC","RaABAMup_fst_WNC","RaABAMup","RaABAMup_fst",13,"fst","RaABAMup","RaABAMup_fst","Pacific Silver Fir - High Elevation",5
"3_41_35_61263",4,157,892,1251,1837,1801020101,"18010101","OEC","RaPIPOm_fpl_1801020101","RaPIPOm","RaPIPOm_fpl",55,"fpl","RaPIPOm","RaPIPOm_fpl","Dry Ponderosa Pine - Mesic",1
"3_41_35_63792",4,157,892,2339,965,1801020101,"18010101","OEC","RaPICOpu_fld_OEC","RaPICOpu","RaPICOpu_fld",49,"fld","RaPICOpu","RaPICOpu_fld","Lodgepole Pine - Pumice Soils",4
"3_41_35_91681",4,157,892,1251,1619,1801020101,"18010101","OEC","RaPIPOm_fpl_1801020101","RaPIPOm","RaPIPOm_fpl",55,"fpl","RaPIPOm","RaPIPOm_fpl","Dry Ponderosa Pine - Mesic",1
"3_41_35_70081",4,157,892,1251,1267,1801020101,"18010101","OEC","RaPIPOm_fpl_1801020101","RaPIPOm","RaPIPOm_fpl",55,"fpl","RaPIPOm","RaPIPOm_fpl","Dry Ponderosa Pine - Mesic",1
"3_41_35_70002",4,157,892,1253,1657,1801020101,"18010101","OEC","RaMCONdy_fmx_1801020101","RaMCONdy","RaMCONdy_fmx",29,"fmx","RaMCONdy","RaMCONdy_fmx","Mixed Conifer - Eastside Dry",1
"3_41_35_78489",4,157,892,1253,1826,1801020101,"18010101","OEC","RaMCONdy_fmx_1801020101","RaMCONdy","RaMCONdy_fmx",29,"fmx","RaMCONdy","RaMCONdy_fmx","Mixed Conifer - Eastside Dry",1
"3_41_35_97575",4,157,892,1253,1389,1801020101,"18010101","OEC","RaMCONdy_fmx_1801020101","RaMCONdy","RaMCONdy_fmx",29,"fmx","RaMCONdy","RaMCONdy_fmx","Mixed Conifer - Eastside Dry",1
"3_41_35_80638",4,158,904,1432,1726,1801020207,"18010201","OEC","RaPIPOm_fpl_1801020207","RaPIPOm","RaPIPOm_fpl",55,"fpl","RaPIPOm","RaPIPOm_fpl","Dry Ponderosa Pine - Mesic",1
"3_41_35_60245",4,158,904,1432,1557,1801020207,"18010201","OEC","RaPIPOm_fpl_1801020207","RaPIPOm","RaPIPOm_fpl",55,"fpl","RaPIPOm","RaPIPOm_fpl","Dry Ponderosa Pine - Mesic",1
"3_41_35_94120",4,158,904,1430,2753,1801020207,"18010201","OEC","RaMCONdy_fmx_1801020207","RaMCONdy","RaMCONdy_fmx",29,"fmx","RaMCONdy","RaMCONdy_fmx","Mixed Conifer - Eastside Dry",1
"3_41_35_60173",4,158,904,2233,1362,1801020207,"18010201","OEC","RaPIPOxe_fxp_18010202","RaPIPOxe","RaPIPOxe_fxp",56,"fxp","RaPIPOxe","RaPIPOxe_fxp","Ponderosa Pine - Xeric",3
"3_41_35_51622",4,158,904,2233,726,1801020207,"18010201","OEC","RaPIPOxe_fxp_18010202","RaPIPOxe","RaPIPOxe_fxp",56,"fxp","RaPIPOxe","RaPIPOxe_fxp","Ponderosa Pine - Xeric",3
"3_41_35_95350",4,158,904,2233,2041,1801020207,"18010201","OEC","RaPIPOxe_fxp_18010202","RaPIPOxe","RaPIPOxe_fxp",56,"fxp","RaPIPOxe","RaPIPOxe_fxp","Ponderosa Pine - Xeric",3
"3_41_35_81189",4,160,912,2260,865,1801020407,"18010203","OEC","RaPIPOxe_fxp_18010204","RaPIPOxe","RaPIPOxe_fxp",56,"fxp","RaPIPOxe","RaPIPOxe_fxp","Ponderosa Pine - Xeric",3
"5_53_57_74755",11,133,751,2285,825,1711000801,"17110007","WNC","RaABAMup_fst_WNC","RaABAMup","RaABAMup_fst",13,"fst","RaABAMup","RaABAMup_fst","Pacific Silver Fir - High Elevation",5
"3_41_35_79842",4,160,912,2260,32,1801020407,"18010203","OEC","RaPIPOxe_fxp_18010204","RaPIPOxe","RaPIPOxe_fxp",56,"fxp","RaPIPOxe","RaPIPOxe_fxp","Ponderosa Pine - Xeric",3
"5_53_61_90176",11,133,751,2282,1521,1711000801,"17110007","WNC","RaDFHEwt_fwm_WNC","RaDFHEwt","RaDFHEwt_fwm",33,"fwm","RaDFHEwt","RaDFHEwt_fwm","Douglas-fir Hemlock-Wet Mesic",5
"5_53_61_91978",11,133,751,1829,618,1711000801,"17110007","WNC","RaDFHEdy_fdg_17110008","RaDFHEdy","RaDFHEdy_fdg",24,"fdg","RaDFHEdy","RaDFHEdy_fdg","Douglas-fir Hemlock-Dry Mesic",3
"5_53_61_51259",11,133,751,2286,567,1711000801,"17110007","WNC","Na0710411_fmt_WNC","Na0710411","Na0710411_fmt",5,"fmt","Na0710411","Na0710411_fmt","North Pacific Mountain Hemlock Forest - Wet",5
"5_53_61_59811",11,131,748,2285,1460,1711000604,"17110005","WNC","RaABAMup_fst_WNC","RaABAMup","RaABAMup_fst",13,"fst","RaABAMup","RaABAMup_fst","Pacific Silver Fir - High Elevation",5
"5_53_61_70708",11,131,748,2285,2086,1711000604,"17110005","WNC","RaABAMup_fst_WNC","RaABAMup","RaABAMup_fst",13,"fst","RaABAMup","RaABAMup_fst","Pacific Silver Fir - High Elevation",5
"5_53_61_63986",11,133,752,2285,2006,1711000802,"17110007","WNC","RaABAMup_fst_WNC","RaABAMup","RaABAMup_fst",13,"fst","RaABAMup","RaABAMup_fst","Pacific Silver Fir - High Elevation",5
"5_53_61_54088",11,133,752,2286,915,1711000802,"17110007","WNC","Na0710411_fmt_WNC","Na0710411","Na0710411_fmt",5,"fmt","Na0710411","Na0710411_fmt","North Pacific Mountain Hemlock Forest - Wet",5
"5_53_61_82305",11,134,758,2285,1087,1711000905,"17110008","WNC","RaABAMup_fst_WNC","RaABAMup","RaABAMup_fst",13,"fst","RaABAMup","RaABAMup_fst","Pacific Silver Fir - High Elevation",5
"5_53_61_94725",11,134,758,2285,1718,1711000905,"17110008","WNC","RaABAMup_fst_WNC","RaABAMup","RaABAMup_fst",13,"fst","RaABAMup","RaABAMup_fst","Pacific Silver Fir - High Elevation",5
"5_53_73_70285",11,129,731,2285,664,1711000401,"17110003","WNC","RaABAMup_fst_WNC","RaABAMup","RaABAMup_fst",13,"fst","RaABAMup","RaABAMup_fst","Pacific Silver Fir - High Elevation",5
"5_53_73_71718",11,129,731,2285,802,1711000401,"17110003","WNC","RaABAMup_fst_WNC","RaABAMup","RaABAMup_fst",13,"fst","RaABAMup","RaABAMup_fst","Pacific Silver Fir - High Elevation",5
"5_53_61_66081",11,134,759,2285,1174,1711000906,"17110008","WNC","RaABAMup_fst_WNC","RaABAMup","RaABAMup_fst",13,"fst","RaABAMup","RaABAMup_fst","Pacific Silver Fir - High Elevation",5
"5_53_33_95141",11,135,765,2285,1091,1711001005,"17110009","WNC","RaABAMup_fst_WNC","RaABAMup","RaABAMup_fst",13,"fst","RaABAMup","RaABAMup_fst","Pacific Silver Fir - High Elevation",5
"5_53_33_94363",11,135,765,2285,1278,1711001005,"17110009","WNC","RaABAMup_fst_WNC","RaABAMup","RaABAMup_fst",13,"fst","RaABAMup","RaABAMup_fst","Pacific Silver Fir - High Elevation",5
"5_53_33_89075",11,135,761,2285,1346,1711001001,"17110009","WNC","RaABAMup_fst_WNC","RaABAMup","RaABAMup_fst",13,"fst","RaABAMup","RaABAMup_fst","Pacific Silver Fir - High Elevation",5
"5_53_73_75099",11,129,731,2285,1701,1711000401,"17110003","WNC","RaABAMup_fst_WNC","RaABAMup","RaABAMup_fst",13,"fst","RaABAMup","RaABAMup_fst","Pacific Silver Fir - High Elevation",5
"5_53_73_83943",11,129,731,2285,1399,1711000401,"17110003","WNC","RaABAMup_fst_WNC","RaABAMup","RaABAMup_fst",13,"fst","RaABAMup","RaABAMup_fst","Pacific Silver Fir - High Elevation",5
"5_53_33_62128",11,135,761,2285,2283,1711001001,"17110009","WNC","RaABAMup_fst_WNC","RaABAMup","RaABAMup_fst",13,"fst","RaABAMup","RaABAMup_fst","Pacific Silver Fir - High Elevation",5
"5_53_33_50969",11,135,761,2286,753,1711001001,"17110009","WNC","Na0710411_fmt_WNC","Na0710411","Na0710411_fmt",5,"fmt","Na0710411","Na0710411_fmt","North Pacific Mountain Hemlock Forest - Wet",5
"5_53_33_71035",11,135,762,2286,1349,1711001002,"17110009","WNC","Na0710411_fmt_WNC","Na0710411","Na0710411_fmt",5,"fmt","Na0710411","Na0710411_fmt","North Pacific Mountain Hemlock Forest - Wet",5
"5_53_33_64194",11,135,762,2282,1179,1711001002,"17110009","WNC","RaDFHEwt_fwm_WNC","RaDFHEwt","RaDFHEwt_fwm",33,"fwm","RaDFHEwt","RaDFHEwt_fwm","Douglas-fir Hemlock-Wet Mesic",5
"5_53_33_88816",11,135,762,2282,895,1711001002,"17110009","WNC","RaDFHEwt_fwm_WNC","RaDFHEwt","RaDFHEwt_fwm",33,"fwm","RaDFHEwt","RaDFHEwt_fwm","Douglas-fir Hemlock-Wet Mesic",5
"5_53_33_66062",11,135,762,2285,1624,1711001002,"17110009","WNC","RaABAMup_fst_WNC","RaABAMup","RaABAMup_fst",13,"fst","RaABAMup","RaABAMup_fst","Pacific Silver Fir - High Elevation",5
"5_53_33_56399",11,135,762,2287,919,1711001002,"17110009","WNC","Na0710412_fmc_WNC","Na0710412","Na0710412_fmc",7,"fmc","Na0710412","Na0710412_fmc","North Pacific Mountain Hemlock Forest - Xeric",5
"5_53_33_65494",11,135,763,2285,973,1711001003,"17110009","WNC","RaABAMup_fst_WNC","RaABAMup","RaABAMup_fst",13,"fst","RaABAMup","RaABAMup_fst","Pacific Silver Fir - High Elevation",5
"5_53_33_65657",11,135,763,2285,2037,1711001003,"17110009","WNC","RaABAMup_fst_WNC","RaABAMup","RaABAMup_fst",13,"fst","RaABAMup","RaABAMup_fst","Pacific Silver Fir - High Elevation",5
"5_53_33_91112",13,137,769,2310,813,1711001201,"17110011","WWC","Na0710412_fmi_WWC","Na0710412","Na0710412_fmi",6,"fmi","Na0710412","Na0710412_fmi","North Pacific Mountain Hemlock Forest - Xeric",5
"5_53_33_69020",13,138,773,1915,961,1711001301,"17110012","WWC","RaABAMlw_fsi_17110013","RaABAMlw","RaABAMlw_fsi",14,"fsi","RaABAMlw","RaABAMlw_fsi","Pacific Silver Fir - Low Elevation",3
"5_53_33_68955",13,138,773,1899,523,1711001301,"17110012","WWC","RaDFHEdy_fwi_17110013","RaDFHEdy","RaDFHEdy_fwi",31,"fwi","RaDFHEdy","RaDFHEdy_fwi","Douglas-fir Hemlock-Dry Mesic",3
"5_53_33_83894",13,138,773,1915,673,1711001301,"17110012","WWC","RaABAMlw_fsi_17110013","RaABAMlw","RaABAMlw_fsi",14,"fsi","RaABAMlw","RaABAMlw_fsi","Pacific Silver Fir - Low Elevation",3
"5_53_33_81524",13,139,778,1918,1914,1711001403,"17110013","WWC","RaDFHEdy_fdg_17110014","RaDFHEdy","RaDFHEdy_fdg",24,"fdg","RaDFHEdy","RaDFHEdy_fdg","Douglas-fir Hemlock-Dry Mesic",3
"5_53_33_58622",13,139,778,1918,766,1711001403,"17110013","WWC","RaDFHEdy_fdg_17110014","RaDFHEdy","RaDFHEdy_fdg",24,"fdg","RaDFHEdy","RaDFHEdy_fdg","Douglas-fir Hemlock-Dry Mesic",3
"5_53_33_67058",13,139,778,1918,1864,1711001403,"17110013","WWC","RaDFHEdy_fdg_17110014","RaDFHEdy","RaDFHEdy_fdg",24,"fdg","RaDFHEdy","RaDFHEdy_fdg","Douglas-fir Hemlock-Dry Mesic",3
"5_53_53_59545",13,139,778,1918,2111,1711001403,"17110013","WWC","RaDFHEdy_fdg_17110014","RaDFHEdy","RaDFHEdy_fdg",24,"fdg","RaDFHEdy","RaDFHEdy_fdg","Douglas-fir Hemlock-Dry Mesic",3
"5_53_53_52637",13,139,778,1917,2116,1711001403,"17110013","WWC","RaDFHEdy_fwi_17110014","RaDFHEdy","RaDFHEdy_fwi",31,"fwi","RaDFHEdy","RaDFHEdy_fwi","Douglas-fir Hemlock-Dry Mesic",3
"5_53_53_51222",13,139,778,1921,1212,1711001403,"17110013","WWC","RaABAMlw_fsi_17110014","RaABAMlw","RaABAMlw_fsi",14,"fsi","RaABAMlw","RaABAMlw_fsi","Pacific Silver Fir - Low Elevation",3
"5_53_53_73988",13,139,778,2305,1206,1711001403,"17110013","WWC","Na0710412_fmc_WWC","Na0710412","Na0710412_fmc",7,"fmc","Na0710412","Na0710412_fmc","North Pacific Mountain Hemlock Forest - Xeric",5
"7_53_41_58765",13,82,471,1941,833,1708000401,"17080003A","WWC","RaDFHEdy_fwi_17080004","RaDFHEdy","RaDFHEdy_fwi",31,"fwi","RaDFHEdy","RaDFHEdy_fwi","Douglas-fir Hemlock-Dry Mesic",3
"7_53_41_88698",13,82,471,1941,1035,1708000401,"17080003A","WWC","RaDFHEdy_fwi_17080004","RaDFHEdy","RaDFHEdy_fwi",31,"fwi","RaDFHEdy","RaDFHEdy_fwi","Douglas-fir Hemlock-Dry Mesic",3
"7_53_41_62878",13,82,471,1940,1345,1708000401,"17080003A","WWC","RaABAMlw_fsi_17080004","RaABAMlw","RaABAMlw_fsi",14,"fsi","RaABAMlw","RaABAMlw_fsi","Pacific Silver Fir - Low Elevation",3
"7_53_41_80621",13,82,472,1940,985,1708000402,"17080003A","WWC","RaABAMlw_fsi_17080004","RaABAMlw","RaABAMlw_fsi",14,"fsi","RaABAMlw","RaABAMlw_fsi","Pacific Silver Fir - Low Elevation",3
"7_53_41_86266",13,82,472,1940,2036,1708000402,"17080003A","WWC","RaABAMlw_fsi_17080004","RaABAMlw","RaABAMlw_fsi",14,"fsi","RaABAMlw","RaABAMlw_fsi","Pacific Silver Fir - Low Elevation",3
"5_53_73_78366",11,130,743,2285,1721,1711000510,"17110004","WNC","RaABAMup_fst_WNC","RaABAMup","RaABAMup_fst",13,"fst","RaABAMup","RaABAMup_fst","Pacific Silver Fir - High Elevation",5
"7_53_41_58014",13,82,472,1940,1866,1708000402,"17080003A","WWC","RaABAMlw_fsi_17080004","RaABAMlw","RaABAMlw_fsi",14,"fsi","RaABAMlw","RaABAMlw_fsi","Pacific Silver Fir - Low Elevation",3
"7_53_41_89814",13,82,472,1940,2498,1708000402,"17080003A","WWC","RaABAMlw_fsi_17080004","RaABAMlw","RaABAMlw_fsi",14,"fsi","RaABAMlw","RaABAMlw_fsi","Pacific Silver Fir - Low Elevation",3
"7_53_41_52054",13,82,473,1940,647,1708000403,"17080003A","WWC","RaABAMlw_fsi_17080004","RaABAMlw","RaABAMlw_fsi",14,"fsi","RaABAMlw","RaABAMlw_fsi","Pacific Silver Fir - Low Elevation",3
"7_53_41_92242",13,82,473,1940,997,1708000403,"17080003A","WWC","RaABAMlw_fsi_17080004","RaABAMlw","RaABAMlw_fsi",14,"fsi","RaABAMlw","RaABAMlw_fsi","Pacific Silver Fir - Low Elevation",3
"7_53_41_65238",13,82,473,2305,621,1708000403,"17080003A","WWC","Na0710412_fmc_WWC","Na0710412","Na0710412_fmc",7,"fmc","Na0710412","Na0710412_fmc","North Pacific Mountain Hemlock Forest - Xeric",5
"7_53_41_78659",13,82,473,1940,1022,1708000403,"17080003A","WWC","RaABAMlw_fsi_17080004","RaABAMlw","RaABAMlw_fsi",14,"fsi","RaABAMlw","RaABAMlw_fsi","Pacific Silver Fir - Low Elevation",3
"7_53_41_88008",13,82,473,2305,1582,1708000403,"17080003A","WWC","Na0710412_fmc_WWC","Na0710412","Na0710412_fmc",7,"fmc","Na0710412","Na0710412_fmc","North Pacific Mountain Hemlock Forest - Xeric",5
"7_53_59_62861",13,82,473,1940,962,1708000403,"17080003A","WWC","RaABAMlw_fsi_17080004","RaABAMlw","RaABAMlw_fsi",14,"fsi","RaABAMlw","RaABAMlw_fsi","Pacific Silver Fir - Low Elevation",3
"7_53_59_92110",13,82,473,1940,1294,1708000403,"17080003A","WWC","RaABAMlw_fsi_17080004","RaABAMlw","RaABAMlw_fsi",14,"fsi","RaABAMlw","RaABAMlw_fsi","Pacific Silver Fir - Low Elevation",3
"7_53_59_53243",13,82,473,1940,1072,1708000403,"17080003A","WWC","RaABAMlw_fsi_17080004","RaABAMlw","RaABAMlw_fsi",14,"fsi","RaABAMlw","RaABAMlw_fsi","Pacific Silver Fir - Low Elevation",3
"7_53_59_98925",13,82,473,1940,1178,1708000403,"17080003A","WWC","RaABAMlw_fsi_17080004","RaABAMlw","RaABAMlw_fsi",14,"fsi","RaABAMlw","RaABAMlw_fsi","Pacific Silver Fir - Low Elevation",3
"7_53_59_58523",13,82,473,2305,1268,1708000403,"17080003A","WWC","Na0710412_fmc_WWC","Na0710412","Na0710412_fmc",7,"fmc","Na0710412","Na0710412_fmc","North Pacific Mountain Hemlock Forest - Xeric",5
"7_53_59_99836",13,82,473,2305,1702,1708000403,"17080003A","WWC","Na0710412_fmc_WWC","Na0710412","Na0710412_fmc",7,"fmc","Na0710412","Na0710412_fmc","North Pacific Mountain Hemlock Forest - Xeric",5
"5_53_73_88480",11,130,743,2282,2154,1711000510,"17110004","WNC","RaDFHEwt_fwm_WNC","RaDFHEwt","RaDFHEwt_fwm",33,"fwm","RaDFHEwt","RaDFHEwt_fwm","Douglas-fir Hemlock-Wet Mesic",5
"8_53_77_51117",10,60,335,1985,2112,1707010508,"17070105B","WEC","RaMCONms_fmm_17070105A","RaMCONms","RaMCONms_fmm",27,"fmm","RaMCONms","RaMCONms_fmm","Mixed Conifer - Eastside Mesic",3
"8_53_77_83986",10,60,335,1985,1202,1707010508,"17070105B","WEC","RaMCONms_fmm_17070105A","RaMCONms","RaMCONms_fmm",27,"fmm","RaMCONms","RaMCONms_fmm","Mixed Conifer - Eastside Mesic",3
"8_53_77_82153",10,60,335,1985,1890,1707010508,"17070105B","WEC","RaMCONms_fmm_17070105A","RaMCONms","RaMCONms_fmm",27,"fmm","RaMCONms","RaMCONms_fmm","Mixed Conifer - Eastside Mesic",3
"5_53_73_99191",11,130,743,2285,1059,1711000510,"17110004","WNC","RaABAMup_fst_WNC","RaABAMup","RaABAMup_fst",13,"fst","RaABAMup","RaABAMup_fst","Pacific Silver Fir - High Elevation",5
"8_53_39_98790",10,60,335,316,2302,1707010508,"17070105B","WEC","RaMCONdy_fmd_1707010508","RaMCONdy","RaMCONdy_fmd",28,"fmd","RaMCONdy","RaMCONdy_fmd","Mixed Conifer - Eastside Dry",1
"8_53_39_60997",10,60,335,316,492,1707010508,"17070105B","WEC","RaMCONdy_fmd_1707010508","RaMCONdy","RaMCONdy_fmd",28,"fmd","RaMCONdy","RaMCONdy_fmd","Mixed Conifer - Eastside Dry",1
"8_53_39_56239",10,60,335,316,2013,1707010508,"17070105B","WEC","RaMCONdy_fmd_1707010508","RaMCONdy","RaMCONdy_fmd",28,"fmd","RaMCONdy","RaMCONdy_fmd","Mixed Conifer - Eastside Dry",1
"8_53_39_64094",10,60,335,316,700,1707010508,"17070105B","WEC","RaMCONdy_fmd_1707010508","RaMCONdy","RaMCONdy_fmd",28,"fmd","RaMCONdy","RaMCONdy_fmd","Mixed Conifer - Eastside Dry",1
"8_53_39_86299",10,60,335,316,2548,1707010508,"17070105B","WEC","RaMCONdy_fmd_1707010508","RaMCONdy","RaMCONdy_fmd",28,"fmd","RaMCONdy","RaMCONdy_fmd","Mixed Conifer - Eastside Dry",1
"8_53_39_74016",10,60,335,316,2938,1707010508,"17070105B","WEC","RaMCONdy_fmd_1707010508","RaMCONdy","RaMCONdy_fmd",28,"fmd","RaMCONdy","RaMCONdy_fmd","Mixed Conifer - Eastside Dry",1
"0_41_27_92963",4,59,334,413,734,1707010507,"17070104","OEC","RaMCONdy_fmd_1707010507","RaMCONdy","RaMCONdy_fmd",28,"fmd","RaMCONdy","RaMCONdy_fmd","Mixed Conifer - Eastside Dry",1
"0_41_27_95872",4,59,334,413,2247,1707010507,"17070104","OEC","RaMCONdy_fmd_1707010507","RaMCONdy","RaMCONdy_fmd",28,"fmd","RaMCONdy","RaMCONdy_fmd","Mixed Conifer - Eastside Dry",1
"0_41_27_51533",4,59,334,2014,1803,1707010507,"17070104","OEC","RaMCONms_fmm_17070105B","RaMCONms","RaMCONms_fmm",27,"fmm","RaMCONms","RaMCONms_fmm","Mixed Conifer - Eastside Mesic",3
"0_41_27_90198",4,59,338,2014,1462,1707010511,"17070104","OEC","RaMCONms_fmm_17070105B","RaMCONms","RaMCONms_fmm",27,"fmm","RaMCONms","RaMCONms_fmm","Mixed Conifer - Eastside Mesic",3
"0_41_27_58595",4,59,331,2014,2189,1707010504,"17070104","OEC","RaMCONms_fmm_17070105B","RaMCONms","RaMCONms_fmm",27,"fmm","RaMCONms","RaMCONms_fmm","Mixed Conifer - Eastside Mesic",3
"0_41_27_85682",4,59,331,2014,2498,1707010504,"17070104","OEC","RaMCONms_fmm_17070105B","RaMCONms","RaMCONms_fmm",27,"fmm","RaMCONms","RaMCONms_fmm","Mixed Conifer - Eastside Mesic",3
"0_41_27_72387",4,59,331,2014,2860,1707010504,"17070104","OEC","RaMCONms_fmm_17070105B","RaMCONms","RaMCONms_fmm",27,"fmm","RaMCONms","RaMCONms_fmm","Mixed Conifer - Eastside Mesic",3
"0_41_27_98585",4,59,329,2014,1410,1707010502,"17070104","OEC","RaMCONms_fmm_17070105B","RaMCONms","RaMCONms_fmm",27,"fmm","RaMCONms","RaMCONms_fmm","Mixed Conifer - Eastside Mesic",3
"0_41_27_57805",4,59,329,2015,1566,1707010502,"17070104","OEC","RaABAMlw_fsi_17070105B","RaABAMlw","RaABAMlw_fsi",14,"fsi","RaABAMlw","RaABAMlw_fsi","Pacific Silver Fir - Low Elevation",3
"0_41_27_61002",4,59,330,2324,1650,1707010503,"17070104","OEC","Na0710412_fmh_OEC","Na0710412","Na0710412_fmh",4,"fmh","Na0710412","Na0710412_fmh","North Pacific Mountain Hemlock Forest - Xeric",5
"0_41_27_86160",4,73,441,2039,2162,1707030608,"17070305B","OEC","RaMCONms_fmm_17070306","RaMCONms","RaMCONms_fmm",27,"fmm","RaMCONms","RaMCONms_fmm","Mixed Conifer - Eastside Mesic",3
"0_41_27_96926",4,73,441,2039,1060,1707030608,"17070305B","OEC","RaMCONms_fmm_17070306","RaMCONms","RaMCONms_fmm",27,"fmm","RaMCONms","RaMCONms_fmm","Mixed Conifer - Eastside Mesic",3
"3_41_65_66844",4,73,442,2039,912,1707030609,"17070305B","OEC","RaMCONms_fmm_17070306","RaMCONms","RaMCONms_fmm",27,"fmm","RaMCONms","RaMCONms_fmm","Mixed Conifer - Eastside Mesic",3
"3_41_65_94333",4,73,442,2039,1273,1707030609,"17070305B","OEC","RaMCONms_fmm_17070306","RaMCONms","RaMCONms_fmm",27,"fmm","RaMCONms","RaMCONms_fmm","Mixed Conifer - Eastside Mesic",3
"3_41_65_91434",4,73,442,2039,927,1707030609,"17070305B","OEC","RaMCONms_fmm_17070306","RaMCONms","RaMCONms_fmm",27,"fmm","RaMCONms","RaMCONms_fmm","Mixed Conifer - Eastside Mesic",3
"5_53_73_51398",11,130,743,2285,719,1711000510,"17110004","WNC","RaABAMup_fst_WNC","RaABAMup","RaABAMup_fst",13,"fst","RaABAMup","RaABAMup_fst","Pacific Silver Fir - High Elevation",5
"3_41_65_75141",4,73,442,2039,2032,1707030609,"17070305B","OEC","RaMCONms_fmm_17070306","RaMCONms","RaMCONms_fmm",27,"fmm","RaMCONms","RaMCONms_fmm","Mixed Conifer - Eastside Mesic",3
"3_41_65_75078",4,73,442,525,1658,1707030609,"17070305B","OEC","RaMCONdy_fmd_1707030609","RaMCONdy","RaMCONdy_fmd",28,"fmd","RaMCONdy","RaMCONdy_fmd","Mixed Conifer - Eastside Dry",1
"3_41_65_54576",4,73,442,525,1547,1707030609,"17070305B","OEC","RaMCONdy_fmd_1707030609","RaMCONdy","RaMCONdy_fmd",28,"fmd","RaMCONdy","RaMCONdy_fmd","Mixed Conifer - Eastside Dry",1
"3_41_65_57965",4,73,444,2039,1542,1707030611,"17070305B","OEC","RaMCONms_fmm_17070306","RaMCONms","RaMCONms_fmm",27,"fmm","RaMCONms","RaMCONms_fmm","Mixed Conifer - Eastside Mesic",3
"3_41_65_83211",4,73,442,525,2030,1707030609,"17070305B","OEC","RaMCONdy_fmd_1707030609","RaMCONdy","RaMCONdy_fmd",28,"fmd","RaMCONdy","RaMCONdy_fmd","Mixed Conifer - Eastside Dry",1
"3_41_65_53988",4,73,444,574,1350,1707030611,"17070305B","OEC","RaMCONdy_fmd_1707030611","RaMCONdy","RaMCONdy_fmd",28,"fmd","RaMCONdy","RaMCONdy_fmd","Mixed Conifer - Eastside Dry",1
"3_41_65_56524",4,73,438,2039,1053,1707030605,"17070305B","OEC","RaMCONms_fmm_17070306","RaMCONms","RaMCONms_fmm",27,"fmm","RaMCONms","RaMCONms_fmm","Mixed Conifer - Eastside Mesic",3
"3_41_65_97674",4,73,438,576,1304,1707030605,"17070305B","OEC","RaMCONdy_fmd_1707030605","RaMCONdy","RaMCONdy_fmd",28,"fmd","RaMCONdy","RaMCONdy_fmd","Mixed Conifer - Eastside Dry",1
"3_41_65_62342",4,73,438,576,1475,1707030605,"17070305B","OEC","RaMCONdy_fmd_1707030605","RaMCONdy","RaMCONdy_fmd",28,"fmd","RaMCONdy","RaMCONdy_fmd","Mixed Conifer - Eastside Dry",1
"3_41_65_60277",4,73,438,576,642,1707030605,"17070305B","OEC","RaMCONdy_fmd_1707030605","RaMCONdy","RaMCONdy_fmd",28,"fmd","RaMCONdy","RaMCONdy_fmd","Mixed Conifer - Eastside Dry",1
"5_53_57_97129",11,130,743,2285,1541,1711000510,"17110004","WNC","RaABAMup_fst_WNC","RaABAMup","RaABAMup_fst",13,"fst","RaABAMup","RaABAMup_fst","Pacific Silver Fir - High Elevation",5
"5_53_57_96297",11,130,743,2286,1488,1711000510,"17110004","WNC","Na0710411_fmt_WNC","Na0710411","Na0710411_fmt",5,"fmt","Na0710411","Na0710411_fmt","North Pacific Mountain Hemlock Forest - Wet",5
"3_41_65_71461",4,73,437,2023,2409,1707030604,"17070305B","OEC","RaPIPOxe_fxp_17070306","RaPIPOxe","RaPIPOxe_fxp",56,"fxp","RaPIPOxe","RaPIPOxe_fxp","Ponderosa Pine - Xeric",3
"3_41_31_54549",4,73,436,2055,2723,1707030603,"17070305B","OEC","RaPIPOxe_fpd_17070306","RaPIPOxe","RaPIPOxe_fpd",53,"fpd","RaPIPOxe","RaPIPOxe_fpd","Ponderosa Pine - Xeric",3
"3_41_31_86180",4,73,434,2055,863,1707030601,"17070305B","OEC","RaPIPOxe_fpd_17070306","RaPIPOxe","RaPIPOxe_fpd",53,"fpd","RaPIPOxe","RaPIPOxe_fpd","Ponderosa Pine - Xeric",3
"3_41_31_90551",4,67,396,2095,975,1707030110,"17070204","OEC","RaPIPOxe_fpd_17070301","RaPIPOxe","RaPIPOxe_fpd",53,"fpd","RaPIPOxe","RaPIPOxe_fpd","Ponderosa Pine - Xeric",3
"3_41_31_66589",4,67,396,2095,209,1707030110,"17070204","OEC","RaPIPOxe_fpd_17070301","RaPIPOxe","RaPIPOxe_fpd",53,"fpd","RaPIPOxe","RaPIPOxe_fpd","Ponderosa Pine - Xeric",3
"3_41_31_81766",4,67,396,2095,261,1707030110,"17070204","OEC","RaPIPOxe_fpd_17070301","RaPIPOxe","RaPIPOxe_fpd",53,"fpd","RaPIPOxe","RaPIPOxe_fpd","Ponderosa Pine - Xeric",3
"3_41_31_79533",4,67,396,2095,635,1707030110,"17070204","OEC","RaPIPOxe_fpd_17070301","RaPIPOxe","RaPIPOxe_fpd",53,"fpd","RaPIPOxe","RaPIPOxe_fpd","Ponderosa Pine - Xeric",3
"3_41_31_96323",4,67,396,2095,3203,1707030110,"17070204","OEC","RaPIPOxe_fpd_17070301","RaPIPOxe","RaPIPOxe_fpd",53,"fpd","RaPIPOxe","RaPIPOxe_fpd","Ponderosa Pine - Xeric",3
"3_41_31_63041",4,67,396,2095,3339,1707030110,"17070204","OEC","RaPIPOxe_fpd_17070301","RaPIPOxe","RaPIPOxe_fpd",53,"fpd","RaPIPOxe","RaPIPOxe_fpd","Ponderosa Pine - Xeric",3
"3_41_31_93729",4,67,397,2095,2079,1707030111,"17070204","OEC","RaPIPOxe_fpd_17070301","RaPIPOxe","RaPIPOxe_fpd",53,"fpd","RaPIPOxe","RaPIPOxe_fpd","Ponderosa Pine - Xeric",3
"5_53_57_91618",11,130,744,2285,1399,1711000511,"17110004","WNC","RaABAMup_fst_WNC","RaABAMup","RaABAMup_fst",13,"fst","RaABAMup","RaABAMup_fst","Pacific Silver Fir - High Elevation",5
"3_41_31_96648",4,67,397,2095,991,1707030111,"17070204","OEC","RaPIPOxe_fpd_17070301","RaPIPOxe","RaPIPOxe_fpd",53,"fpd","RaPIPOxe","RaPIPOxe_fpd","Ponderosa Pine - Xeric",3
"3_41_17_65517",4,67,393,2095,915,1707030107,"17070204","OEC","RaPIPOxe_fpd_17070301","RaPIPOxe","RaPIPOxe_fpd",53,"fpd","RaPIPOxe","RaPIPOxe_fpd","Ponderosa Pine - Xeric",3
"3_41_17_57288",4,67,392,2095,2184,1707030106,"17070204","OEC","RaPIPOxe_fpd_17070301","RaPIPOxe","RaPIPOxe_fpd",53,"fpd","RaPIPOxe","RaPIPOxe_fpd","Ponderosa Pine - Xeric",3
"3_41_17_74542",4,67,392,2095,1031,1707030106,"17070204","OEC","RaPIPOxe_fpd_17070301","RaPIPOxe","RaPIPOxe_fpd",53,"fpd","RaPIPOxe","RaPIPOxe_fpd","Ponderosa Pine - Xeric",3
"3_41_17_64867",4,67,391,2322,1046,1707030105,"17070204","OEC","RaSPFI_fmz_OEC","RaSPFI","RaSPFI_fmz",26,"fmz","RaSPFI","RaSPFI_fmz","Spruce - Fir",4
"3_41_17_60266",4,67,390,2098,973,1707030104,"17070204","OEC","RaPIPOxe_fxp_17070301","RaPIPOxe","RaPIPOxe_fxp",56,"fxp","RaPIPOxe","RaPIPOxe_fxp","Ponderosa Pine - Xeric",3
"3_41_17_65163",4,67,390,990,1760,1707030104,"17070204","OEC","RaMCONdy_fmx_1707030104","RaMCONdy","RaMCONdy_fmx",29,"fmx","RaMCONdy","RaMCONdy_fmx","Mixed Conifer - Eastside Dry",1
"3_41_17_91270",4,67,390,2095,2184,1707030104,"17070204","OEC","RaPIPOxe_fpd_17070301","RaPIPOxe","RaPIPOxe_fpd",53,"fpd","RaPIPOxe","RaPIPOxe_fpd","Ponderosa Pine - Xeric",3
"3_41_17_61763",4,67,390,2095,2759,1707030104,"17070204","OEC","RaPIPOxe_fpd_17070301","RaPIPOxe","RaPIPOxe_fpd",53,"fpd","RaPIPOxe","RaPIPOxe_fpd","Ponderosa Pine - Xeric",3
"3_41_17_91460",4,67,390,2095,2422,1707030104,"17070204","OEC","RaPIPOxe_fpd_17070301","RaPIPOxe","RaPIPOxe_fpd",53,"fpd","RaPIPOxe","RaPIPOxe_fpd","Ponderosa Pine - Xeric",3
"3_41_17_96618",4,67,390,2095,1525,1707030104,"17070204","OEC","RaPIPOxe_fpd_17070301","RaPIPOxe","RaPIPOxe_fpd",53,"fpd","RaPIPOxe","RaPIPOxe_fpd","Ponderosa Pine - Xeric",3
"5_53_57_54670",11,130,744,2282,1228,1711000511,"17110004","WNC","RaDFHEwt_fwm_WNC","RaDFHEwt","RaDFHEwt_fwm",33,"fwm","RaDFHEwt","RaDFHEwt_fwm","Douglas-fir Hemlock-Wet Mesic",5
"3_41_17_65445",4,68,404,2154,1382,1707030207,"17070301","OEC","RaPIPOxe_fpd_17070302","RaPIPOxe","RaPIPOxe_fpd",53,"fpd","RaPIPOxe","RaPIPOxe_fpd","Ponderosa Pine - Xeric",3
"3_41_17_74192",4,68,404,2154,1863,1707030207,"17070301","OEC","RaPIPOxe_fpd_17070302","RaPIPOxe","RaPIPOxe_fpd",53,"fpd","RaPIPOxe","RaPIPOxe_fpd","Ponderosa Pine - Xeric",3
"3_41_17_63881",4,68,404,2154,1535,1707030207,"17070301","OEC","RaPIPOxe_fpd_17070302","RaPIPOxe","RaPIPOxe_fpd",53,"fpd","RaPIPOxe","RaPIPOxe_fpd","Ponderosa Pine - Xeric",3
"3_41_17_73948",4,68,404,1037,2569,1707030207,"17070301","OEC","RaPIPOm_fpl_1707030207","RaPIPOm","RaPIPOm_fpl",55,"fpl","RaPIPOm","RaPIPOm_fpl","Dry Ponderosa Pine - Mesic",1
"3_41_17_70125",4,68,404,1037,2207,1707030207,"17070301","OEC","RaPIPOm_fpl_1707030207","RaPIPOm","RaPIPOm_fpl",55,"fpl","RaPIPOm","RaPIPOm_fpl","Dry Ponderosa Pine - Mesic",1
"3_41_17_65732",4,68,403,1079,1841,1707030206,"17070301","OEC","RaPIPOm_fpl_1707030206","RaPIPOm","RaPIPOm_fpl",55,"fpl","RaPIPOm","RaPIPOm_fpl","Dry Ponderosa Pine - Mesic",1
"3_41_17_67894",4,68,403,1079,3338,1707030206,"17070301","OEC","RaPIPOm_fpl_1707030206","RaPIPOm","RaPIPOm_fpl",55,"fpl","RaPIPOm","RaPIPOm_fpl","Dry Ponderosa Pine - Mesic",1
"3_41_35_68002",4,68,403,1079,2018,1707030206,"17070301","OEC","RaPIPOm_fpl_1707030206","RaPIPOm","RaPIPOm_fpl",55,"fpl","RaPIPOm","RaPIPOm_fpl","Dry Ponderosa Pine - Mesic",1
"3_41_35_67993",4,68,403,1079,2510,1707030206,"17070301","OEC","RaPIPOm_fpl_1707030206","RaPIPOm","RaPIPOm_fpl",55,"fpl","RaPIPOm","RaPIPOm_fpl","Dry Ponderosa Pine - Mesic",1
"3_41_35_78704",4,68,403,1080,1384,1707030206,"17070301","OEC","RaMCONdy_fmx_1707030206","RaMCONdy","RaMCONdy_fmx",29,"fmx","RaMCONdy","RaMCONdy_fmx","Mixed Conifer - Eastside Dry",1
"3_41_35_87814",4,68,403,2159,2249,1707030206,"17070301","OEC","RaMCONms_fmm_17070302","RaMCONms","RaMCONms_fmm",27,"fmm","RaMCONms","RaMCONms_fmm","Mixed Conifer - Eastside Mesic",3
"3_41_35_83468",4,151,840,2172,2137,1712000501,"17120004","OEC","RaMCONms_fmm_17120005","RaMCONms","RaMCONms_fmm",27,"fmm","RaMCONms","RaMCONms_fmm","Mixed Conifer - Eastside Mesic",3
"5_53_57_63194",11,130,744,2282,1097,1711000511,"17110004","WNC","RaDFHEwt_fwm_WNC","RaDFHEwt","RaDFHEwt_fwm",33,"fwm","RaDFHEwt","RaDFHEwt_fwm","Douglas-fir Hemlock-Wet Mesic",5
"3_41_35_54211",4,151,840,2172,2048,1712000501,"17120004","OEC","RaMCONms_fmm_17120005","RaMCONms","RaMCONms_fmm",27,"fmm","RaMCONms","RaMCONms_fmm","Mixed Conifer - Eastside Mesic",3
"3_41_35_65619",4,151,840,2172,1698,1712000501,"17120004","OEC","RaMCONms_fmm_17120005","RaMCONms","RaMCONms_fmm",27,"fmm","RaMCONms","RaMCONms_fmm","Mixed Conifer - Eastside Mesic",3
"3_41_35_75897",4,151,840,1155,1407,1712000501,"17120004","OEC","RaPIPOm_fpl_1712000501","RaPIPOm","RaPIPOm_fpl",55,"fpl","RaPIPOm","RaPIPOm_fpl","Dry Ponderosa Pine - Mesic",1
"3_41_35_89871",4,151,840,1155,1663,1712000501,"17120004","OEC","RaPIPOm_fpl_1712000501","RaPIPOm","RaPIPOm_fpl",55,"fpl","RaPIPOm","RaPIPOm_fpl","Dry Ponderosa Pine - Mesic",1
"3_41_35_60203",4,151,840,1155,1076,1712000501,"17120004","OEC","RaPIPOm_fpl_1712000501","RaPIPOm","RaPIPOm_fpl",55,"fpl","RaPIPOm","RaPIPOm_fpl","Dry Ponderosa Pine - Mesic",1
"3_41_35_81298",4,151,840,1155,622,1712000501,"17120004","OEC","RaPIPOm_fpl_1712000501","RaPIPOm","RaPIPOm_fpl",55,"fpl","RaPIPOm","RaPIPOm_fpl","Dry Ponderosa Pine - Mesic",1
"3_41_35_70155",4,151,840,1155,1600,1712000501,"17120004","OEC","RaPIPOm_fpl_1712000501","RaPIPOm","RaPIPOm_fpl",55,"fpl","RaPIPOm","RaPIPOm_fpl","Dry Ponderosa Pine - Mesic",1
"3_41_35_79311",4,151,840,1155,1617,1712000501,"17120004","OEC","RaPIPOm_fpl_1712000501","RaPIPOm","RaPIPOm_fpl",55,"fpl","RaPIPOm","RaPIPOm_fpl","Dry Ponderosa Pine - Mesic",1
"3_41_35_61509",4,151,840,1155,804,1712000501,"17120004","OEC","RaPIPOm_fpl_1712000501","RaPIPOm","RaPIPOm_fpl",55,"fpl","RaPIPOm","RaPIPOm_fpl","Dry Ponderosa Pine - Mesic",1
"3_41_35_95207",4,157,895,1162,1281,1801020104,"18010101","OEC","RaMCONdy_fmx_1801020104","RaMCONdy","RaMCONdy_fmx",29,"fmx","RaMCONdy","RaMCONdy_fmx","Mixed Conifer - Eastside Dry",1
"3_41_35_69938",4,157,892,1253,2097,1801020101,"18010101","OEC","RaMCONdy_fmx_1801020101","RaMCONdy","RaMCONdy_fmx",29,"fmx","RaMCONdy","RaMCONdy_fmx","Mixed Conifer - Eastside Dry",1
"3_41_35_95644",4,157,892,1253,1546,1801020101,"18010101","OEC","RaMCONdy_fmx_1801020101","RaMCONdy","RaMCONdy_fmx",29,"fmx","RaMCONdy","RaMCONdy_fmx","Mixed Conifer - Eastside Dry",1
"3_41_35_81348",4,157,892,1253,1677,1801020101,"18010101","OEC","RaMCONdy_fmx_1801020101","RaMCONdy","RaMCONdy_fmx",29,"fmx","RaMCONdy","RaMCONdy_fmx","Mixed Conifer - Eastside Dry",1
"3_41_35_62113",4,157,892,2200,2352,1801020101,"18010101","OEC","RaMCONms_fmm_18010201","RaMCONms","RaMCONms_fmm",27,"fmm","RaMCONms","RaMCONms_fmm","Mixed Conifer - Eastside Mesic",3
"3_41_35_88461",4,157,892,2200,2775,1801020101,"18010101","OEC","RaMCONms_fmm_18010201","RaMCONms","RaMCONms_fmm",27,"fmm","RaMCONms","RaMCONms_fmm","Mixed Conifer - Eastside Mesic",3
"3_41_35_70552",4,157,892,1251,2956,1801020101,"18010101","OEC","RaPIPOm_fpl_1801020101","RaPIPOm","RaPIPOm_fpl",55,"fpl","RaPIPOm","RaPIPOm_fpl","Dry Ponderosa Pine - Mesic",1
"3_41_35_78429",4,157,892,1251,2828,1801020101,"18010101","OEC","RaPIPOm_fpl_1801020101","RaPIPOm","RaPIPOm_fpl",55,"fpl","RaPIPOm","RaPIPOm_fpl","Dry Ponderosa Pine - Mesic",1
"3_41_35_79069",4,157,892,1253,855,1801020101,"18010101","OEC","RaMCONdy_fmx_1801020101","RaMCONdy","RaMCONdy_fmx",29,"fmx","RaMCONdy","RaMCONdy_fmx","Mixed Conifer - Eastside Dry",1
"5_53_57_70139",11,131,748,2282,1362,1711000604,"17110005","WNC","RaDFHEwt_fwm_WNC","RaDFHEwt","RaDFHEwt_fwm",33,"fwm","RaDFHEwt","RaDFHEwt_fwm","Douglas-fir Hemlock-Wet Mesic",5
"3_41_35_76314",4,157,892,1251,1369,1801020101,"18010101","OEC","RaPIPOm_fpl_1801020101","RaPIPOm","RaPIPOm_fpl",55,"fpl","RaPIPOm","RaPIPOm_fpl","Dry Ponderosa Pine - Mesic",1
"3_41_35_53232",4,157,892,1251,1800,1801020101,"18010101","OEC","RaPIPOm_fpl_1801020101","RaPIPOm","RaPIPOm_fpl",55,"fpl","RaPIPOm","RaPIPOm_fpl","Dry Ponderosa Pine - Mesic",1
"3_41_35_93222",4,158,903,1370,1335,1801020206,"18010201","OEC","RaMCONdy_fmx_1801020206","RaMCONdy","RaMCONdy_fmx",29,"fmx","RaMCONdy","RaMCONdy_fmx","Mixed Conifer - Eastside Dry",1
"3_41_35_91959",4,158,904,2229,1765,1801020207,"18010201","OEC","RaMCONms_fmm_18010202","RaMCONms","RaMCONms_fmm",27,"fmm","RaMCONms","RaMCONms_fmm","Mixed Conifer - Eastside Mesic",3
"3_41_35_93301",4,158,904,1430,2657,1801020207,"18010201","OEC","RaMCONdy_fmx_1801020207","RaMCONdy","RaMCONdy_fmx",29,"fmx","RaMCONdy","RaMCONdy_fmx","Mixed Conifer - Eastside Dry",1
"3_41_35_80073",4,158,904,1432,1223,1801020207,"18010201","OEC","RaPIPOm_fpl_1801020207","RaPIPOm","RaPIPOm_fpl",55,"fpl","RaPIPOm","RaPIPOm_fpl","Dry Ponderosa Pine - Mesic",1
"3_41_35_98090",4,158,904,1432,2844,1801020207,"18010201","OEC","RaPIPOm_fpl_1801020207","RaPIPOm","RaPIPOm_fpl",55,"fpl","RaPIPOm","RaPIPOm_fpl","Dry Ponderosa Pine - Mesic",1
"5_53_57_64404",11,131,748,2282,1323,1711000604,"17110005","WNC","RaDFHEwt_fwm_WNC","RaDFHEwt","RaDFHEwt_fwm",33,"fwm","RaDFHEwt","RaDFHEwt_fwm","Douglas-fir Hemlock-Wet Mesic",5
"3_41_35_73816",4,158,904,2233,1025,1801020207,"18010201","OEC","RaPIPOxe_fxp_18010202","RaPIPOxe","RaPIPOxe_fxp",56,"fxp","RaPIPOxe","RaPIPOxe_fxp","Ponderosa Pine - Xeric",3
"3_41_35_96084",4,158,904,2233,1070,1801020207,"18010201","OEC","RaPIPOxe_fxp_18010202","RaPIPOxe","RaPIPOxe_fxp",56,"fxp","RaPIPOxe","RaPIPOxe_fxp","Ponderosa Pine - Xeric",3
"3_41_35_96237",4,158,904,2232,1158,1801020207,"18010201","OEC","RaPIPOxe_fpd_18010202","RaPIPOxe","RaPIPOxe_fpd",53,"fpd","RaPIPOxe","RaPIPOxe_fpd","Ponderosa Pine - Xeric",3
"3_41_35_64726",4,160,912,1593,2349,1801020407,"18010203","OEC","RaMCONdy_fmd_1801020407","RaMCONdy","RaMCONdy_fmd",28,"fmd","RaMCONdy","RaMCONdy_fmd","Mixed Conifer - Eastside Dry",1
"3_41_35_77277",4,160,912,2260,1526,1801020407,"18010203","OEC","RaPIPOxe_fxp_18010204","RaPIPOxe","RaPIPOxe_fxp",56,"fxp","RaPIPOxe","RaPIPOxe_fxp","Ponderosa Pine - Xeric",3
"5_53_57_77308",11,131,748,2285,767,1711000604,"17110005","WNC","RaABAMup_fst_WNC","RaABAMup","RaABAMup_fst",13,"fst","RaABAMup","RaABAMup_fst","Pacific Silver Fir - High Elevation",5
"3_41_35_69101",4,160,912,2260,155,1801020407,"18010203","OEC","RaPIPOxe_fxp_18010204","RaPIPOxe","RaPIPOxe_fxp",56,"fxp","RaPIPOxe","RaPIPOxe_fxp","Ponderosa Pine - Xeric",3
"3_41_35_74739",4,160,912,2260,810,1801020407,"18010203","OEC","RaPIPOxe_fxp_18010204","RaPIPOxe","RaPIPOxe_fxp",56,"fxp","RaPIPOxe","RaPIPOxe_fxp","Ponderosa Pine - Xeric",3
"5_53_57_93730",11,131,748,2282,2671,1711000604,"17110005","WNC","RaDFHEwt_fwm_WNC","RaDFHEwt","RaDFHEwt_fwm",33,"fwm","RaDFHEwt","RaDFHEwt_fwm","Douglas-fir Hemlock-Wet Mesic",5
"5_53_61_58632",11,131,748,2285,1133,1711000604,"17110005","WNC","RaABAMup_fst_WNC","RaABAMup","RaABAMup_fst",13,"fst","RaABAMup","RaABAMup_fst","Pacific Silver Fir - High Elevation",5
"5_53_61_56033",11,131,748,2282,1025,1711000604,"17110005","WNC","RaDFHEwt_fwm_WNC","RaDFHEwt","RaDFHEwt_fwm",33,"fwm","RaDFHEwt","RaDFHEwt_fwm","Douglas-fir Hemlock-Wet Mesic",5
"5_53_61_75290",11,131,748,2282,1033,1711000604,"17110005","WNC","RaDFHEwt_fwm_WNC","RaDFHEwt","RaDFHEwt_fwm",33,"fwm","RaDFHEwt","RaDFHEwt_fwm","Douglas-fir Hemlock-Wet Mesic",5
"5_53_61_77202",11,131,748,2282,1212,1711000604,"17110005","WNC","RaDFHEwt_fwm_WNC","RaDFHEwt","RaDFHEwt_fwm",33,"fwm","RaDFHEwt","RaDFHEwt_fwm","Douglas-fir Hemlock-Wet Mesic",5
"5_53_61_97429",11,131,748,2285,1485,1711000604,"17110005","WNC","RaABAMup_fst_WNC","RaABAMup","RaABAMup_fst",13,"fst","RaABAMup","RaABAMup_fst","Pacific Silver Fir - High Elevation",5
"5_53_61_87009",11,131,748,2286,1021,1711000604,"17110005","WNC","Na0710411_fmt_WNC","Na0710411","Na0710411_fmt",5,"fmt","Na0710411","Na0710411_fmt","North Pacific Mountain Hemlock Forest - Wet",5
"5_53_61_56124",11,131,748,2285,1768,1711000604,"17110005","WNC","RaABAMup_fst_WNC","RaABAMup","RaABAMup_fst",13,"fst","RaABAMup","RaABAMup_fst","Pacific Silver Fir - High Elevation",5
"5_53_61_95598",11,133,752,2285,1212,1711000802,"17110007","WNC","RaABAMup_fst_WNC","RaABAMup","RaABAMup_fst",13,"fst","RaABAMup","RaABAMup_fst","Pacific Silver Fir - High Elevation",5
"5_53_61_57892",11,133,752,2285,1005,1711000802,"17110007","WNC","RaABAMup_fst_WNC","RaABAMup","RaABAMup_fst",13,"fst","RaABAMup","RaABAMup_fst","Pacific Silver Fir - High Elevation",5
"5_53_61_84662",11,134,758,2285,986,1711000905,"17110008","WNC","RaABAMup_fst_WNC","RaABAMup","RaABAMup_fst",13,"fst","RaABAMup","RaABAMup_fst","Pacific Silver Fir - High Elevation",5
"5_53_61_68739",11,134,759,2285,1366,1711000906,"17110008","WNC","RaABAMup_fst_WNC","RaABAMup","RaABAMup_fst",13,"fst","RaABAMup","RaABAMup_fst","Pacific Silver Fir - High Elevation",5
"5_53_61_83633",11,134,759,2286,1145,1711000906,"17110008","WNC","Na0710411_fmt_WNC","Na0710411","Na0710411_fmt",5,"fmt","Na0710411","Na0710411_fmt","North Pacific Mountain Hemlock Forest - Wet",5
"5_53_61_97289",11,134,756,2282,1344,1711000903,"17110008","WNC","RaDFHEwt_fwm_WNC","RaDFHEwt","RaDFHEwt_fwm",33,"fwm","RaDFHEwt","RaDFHEwt_fwm","Douglas-fir Hemlock-Wet Mesic",5
"5_53_61_90423",11,134,756,2282,428,1711000903,"17110008","WNC","RaDFHEwt_fwm_WNC","RaDFHEwt","RaDFHEwt_fwm",33,"fwm","RaDFHEwt","RaDFHEwt_fwm","Douglas-fir Hemlock-Wet Mesic",5
"5_53_33_78148",11,134,756,2286,886,1711000903,"17110008","WNC","Na0710411_fmt_WNC","Na0710411","Na0710411_fmt",5,"fmt","Na0710411","Na0710411_fmt","North Pacific Mountain Hemlock Forest - Wet",5
"5_53_33_61336",11,134,756,2285,1193,1711000903,"17110008","WNC","RaABAMup_fst_WNC","RaABAMup","RaABAMup_fst",13,"fst","RaABAMup","RaABAMup_fst","Pacific Silver Fir - High Elevation",5
"5_53_33_70070",11,135,765,1885,753,1711001005,"17110009","WNC","RaSAWD_fal_17110010","RaSAWD","RaSAWD_fal",2,"fal","RaSAWD","RaSAWD_fal","Subalpine Woodland",3
"5_53_33_99585",11,135,765,2286,868,1711001005,"17110009","WNC","Na0710411_fmt_WNC","Na0710411","Na0710411_fmt",5,"fmt","Na0710411","Na0710411_fmt","North Pacific Mountain Hemlock Forest - Wet",5
"5_53_33_55928",11,135,765,2286,795,1711001005,"17110009","WNC","Na0710411_fmt_WNC","Na0710411","Na0710411_fmt",5,"fmt","Na0710411","Na0710411_fmt","North Pacific Mountain Hemlock Forest - Wet",5
"5_53_33_55906",11,135,761,2285,2076,1711001001,"17110009","WNC","RaABAMup_fst_WNC","RaABAMup","RaABAMup_fst",13,"fst","RaABAMup","RaABAMup_fst","Pacific Silver Fir - High Elevation",5
"5_53_33_78024",11,135,761,2285,2061,1711001001,"17110009","WNC","RaABAMup_fst_WNC","RaABAMup","RaABAMup_fst",13,"fst","RaABAMup","RaABAMup_fst","Pacific Silver Fir - High Elevation",5
"5_53_33_87836",11,135,762,2282,898,1711001002,"17110009","WNC","RaDFHEwt_fwm_WNC","RaDFHEwt","RaDFHEwt_fwm",33,"fwm","RaDFHEwt","RaDFHEwt_fwm","Douglas-fir Hemlock-Wet Mesic",5
"5_53_33_56824",11,135,762,1884,773,1711001002,"17110009","WNC","RaABAMlw_fsi_17110010","RaABAMlw","RaABAMlw_fsi",14,"fsi","RaABAMlw","RaABAMlw_fsi","Pacific Silver Fir - Low Elevation",3
"5_53_33_95755",11,135,762,2284,655,1711001002,"17110009","WNC","RaDFHEwt_fww_WNC","RaDFHEwt","RaDFHEwt_fww",34,"fww","RaDFHEwt","RaDFHEwt_fww","Douglas-fir Hemlock-Wet Mesic",5
"5_53_33_78655",11,135,762,2282,1251,1711001002,"17110009","WNC","RaDFHEwt_fwm_WNC","RaDFHEwt","RaDFHEwt_fwm",33,"fwm","RaDFHEwt","RaDFHEwt_fwm","Douglas-fir Hemlock-Wet Mesic",5
"5_53_33_61691",11,135,762,2285,1232,1711001002,"17110009","WNC","RaABAMup_fst_WNC","RaABAMup","RaABAMup_fst",13,"fst","RaABAMup","RaABAMup_fst","Pacific Silver Fir - High Elevation",5
"5_53_33_73387",11,135,763,2282,1446,1711001003,"17110009","WNC","RaDFHEwt_fwm_WNC","RaDFHEwt","RaDFHEwt_fwm",33,"fwm","RaDFHEwt","RaDFHEwt_fwm","Douglas-fir Hemlock-Wet Mesic",5
"5_53_33_70929",11,135,763,2285,468,1711001003,"17110009","WNC","RaABAMup_fst_WNC","RaABAMup","RaABAMup_fst",13,"fst","RaABAMup","RaABAMup_fst","Pacific Silver Fir - High Elevation",5
"5_53_33_53459",11,135,763,2286,1646,1711001003,"17110009","WNC","Na0710411_fmt_WNC","Na0710411","Na0710411_fmt",5,"fmt","Na0710411","Na0710411_fmt","North Pacific Mountain Hemlock Forest - Wet",5
"5_53_33_76721",13,137,769,2303,1686,1711001201,"17110011","WWC","RaABAMup_fst_WWC","RaABAMup","RaABAMup_fst",13,"fst","RaABAMup","RaABAMup_fst","Pacific Silver Fir - High Elevation",5
"5_53_33_97698",13,138,773,1902,732,1711001301,"17110012","WWC","RaDFHEdy_fdg_17110013","RaDFHEdy","RaDFHEdy_fdg",24,"fdg","RaDFHEdy","RaDFHEdy_fdg","Douglas-fir Hemlock-Dry Mesic",3
"5_53_33_77083",13,138,773,1915,871,1711001301,"17110012","WWC","RaABAMlw_fsi_17110013","RaABAMlw","RaABAMlw_fsi",14,"fsi","RaABAMlw","RaABAMlw_fsi","Pacific Silver Fir - Low Elevation",3
"5_53_33_87778",13,138,773,1915,1169,1711001301,"17110012","WWC","RaABAMlw_fsi_17110013","RaABAMlw","RaABAMlw_fsi",14,"fsi","RaABAMlw","RaABAMlw_fsi","Pacific Silver Fir - Low Elevation",3
"5_53_33_68478",13,139,778,1917,1173,1711001403,"17110013","WWC","RaDFHEdy_fwi_17110014","RaDFHEdy","RaDFHEdy_fwi",31,"fwi","RaDFHEdy","RaDFHEdy_fwi","Douglas-fir Hemlock-Dry Mesic",3
"5_53_33_53349",13,139,778,1917,964,1711001403,"17110013","WWC","RaDFHEdy_fwi_17110014","RaDFHEdy","RaDFHEdy_fwi",31,"fwi","RaDFHEdy","RaDFHEdy_fwi","Douglas-fir Hemlock-Dry Mesic",3
"5_53_53_88753",13,139,778,1921,2510,1711001403,"17110013","WWC","RaABAMlw_fsi_17110014","RaABAMlw","RaABAMlw_fsi",14,"fsi","RaABAMlw","RaABAMlw_fsi","Pacific Silver Fir - Low Elevation",3
"5_53_53_96583",13,139,778,1918,1111,1711001403,"17110013","WWC","RaDFHEdy_fdg_17110014","RaDFHEdy","RaDFHEdy_fdg",24,"fdg","RaDFHEdy","RaDFHEdy_fdg","Douglas-fir Hemlock-Dry Mesic",3
"5_53_53_97351",13,139,778,1921,1972,1711001403,"17110013","WWC","RaABAMlw_fsi_17110014","RaABAMlw","RaABAMlw_fsi",14,"fsi","RaABAMlw","RaABAMlw_fsi","Pacific Silver Fir - Low Elevation",3
"5_53_53_63137",13,139,778,1921,1321,1711001403,"17110013","WWC","RaABAMlw_fsi_17110014","RaABAMlw","RaABAMlw_fsi",14,"fsi","RaABAMlw","RaABAMlw_fsi","Pacific Silver Fir - Low Elevation",3
"5_53_53_69958",13,139,778,1921,1265,1711001403,"17110013","WWC","RaABAMlw_fsi_17110014","RaABAMlw","RaABAMlw_fsi",14,"fsi","RaABAMlw","RaABAMlw_fsi","Pacific Silver Fir - Low Elevation",3
"5_53_53_93617",13,139,778,1921,1188,1711001403,"17110013","WWC","RaABAMlw_fsi_17110014","RaABAMlw","RaABAMlw_fsi",14,"fsi","RaABAMlw","RaABAMlw_fsi","Pacific Silver Fir - Low Elevation",3
"5_53_53_79254",13,139,778,1918,970,1711001403,"17110013","WWC","RaDFHEdy_fdg_17110014","RaDFHEdy","RaDFHEdy_fdg",24,"fdg","RaDFHEdy","RaDFHEdy_fdg","Douglas-fir Hemlock-Dry Mesic",3
"5_53_53_80544",13,139,778,1918,1070,1711001403,"17110013","WWC","RaDFHEdy_fdg_17110014","RaDFHEdy","RaDFHEdy_fdg",24,"fdg","RaDFHEdy","RaDFHEdy_fdg","Douglas-fir Hemlock-Dry Mesic",3
"5_53_53_86584",13,139,778,1921,889,1711001403,"17110013","WWC","RaABAMlw_fsi_17110014","RaABAMlw","RaABAMlw_fsi",14,"fsi","RaABAMlw","RaABAMlw_fsi","Pacific Silver Fir - Low Elevation",3
"5_53_53_96349",13,139,778,1921,981,1711001403,"17110013","WWC","RaABAMlw_fsi_17110014","RaABAMlw","RaABAMlw_fsi",14,"fsi","RaABAMlw","RaABAMlw_fsi","Pacific Silver Fir - Low Elevation",3
"5_53_53_86037",13,139,778,1928,1243,1711001403,"17110013","WWC","RaSAWD_fal_17110014","RaSAWD","RaSAWD_fal",2,"fal","RaSAWD","RaSAWD_fal","Subalpine Woodland",3
"5_53_73_85632",11,130,743,1777,1761,1711000510,"17110004","WNC","RaSAWD_fal_17110005","RaSAWD","RaSAWD_fal",2,"fal","RaSAWD","RaSAWD_fal","Subalpine Woodland",3
"5_53_53_57580",13,82,471,2305,1297,1708000401,"17080003A","WWC","Na0710412_fmc_WWC","Na0710412","Na0710412_fmc",7,"fmc","Na0710412","Na0710412_fmc","North Pacific Mountain Hemlock Forest - Xeric",5
"5_53_53_82605",13,82,471,2305,1261,1708000401,"17080003A","WWC","Na0710412_fmc_WWC","Na0710412","Na0710412_fmc",7,"fmc","Na0710412","Na0710412_fmc","North Pacific Mountain Hemlock Forest - Xeric",5
"7_53_41_70237",13,82,471,1940,1426,1708000401,"17080003A","WWC","RaABAMlw_fsi_17080004","RaABAMlw","RaABAMlw_fsi",14,"fsi","RaABAMlw","RaABAMlw_fsi","Pacific Silver Fir - Low Elevation",3
"7_53_41_82603",13,82,471,2305,1372,1708000401,"17080003A","WWC","Na0710412_fmc_WWC","Na0710412","Na0710412_fmc",7,"fmc","Na0710412","Na0710412_fmc","North Pacific Mountain Hemlock Forest - Xeric",5
"7_53_41_59015",13,82,471,1940,840,1708000401,"17080003A","WWC","RaABAMlw_fsi_17080004","RaABAMlw","RaABAMlw_fsi",14,"fsi","RaABAMlw","RaABAMlw_fsi","Pacific Silver Fir - Low Elevation",3
"7_53_41_97143",13,82,471,1940,1007,1708000401,"17080003A","WWC","RaABAMlw_fsi_17080004","RaABAMlw","RaABAMlw_fsi",14,"fsi","RaABAMlw","RaABAMlw_fsi","Pacific Silver Fir - Low Elevation",3
"7_53_41_93515",13,82,472,2305,1118,1708000402,"17080003A","WWC","Na0710412_fmc_WWC","Na0710412","Na0710412_fmc",7,"fmc","Na0710412","Na0710412_fmc","North Pacific Mountain Hemlock Forest - Xeric",5
"7_53_41_99689",13,82,472,1940,2271,1708000402,"17080003A","WWC","RaABAMlw_fsi_17080004","RaABAMlw","RaABAMlw_fsi",14,"fsi","RaABAMlw","RaABAMlw_fsi","Pacific Silver Fir - Low Elevation",3
"5_53_73_74012",11,130,743,2286,1347,1711000510,"17110004","WNC","Na0710411_fmt_WNC","Na0710411","Na0710411_fmt",5,"fmt","Na0710411","Na0710411_fmt","North Pacific Mountain Hemlock Forest - Wet",5
"7_53_41_95969",13,82,472,2305,1277,1708000402,"17080003A","WWC","Na0710412_fmc_WWC","Na0710412","Na0710412_fmc",7,"fmc","Na0710412","Na0710412_fmc","North Pacific Mountain Hemlock Forest - Xeric",5
"7_53_41_53414",13,82,472,2305,1698,1708000402,"17080003A","WWC","Na0710412_fmc_WWC","Na0710412","Na0710412_fmc",7,"fmc","Na0710412","Na0710412_fmc","North Pacific Mountain Hemlock Forest - Xeric",5
"7_53_41_79423",13,82,472,1939,1522,1708000402,"17080003A","WWC","RaSAWD_fal_17080004","RaSAWD","RaSAWD_fal",2,"fal","RaSAWD","RaSAWD_fal","Subalpine Woodland",3
"7_53_41_75051",13,82,473,1940,3117,1708000403,"17080003A","WWC","RaABAMlw_fsi_17080004","RaABAMlw","RaABAMlw_fsi",14,"fsi","RaABAMlw","RaABAMlw_fsi","Pacific Silver Fir - Low Elevation",3
"7_53_41_89739",13,82,473,1944,1112,1708000403,"17080003A","WWC","RaABAMlw_fwc_17080004","RaABAMlw","RaABAMlw_fwc",35,"fwc","RaABAMlw","RaABAMlw_fwc","Pacific Silver Fir - Low Elevation",3
"7_53_41_82820",13,82,473,2305,1297,1708000403,"17080003A","WWC","Na0710412_fmc_WWC","Na0710412","Na0710412_fmc",7,"fmc","Na0710412","Na0710412_fmc","North Pacific Mountain Hemlock Forest - Xeric",5
"8_53_77_82655",13,82,473,2305,1124,1708000403,"17080003A","WWC","Na0710412_fmc_WWC","Na0710412","Na0710412_fmc",7,"fmc","Na0710412","Na0710412_fmc","North Pacific Mountain Hemlock Forest - Xeric",5
"8_53_77_99461",13,82,473,2305,1563,1708000403,"17080003A","WWC","Na0710412_fmc_WWC","Na0710412","Na0710412_fmc",7,"fmc","Na0710412","Na0710412_fmc","North Pacific Mountain Hemlock Forest - Xeric",5
"8_53_77_75175",13,82,473,2305,1649,1708000403,"17080003A","WWC","Na0710412_fmc_WWC","Na0710412","Na0710412_fmc",7,"fmc","Na0710412","Na0710412_fmc","North Pacific Mountain Hemlock Forest - Xeric",5
"5_53_73_75761",11,130,743,2285,1438,1711000510,"17110004","WNC","RaABAMup_fst_WNC","RaABAMup","RaABAMup_fst",13,"fst","RaABAMup","RaABAMup_fst","Pacific Silver Fir - High Elevation",5
"8_53_77_83046",13,82,473,2305,2110,1708000403,"17080003A","WWC","Na0710412_fmc_WWC","Na0710412","Na0710412_fmc",7,"fmc","Na0710412","Na0710412_fmc","North Pacific Mountain Hemlock Forest - Xeric",5
"8_53_77_99758",10,60,335,1977,1708,1707010508,"17070105B","WEC","RaSAWD_fal_17070105A","RaSAWD","RaSAWD_fal",2,"fal","RaSAWD","RaSAWD_fal","Subalpine Woodland",3
"8_53_77_56769",10,60,335,1985,1626,1707010508,"17070105B","WEC","RaMCONms_fmm_17070105A","RaMCONms","RaMCONms_fmm",27,"fmm","RaMCONms","RaMCONms_fmm","Mixed Conifer - Eastside Mesic",3
"8_53_77_81960",10,60,335,1985,1032,1707010508,"17070105B","WEC","RaMCONms_fmm_17070105A","RaMCONms","RaMCONms_fmm",27,"fmm","RaMCONms","RaMCONms_fmm","Mixed Conifer - Eastside Mesic",3
"8_53_77_78088",10,60,335,1985,1269,1707010508,"17070105B","WEC","RaMCONms_fmm_17070105A","RaMCONms","RaMCONms_fmm",27,"fmm","RaMCONms","RaMCONms_fmm","Mixed Conifer - Eastside Mesic",3
"8_53_39_81590",10,60,335,316,1973,1707010508,"17070105B","WEC","RaMCONdy_fmd_1707010508","RaMCONdy","RaMCONdy_fmd",28,"fmd","RaMCONdy","RaMCONdy_fmd","Mixed Conifer - Eastside Dry",1
"8_53_39_75940",10,60,335,316,3167,1707010508,"17070105B","WEC","RaMCONdy_fmd_1707010508","RaMCONdy","RaMCONdy_fmd",28,"fmd","RaMCONdy","RaMCONdy_fmd","Mixed Conifer - Eastside Dry",1
"5_53_73_88024",11,130,743,1777,2036,1711000510,"17110004","WNC","RaSAWD_fal_17110005","RaSAWD","RaSAWD_fal",2,"fal","RaSAWD","RaSAWD_fal","Subalpine Woodland",3
"0_41_27_83552",4,59,338,384,1178,1707010511,"17070104","OEC","RaMCONdy_fmd_1707010511","RaMCONdy","RaMCONdy_fmd",28,"fmd","RaMCONdy","RaMCONdy_fmd","Mixed Conifer - Eastside Dry",1
"0_41_27_61787",4,59,338,2014,1933,1707010511,"17070104","OEC","RaMCONms_fmm_17070105B","RaMCONms","RaMCONms_fmm",27,"fmm","RaMCONms","RaMCONms_fmm","Mixed Conifer - Eastside Mesic",3
"3_41_65_82199",4,59,331,2014,1265,1707010504,"17070104","OEC","RaMCONms_fmm_17070105B","RaMCONms","RaMCONms_fmm",27,"fmm","RaMCONms","RaMCONms_fmm","Mixed Conifer - Eastside Mesic",3
"3_41_65_53238",4,59,331,412,778,1707010504,"17070104","OEC","RaMCONdy_fmd_1707010504","RaMCONdy","RaMCONdy_fmd",28,"fmd","RaMCONdy","RaMCONdy_fmd","Mixed Conifer - Eastside Dry",1
"3_41_65_52449",4,59,331,2014,1822,1707010504,"17070104","OEC","RaMCONms_fmm_17070105B","RaMCONms","RaMCONms_fmm",27,"fmm","RaMCONms","RaMCONms_fmm","Mixed Conifer - Eastside Mesic",3
"3_41_65_82294",4,59,329,2014,3121,1707010502,"17070104","OEC","RaMCONms_fmm_17070105B","RaMCONms","RaMCONms_fmm",27,"fmm","RaMCONms","RaMCONms_fmm","Mixed Conifer - Eastside Mesic",3
"3_41_65_58563",4,59,330,2014,2095,1707010503,"17070104","OEC","RaMCONms_fmm_17070105B","RaMCONms","RaMCONms_fmm",27,"fmm","RaMCONms","RaMCONms_fmm","Mixed Conifer - Eastside Mesic",3
"3_41_65_62468",4,59,330,2014,2869,1707010503,"17070104","OEC","RaMCONms_fmm_17070105B","RaMCONms","RaMCONms_fmm",27,"fmm","RaMCONms","RaMCONms_fmm","Mixed Conifer - Eastside Mesic",3
"3_41_65_77472",4,73,442,2039,1051,1707030609,"17070305B","OEC","RaMCONms_fmm_17070306","RaMCONms","RaMCONms_fmm",27,"fmm","RaMCONms","RaMCONms_fmm","Mixed Conifer - Eastside Mesic",3
"5_53_57_87278",11,130,742,2285,631,1711000509,"17110004","WNC","RaABAMup_fst_WNC","RaABAMup","RaABAMup_fst",13,"fst","RaABAMup","RaABAMup_fst","Pacific Silver Fir - High Elevation",5
"3_41_65_51283",4,73,442,525,1456,1707030609,"17070305B","OEC","RaMCONdy_fmd_1707030609","RaMCONdy","RaMCONdy_fmd",28,"fmd","RaMCONdy","RaMCONdy_fmd","Mixed Conifer - Eastside Dry",1
"3_41_65_72419",4,73,442,525,2021,1707030609,"17070305B","OEC","RaMCONdy_fmd_1707030609","RaMCONdy","RaMCONdy_fmd",28,"fmd","RaMCONdy","RaMCONdy_fmd","Mixed Conifer - Eastside Dry",1
"3_41_65_69114",4,73,442,525,2480,1707030609,"17070305B","OEC","RaMCONdy_fmd_1707030609","RaMCONdy","RaMCONdy_fmd",28,"fmd","RaMCONdy","RaMCONdy_fmd","Mixed Conifer - Eastside Dry",1
"3_41_65_78206",4,73,442,525,2555,1707030609,"17070305B","OEC","RaMCONdy_fmd_1707030609","RaMCONdy","RaMCONdy_fmd",28,"fmd","RaMCONdy","RaMCONdy_fmd","Mixed Conifer - Eastside Dry",1
"3_41_65_71494",4,73,438,2039,1305,1707030605,"17070305B","OEC","RaMCONms_fmm_17070306","RaMCONms","RaMCONms_fmm",27,"fmm","RaMCONms","RaMCONms_fmm","Mixed Conifer - Eastside Mesic",3
"5_53_57_80824",11,130,744,2286,648,1711000511,"17110004","WNC","Na0710411_fmt_WNC","Na0710411","Na0710411_fmt",5,"fmt","Na0710411","Na0710411_fmt","North Pacific Mountain Hemlock Forest - Wet",5
"3_41_65_91781",4,73,439,2055,997,1707030606,"17070305B","OEC","RaPIPOxe_fpd_17070306","RaPIPOxe","RaPIPOxe_fpd",53,"fpd","RaPIPOxe","RaPIPOxe_fpd","Ponderosa Pine - Xeric",3
"3_41_31_69506",4,73,436,2055,830,1707030603,"17070305B","OEC","RaPIPOxe_fpd_17070306","RaPIPOxe","RaPIPOxe_fpd",53,"fpd","RaPIPOxe","RaPIPOxe_fpd","Ponderosa Pine - Xeric",3
"5_53_57_99997",11,130,744,2286,1232,1711000511,"17110004","WNC","Na0710411_fmt_WNC","Na0710411","Na0710411_fmt",5,"fmt","Na0710411","Na0710411_fmt","North Pacific Mountain Hemlock Forest - Wet",5
"3_41_31_56189",4,73,434,2055,1872,1707030601,"17070305B","OEC","RaPIPOxe_fpd_17070306","RaPIPOxe","RaPIPOxe_fpd",53,"fpd","RaPIPOxe","RaPIPOxe_fpd","Ponderosa Pine - Xeric",3
"3_41_31_85082",4,67,396,2098,122,1707030110,"17070204","OEC","RaPIPOxe_fxp_17070301","RaPIPOxe","RaPIPOxe_fxp",56,"fxp","RaPIPOxe","RaPIPOxe_fxp","Ponderosa Pine - Xeric",3
"3_41_31_84121",4,67,396,2095,825,1707030110,"17070204","OEC","RaPIPOxe_fpd_17070301","RaPIPOxe","RaPIPOxe_fpd",53,"fpd","RaPIPOxe","RaPIPOxe_fpd","Ponderosa Pine - Xeric",3
"3_41_31_53246",4,67,396,2095,712,1707030110,"17070204","OEC","RaPIPOxe_fpd_17070301","RaPIPOxe","RaPIPOxe_fpd",53,"fpd","RaPIPOxe","RaPIPOxe_fpd","Ponderosa Pine - Xeric",3
"3_41_31_79432",4,67,397,2095,256,1707030111,"17070204","OEC","RaPIPOxe_fpd_17070301","RaPIPOxe","RaPIPOxe_fpd",53,"fpd","RaPIPOxe","RaPIPOxe_fpd","Ponderosa Pine - Xeric",3
"5_53_57_60318",11,130,744,2286,2010,1711000511,"17110004","WNC","Na0710411_fmt_WNC","Na0710411","Na0710411_fmt",5,"fmt","Na0710411","Na0710411_fmt","North Pacific Mountain Hemlock Forest - Wet",5
"3_41_31_86356",4,67,393,2098,575,1707030107,"17070204","OEC","RaPIPOxe_fxp_17070301","RaPIPOxe","RaPIPOxe_fxp",56,"fxp","RaPIPOxe","RaPIPOxe_fxp","Ponderosa Pine - Xeric",3
"3_41_17_74487",4,67,393,2098,128,1707030107,"17070204","OEC","RaPIPOxe_fxp_17070301","RaPIPOxe","RaPIPOxe_fxp",56,"fxp","RaPIPOxe","RaPIPOxe_fxp","Ponderosa Pine - Xeric",3
"3_41_17_78511",4,67,394,2098,2,1707030108,"17070204","OEC","RaPIPOxe_fxp_17070301","RaPIPOxe","RaPIPOxe_fxp",56,"fxp","RaPIPOxe","RaPIPOxe_fxp","Ponderosa Pine - Xeric",3
"3_41_17_75901",4,67,392,2095,5,1707030106,"17070204","OEC","RaPIPOxe_fpd_17070301","RaPIPOxe","RaPIPOxe_fpd",53,"fpd","RaPIPOxe","RaPIPOxe_fpd","Ponderosa Pine - Xeric",3
"3_41_17_63982",4,67,392,2095,7,1707030106,"17070204","OEC","RaPIPOxe_fpd_17070301","RaPIPOxe","RaPIPOxe_fpd",53,"fpd","RaPIPOxe","RaPIPOxe_fpd","Ponderosa Pine - Xeric",3
"3_41_17_98102",4,67,392,2095,136,1707030106,"17070204","OEC","RaPIPOxe_fpd_17070301","RaPIPOxe","RaPIPOxe_fpd",53,"fpd","RaPIPOxe","RaPIPOxe_fpd","Ponderosa Pine - Xeric",3
"5_53_57_94146",11,130,744,2285,2069,1711000511,"17110004","WNC","RaABAMup_fst_WNC","RaABAMup","RaABAMup_fst",13,"fst","RaABAMup","RaABAMup_fst","Pacific Silver Fir - High Elevation",5
"3_41_17_53276",4,67,392,2095,1162,1707030106,"17070204","OEC","RaPIPOxe_fpd_17070301","RaPIPOxe","RaPIPOxe_fpd",53,"fpd","RaPIPOxe","RaPIPOxe_fpd","Ponderosa Pine - Xeric",3
"3_41_17_64012",4,67,391,2095,2510,1707030105,"17070204","OEC","RaPIPOxe_fpd_17070301","RaPIPOxe","RaPIPOxe_fpd",53,"fpd","RaPIPOxe","RaPIPOxe_fpd","Ponderosa Pine - Xeric",3
"3_41_17_98168",4,67,390,2098,1358,1707030104,"17070204","OEC","RaPIPOxe_fxp_17070301","RaPIPOxe","RaPIPOxe_fxp",56,"fxp","RaPIPOxe","RaPIPOxe_fxp","Ponderosa Pine - Xeric",3
"3_41_17_90255",4,67,390,2095,2740,1707030104,"17070204","OEC","RaPIPOxe_fpd_17070301","RaPIPOxe","RaPIPOxe_fpd",53,"fpd","RaPIPOxe","RaPIPOxe_fpd","Ponderosa Pine - Xeric",3
"3_41_17_64099",4,67,390,2095,2345,1707030104,"17070204","OEC","RaPIPOxe_fpd_17070301","RaPIPOxe","RaPIPOxe_fpd",53,"fpd","RaPIPOxe","RaPIPOxe_fpd","Ponderosa Pine - Xeric",3
"3_41_17_97794",4,67,390,2095,2585,1707030104,"17070204","OEC","RaPIPOxe_fpd_17070301","RaPIPOxe","RaPIPOxe_fpd",53,"fpd","RaPIPOxe","RaPIPOxe_fpd","Ponderosa Pine - Xeric",3
"5_53_57_69862",11,130,744,2282,1140,1711000511,"17110004","WNC","RaDFHEwt_fwm_WNC","RaDFHEwt","RaDFHEwt_fwm",33,"fwm","RaDFHEwt","RaDFHEwt_fwm","Douglas-fir Hemlock-Wet Mesic",5
"3_41_17_57116",4,68,404,2154,1200,1707030207,"17070301","OEC","RaPIPOxe_fpd_17070302","RaPIPOxe","RaPIPOxe_fpd",53,"fpd","RaPIPOxe","RaPIPOxe_fpd","Ponderosa Pine - Xeric",3
"3_41_17_82032",4,68,404,2154,862,1707030207,"17070301","OEC","RaPIPOxe_fpd_17070302","RaPIPOxe","RaPIPOxe_fpd",53,"fpd","RaPIPOxe","RaPIPOxe_fpd","Ponderosa Pine - Xeric",3
"3_41_17_81997",4,68,404,2154,948,1707030207,"17070301","OEC","RaPIPOxe_fpd_17070302","RaPIPOxe","RaPIPOxe_fpd",53,"fpd","RaPIPOxe","RaPIPOxe_fpd","Ponderosa Pine - Xeric",3
"3_41_17_68120",4,68,404,1037,2352,1707030207,"17070301","OEC","RaPIPOm_fpl_1707030207","RaPIPOm","RaPIPOm_fpl",55,"fpl","RaPIPOm","RaPIPOm_fpl","Dry Ponderosa Pine - Mesic",1
"3_41_17_74025",4,68,404,1037,2600,1707030207,"17070301","OEC","RaPIPOm_fpl_1707030207","RaPIPOm","RaPIPOm_fpl",55,"fpl","RaPIPOm","RaPIPOm_fpl","Dry Ponderosa Pine - Mesic",1
"3_41_17_88848",4,68,404,1037,3295,1707030207,"17070301","OEC","RaPIPOm_fpl_1707030207","RaPIPOm","RaPIPOm_fpl",55,"fpl","RaPIPOm","RaPIPOm_fpl","Dry Ponderosa Pine - Mesic",1
"3_41_17_56927",4,68,404,1037,2634,1707030207,"17070301","OEC","RaPIPOm_fpl_1707030207","RaPIPOm","RaPIPOm_fpl",55,"fpl","RaPIPOm","RaPIPOm_fpl","Dry Ponderosa Pine - Mesic",1
"3_41_17_98045",4,68,404,1037,2595,1707030207,"17070301","OEC","RaPIPOm_fpl_1707030207","RaPIPOm","RaPIPOm_fpl",55,"fpl","RaPIPOm","RaPIPOm_fpl","Dry Ponderosa Pine - Mesic",1
"3_41_17_53317",4,68,403,1079,3484,1707030206,"17070301","OEC","RaPIPOm_fpl_1707030206","RaPIPOm","RaPIPOm_fpl",55,"fpl","RaPIPOm","RaPIPOm_fpl","Dry Ponderosa Pine - Mesic",1
"3_41_17_96000",4,68,403,1079,3398,1707030206,"17070301","OEC","RaPIPOm_fpl_1707030206","RaPIPOm","RaPIPOm_fpl",55,"fpl","RaPIPOm","RaPIPOm_fpl","Dry Ponderosa Pine - Mesic",1
"5_53_73_88493",11,126,722,2285,1673,1711000102,"17100312","WNC","RaABAMup_fst_WNC","RaABAMup","RaABAMup_fst",13,"fst","RaABAMup","RaABAMup_fst","Pacific Silver Fir - High Elevation",5
"3_41_35_75654",4,68,403,1079,2162,1707030206,"17070301","OEC","RaPIPOm_fpl_1707030206","RaPIPOm","RaPIPOm_fpl",55,"fpl","RaPIPOm","RaPIPOm_fpl","Dry Ponderosa Pine - Mesic",1
"3_41_35_51960",4,68,403,1079,1334,1707030206,"17070301","OEC","RaPIPOm_fpl_1707030206","RaPIPOm","RaPIPOm_fpl",55,"fpl","RaPIPOm","RaPIPOm_fpl","Dry Ponderosa Pine - Mesic",1
"3_41_35_51587",4,68,403,1079,1965,1707030206,"17070301","OEC","RaPIPOm_fpl_1707030206","RaPIPOm","RaPIPOm_fpl",55,"fpl","RaPIPOm","RaPIPOm_fpl","Dry Ponderosa Pine - Mesic",1
"3_41_35_62351",4,68,403,1079,2779,1707030206,"17070301","OEC","RaPIPOm_fpl_1707030206","RaPIPOm","RaPIPOm_fpl",55,"fpl","RaPIPOm","RaPIPOm_fpl","Dry Ponderosa Pine - Mesic",1
"3_41_35_59105",4,68,403,1079,2703,1707030206,"17070301","OEC","RaPIPOm_fpl_1707030206","RaPIPOm","RaPIPOm_fpl",55,"fpl","RaPIPOm","RaPIPOm_fpl","Dry Ponderosa Pine - Mesic",1
"3_41_35_89750",4,68,403,1079,3070,1707030206,"17070301","OEC","RaPIPOm_fpl_1707030206","RaPIPOm","RaPIPOm_fpl",55,"fpl","RaPIPOm","RaPIPOm_fpl","Dry Ponderosa Pine - Mesic",1
"3_41_35_67415",4,151,843,2172,1443,1712000504,"17120004","OEC","RaMCONms_fmm_17120005","RaMCONms","RaMCONms_fmm",27,"fmm","RaMCONms","RaMCONms_fmm","Mixed Conifer - Eastside Mesic",3
"3_41_35_84868",4,151,840,2322,773,1712000501,"17120004","OEC","RaSPFI_fmz_OEC","RaSPFI","RaSPFI_fmz",26,"fmz","RaSPFI","RaSPFI_fmz","Spruce - Fir",4
"3_41_35_75631",4,151,840,2172,2501,1712000501,"17120004","OEC","RaMCONms_fmm_17120005","RaMCONms","RaMCONms_fmm",27,"fmm","RaMCONms","RaMCONms_fmm","Mixed Conifer - Eastside Mesic",3
"3_41_35_90765",4,151,840,2172,1013,1712000501,"17120004","OEC","RaMCONms_fmm_17120005","RaMCONms","RaMCONms_fmm",27,"fmm","RaMCONms","RaMCONms_fmm","Mixed Conifer - Eastside Mesic",3
"3_41_35_88414",4,151,840,2172,2168,1712000501,"17120004","OEC","RaMCONms_fmm_17120005","RaMCONms","RaMCONms_fmm",27,"fmm","RaMCONms","RaMCONms_fmm","Mixed Conifer - Eastside Mesic",3
"3_41_35_94898",4,151,840,1147,698,1712000501,"17120004","OEC","RaMCONdy_fmx_1712000501","RaMCONdy","RaMCONdy_fmx",29,"fmx","RaMCONdy","RaMCONdy_fmx","Mixed Conifer - Eastside Dry",1
"3_41_35_92891",4,151,840,1155,1342,1712000501,"17120004","OEC","RaPIPOm_fpl_1712000501","RaPIPOm","RaPIPOm_fpl",55,"fpl","RaPIPOm","RaPIPOm_fpl","Dry Ponderosa Pine - Mesic",1
"3_41_35_75142",4,151,840,1155,1637,1712000501,"17120004","OEC","RaPIPOm_fpl_1712000501","RaPIPOm","RaPIPOm_fpl",55,"fpl","RaPIPOm","RaPIPOm_fpl","Dry Ponderosa Pine - Mesic",1
"3_41_35_88580",4,151,840,2340,478,1712000501,"17120004","OEC","RaPICOpu_flw_OEC","RaPICOpu","RaPICOpu_flw",50,"flw","RaPICOpu","RaPICOpu_flw","Lodgepole Pine - Pumice Soils",4
"3_41_35_99697",4,151,840,1147,863,1712000501,"17120004","OEC","RaMCONdy_fmx_1712000501","RaMCONdy","RaMCONdy_fmx",29,"fmx","RaMCONdy","RaMCONdy_fmx","Mixed Conifer - Eastside Dry",1
"3_41_35_89037",4,151,840,1147,1325,1712000501,"17120004","OEC","RaMCONdy_fmx_1712000501","RaMCONdy","RaMCONdy_fmx",29,"fmx","RaMCONdy","RaMCONdy_fmx","Mixed Conifer - Eastside Dry",1
"3_41_35_84100",4,157,895,1162,1064,1801020104,"18010101","OEC","RaMCONdy_fmx_1801020104","RaMCONdy","RaMCONdy_fmx",29,"fmx","RaMCONdy","RaMCONdy_fmx","Mixed Conifer - Eastside Dry",1
"3_41_35_71743",4,157,892,1253,1564,1801020101,"18010101","OEC","RaMCONdy_fmx_1801020101","RaMCONdy","RaMCONdy_fmx",29,"fmx","RaMCONdy","RaMCONdy_fmx","Mixed Conifer - Eastside Dry",1
"3_41_35_65479",4,157,892,2200,2289,1801020101,"18010101","OEC","RaMCONms_fmm_18010201","RaMCONms","RaMCONms_fmm",27,"fmm","RaMCONms","RaMCONms_fmm","Mixed Conifer - Eastside Mesic",3
"3_41_35_71883",4,157,892,2324,1764,1801020101,"18010101","OEC","Na0710412_fmh_OEC","Na0710412","Na0710412_fmh",4,"fmh","Na0710412","Na0710412_fmh","North Pacific Mountain Hemlock Forest - Xeric",5
"3_41_35_80104",4,157,892,2324,1977,1801020101,"18010101","OEC","Na0710412_fmh_OEC","Na0710412","Na0710412_fmh",4,"fmh","Na0710412","Na0710412_fmh","North Pacific Mountain Hemlock Forest - Xeric",5
"3_41_35_98820",4,157,892,2324,1165,1801020101,"18010101","OEC","Na0710412_fmh_OEC","Na0710412","Na0710412_fmh",4,"fmh","Na0710412","Na0710412_fmh","North Pacific Mountain Hemlock Forest - Xeric",5
"5_53_57_63606",11,131,748,2285,1431,1711000604,"17110005","WNC","RaABAMup_fst_WNC","RaABAMup","RaABAMup_fst",13,"fst","RaABAMup","RaABAMup_fst","Pacific Silver Fir - High Elevation",5
"3_41_35_77423",4,157,892,1251,2637,1801020101,"18010101","OEC","RaPIPOm_fpl_1801020101","RaPIPOm","RaPIPOm_fpl",55,"fpl","RaPIPOm","RaPIPOm_fpl","Dry Ponderosa Pine - Mesic",1
"3_41_35_64471",4,157,892,1251,2131,1801020101,"18010101","OEC","RaPIPOm_fpl_1801020101","RaPIPOm","RaPIPOm_fpl",55,"fpl","RaPIPOm","RaPIPOm_fpl","Dry Ponderosa Pine - Mesic",1
"3_41_35_73192",4,158,903,1371,1337,1801020206,"18010201","OEC","RaPIPOm_fpl_1801020206","RaPIPOm","RaPIPOm_fpl",55,"fpl","RaPIPOm","RaPIPOm_fpl","Dry Ponderosa Pine - Mesic",1
"3_41_35_72845",4,158,903,1371,984,1801020206,"18010201","OEC","RaPIPOm_fpl_1801020206","RaPIPOm","RaPIPOm_fpl",55,"fpl","RaPIPOm","RaPIPOm_fpl","Dry Ponderosa Pine - Mesic",1
"3_41_35_57844",4,158,903,1370,1391,1801020206,"18010201","OEC","RaMCONdy_fmx_1801020206","RaMCONdy","RaMCONdy_fmx",29,"fmx","RaMCONdy","RaMCONdy_fmx","Mixed Conifer - Eastside Dry",1
"3_41_35_89205",4,158,904,1432,2202,1801020207,"18010201","OEC","RaPIPOm_fpl_1801020207","RaPIPOm","RaPIPOm_fpl",55,"fpl","RaPIPOm","RaPIPOm_fpl","Dry Ponderosa Pine - Mesic",1
"3_41_35_96657",4,158,904,2232,979,1801020207,"18010201","OEC","RaPIPOxe_fpd_18010202","RaPIPOxe","RaPIPOxe_fpd",53,"fpd","RaPIPOxe","RaPIPOxe_fpd","Ponderosa Pine - Xeric",3
"3_41_35_77275",4,158,904,2232,1228,1801020207,"18010201","OEC","RaPIPOxe_fpd_18010202","RaPIPOxe","RaPIPOxe_fpd",53,"fpd","RaPIPOxe","RaPIPOxe_fpd","Ponderosa Pine - Xeric",3
"3_41_35_67567",4,158,904,2232,431,1801020207,"18010201","OEC","RaPIPOxe_fpd_18010202","RaPIPOxe","RaPIPOxe_fpd",53,"fpd","RaPIPOxe","RaPIPOxe_fpd","Ponderosa Pine - Xeric",3
"3_41_35_71848",4,158,904,2233,1204,1801020207,"18010201","OEC","RaPIPOxe_fxp_18010202","RaPIPOxe","RaPIPOxe_fxp",56,"fxp","RaPIPOxe","RaPIPOxe_fxp","Ponderosa Pine - Xeric",3
"3_41_35_84730",4,160,912,2260,759,1801020407,"18010203","OEC","RaPIPOxe_fxp_18010204","RaPIPOxe","RaPIPOxe_fxp",56,"fxp","RaPIPOxe","RaPIPOxe_fxp","Ponderosa Pine - Xeric",3
"5_53_57_71364",11,131,748,1815,2365,1711000604,"17110005","WNC","RaDFHEdy_fdg_17110006","RaDFHEdy","RaDFHEdy_fdg",24,"fdg","RaDFHEdy","RaDFHEdy_fdg","Douglas-fir Hemlock-Dry Mesic",3
"5_53_61_57759",11,131,748,2282,1546,1711000604,"17110005","WNC","RaDFHEwt_fwm_WNC","RaDFHEwt","RaDFHEwt_fwm",33,"fwm","RaDFHEwt","RaDFHEwt_fwm","Douglas-fir Hemlock-Wet Mesic",5
"5_53_61_88682",11,131,748,2285,2725,1711000604,"17110005","WNC","RaABAMup_fst_WNC","RaABAMup","RaABAMup_fst",13,"fst","RaABAMup","RaABAMup_fst","Pacific Silver Fir - High Elevation",5
"5_53_61_56227",11,131,748,1816,2174,1711000604,"17110005","WNC","RaDFHEdy_fwi_17110006","RaDFHEdy","RaDFHEdy_fwi",31,"fwi","RaDFHEdy","RaDFHEdy_fwi","Douglas-fir Hemlock-Dry Mesic",3
"5_53_61_77894",11,131,748,2282,1280,1711000604,"17110005","WNC","RaDFHEwt_fwm_WNC","RaDFHEwt","RaDFHEwt_fwm",33,"fwm","RaDFHEwt","RaDFHEwt_fwm","Douglas-fir Hemlock-Wet Mesic",5
"5_53_61_86658",11,131,748,2285,2547,1711000604,"17110005","WNC","RaABAMup_fst_WNC","RaABAMup","RaABAMup_fst",13,"fst","RaABAMup","RaABAMup_fst","Pacific Silver Fir - High Elevation",5
"5_53_61_83765",11,133,752,2285,2087,1711000802,"17110007","WNC","RaABAMup_fst_WNC","RaABAMup","RaABAMup_fst",13,"fst","RaABAMup","RaABAMup_fst","Pacific Silver Fir - High Elevation",5
"5_53_61_91221",11,133,752,2285,980,1711000802,"17110007","WNC","RaABAMup_fst_WNC","RaABAMup","RaABAMup_fst",13,"fst","RaABAMup","RaABAMup_fst","Pacific Silver Fir - High Elevation",5
"5_53_61_96073",11,134,758,2285,1317,1711000905,"17110008","WNC","RaABAMup_fst_WNC","RaABAMup","RaABAMup_fst",13,"fst","RaABAMup","RaABAMup_fst","Pacific Silver Fir - High Elevation",5
"5_53_61_94802",11,134,757,2282,1902,1711000904,"17110008","WNC","RaDFHEwt_fwm_WNC","RaDFHEwt","RaDFHEwt_fwm",33,"fwm","RaDFHEwt","RaDFHEwt_fwm","Douglas-fir Hemlock-Wet Mesic",5
"5_53_61_55143",11,134,756,2282,533,1711000903,"17110008","WNC","RaDFHEwt_fwm_WNC","RaDFHEwt","RaDFHEwt_fwm",33,"fwm","RaDFHEwt","RaDFHEwt_fwm","Douglas-fir Hemlock-Wet Mesic",5
"5_53_33_93144",11,134,756,2285,1817,1711000903,"17110008","WNC","RaABAMup_fst_WNC","RaABAMup","RaABAMup_fst",13,"fst","RaABAMup","RaABAMup_fst","Pacific Silver Fir - High Elevation",5
"5_53_33_84510",11,134,756,2285,1579,1711000903,"17110008","WNC","RaABAMup_fst_WNC","RaABAMup","RaABAMup_fst",13,"fst","RaABAMup","RaABAMup_fst","Pacific Silver Fir - High Elevation",5
"5_53_33_91565",11,134,756,1859,1956,1711000903,"17110008","WNC","RaSAWD_fal_17110009","RaSAWD","RaSAWD_fal",2,"fal","RaSAWD","RaSAWD_fal","Subalpine Woodland",3
"5_53_33_60528",11,134,756,2286,1049,1711000903,"17110008","WNC","Na0710411_fmt_WNC","Na0710411","Na0710411_fmt",5,"fmt","Na0710411","Na0710411_fmt","North Pacific Mountain Hemlock Forest - Wet",5
"5_53_33_93641",11,135,761,2285,1231,1711001001,"17110009","WNC","RaABAMup_fst_WNC","RaABAMup","RaABAMup_fst",13,"fst","RaABAMup","RaABAMup_fst","Pacific Silver Fir - High Elevation",5
"5_53_73_87842",11,129,731,2286,686,1711000401,"17110003","WNC","Na0710411_fmt_WNC","Na0710411","Na0710411_fmt",5,"fmt","Na0710411","Na0710411_fmt","North Pacific Mountain Hemlock Forest - Wet",5
"5_53_33_50457",11,135,761,2286,1741,1711001001,"17110009","WNC","Na0710411_fmt_WNC","Na0710411","Na0710411_fmt",5,"fmt","Na0710411","Na0710411_fmt","North Pacific Mountain Hemlock Forest - Wet",5
"5_53_33_82163",11,135,762,2285,1700,1711001002,"17110009","WNC","RaABAMup_fst_WNC","RaABAMup","RaABAMup_fst",13,"fst","RaABAMup","RaABAMup_fst","Pacific Silver Fir - High Elevation",5
"5_53_33_68715",11,135,762,2282,1189,1711001002,"17110009","WNC","RaDFHEwt_fwm_WNC","RaDFHEwt","RaDFHEwt_fwm",33,"fwm","RaDFHEwt","RaDFHEwt_fwm","Douglas-fir Hemlock-Wet Mesic",5
"5_53_33_64917",11,135,762,2286,1252,1711001002,"17110009","WNC","Na0710411_fmt_WNC","Na0710411","Na0710411_fmt",5,"fmt","Na0710411","Na0710411_fmt","North Pacific Mountain Hemlock Forest - Wet",5
"5_53_33_85278",11,135,762,2285,2560,1711001002,"17110009","WNC","RaABAMup_fst_WNC","RaABAMup","RaABAMup_fst",13,"fst","RaABAMup","RaABAMup_fst","Pacific Silver Fir - High Elevation",5
"5_53_33_87985",11,135,763,2285,1513,1711001003,"17110009","WNC","RaABAMup_fst_WNC","RaABAMup","RaABAMup_fst",13,"fst","RaABAMup","RaABAMup_fst","Pacific Silver Fir - High Elevation",5
"5_53_33_73703",11,135,763,2282,1388,1711001003,"17110009","WNC","RaDFHEwt_fwm_WNC","RaDFHEwt","RaDFHEwt_fwm",33,"fwm","RaDFHEwt","RaDFHEwt_fwm","Douglas-fir Hemlock-Wet Mesic",5
"5_53_33_99849",11,135,763,2285,3001,1711001003,"17110009","WNC","RaABAMup_fst_WNC","RaABAMup","RaABAMup_fst",13,"fst","RaABAMup","RaABAMup_fst","Pacific Silver Fir - High Elevation",5
"5_53_33_64462",13,138,773,1915,1826,1711001301,"17110012","WWC","RaABAMlw_fsi_17110013","RaABAMlw","RaABAMlw_fsi",14,"fsi","RaABAMlw","RaABAMlw_fsi","Pacific Silver Fir - Low Elevation",3
"5_53_33_59753",13,138,773,1902,503,1711001301,"17110012","WWC","RaDFHEdy_fdg_17110013","RaDFHEdy","RaDFHEdy_fdg",24,"fdg","RaDFHEdy","RaDFHEdy_fdg","Douglas-fir Hemlock-Dry Mesic",3
"5_53_33_69104",13,138,773,1915,1651,1711001301,"17110012","WWC","RaABAMlw_fsi_17110013","RaABAMlw","RaABAMlw_fsi",14,"fsi","RaABAMlw","RaABAMlw_fsi","Pacific Silver Fir - Low Elevation",3
"5_53_33_61655",13,138,773,1915,1420,1711001301,"17110012","WWC","RaABAMlw_fsi_17110013","RaABAMlw","RaABAMlw_fsi",14,"fsi","RaABAMlw","RaABAMlw_fsi","Pacific Silver Fir - Low Elevation",3
"5_53_33_77679",13,138,773,1915,1475,1711001301,"17110012","WWC","RaABAMlw_fsi_17110013","RaABAMlw","RaABAMlw_fsi",14,"fsi","RaABAMlw","RaABAMlw_fsi","Pacific Silver Fir - Low Elevation",3
"5_53_33_92573",13,139,778,1918,1562,1711001403,"17110013","WWC","RaDFHEdy_fdg_17110014","RaDFHEdy","RaDFHEdy_fdg",24,"fdg","RaDFHEdy","RaDFHEdy_fdg","Douglas-fir Hemlock-Dry Mesic",3
"5_53_53_93029",13,139,778,1917,714,1711001403,"17110013","WWC","RaDFHEdy_fwi_17110014","RaDFHEdy","RaDFHEdy_fwi",31,"fwi","RaDFHEdy","RaDFHEdy_fwi","Douglas-fir Hemlock-Dry Mesic",3
"5_53_53_89001",13,139,778,1921,2189,1711001403,"17110013","WWC","RaABAMlw_fsi_17110014","RaABAMlw","RaABAMlw_fsi",14,"fsi","RaABAMlw","RaABAMlw_fsi","Pacific Silver Fir - Low Elevation",3
"5_53_53_63289",13,139,778,2305,1906,1711001403,"17110013","WWC","Na0710412_fmc_WWC","Na0710412","Na0710412_fmc",7,"fmc","Na0710412","Na0710412_fmc","North Pacific Mountain Hemlock Forest - Xeric",5
"5_53_53_85739",13,139,778,1928,992,1711001403,"17110013","WWC","RaSAWD_fal_17110014","RaSAWD","RaSAWD_fal",2,"fal","RaSAWD","RaSAWD_fal","Subalpine Woodland",3
"5_53_53_72663",13,139,778,1921,1683,1711001403,"17110013","WWC","RaABAMlw_fsi_17110014","RaABAMlw","RaABAMlw_fsi",14,"fsi","RaABAMlw","RaABAMlw_fsi","Pacific Silver Fir - Low Elevation",3
"5_53_53_74476",13,139,778,1921,1137,1711001403,"17110013","WWC","RaABAMlw_fsi_17110014","RaABAMlw","RaABAMlw_fsi",14,"fsi","RaABAMlw","RaABAMlw_fsi","Pacific Silver Fir - Low Elevation",3
"5_53_53_85189",13,139,778,1921,1183,1711001403,"17110013","WWC","RaABAMlw_fsi_17110014","RaABAMlw","RaABAMlw_fsi",14,"fsi","RaABAMlw","RaABAMlw_fsi","Pacific Silver Fir - Low Elevation",3
"5_53_53_64128",13,139,778,2305,1474,1711001403,"17110013","WWC","Na0710412_fmc_WWC","Na0710412","Na0710412_fmc",7,"fmc","Na0710412","Na0710412_fmc","North Pacific Mountain Hemlock Forest - Xeric",5
"8_53_77_92580",10,27,129,1924,2131,1703000201,"17030001","WEC","RaSAWD_fal_17030002","RaSAWD","RaSAWD_fal",2,"fal","RaSAWD","RaSAWD_fal","Subalpine Woodland",3
"7_53_41_76810",13,82,471,2305,1363,1708000401,"17080003A","WWC","Na0710412_fmc_WWC","Na0710412","Na0710412_fmc",7,"fmc","Na0710412","Na0710412_fmc","North Pacific Mountain Hemlock Forest - Xeric",5
"7_53_41_83940",13,82,471,2305,1747,1708000401,"17080003A","WWC","Na0710412_fmc_WWC","Na0710412","Na0710412_fmc",7,"fmc","Na0710412","Na0710412_fmc","North Pacific Mountain Hemlock Forest - Xeric",5
"7_53_41_77111",13,82,471,1940,1779,1708000401,"17080003A","WWC","RaABAMlw_fsi_17080004","RaABAMlw","RaABAMlw_fsi",14,"fsi","RaABAMlw","RaABAMlw_fsi","Pacific Silver Fir - Low Elevation",3
"7_53_41_90535",13,82,471,1940,1873,1708000401,"17080003A","WWC","RaABAMlw_fsi_17080004","RaABAMlw","RaABAMlw_fsi",14,"fsi","RaABAMlw","RaABAMlw_fsi","Pacific Silver Fir - Low Elevation",3
"7_53_41_62992",13,82,471,1940,1186,1708000401,"17080003A","WWC","RaABAMlw_fsi_17080004","RaABAMlw","RaABAMlw_fsi",14,"fsi","RaABAMlw","RaABAMlw_fsi","Pacific Silver Fir - Low Elevation",3
"7_53_41_99566",13,82,471,2305,873,1708000401,"17080003A","WWC","Na0710412_fmc_WWC","Na0710412","Na0710412_fmc",7,"fmc","Na0710412","Na0710412_fmc","North Pacific Mountain Hemlock Forest - Xeric",5
"5_53_73_54142",11,130,743,2285,1052,1711000510,"17110004","WNC","RaABAMup_fst_WNC","RaABAMup","RaABAMup_fst",13,"fst","RaABAMup","RaABAMup_fst","Pacific Silver Fir - High Elevation",5
"7_53_41_56670",13,82,472,2305,1584,1708000402,"17080003A","WWC","Na0710412_fmc_WWC","Na0710412","Na0710412_fmc",7,"fmc","Na0710412","Na0710412_fmc","North Pacific Mountain Hemlock Forest - Xeric",5
"7_53_41_93337",13,82,473,2305,1186,1708000403,"17080003A","WWC","Na0710412_fmc_WWC","Na0710412","Na0710412_fmc",7,"fmc","Na0710412","Na0710412_fmc","North Pacific Mountain Hemlock Forest - Xeric",5
"7_53_41_81724",13,82,473,1940,1138,1708000403,"17080003A","WWC","RaABAMlw_fsi_17080004","RaABAMlw","RaABAMlw_fsi",14,"fsi","RaABAMlw","RaABAMlw_fsi","Pacific Silver Fir - Low Elevation",3
"8_53_77_60138",10,62,340,1962,991,1707010601,"17070105C","WEC","RaMCONms_fmm_17070106","RaMCONms","RaMCONms_fmm",27,"fmm","RaMCONms","RaMCONms_fmm","Mixed Conifer - Eastside Mesic",3
"8_53_77_59708",10,62,340,1963,2384,1707010601,"17070105C","WEC","RaABAMlw_fsi_17070106","RaABAMlw","RaABAMlw_fsi",14,"fsi","RaABAMlw","RaABAMlw_fsi","Pacific Silver Fir - Low Elevation",3
"8_53_77_79382",10,62,340,2291,2473,1707010601,"17070105C","WEC","Na0710412_fmh_WEC","Na0710412","Na0710412_fmh",4,"fmh","Na0710412","Na0710412_fmh","North Pacific Mountain Hemlock Forest - Xeric",5
"8_53_77_97158",10,62,340,2291,1666,1707010601,"17070105C","WEC","Na0710412_fmh_WEC","Na0710412","Na0710412_fmh",4,"fmh","Na0710412","Na0710412_fmh","North Pacific Mountain Hemlock Forest - Xeric",5
"8_53_77_98711",10,62,340,1961,2693,1707010601,"17070105C","WEC","RaSAWD_fal_17070106","RaSAWD","RaSAWD_fal",2,"fal","RaSAWD","RaSAWD_fal","Subalpine Woodland",3
"8_53_77_60808",10,60,335,1985,792,1707010508,"17070105B","WEC","RaMCONms_fmm_17070105A","RaMCONms","RaMCONms_fmm",27,"fmm","RaMCONms","RaMCONms_fmm","Mixed Conifer - Eastside Mesic",3
"8_53_77_72711",10,60,335,1985,1339,1707010508,"17070105B","WEC","RaMCONms_fmm_17070105A","RaMCONms","RaMCONms_fmm",27,"fmm","RaMCONms","RaMCONms_fmm","Mixed Conifer - Eastside Mesic",3
"8_53_77_69236",10,60,335,1985,1512,1707010508,"17070105B","WEC","RaMCONms_fmm_17070105A","RaMCONms","RaMCONms_fmm",27,"fmm","RaMCONms","RaMCONms_fmm","Mixed Conifer - Eastside Mesic",3
"8_53_39_57305",10,60,335,1985,1833,1707010508,"17070105B","WEC","RaMCONms_fmm_17070105A","RaMCONms","RaMCONms_fmm",27,"fmm","RaMCONms","RaMCONms_fmm","Mixed Conifer - Eastside Mesic",3
"8_53_39_53457",10,62,341,295,1912,1707010602,"17070105C","WEC","RaMCONdy_fmd_1707010602","RaMCONdy","RaMCONdy_fmd",28,"fmd","RaMCONdy","RaMCONdy_fmd","Mixed Conifer - Eastside Dry",1
"8_53_39_77183",10,62,341,295,2080,1707010602,"17070105C","WEC","RaMCONdy_fmd_1707010602","RaMCONdy","RaMCONdy_fmd",28,"fmd","RaMCONdy","RaMCONdy_fmd","Mixed Conifer - Eastside Dry",1
"8_53_39_65458",10,60,335,316,1530,1707010508,"17070105B","WEC","RaMCONdy_fmd_1707010508","RaMCONdy","RaMCONdy_fmd",28,"fmd","RaMCONdy","RaMCONdy_fmd","Mixed Conifer - Eastside Dry",1
"8_53_39_58736",10,60,335,316,2388,1707010508,"17070105B","WEC","RaMCONdy_fmd_1707010508","RaMCONdy","RaMCONdy_fmd",28,"fmd","RaMCONdy","RaMCONdy_fmd","Mixed Conifer - Eastside Dry",1
"5_53_73_68866",11,130,742,2286,1008,1711000509,"17110004","WNC","Na0710411_fmt_WNC","Na0710411","Na0710411_fmt",5,"fmt","Na0710411","Na0710411_fmt","North Pacific Mountain Hemlock Forest - Wet",5
"8_53_39_72193",4,59,338,384,2620,1707010511,"17070104","OEC","RaMCONdy_fmd_1707010511","RaMCONdy","RaMCONdy_fmd",28,"fmd","RaMCONdy","RaMCONdy_fmd","Mixed Conifer - Eastside Dry",1
"8_53_39_68930",4,59,338,384,2133,1707010511,"17070104","OEC","RaMCONdy_fmd_1707010511","RaMCONdy","RaMCONdy_fmd",28,"fmd","RaMCONdy","RaMCONdy_fmd","Mixed Conifer - Eastside Dry",1
"0_41_27_74208",4,59,338,384,449,1707010511,"17070104","OEC","RaMCONdy_fmd_1707010511","RaMCONdy","RaMCONdy_fmd",28,"fmd","RaMCONdy","RaMCONdy_fmd","Mixed Conifer - Eastside Dry",1
"3_41_65_73848",4,59,338,384,2116,1707010511,"17070104","OEC","RaMCONdy_fmd_1707010511","RaMCONdy","RaMCONdy_fmd",28,"fmd","RaMCONdy","RaMCONdy_fmd","Mixed Conifer - Eastside Dry",1
"3_41_65_64662",4,59,338,2014,2248,1707010511,"17070104","OEC","RaMCONms_fmm_17070105B","RaMCONms","RaMCONms_fmm",27,"fmm","RaMCONms","RaMCONms_fmm","Mixed Conifer - Eastside Mesic",3
"3_41_65_81415",4,59,338,384,2099,1707010511,"17070104","OEC","RaMCONdy_fmd_1707010511","RaMCONdy","RaMCONdy_fmd",28,"fmd","RaMCONdy","RaMCONdy_fmd","Mixed Conifer - Eastside Dry",1
"3_41_65_65245",4,59,329,450,842,1707010502,"17070104","OEC","RaMCONdy_fmd_1707010502","RaMCONdy","RaMCONdy_fmd",28,"fmd","RaMCONdy","RaMCONdy_fmd","Mixed Conifer - Eastside Dry",1
"3_41_65_69084",4,59,331,412,1376,1707010504,"17070104","OEC","RaMCONdy_fmd_1707010504","RaMCONdy","RaMCONdy_fmd",28,"fmd","RaMCONdy","RaMCONdy_fmd","Mixed Conifer - Eastside Dry",1
"3_41_65_76441",4,59,329,450,2112,1707010502,"17070104","OEC","RaMCONdy_fmd_1707010502","RaMCONdy","RaMCONdy_fmd",28,"fmd","RaMCONdy","RaMCONdy_fmd","Mixed Conifer - Eastside Dry",1
"3_41_65_83853",4,59,329,450,2550,1707010502,"17070104","OEC","RaMCONdy_fmd_1707010502","RaMCONdy","RaMCONdy_fmd",28,"fmd","RaMCONdy","RaMCONdy_fmd","Mixed Conifer - Eastside Dry",1
"3_41_65_57124",4,59,329,450,1818,1707010502,"17070104","OEC","RaMCONdy_fmd_1707010502","RaMCONdy","RaMCONdy_fmd",28,"fmd","RaMCONdy","RaMCONdy_fmd","Mixed Conifer - Eastside Dry",1
"3_41_65_57808",4,59,330,2014,948,1707010503,"17070104","OEC","RaMCONms_fmm_17070105B","RaMCONms","RaMCONms_fmm",27,"fmm","RaMCONms","RaMCONms_fmm","Mixed Conifer - Eastside Mesic",3
"3_41_65_58156",4,59,330,2014,1192,1707010503,"17070104","OEC","RaMCONms_fmm_17070105B","RaMCONms","RaMCONms_fmm",27,"fmm","RaMCONms","RaMCONms_fmm","Mixed Conifer - Eastside Mesic",3
"3_41_65_71415",4,73,441,2039,1015,1707030608,"17070305B","OEC","RaMCONms_fmm_17070306","RaMCONms","RaMCONms_fmm",27,"fmm","RaMCONms","RaMCONms_fmm","Mixed Conifer - Eastside Mesic",3
"3_41_65_66975",4,73,441,2039,1860,1707030608,"17070305B","OEC","RaMCONms_fmm_17070306","RaMCONms","RaMCONms_fmm",27,"fmm","RaMCONms","RaMCONms_fmm","Mixed Conifer - Eastside Mesic",3
"3_41_65_73219",4,73,441,503,1629,1707030608,"17070305B","OEC","RaMCONdy_fmd_1707030608","RaMCONdy","RaMCONdy_fmd",28,"fmd","RaMCONdy","RaMCONdy_fmd","Mixed Conifer - Eastside Dry",1
"3_41_65_64087",4,73,441,503,1614,1707030608,"17070305B","OEC","RaMCONdy_fmd_1707030608","RaMCONdy","RaMCONdy_fmd",28,"fmd","RaMCONdy","RaMCONdy_fmd","Mixed Conifer - Eastside Dry",1
"3_41_65_94403",4,73,442,525,739,1707030609,"17070305B","OEC","RaMCONdy_fmd_1707030609","RaMCONdy","RaMCONdy_fmd",28,"fmd","RaMCONdy","RaMCONdy_fmd","Mixed Conifer - Eastside Dry",1
"3_41_65_98297",4,73,442,525,869,1707030609,"17070305B","OEC","RaMCONdy_fmd_1707030609","RaMCONdy","RaMCONdy_fmd",28,"fmd","RaMCONdy","RaMCONdy_fmd","Mixed Conifer - Eastside Dry",1
"3_41_65_77961",4,73,442,525,1208,1707030609,"17070305B","OEC","RaMCONdy_fmd_1707030609","RaMCONdy","RaMCONdy_fmd",28,"fmd","RaMCONdy","RaMCONdy_fmd","Mixed Conifer - Eastside Dry",1
"3_41_65_99182",4,73,442,525,996,1707030609,"17070305B","OEC","RaMCONdy_fmd_1707030609","RaMCONdy","RaMCONdy_fmd",28,"fmd","RaMCONdy","RaMCONdy_fmd","Mixed Conifer - Eastside Dry",1
"3_41_65_56149",4,73,442,542,1664,1707030609,"17070305B","OEC","RaOAPI_fop_1707030609","RaOAPI","RaOAPI_fop",58,"fop","RaOAPI","RaOAPI_fop","Oregon White Oak/Ponderosa Pine",1
"3_41_65_91550",4,73,444,573,876,1707030611,"17070305B","OEC","RaOAPI_fop_1707030611","RaOAPI","RaOAPI_fop",58,"fop","RaOAPI","RaOAPI_fop","Oregon White Oak/Ponderosa Pine",1
"3_41_31_78707",4,73,436,2055,992,1707030603,"17070305B","OEC","RaPIPOxe_fpd_17070306","RaPIPOxe","RaPIPOxe_fpd",53,"fpd","RaPIPOxe","RaPIPOxe_fpd","Ponderosa Pine - Xeric",3
"5_53_57_65573",11,130,744,2286,464,1711000511,"17110004","WNC","Na0710411_fmt_WNC","Na0710411","Na0710411_fmt",5,"fmt","Na0710411","Na0710411_fmt","North Pacific Mountain Hemlock Forest - Wet",5
"5_53_57_87893",11,130,742,2285,502,1711000509,"17110004","WNC","RaABAMup_fst_WNC","RaABAMup","RaABAMup_fst",13,"fst","RaABAMup","RaABAMup_fst","Pacific Silver Fir - High Elevation",5
"3_41_31_56690",4,73,434,2055,1511,1707030601,"17070305B","OEC","RaPIPOxe_fpd_17070306","RaPIPOxe","RaPIPOxe_fpd",53,"fpd","RaPIPOxe","RaPIPOxe_fpd","Ponderosa Pine - Xeric",3
"3_41_31_86927",4,67,396,2095,705,1707030110,"17070204","OEC","RaPIPOxe_fpd_17070301","RaPIPOxe","RaPIPOxe_fpd",53,"fpd","RaPIPOxe","RaPIPOxe_fpd","Ponderosa Pine - Xeric",3
"3_41_31_82282",4,67,396,2098,71,1707030110,"17070204","OEC","RaPIPOxe_fxp_17070301","RaPIPOxe","RaPIPOxe_fxp",56,"fxp","RaPIPOxe","RaPIPOxe_fxp","Ponderosa Pine - Xeric",3
"3_41_31_95562",4,67,397,2098,15,1707030111,"17070204","OEC","RaPIPOxe_fxp_17070301","RaPIPOxe","RaPIPOxe_fxp",56,"fxp","RaPIPOxe","RaPIPOxe_fxp","Ponderosa Pine - Xeric",3
"5_53_57_82353",11,130,744,2286,783,1711000511,"17110004","WNC","Na0710411_fmt_WNC","Na0710411","Na0710411_fmt",5,"fmt","Na0710411","Na0710411_fmt","North Pacific Mountain Hemlock Forest - Wet",5
"3_41_17_53592",4,67,392,2095,122,1707030106,"17070204","OEC","RaPIPOxe_fpd_17070301","RaPIPOxe","RaPIPOxe_fpd",53,"fpd","RaPIPOxe","RaPIPOxe_fpd","Ponderosa Pine - Xeric",3
"3_41_17_97367",4,67,390,2095,2041,1707030104,"17070204","OEC","RaPIPOxe_fpd_17070301","RaPIPOxe","RaPIPOxe_fpd",53,"fpd","RaPIPOxe","RaPIPOxe_fpd","Ponderosa Pine - Xeric",3
"3_41_17_65658",4,67,390,2095,2437,1707030104,"17070204","OEC","RaPIPOxe_fpd_17070301","RaPIPOxe","RaPIPOxe_fpd",53,"fpd","RaPIPOxe","RaPIPOxe_fpd","Ponderosa Pine - Xeric",3
"3_41_17_75608",4,67,390,2095,1932,1707030104,"17070204","OEC","RaPIPOxe_fpd_17070301","RaPIPOxe","RaPIPOxe_fpd",53,"fpd","RaPIPOxe","RaPIPOxe_fpd","Ponderosa Pine - Xeric",3
"3_41_17_57546",4,67,390,2095,2772,1707030104,"17070204","OEC","RaPIPOxe_fpd_17070301","RaPIPOxe","RaPIPOxe_fpd",53,"fpd","RaPIPOxe","RaPIPOxe_fpd","Ponderosa Pine - Xeric",3
"5_53_57_95483",11,130,744,1782,2384,1711000511,"17110004","WNC","RaDFHEdy_fdg_17110005","RaDFHEdy","RaDFHEdy_fdg",24,"fdg","RaDFHEdy","RaDFHEdy_fdg","Douglas-fir Hemlock-Dry Mesic",3
"3_41_17_63156",4,67,390,2095,1348,1707030104,"17070204","OEC","RaPIPOxe_fpd_17070301","RaPIPOxe","RaPIPOxe_fpd",53,"fpd","RaPIPOxe","RaPIPOxe_fpd","Ponderosa Pine - Xeric",3
"3_41_17_90493",4,67,390,2095,2596,1707030104,"17070204","OEC","RaPIPOxe_fpd_17070301","RaPIPOxe","RaPIPOxe_fpd",53,"fpd","RaPIPOxe","RaPIPOxe_fpd","Ponderosa Pine - Xeric",3
"3_41_17_99472",4,68,404,2154,1326,1707030207,"17070301","OEC","RaPIPOxe_fpd_17070302","RaPIPOxe","RaPIPOxe_fpd",53,"fpd","RaPIPOxe","RaPIPOxe_fpd","Ponderosa Pine - Xeric",3
"3_41_17_81425",4,68,404,2154,1675,1707030207,"17070301","OEC","RaPIPOxe_fpd_17070302","RaPIPOxe","RaPIPOxe_fpd",53,"fpd","RaPIPOxe","RaPIPOxe_fpd","Ponderosa Pine - Xeric",3
"3_41_17_63170",4,68,404,2154,2213,1707030207,"17070301","OEC","RaPIPOxe_fpd_17070302","RaPIPOxe","RaPIPOxe_fpd",53,"fpd","RaPIPOxe","RaPIPOxe_fpd","Ponderosa Pine - Xeric",3
"3_41_17_88670",4,68,404,1037,2834,1707030207,"17070301","OEC","RaPIPOm_fpl_1707030207","RaPIPOm","RaPIPOm_fpl",55,"fpl","RaPIPOm","RaPIPOm_fpl","Dry Ponderosa Pine - Mesic",1
"3_41_17_83589",4,68,404,1037,1356,1707030207,"17070301","OEC","RaPIPOm_fpl_1707030207","RaPIPOm","RaPIPOm_fpl",55,"fpl","RaPIPOm","RaPIPOm_fpl","Dry Ponderosa Pine - Mesic",1
"3_41_17_99383",4,68,404,1037,2981,1707030207,"17070301","OEC","RaPIPOm_fpl_1707030207","RaPIPOm","RaPIPOm_fpl",55,"fpl","RaPIPOm","RaPIPOm_fpl","Dry Ponderosa Pine - Mesic",1
"3_41_17_97838",4,68,404,1037,2684,1707030207,"17070301","OEC","RaPIPOm_fpl_1707030207","RaPIPOm","RaPIPOm_fpl",55,"fpl","RaPIPOm","RaPIPOm_fpl","Dry Ponderosa Pine - Mesic",1
"3_41_17_71708",4,68,403,1079,3447,1707030206,"17070301","OEC","RaPIPOm_fpl_1707030206","RaPIPOm","RaPIPOm_fpl",55,"fpl","RaPIPOm","RaPIPOm_fpl","Dry Ponderosa Pine - Mesic",1
"3_41_17_99537",4,68,403,1079,2471,1707030206,"17070301","OEC","RaPIPOm_fpl_1707030206","RaPIPOm","RaPIPOm_fpl",55,"fpl","RaPIPOm","RaPIPOm_fpl","Dry Ponderosa Pine - Mesic",1
"3_41_35_58195",4,68,403,1079,2899,1707030206,"17070301","OEC","RaPIPOm_fpl_1707030206","RaPIPOm","RaPIPOm_fpl",55,"fpl","RaPIPOm","RaPIPOm_fpl","Dry Ponderosa Pine - Mesic",1
"3_41_35_72602",4,68,403,1079,2867,1707030206,"17070301","OEC","RaPIPOm_fpl_1707030206","RaPIPOm","RaPIPOm_fpl",55,"fpl","RaPIPOm","RaPIPOm_fpl","Dry Ponderosa Pine - Mesic",1
"3_41_35_89810",4,68,403,2339,2092,1707030206,"17070301","OEC","RaPICOpu_fld_OEC","RaPICOpu","RaPICOpu_fld",49,"fld","RaPICOpu","RaPICOpu_fld","Lodgepole Pine - Pumice Soils",4
"3_41_35_85207",4,68,403,1079,2439,1707030206,"17070301","OEC","RaPIPOm_fpl_1707030206","RaPIPOm","RaPIPOm_fpl",55,"fpl","RaPIPOm","RaPIPOm_fpl","Dry Ponderosa Pine - Mesic",1
"3_41_35_76346",4,68,403,1079,1794,1707030206,"17070301","OEC","RaPIPOm_fpl_1707030206","RaPIPOm","RaPIPOm_fpl",55,"fpl","RaPIPOm","RaPIPOm_fpl","Dry Ponderosa Pine - Mesic",1
"3_41_35_67985",4,151,843,1101,2069,1712000504,"17120004","OEC","RaMCONdy_fmx_1712000504","RaMCONdy","RaMCONdy_fmx",29,"fmx","RaMCONdy","RaMCONdy_fmx","Mixed Conifer - Eastside Dry",1
"3_41_35_72402",4,151,843,1101,2341,1712000504,"17120004","OEC","RaMCONdy_fmx_1712000504","RaMCONdy","RaMCONdy_fmx",29,"fmx","RaMCONdy","RaMCONdy_fmx","Mixed Conifer - Eastside Dry",1
"3_41_35_93036",4,151,843,2172,1248,1712000504,"17120004","OEC","RaMCONms_fmm_17120005","RaMCONms","RaMCONms_fmm",27,"fmm","RaMCONms","RaMCONms_fmm","Mixed Conifer - Eastside Mesic",3
"5_53_57_78522",11,130,744,2285,929,1711000511,"17110004","WNC","RaABAMup_fst_WNC","RaABAMup","RaABAMup_fst",13,"fst","RaABAMup","RaABAMup_fst","Pacific Silver Fir - High Elevation",5
"5_53_57_93450",11,130,744,2282,1289,1711000511,"17110004","WNC","RaDFHEwt_fwm_WNC","RaDFHEwt","RaDFHEwt_fwm",33,"fwm","RaDFHEwt","RaDFHEwt_fwm","Douglas-fir Hemlock-Wet Mesic",5
"3_41_35_84206",4,151,840,2322,1415,1712000501,"17120004","OEC","RaSPFI_fmz_OEC","RaSPFI","RaSPFI_fmz",26,"fmz","RaSPFI","RaSPFI_fmz","Spruce - Fir",4
"3_41_37_96223",4,151,840,2339,1389,1712000501,"17120004","OEC","RaPICOpu_fld_OEC","RaPICOpu","RaPICOpu_fld",49,"fld","RaPICOpu","RaPICOpu_fld","Lodgepole Pine - Pumice Soils",4
"3_41_37_80849",4,151,843,2324,856,1712000504,"17120004","OEC","Na0710412_fmh_OEC","Na0710412","Na0710412_fmh",4,"fmh","Na0710412","Na0710412_fmh","North Pacific Mountain Hemlock Forest - Xeric",5
"3_41_35_96585",4,151,840,2172,1656,1712000501,"17120004","OEC","RaMCONms_fmm_17120005","RaMCONms","RaMCONms_fmm",27,"fmm","RaMCONms","RaMCONms_fmm","Mixed Conifer - Eastside Mesic",3
"3_41_37_77539",4,151,840,2322,930,1712000501,"17120004","OEC","RaSPFI_fmz_OEC","RaSPFI","RaSPFI_fmz",26,"fmz","RaSPFI","RaSPFI_fmz","Spruce - Fir",4
"3_41_35_90004",4,151,840,2322,1134,1712000501,"17120004","OEC","RaSPFI_fmz_OEC","RaSPFI","RaSPFI_fmz",26,"fmz","RaSPFI","RaSPFI_fmz","Spruce - Fir",4
"3_41_35_56816",4,151,840,2172,1217,1712000501,"17120004","OEC","RaMCONms_fmm_17120005","RaMCONms","RaMCONms_fmm",27,"fmm","RaMCONms","RaMCONms_fmm","Mixed Conifer - Eastside Mesic",3
"3_41_35_83007",4,151,840,1155,2021,1712000501,"17120004","OEC","RaPIPOm_fpl_1712000501","RaPIPOm","RaPIPOm_fpl",55,"fpl","RaPIPOm","RaPIPOm_fpl","Dry Ponderosa Pine - Mesic",1
"3_41_35_80202",4,151,840,1155,1099,1712000501,"17120004","OEC","RaPIPOm_fpl_1712000501","RaPIPOm","RaPIPOm_fpl",55,"fpl","RaPIPOm","RaPIPOm_fpl","Dry Ponderosa Pine - Mesic",1
"5_53_57_89457",11,131,748,2285,714,1711000604,"17110005","WNC","RaABAMup_fst_WNC","RaABAMup","RaABAMup_fst",13,"fst","RaABAMup","RaABAMup_fst","Pacific Silver Fir - High Elevation",5
"5_53_57_80180",11,130,744,2286,776,1711000511,"17110004","WNC","Na0710411_fmt_WNC","Na0710411","Na0710411_fmt",5,"fmt","Na0710411","Na0710411_fmt","North Pacific Mountain Hemlock Forest - Wet",5
"3_41_35_95739",4,151,840,1147,1506,1712000501,"17120004","OEC","RaMCONdy_fmx_1712000501","RaMCONdy","RaMCONdy_fmx",29,"fmx","RaMCONdy","RaMCONdy_fmx","Mixed Conifer - Eastside Dry",1
"3_41_35_66618",4,151,840,1155,935,1712000501,"17120004","OEC","RaPIPOm_fpl_1712000501","RaPIPOm","RaPIPOm_fpl",55,"fpl","RaPIPOm","RaPIPOm_fpl","Dry Ponderosa Pine - Mesic",1
"3_41_35_95985",4,151,840,2172,1072,1712000501,"17120004","OEC","RaMCONms_fmm_17120005","RaMCONms","RaMCONms_fmm",27,"fmm","RaMCONms","RaMCONms_fmm","Mixed Conifer - Eastside Mesic",3
"3_41_35_81136",4,157,892,2324,2079,1801020101,"18010101","OEC","Na0710412_fmh_OEC","Na0710412","Na0710412_fmh",4,"fmh","Na0710412","Na0710412_fmh","North Pacific Mountain Hemlock Forest - Xeric",5
"3_41_35_72225",4,157,892,2324,2049,1801020101,"18010101","OEC","Na0710412_fmh_OEC","Na0710412","Na0710412_fmh",4,"fmh","Na0710412","Na0710412_fmh","North Pacific Mountain Hemlock Forest - Xeric",5
"3_41_35_78011",4,157,892,2324,2331,1801020101,"18010101","OEC","Na0710412_fmh_OEC","Na0710412","Na0710412_fmh",4,"fmh","Na0710412","Na0710412_fmh","North Pacific Mountain Hemlock Forest - Xeric",5
"3_41_35_77383",4,157,892,2324,2653,1801020101,"18010101","OEC","Na0710412_fmh_OEC","Na0710412","Na0710412_fmh",4,"fmh","Na0710412","Na0710412_fmh","North Pacific Mountain Hemlock Forest - Xeric",5
"3_41_37_68530",4,157,892,2324,1138,1801020101,"18010101","OEC","Na0710412_fmh_OEC","Na0710412","Na0710412_fmh",4,"fmh","Na0710412","Na0710412_fmh","North Pacific Mountain Hemlock Forest - Xeric",5
"3_41_37_73795",4,157,892,2322,1419,1801020101,"18010101","OEC","RaSPFI_fmz_OEC","RaSPFI","RaSPFI_fmz",26,"fmz","RaSPFI","RaSPFI_fmz","Spruce - Fir",4
"5_53_57_67354",11,131,747,2285,541,1711000603,"17110005","WNC","RaABAMup_fst_WNC","RaABAMup","RaABAMup_fst",13,"fst","RaABAMup","RaABAMup_fst","Pacific Silver Fir - High Elevation",5
"5_53_57_57780",11,131,748,2285,1746,1711000604,"17110005","WNC","RaABAMup_fst_WNC","RaABAMup","RaABAMup_fst",13,"fst","RaABAMup","RaABAMup_fst","Pacific Silver Fir - High Elevation",5
"3_41_35_53868",4,157,892,2322,1131,1801020101,"18010101","OEC","RaSPFI_fmz_OEC","RaSPFI","RaSPFI_fmz",26,"fmz","RaSPFI","RaSPFI_fmz","Spruce - Fir",4
"3_41_35_81167",4,157,892,1251,2842,1801020101,"18010101","OEC","RaPIPOm_fpl_1801020101","RaPIPOm","RaPIPOm_fpl",55,"fpl","RaPIPOm","RaPIPOm_fpl","Dry Ponderosa Pine - Mesic",1
"3_41_35_52553",4,157,892,1251,1407,1801020101,"18010101","OEC","RaPIPOm_fpl_1801020101","RaPIPOm","RaPIPOm_fpl",55,"fpl","RaPIPOm","RaPIPOm_fpl","Dry Ponderosa Pine - Mesic",1
"3_41_35_81518",4,157,892,1251,1687,1801020101,"18010101","OEC","RaPIPOm_fpl_1801020101","RaPIPOm","RaPIPOm_fpl",55,"fpl","RaPIPOm","RaPIPOm_fpl","Dry Ponderosa Pine - Mesic",1
"3_41_35_73155",4,158,903,2232,1235,1801020206,"18010201","OEC","RaPIPOxe_fpd_18010202","RaPIPOxe","RaPIPOxe_fpd",53,"fpd","RaPIPOxe","RaPIPOxe_fpd","Ponderosa Pine - Xeric",3
"3_41_35_54273",4,158,903,2232,555,1801020206,"18010201","OEC","RaPIPOxe_fpd_18010202","RaPIPOxe","RaPIPOxe_fpd",53,"fpd","RaPIPOxe","RaPIPOxe_fpd","Ponderosa Pine - Xeric",3
"3_41_35_80514",4,158,903,2232,759,1801020206,"18010201","OEC","RaPIPOxe_fpd_18010202","RaPIPOxe","RaPIPOxe_fpd",53,"fpd","RaPIPOxe","RaPIPOxe_fpd","Ponderosa Pine - Xeric",3
"3_41_35_93780",4,158,903,2232,975,1801020206,"18010201","OEC","RaPIPOxe_fpd_18010202","RaPIPOxe","RaPIPOxe_fpd",53,"fpd","RaPIPOxe","RaPIPOxe_fpd","Ponderosa Pine - Xeric",3
"3_41_35_56311",4,158,904,2232,2072,1801020207,"18010201","OEC","RaPIPOxe_fpd_18010202","RaPIPOxe","RaPIPOxe_fpd",53,"fpd","RaPIPOxe","RaPIPOxe_fpd","Ponderosa Pine - Xeric",3
"3_41_35_98518",4,158,904,1430,2036,1801020207,"18010201","OEC","RaMCONdy_fmx_1801020207","RaMCONdy","RaMCONdy_fmx",29,"fmx","RaMCONdy","RaMCONdy_fmx","Mixed Conifer - Eastside Dry",1
"3_41_35_94416",4,160,911,1644,2193,1801020406,"18010203","OEC","RaMCONdy_fmd_1801020406","RaMCONdy","RaMCONdy_fmd",28,"fmd","RaMCONdy","RaMCONdy_fmd","Mixed Conifer - Eastside Dry",1
"5_53_57_61093",11,131,747,1815,1193,1711000603,"17110005","WNC","RaDFHEdy_fdg_17110006","RaDFHEdy","RaDFHEdy_fdg",24,"fdg","RaDFHEdy","RaDFHEdy_fdg","Douglas-fir Hemlock-Dry Mesic",3
"3_41_35_77855",4,160,911,2260,596,1801020406,"18010203","OEC","RaPIPOxe_fxp_18010204","RaPIPOxe","RaPIPOxe_fxp",56,"fxp","RaPIPOxe","RaPIPOxe_fxp","Ponderosa Pine - Xeric",3
"3_41_35_56924",4,160,911,2260,99,1801020406,"18010203","OEC","RaPIPOxe_fxp_18010204","RaPIPOxe","RaPIPOxe_fxp",56,"fxp","RaPIPOxe","RaPIPOxe_fxp","Ponderosa Pine - Xeric",3
"3_41_35_66954",4,160,914,1735,1300,1801020409,"18010203","OEC","RaMCONdy_fmd_1801020409","RaMCONdy","RaMCONdy_fmd",28,"fmd","RaMCONdy","RaMCONdy_fmd","Mixed Conifer - Eastside Dry",1
"5_53_57_81851",11,131,748,2282,1475,1711000604,"17110005","WNC","RaDFHEwt_fwm_WNC","RaDFHEwt","RaDFHEwt_fwm",33,"fwm","RaDFHEwt","RaDFHEwt_fwm","Douglas-fir Hemlock-Wet Mesic",5
"5_53_61_71118",11,131,748,2285,2006,1711000604,"17110005","WNC","RaABAMup_fst_WNC","RaABAMup","RaABAMup_fst",13,"fst","RaABAMup","RaABAMup_fst","Pacific Silver Fir - High Elevation",5
"5_53_61_67319",11,131,748,2285,1786,1711000604,"17110005","WNC","RaABAMup_fst_WNC","RaABAMup","RaABAMup_fst",13,"fst","RaABAMup","RaABAMup_fst","Pacific Silver Fir - High Elevation",5
"5_53_61_99495",11,131,748,2282,1773,1711000604,"17110005","WNC","RaDFHEwt_fwm_WNC","RaDFHEwt","RaDFHEwt_fwm",33,"fwm","RaDFHEwt","RaDFHEwt_fwm","Douglas-fir Hemlock-Wet Mesic",5
"5_53_61_68361",11,131,748,2282,1156,1711000604,"17110005","WNC","RaDFHEwt_fwm_WNC","RaDFHEwt","RaDFHEwt_fwm",33,"fwm","RaDFHEwt","RaDFHEwt_fwm","Douglas-fir Hemlock-Wet Mesic",5
"5_53_61_75008",11,131,748,2282,1442,1711000604,"17110005","WNC","RaDFHEwt_fwm_WNC","RaDFHEwt","RaDFHEwt_fwm",33,"fwm","RaDFHEwt","RaDFHEwt_fwm","Douglas-fir Hemlock-Wet Mesic",5
"5_53_61_95685",11,131,748,2285,2774,1711000604,"17110005","WNC","RaABAMup_fst_WNC","RaABAMup","RaABAMup_fst",13,"fst","RaABAMup","RaABAMup_fst","Pacific Silver Fir - High Elevation",5
"5_53_61_74213",11,131,745,1822,907,1711000601,"17110005","WNC","RaABAMlw_fsi_17110006","RaABAMlw","RaABAMlw_fsi",14,"fsi","RaABAMlw","RaABAMlw_fsi","Pacific Silver Fir - Low Elevation",3
"5_53_61_52025",11,133,752,2285,533,1711000802,"17110007","WNC","RaABAMup_fst_WNC","RaABAMup","RaABAMup_fst",13,"fst","RaABAMup","RaABAMup_fst","Pacific Silver Fir - High Elevation",5
"5_53_61_86565",11,133,752,2285,1218,1711000802,"17110007","WNC","RaABAMup_fst_WNC","RaABAMup","RaABAMup_fst",13,"fst","RaABAMup","RaABAMup_fst","Pacific Silver Fir - High Elevation",5
"5_53_61_95723",11,133,752,2285,2313,1711000802,"17110007","WNC","RaABAMup_fst_WNC","RaABAMup","RaABAMup_fst",13,"fst","RaABAMup","RaABAMup_fst","Pacific Silver Fir - High Elevation",5
"5_53_61_92956",11,134,758,2286,913,1711000905,"17110008","WNC","Na0710411_fmt_WNC","Na0710411","Na0710411_fmt",5,"fmt","Na0710411","Na0710411_fmt","North Pacific Mountain Hemlock Forest - Wet",5
"5_53_33_54397",11,134,756,2282,1036,1711000903,"17110008","WNC","RaDFHEwt_fwm_WNC","RaDFHEwt","RaDFHEwt_fwm",33,"fwm","RaDFHEwt","RaDFHEwt_fwm","Douglas-fir Hemlock-Wet Mesic",5
"5_53_33_83675",11,134,756,2285,1432,1711000903,"17110008","WNC","RaABAMup_fst_WNC","RaABAMup","RaABAMup_fst",13,"fst","RaABAMup","RaABAMup_fst","Pacific Silver Fir - High Elevation",5
"5_53_33_59574",11,134,756,2286,1421,1711000903,"17110008","WNC","Na0710411_fmt_WNC","Na0710411","Na0710411_fmt",5,"fmt","Na0710411","Na0710411_fmt","North Pacific Mountain Hemlock Forest - Wet",5
"5_53_33_98256",11,135,762,2284,966,1711001002,"17110009","WNC","RaDFHEwt_fww_WNC","RaDFHEwt","RaDFHEwt_fww",34,"fww","RaDFHEwt","RaDFHEwt_fww","Douglas-fir Hemlock-Wet Mesic",5
"5_53_33_54069",11,135,762,2286,805,1711001002,"17110009","WNC","Na0710411_fmt_WNC","Na0710411","Na0710411_fmt",5,"fmt","Na0710411","Na0710411_fmt","North Pacific Mountain Hemlock Forest - Wet",5
"5_53_33_94899",11,135,763,2282,1093,1711001003,"17110009","WNC","RaDFHEwt_fwm_WNC","RaDFHEwt","RaDFHEwt_fwm",33,"fwm","RaDFHEwt","RaDFHEwt_fwm","Douglas-fir Hemlock-Wet Mesic",5
"5_53_73_72694",11,130,743,2285,939,1711000510,"17110004","WNC","RaABAMup_fst_WNC","RaABAMup","RaABAMup_fst",13,"fst","RaABAMup","RaABAMup_fst","Pacific Silver Fir - High Elevation",5
"5_53_33_66799",11,135,763,2286,1347,1711001003,"17110009","WNC","Na0710411_fmt_WNC","Na0710411","Na0710411_fmt",5,"fmt","Na0710411","Na0710411_fmt","North Pacific Mountain Hemlock Forest - Wet",5
"5_53_33_99174",13,137,769,2303,1546,1711001201,"17110011","WWC","RaABAMup_fst_WWC","RaABAMup","RaABAMup_fst",13,"fst","RaABAMup","RaABAMup_fst","Pacific Silver Fir - High Elevation",5
"5_53_33_98816",13,138,773,1902,568,1711001301,"17110012","WWC","RaDFHEdy_fdg_17110013","RaDFHEdy","RaDFHEdy_fdg",24,"fdg","RaDFHEdy","RaDFHEdy_fdg","Douglas-fir Hemlock-Dry Mesic",3
"5_53_33_93702",13,138,773,1915,1269,1711001301,"17110012","WWC","RaABAMlw_fsi_17110013","RaABAMlw","RaABAMlw_fsi",14,"fsi","RaABAMlw","RaABAMlw_fsi","Pacific Silver Fir - Low Elevation",3
"5_53_33_98928",13,138,773,1902,705,1711001301,"17110012","WWC","RaDFHEdy_fdg_17110013","RaDFHEdy","RaDFHEdy_fdg",24,"fdg","RaDFHEdy","RaDFHEdy_fdg","Douglas-fir Hemlock-Dry Mesic",3
"5_53_33_65440",13,139,778,1918,1240,1711001403,"17110013","WWC","RaDFHEdy_fdg_17110014","RaDFHEdy","RaDFHEdy_fdg",24,"fdg","RaDFHEdy","RaDFHEdy_fdg","Douglas-fir Hemlock-Dry Mesic",3
"5_53_53_61380",13,139,778,1921,719,1711001403,"17110013","WWC","RaABAMlw_fsi_17110014","RaABAMlw","RaABAMlw_fsi",14,"fsi","RaABAMlw","RaABAMlw_fsi","Pacific Silver Fir - Low Elevation",3
"5_53_33_94512",13,139,778,1921,1337,1711001403,"17110013","WWC","RaABAMlw_fsi_17110014","RaABAMlw","RaABAMlw_fsi",14,"fsi","RaABAMlw","RaABAMlw_fsi","Pacific Silver Fir - Low Elevation",3
"5_53_53_84184",13,139,778,1921,2243,1711001403,"17110013","WWC","RaABAMlw_fsi_17110014","RaABAMlw","RaABAMlw_fsi",14,"fsi","RaABAMlw","RaABAMlw_fsi","Pacific Silver Fir - Low Elevation",3
"5_53_53_83817",13,139,778,1921,1377,1711001403,"17110013","WWC","RaABAMlw_fsi_17110014","RaABAMlw","RaABAMlw_fsi",14,"fsi","RaABAMlw","RaABAMlw_fsi","Pacific Silver Fir - Low Elevation",3
"5_53_53_59713",13,139,778,1928,963,1711001403,"17110013","WWC","RaSAWD_fal_17110014","RaSAWD","RaSAWD_fal",2,"fal","RaSAWD","RaSAWD_fal","Subalpine Woodland",3
"8_53_77_85881",10,27,129,1923,1110,1703000201,"17030001","WEC","RaABAMlw_fsi_17030002","RaABAMlw","RaABAMlw_fsi",14,"fsi","RaABAMlw","RaABAMlw_fsi","Pacific Silver Fir - Low Elevation",3
"8_53_77_96712",10,27,129,2291,2454,1703000201,"17030001","WEC","Na0710412_fmh_WEC","Na0710412","Na0710412_fmh",4,"fmh","Na0710412","Na0710412_fmh","North Pacific Mountain Hemlock Forest - Xeric",5
"5_53_53_58734",13,82,471,2305,1139,1708000401,"17080003A","WWC","Na0710412_fmc_WWC","Na0710412","Na0710412_fmc",7,"fmc","Na0710412","Na0710412_fmc","North Pacific Mountain Hemlock Forest - Xeric",5
"7_53_41_88998",13,82,471,2305,2316,1708000401,"17080003A","WWC","Na0710412_fmc_WWC","Na0710412","Na0710412_fmc",7,"fmc","Na0710412","Na0710412_fmc","North Pacific Mountain Hemlock Forest - Xeric",5
"7_53_41_75338",13,82,471,1940,1815,1708000401,"17080003A","WWC","RaABAMlw_fsi_17080004","RaABAMlw","RaABAMlw_fsi",14,"fsi","RaABAMlw","RaABAMlw_fsi","Pacific Silver Fir - Low Elevation",3
"7_53_41_91527",13,82,471,2305,1219,1708000401,"17080003A","WWC","Na0710412_fmc_WWC","Na0710412","Na0710412_fmc",7,"fmc","Na0710412","Na0710412_fmc","North Pacific Mountain Hemlock Forest - Xeric",5
"7_53_41_52758",13,82,471,1940,716,1708000401,"17080003A","WWC","RaABAMlw_fsi_17080004","RaABAMlw","RaABAMlw_fsi",14,"fsi","RaABAMlw","RaABAMlw_fsi","Pacific Silver Fir - Low Elevation",3
"7_53_41_79419",13,82,471,1940,897,1708000401,"17080003A","WWC","RaABAMlw_fsi_17080004","RaABAMlw","RaABAMlw_fsi",14,"fsi","RaABAMlw","RaABAMlw_fsi","Pacific Silver Fir - Low Elevation",3
"7_53_41_55787",13,82,473,1940,1314,1708000403,"17080003A","WWC","RaABAMlw_fsi_17080004","RaABAMlw","RaABAMlw_fsi",14,"fsi","RaABAMlw","RaABAMlw_fsi","Pacific Silver Fir - Low Elevation",3
"8_53_77_73517",10,62,341,2291,1098,1707010602,"17070105C","WEC","Na0710412_fmh_WEC","Na0710412","Na0710412_fmh",4,"fmh","Na0710412","Na0710412_fmh","North Pacific Mountain Hemlock Forest - Xeric",5
"8_53_77_55779",10,62,341,1962,2659,1707010602,"17070105C","WEC","RaMCONms_fmm_17070106","RaMCONms","RaMCONms_fmm",27,"fmm","RaMCONms","RaMCONms_fmm","Mixed Conifer - Eastside Mesic",3
"8_53_39_57518",10,60,335,316,2169,1707010508,"17070105B","WEC","RaMCONdy_fmd_1707010508","RaMCONdy","RaMCONdy_fmd",28,"fmd","RaMCONdy","RaMCONdy_fmd","Mixed Conifer - Eastside Dry",1
"8_53_39_83726",4,59,338,384,1895,1707010511,"17070104","OEC","RaMCONdy_fmd_1707010511","RaMCONdy","RaMCONdy_fmd",28,"fmd","RaMCONdy","RaMCONdy_fmd","Mixed Conifer - Eastside Dry",1
"3_41_65_70288",4,59,338,384,2104,1707010511,"17070104","OEC","RaMCONdy_fmd_1707010511","RaMCONdy","RaMCONdy_fmd",28,"fmd","RaMCONdy","RaMCONdy_fmd","Mixed Conifer - Eastside Dry",1
"5_53_73_63659",11,130,742,2285,612,1711000509,"17110004","WNC","RaABAMup_fst_WNC","RaABAMup","RaABAMup_fst",13,"fst","RaABAMup","RaABAMup_fst","Pacific Silver Fir - High Elevation",5
"3_41_65_85806",4,59,329,450,2080,1707010502,"17070104","OEC","RaMCONdy_fmd_1707010502","RaMCONdy","RaMCONdy_fmd",28,"fmd","RaMCONdy","RaMCONdy_fmd","Mixed Conifer - Eastside Dry",1
"3_41_65_53569",4,59,329,450,2655,1707010502,"17070104","OEC","RaMCONdy_fmd_1707010502","RaMCONdy","RaMCONdy_fmd",28,"fmd","RaMCONdy","RaMCONdy_fmd","Mixed Conifer - Eastside Dry",1
"3_41_65_56200",4,59,329,450,2038,1707010502,"17070104","OEC","RaMCONdy_fmd_1707010502","RaMCONdy","RaMCONdy_fmd",28,"fmd","RaMCONdy","RaMCONdy_fmd","Mixed Conifer - Eastside Dry",1
"3_41_65_51384",4,59,329,450,1099,1707010502,"17070104","OEC","RaMCONdy_fmd_1707010502","RaMCONdy","RaMCONdy_fmd",28,"fmd","RaMCONdy","RaMCONdy_fmd","Mixed Conifer - Eastside Dry",1
"3_41_65_67843",4,59,330,486,1551,1707010503,"17070104","OEC","RaMCONdy_fmd_1707010503","RaMCONdy","RaMCONdy_fmd",28,"fmd","RaMCONdy","RaMCONdy_fmd","Mixed Conifer - Eastside Dry",1
"3_41_65_84173",4,59,330,486,1520,1707010503,"17070104","OEC","RaMCONdy_fmd_1707010503","RaMCONdy","RaMCONdy_fmd",28,"fmd","RaMCONdy","RaMCONdy_fmd","Mixed Conifer - Eastside Dry",1
"3_41_65_94107",4,73,441,503,1753,1707030608,"17070305B","OEC","RaMCONdy_fmd_1707030608","RaMCONdy","RaMCONdy_fmd",28,"fmd","RaMCONdy","RaMCONdy_fmd","Mixed Conifer - Eastside Dry",1
"3_41_65_56640",4,73,441,503,1908,1707030608,"17070305B","OEC","RaMCONdy_fmd_1707030608","RaMCONdy","RaMCONdy_fmd",28,"fmd","RaMCONdy","RaMCONdy_fmd","Mixed Conifer - Eastside Dry",1
"3_41_65_85527",4,73,441,505,1692,1707030608,"17070305B","OEC","RaOAPI_fop_1707030608","RaOAPI","RaOAPI_fop",58,"fop","RaOAPI","RaOAPI_fop","Oregon White Oak/Ponderosa Pine",1
"3_41_65_93372",4,73,441,505,741,1707030608,"17070305B","OEC","RaOAPI_fop_1707030608","RaOAPI","RaOAPI_fop",58,"fop","RaOAPI","RaOAPI_fop","Oregon White Oak/Ponderosa Pine",1
"3_41_65_58388",4,73,442,542,861,1707030609,"17070305B","OEC","RaOAPI_fop_1707030609","RaOAPI","RaOAPI_fop",58,"fop","RaOAPI","RaOAPI_fop","Oregon White Oak/Ponderosa Pine",1
"3_41_65_61854",4,73,442,542,1113,1707030609,"17070305B","OEC","RaOAPI_fop_1707030609","RaOAPI","RaOAPI_fop",58,"fop","RaOAPI","RaOAPI_fop","Oregon White Oak/Ponderosa Pine",1
"3_41_65_89106",4,73,442,542,1172,1707030609,"17070305B","OEC","RaOAPI_fop_1707030609","RaOAPI","RaOAPI_fop",58,"fop","RaOAPI","RaOAPI_fop","Oregon White Oak/Ponderosa Pine",1
"3_41_65_62905",4,73,444,573,879,1707030611,"17070305B","OEC","RaOAPI_fop_1707030611","RaOAPI","RaOAPI_fop",58,"fop","RaOAPI","RaOAPI_fop","Oregon White Oak/Ponderosa Pine",1
"3_41_65_91996",4,73,438,576,926,1707030605,"17070305B","OEC","RaMCONdy_fmd_1707030605","RaMCONdy","RaMCONdy_fmd",28,"fmd","RaMCONdy","RaMCONdy_fmd","Mixed Conifer - Eastside Dry",1
"3_41_65_95290",4,73,438,2023,279,1707030605,"17070305B","OEC","RaPIPOxe_fxp_17070306","RaPIPOxe","RaPIPOxe_fxp",56,"fxp","RaPIPOxe","RaPIPOxe_fxp","Ponderosa Pine - Xeric",3
"3_41_31_98562",4,73,434,2023,199,1707030601,"17070305B","OEC","RaPIPOxe_fxp_17070306","RaPIPOxe","RaPIPOxe_fxp",56,"fxp","RaPIPOxe","RaPIPOxe_fxp","Ponderosa Pine - Xeric",3
"3_41_31_55303",4,67,396,2098,11,1707030110,"17070204","OEC","RaPIPOxe_fxp_17070301","RaPIPOxe","RaPIPOxe_fxp",56,"fxp","RaPIPOxe","RaPIPOxe_fxp","Ponderosa Pine - Xeric",3
"3_41_31_62459",4,67,393,2098,65,1707030107,"17070204","OEC","RaPIPOxe_fxp_17070301","RaPIPOxe","RaPIPOxe_fxp",56,"fxp","RaPIPOxe","RaPIPOxe_fxp","Ponderosa Pine - Xeric",3
"3_41_31_64560",4,67,393,2098,36,1707030107,"17070204","OEC","RaPIPOxe_fxp_17070301","RaPIPOxe","RaPIPOxe_fxp",56,"fxp","RaPIPOxe","RaPIPOxe_fxp","Ponderosa Pine - Xeric",3
"5_53_57_71814",11,130,744,2282,761,1711000511,"17110004","WNC","RaDFHEwt_fwm_WNC","RaDFHEwt","RaDFHEwt_fwm",33,"fwm","RaDFHEwt","RaDFHEwt_fwm","Douglas-fir Hemlock-Wet Mesic",5
"5_53_57_64793",11,130,744,2285,979,1711000511,"17110004","WNC","RaABAMup_fst_WNC","RaABAMup","RaABAMup_fst",13,"fst","RaABAMup","RaABAMup_fst","Pacific Silver Fir - High Elevation",5
"5_53_57_85140",11,130,744,1782,1282,1711000511,"17110004","WNC","RaDFHEdy_fdg_17110005","RaDFHEdy","RaDFHEdy_fdg",24,"fdg","RaDFHEdy","RaDFHEdy_fdg","Douglas-fir Hemlock-Dry Mesic",3
"3_41_17_91216",4,67,394,2098,41,1707030108,"17070204","OEC","RaPIPOxe_fxp_17070301","RaPIPOxe","RaPIPOxe_fxp",56,"fxp","RaPIPOxe","RaPIPOxe_fxp","Ponderosa Pine - Xeric",3
"3_41_17_86172",4,67,394,2098,311,1707030108,"17070204","OEC","RaPIPOxe_fxp_17070301","RaPIPOxe","RaPIPOxe_fxp",56,"fxp","RaPIPOxe","RaPIPOxe_fxp","Ponderosa Pine - Xeric",3
"3_41_17_90878",4,67,390,2095,2386,1707030104,"17070204","OEC","RaPIPOxe_fpd_17070301","RaPIPOxe","RaPIPOxe_fpd",53,"fpd","RaPIPOxe","RaPIPOxe_fpd","Ponderosa Pine - Xeric",3
"3_41_17_55710",4,67,390,2095,2520,1707030104,"17070204","OEC","RaPIPOxe_fpd_17070301","RaPIPOxe","RaPIPOxe_fpd",53,"fpd","RaPIPOxe","RaPIPOxe_fpd","Ponderosa Pine - Xeric",3
"3_41_17_63459",4,67,390,2095,1386,1707030104,"17070204","OEC","RaPIPOxe_fpd_17070301","RaPIPOxe","RaPIPOxe_fpd",53,"fpd","RaPIPOxe","RaPIPOxe_fpd","Ponderosa Pine - Xeric",3
"3_41_17_77560",4,67,390,2095,1802,1707030104,"17070204","OEC","RaPIPOxe_fpd_17070301","RaPIPOxe","RaPIPOxe_fpd",53,"fpd","RaPIPOxe","RaPIPOxe_fpd","Ponderosa Pine - Xeric",3
"3_41_17_98798",4,68,404,2154,1198,1707030207,"17070301","OEC","RaPIPOxe_fpd_17070302","RaPIPOxe","RaPIPOxe_fpd",53,"fpd","RaPIPOxe","RaPIPOxe_fpd","Ponderosa Pine - Xeric",3
"3_41_17_86280",4,68,404,2154,742,1707030207,"17070301","OEC","RaPIPOxe_fpd_17070302","RaPIPOxe","RaPIPOxe_fpd",53,"fpd","RaPIPOxe","RaPIPOxe_fpd","Ponderosa Pine - Xeric",3
"3_41_17_59499",4,68,404,2154,1480,1707030207,"17070301","OEC","RaPIPOxe_fpd_17070302","RaPIPOxe","RaPIPOxe_fpd",53,"fpd","RaPIPOxe","RaPIPOxe_fpd","Ponderosa Pine - Xeric",3
"3_41_17_56778",4,68,404,2154,1330,1707030207,"17070301","OEC","RaPIPOxe_fpd_17070302","RaPIPOxe","RaPIPOxe_fpd",53,"fpd","RaPIPOxe","RaPIPOxe_fpd","Ponderosa Pine - Xeric",3
"3_41_17_87216",4,68,404,1035,1599,1707030207,"17070301","OEC","RaMCONdy_fmx_1707030207","RaMCONdy","RaMCONdy_fmx",29,"fmx","RaMCONdy","RaMCONdy_fmx","Mixed Conifer - Eastside Dry",1
"3_41_17_67677",4,68,404,1035,1744,1707030207,"17070301","OEC","RaMCONdy_fmx_1707030207","RaMCONdy","RaMCONdy_fmx",29,"fmx","RaMCONdy","RaMCONdy_fmx","Mixed Conifer - Eastside Dry",1
"3_41_17_89740",4,68,404,1035,1973,1707030207,"17070301","OEC","RaMCONdy_fmx_1707030207","RaMCONdy","RaMCONdy_fmx",29,"fmx","RaMCONdy","RaMCONdy_fmx","Mixed Conifer - Eastside Dry",1
"3_41_17_57824",4,68,403,1080,2967,1707030206,"17070301","OEC","RaMCONdy_fmx_1707030206","RaMCONdy","RaMCONdy_fmx",29,"fmx","RaMCONdy","RaMCONdy_fmx","Mixed Conifer - Eastside Dry",1
"3_41_17_62244",4,68,403,1080,2373,1707030206,"17070301","OEC","RaMCONdy_fmx_1707030206","RaMCONdy","RaMCONdy_fmx",29,"fmx","RaMCONdy","RaMCONdy_fmx","Mixed Conifer - Eastside Dry",1
"3_41_17_67615",4,68,403,1079,2432,1707030206,"17070301","OEC","RaPIPOm_fpl_1707030206","RaPIPOm","RaPIPOm_fpl",55,"fpl","RaPIPOm","RaPIPOm_fpl","Dry Ponderosa Pine - Mesic",1
"3_41_35_84327",4,68,403,1079,3216,1707030206,"17070301","OEC","RaPIPOm_fpl_1707030206","RaPIPOm","RaPIPOm_fpl",55,"fpl","RaPIPOm","RaPIPOm_fpl","Dry Ponderosa Pine - Mesic",1
"3_41_35_50550",4,68,403,1079,3103,1707030206,"17070301","OEC","RaPIPOm_fpl_1707030206","RaPIPOm","RaPIPOm_fpl",55,"fpl","RaPIPOm","RaPIPOm_fpl","Dry Ponderosa Pine - Mesic",1
"3_41_35_55798",4,68,403,1079,2748,1707030206,"17070301","OEC","RaPIPOm_fpl_1707030206","RaPIPOm","RaPIPOm_fpl",55,"fpl","RaPIPOm","RaPIPOm_fpl","Dry Ponderosa Pine - Mesic",1
"3_41_35_53135",4,68,403,1079,1399,1707030206,"17070301","OEC","RaPIPOm_fpl_1707030206","RaPIPOm","RaPIPOm_fpl",55,"fpl","RaPIPOm","RaPIPOm_fpl","Dry Ponderosa Pine - Mesic",1
"3_41_35_78668",4,68,403,1079,1365,1707030206,"17070301","OEC","RaPIPOm_fpl_1707030206","RaPIPOm","RaPIPOm_fpl",55,"fpl","RaPIPOm","RaPIPOm_fpl","Dry Ponderosa Pine - Mesic",1
"3_41_37_83773",4,68,403,1079,1003,1707030206,"17070301","OEC","RaPIPOm_fpl_1707030206","RaPIPOm","RaPIPOm_fpl",55,"fpl","RaPIPOm","RaPIPOm_fpl","Dry Ponderosa Pine - Mesic",1
"3_41_35_99992",4,68,403,1079,1209,1707030206,"17070301","OEC","RaPIPOm_fpl_1707030206","RaPIPOm","RaPIPOm_fpl",55,"fpl","RaPIPOm","RaPIPOm_fpl","Dry Ponderosa Pine - Mesic",1
"3_41_35_71674",4,151,843,1100,2126,1712000504,"17120004","OEC","RaPIPOm_fpl_1712000504","RaPIPOm","RaPIPOm_fpl",55,"fpl","RaPIPOm","RaPIPOm_fpl","Dry Ponderosa Pine - Mesic",1
"3_41_37_87960",4,151,843,1100,1841,1712000504,"17120004","OEC","RaPIPOm_fpl_1712000504","RaPIPOm","RaPIPOm_fpl",55,"fpl","RaPIPOm","RaPIPOm_fpl","Dry Ponderosa Pine - Mesic",1
"3_41_35_87271",4,151,843,1100,2762,1712000504,"17120004","OEC","RaPIPOm_fpl_1712000504","RaPIPOm","RaPIPOm_fpl",55,"fpl","RaPIPOm","RaPIPOm_fpl","Dry Ponderosa Pine - Mesic",1
"3_41_35_54663",4,151,843,1100,2571,1712000504,"17120004","OEC","RaPIPOm_fpl_1712000504","RaPIPOm","RaPIPOm_fpl",55,"fpl","RaPIPOm","RaPIPOm_fpl","Dry Ponderosa Pine - Mesic",1
"3_41_35_50802",4,151,843,1100,1250,1712000504,"17120004","OEC","RaPIPOm_fpl_1712000504","RaPIPOm","RaPIPOm_fpl",55,"fpl","RaPIPOm","RaPIPOm_fpl","Dry Ponderosa Pine - Mesic",1
"5_53_57_93847",11,130,744,2282,865,1711000511,"17110004","WNC","RaDFHEwt_fwm_WNC","RaDFHEwt","RaDFHEwt_fwm",33,"fwm","RaDFHEwt","RaDFHEwt_fwm","Douglas-fir Hemlock-Wet Mesic",5
"3_41_37_55015",4,151,843,2322,1486,1712000504,"17120004","OEC","RaSPFI_fmz_OEC","RaSPFI","RaSPFI_fmz",26,"fmz","RaSPFI","RaSPFI_fmz","Spruce - Fir",4
"3_41_37_75960",4,151,843,2322,1522,1712000504,"17120004","OEC","RaSPFI_fmz_OEC","RaSPFI","RaSPFI_fmz",26,"fmz","RaSPFI","RaSPFI_fmz","Spruce - Fir",4
"3_41_37_94439",4,151,840,2322,1235,1712000501,"17120004","OEC","RaSPFI_fmz_OEC","RaSPFI","RaSPFI_fmz",26,"fmz","RaSPFI","RaSPFI_fmz","Spruce - Fir",4
"3_41_37_97307",4,151,840,2322,1210,1712000501,"17120004","OEC","RaSPFI_fmz_OEC","RaSPFI","RaSPFI_fmz",26,"fmz","RaSPFI","RaSPFI_fmz","Spruce - Fir",4
"3_41_37_56672",4,151,840,2322,1015,1712000501,"17120004","OEC","RaSPFI_fmz_OEC","RaSPFI","RaSPFI_fmz",26,"fmz","RaSPFI","RaSPFI_fmz","Spruce - Fir",4
"3_41_37_66447",4,151,840,2322,1747,1712000501,"17120004","OEC","RaSPFI_fmz_OEC","RaSPFI","RaSPFI_fmz",26,"fmz","RaSPFI","RaSPFI_fmz","Spruce - Fir",4
"3_41_37_52324",4,151,840,1155,1661,1712000501,"17120004","OEC","RaPIPOm_fpl_1712000501","RaPIPOm","RaPIPOm_fpl",55,"fpl","RaPIPOm","RaPIPOm_fpl","Dry Ponderosa Pine - Mesic",1
"5_53_57_62505",11,130,744,2285,1313,1711000511,"17110004","WNC","RaABAMup_fst_WNC","RaABAMup","RaABAMup_fst",13,"fst","RaABAMup","RaABAMup_fst","Pacific Silver Fir - High Elevation",5
"3_41_37_77192",4,151,840,2172,1327,1712000501,"17120004","OEC","RaMCONms_fmm_17120005","RaMCONms","RaMCONms_fmm",27,"fmm","RaMCONms","RaMCONms_fmm","Mixed Conifer - Eastside Mesic",3
"3_41_37_93558",4,151,840,2324,3294,1712000501,"17120004","OEC","Na0710412_fmh_OEC","Na0710412","Na0710412_fmh",4,"fmh","Na0710412","Na0710412_fmh","North Pacific Mountain Hemlock Forest - Xeric",5
"3_41_37_55522",4,158,899,2324,1689,1801020202,"18010201","OEC","Na0710412_fmh_OEC","Na0710412","Na0710412_fmh",4,"fmh","Na0710412","Na0710412_fmh","North Pacific Mountain Hemlock Forest - Xeric",5
"3_41_37_98020",4,151,840,2324,2241,1712000501,"17120004","OEC","Na0710412_fmh_OEC","Na0710412","Na0710412_fmh",4,"fmh","Na0710412","Na0710412_fmh","North Pacific Mountain Hemlock Forest - Xeric",5
"3_41_37_58116",4,158,899,2324,1859,1801020202,"18010201","OEC","Na0710412_fmh_OEC","Na0710412","Na0710412_fmh",4,"fmh","Na0710412","Na0710412_fmh","North Pacific Mountain Hemlock Forest - Xeric",5
"5_53_57_80653",11,130,744,2286,747,1711000511,"17110004","WNC","Na0710411_fmt_WNC","Na0710411","Na0710411_fmt",5,"fmt","Na0710411","Na0710411_fmt","North Pacific Mountain Hemlock Forest - Wet",5
"3_41_37_71612",4,158,903,2229,1016,1801020206,"18010201","OEC","RaMCONms_fmm_18010202","RaMCONms","RaMCONms_fmm",27,"fmm","RaMCONms","RaMCONms_fmm","Mixed Conifer - Eastside Mesic",3
"3_41_35_81070",4,158,903,1371,1444,1801020206,"18010201","OEC","RaPIPOm_fpl_1801020206","RaPIPOm","RaPIPOm_fpl",55,"fpl","RaPIPOm","RaPIPOm_fpl","Dry Ponderosa Pine - Mesic",1
"3_41_35_98774",4,158,903,1370,580,1801020206,"18010201","OEC","RaMCONdy_fmx_1801020206","RaMCONdy","RaMCONdy_fmx",29,"fmx","RaMCONdy","RaMCONdy_fmx","Mixed Conifer - Eastside Dry",1
"3_41_35_86505",4,158,903,1370,1140,1801020206,"18010201","OEC","RaMCONdy_fmx_1801020206","RaMCONdy","RaMCONdy_fmx",29,"fmx","RaMCONdy","RaMCONdy_fmx","Mixed Conifer - Eastside Dry",1
"3_41_35_97102",4,158,903,1371,1069,1801020206,"18010201","OEC","RaPIPOm_fpl_1801020206","RaPIPOm","RaPIPOm_fpl",55,"fpl","RaPIPOm","RaPIPOm_fpl","Dry Ponderosa Pine - Mesic",1
"3_41_35_53818",4,158,903,1371,1398,1801020206,"18010201","OEC","RaPIPOm_fpl_1801020206","RaPIPOm","RaPIPOm_fpl",55,"fpl","RaPIPOm","RaPIPOm_fpl","Dry Ponderosa Pine - Mesic",1
"3_41_35_99164",4,158,903,2232,676,1801020206,"18010201","OEC","RaPIPOxe_fpd_18010202","RaPIPOxe","RaPIPOxe_fpd",53,"fpd","RaPIPOxe","RaPIPOxe_fpd","Ponderosa Pine - Xeric",3
"3_41_35_97975",4,158,903,2232,615,1801020206,"18010201","OEC","RaPIPOxe_fpd_18010202","RaPIPOxe","RaPIPOxe_fpd",53,"fpd","RaPIPOxe","RaPIPOxe_fpd","Ponderosa Pine - Xeric",3
"3_41_35_64039",4,158,903,2232,1227,1801020206,"18010201","OEC","RaPIPOxe_fpd_18010202","RaPIPOxe","RaPIPOxe_fpd",53,"fpd","RaPIPOxe","RaPIPOxe_fpd","Ponderosa Pine - Xeric",3
"5_53_57_74763",11,131,747,1822,1210,1711000603,"17110005","WNC","RaABAMlw_fsi_17110006","RaABAMlw","RaABAMlw_fsi",14,"fsi","RaABAMlw","RaABAMlw_fsi","Pacific Silver Fir - Low Elevation",3
"3_41_35_75421",4,158,904,1430,2426,1801020207,"18010201","OEC","RaMCONdy_fmx_1801020207","RaMCONdy","RaMCONdy_fmx",29,"fmx","RaMCONdy","RaMCONdy_fmx","Mixed Conifer - Eastside Dry",1
"3_41_35_90997",4,158,904,1430,1706,1801020207,"18010201","OEC","RaMCONdy_fmx_1801020207","RaMCONdy","RaMCONdy_fmx",29,"fmx","RaMCONdy","RaMCONdy_fmx","Mixed Conifer - Eastside Dry",1
"3_41_35_67696",4,160,910,1623,2343,1801020405,"18010203","OEC","RaMCONdy_fmd_1801020405","RaMCONdy","RaMCONdy_fmd",28,"fmd","RaMCONdy","RaMCONdy_fmd","Mixed Conifer - Eastside Dry",1
"3_41_35_58691",4,160,911,2260,913,1801020406,"18010203","OEC","RaPIPOxe_fxp_18010204","RaPIPOxe","RaPIPOxe_fxp",56,"fxp","RaPIPOxe","RaPIPOxe_fxp","Ponderosa Pine - Xeric",3
"3_41_35_74336",4,160,911,2260,836,1801020406,"18010203","OEC","RaPIPOxe_fxp_18010204","RaPIPOxe","RaPIPOxe_fxp",56,"fxp","RaPIPOxe","RaPIPOxe_fxp","Ponderosa Pine - Xeric",3
"5_53_61_63694",11,131,747,2286,1422,1711000603,"17110005","WNC","Na0710411_fmt_WNC","Na0710411","Na0710411_fmt",5,"fmt","Na0710411","Na0710411_fmt","North Pacific Mountain Hemlock Forest - Wet",5
"5_53_61_96497",11,131,747,2286,552,1711000603,"17110005","WNC","Na0710411_fmt_WNC","Na0710411","Na0710411_fmt",5,"fmt","Na0710411","Na0710411_fmt","North Pacific Mountain Hemlock Forest - Wet",5
"5_53_61_91309",11,131,748,2286,924,1711000604,"17110005","WNC","Na0710411_fmt_WNC","Na0710411","Na0710411_fmt",5,"fmt","Na0710411","Na0710411_fmt","North Pacific Mountain Hemlock Forest - Wet",5
"5_53_61_58248",11,131,745,2285,968,1711000601,"17110005","WNC","RaABAMup_fst_WNC","RaABAMup","RaABAMup_fst",13,"fst","RaABAMup","RaABAMup_fst","Pacific Silver Fir - High Elevation",5
"5_53_61_69913",11,131,745,2282,1793,1711000601,"17110005","WNC","RaDFHEwt_fwm_WNC","RaDFHEwt","RaDFHEwt_fwm",33,"fwm","RaDFHEwt","RaDFHEwt_fwm","Douglas-fir Hemlock-Wet Mesic",5
"5_53_61_53571",11,131,745,2282,1390,1711000601,"17110005","WNC","RaDFHEwt_fwm_WNC","RaDFHEwt","RaDFHEwt_fwm",33,"fwm","RaDFHEwt","RaDFHEwt_fwm","Douglas-fir Hemlock-Wet Mesic",5
"5_53_61_70281",11,131,745,2285,1224,1711000601,"17110005","WNC","RaABAMup_fst_WNC","RaABAMup","RaABAMup_fst",13,"fst","RaABAMup","RaABAMup_fst","Pacific Silver Fir - High Elevation",5
"5_53_61_84101",11,131,745,2285,1387,1711000601,"17110005","WNC","RaABAMup_fst_WNC","RaABAMup","RaABAMup_fst",13,"fst","RaABAMup","RaABAMup_fst","Pacific Silver Fir - High Elevation",5
"5_53_61_85758",11,133,752,2286,673,1711000802,"17110007","WNC","Na0710411_fmt_WNC","Na0710411","Na0710411_fmt",5,"fmt","Na0710411","Na0710411_fmt","North Pacific Mountain Hemlock Forest - Wet",5
"5_53_61_68911",11,133,752,2286,730,1711000802,"17110007","WNC","Na0710411_fmt_WNC","Na0710411","Na0710411_fmt",5,"fmt","Na0710411","Na0710411_fmt","North Pacific Mountain Hemlock Forest - Wet",5
"5_53_61_64526",11,133,752,2285,926,1711000802,"17110007","WNC","RaABAMup_fst_WNC","RaABAMup","RaABAMup_fst",13,"fst","RaABAMup","RaABAMup_fst","Pacific Silver Fir - High Elevation",5
"5_53_61_55208",11,131,745,2285,1271,1711000601,"17110005","WNC","RaABAMup_fst_WNC","RaABAMup","RaABAMup_fst",13,"fst","RaABAMup","RaABAMup_fst","Pacific Silver Fir - High Elevation",5
"5_53_61_58763",11,131,745,2285,1886,1711000601,"17110005","WNC","RaABAMup_fst_WNC","RaABAMup","RaABAMup_fst",13,"fst","RaABAMup","RaABAMup_fst","Pacific Silver Fir - High Elevation",5
"5_53_61_79022",11,134,757,1861,1127,1711000904,"17110008","WNC","RaABAMlw_fsi_17110009","RaABAMlw","RaABAMlw_fsi",14,"fsi","RaABAMlw","RaABAMlw_fsi","Pacific Silver Fir - Low Elevation",3
"5_53_61_68707",11,134,757,2286,1427,1711000904,"17110008","WNC","Na0710411_fmt_WNC","Na0710411","Na0710411_fmt",5,"fmt","Na0710411","Na0710411_fmt","North Pacific Mountain Hemlock Forest - Wet",5
"5_53_61_87447",11,134,757,2285,835,1711000904,"17110008","WNC","RaABAMup_fst_WNC","RaABAMup","RaABAMup_fst",13,"fst","RaABAMup","RaABAMup_fst","Pacific Silver Fir - High Elevation",5
"5_53_33_75489",11,134,756,2285,1926,1711000903,"17110008","WNC","RaABAMup_fst_WNC","RaABAMup","RaABAMup_fst",13,"fst","RaABAMup","RaABAMup_fst","Pacific Silver Fir - High Elevation",5
"5_53_33_89474",11,134,756,1859,2119,1711000903,"17110008","WNC","RaSAWD_fal_17110009","RaSAWD","RaSAWD_fal",2,"fal","RaSAWD","RaSAWD_fal","Subalpine Woodland",3
"5_53_33_95116",11,135,762,2286,1545,1711001002,"17110009","WNC","Na0710411_fmt_WNC","Na0710411","Na0710411_fmt",5,"fmt","Na0710411","Na0710411_fmt","North Pacific Mountain Hemlock Forest - Wet",5
"5_53_33_97780",11,135,762,2285,1335,1711001002,"17110009","WNC","RaABAMup_fst_WNC","RaABAMup","RaABAMup_fst",13,"fst","RaABAMup","RaABAMup_fst","Pacific Silver Fir - High Elevation",5
"5_53_33_95833",11,135,762,2286,920,1711001002,"17110009","WNC","Na0710411_fmt_WNC","Na0710411","Na0710411_fmt",5,"fmt","Na0710411","Na0710411_fmt","North Pacific Mountain Hemlock Forest - Wet",5
"5_53_33_63228",11,135,762,2284,808,1711001002,"17110009","WNC","RaDFHEwt_fww_WNC","RaDFHEwt","RaDFHEwt_fww",34,"fww","RaDFHEwt","RaDFHEwt_fww","Douglas-fir Hemlock-Wet Mesic",5
"5_53_33_86979",11,135,763,2286,1285,1711001003,"17110009","WNC","Na0710411_fmt_WNC","Na0710411","Na0710411_fmt",5,"fmt","Na0710411","Na0710411_fmt","North Pacific Mountain Hemlock Forest - Wet",5
"8_53_37_62775",10,26,124,1897,1576,1703000103,"17020016","WEC","RaABAMlw_fsi_17030001","RaABAMlw","RaABAMlw_fsi",14,"fsi","RaABAMlw","RaABAMlw_fsi","Pacific Silver Fir - Low Elevation",3
"8_53_37_51947",10,26,124,1897,1752,1703000103,"17020016","WEC","RaABAMlw_fsi_17030001","RaABAMlw","RaABAMlw_fsi",14,"fsi","RaABAMlw","RaABAMlw_fsi","Pacific Silver Fir - Low Elevation",3
"8_53_37_63578",10,26,124,2291,1143,1703000103,"17020016","WEC","Na0710412_fmh_WEC","Na0710412","Na0710412_fmh",4,"fmh","Na0710412","Na0710412_fmh","North Pacific Mountain Hemlock Forest - Xeric",5
"5_53_33_73392",13,138,773,1915,1630,1711001301,"17110012","WWC","RaABAMlw_fsi_17110013","RaABAMlw","RaABAMlw_fsi",14,"fsi","RaABAMlw","RaABAMlw_fsi","Pacific Silver Fir - Low Elevation",3
"5_53_33_63319",13,138,773,2303,1578,1711001301,"17110012","WWC","RaABAMup_fst_WWC","RaABAMup","RaABAMup_fst",13,"fst","RaABAMup","RaABAMup_fst","Pacific Silver Fir - High Elevation",5
"5_53_33_55963",13,138,773,1902,999,1711001301,"17110012","WWC","RaDFHEdy_fdg_17110013","RaDFHEdy","RaDFHEdy_fdg",24,"fdg","RaDFHEdy","RaDFHEdy_fdg","Douglas-fir Hemlock-Dry Mesic",3
"5_53_33_79704",13,138,773,1915,1135,1711001301,"17110012","WWC","RaABAMlw_fsi_17110013","RaABAMlw","RaABAMlw_fsi",14,"fsi","RaABAMlw","RaABAMlw_fsi","Pacific Silver Fir - Low Elevation",3
"5_53_33_91039",13,138,773,2305,619,1711001301,"17110012","WWC","Na0710412_fmc_WWC","Na0710412","Na0710412_fmc",7,"fmc","Na0710412","Na0710412_fmc","North Pacific Mountain Hemlock Forest - Xeric",5
"5_53_33_58101",13,139,778,1921,2577,1711001403,"17110013","WWC","RaABAMlw_fsi_17110014","RaABAMlw","RaABAMlw_fsi",14,"fsi","RaABAMlw","RaABAMlw_fsi","Pacific Silver Fir - Low Elevation",3
"8_53_77_73628",10,27,129,2291,2117,1703000201,"17030001","WEC","Na0710412_fmh_WEC","Na0710412","Na0710412_fmh",4,"fmh","Na0710412","Na0710412_fmh","North Pacific Mountain Hemlock Forest - Xeric",5
"8_53_77_70036",10,27,129,1925,1696,1703000201,"17030001","WEC","RaMCONms_fmm_17030002","RaMCONms","RaMCONms_fmm",27,"fmm","RaMCONms","RaMCONms_fmm","Mixed Conifer - Eastside Mesic",3
"5_53_73_90283",11,130,743,2285,537,1711000510,"17110004","WNC","RaABAMup_fst_WNC","RaABAMup","RaABAMup_fst",13,"fst","RaABAMup","RaABAMup_fst","Pacific Silver Fir - High Elevation",5
"7_53_41_76334",10,27,129,2291,805,1703000201,"17030001","WEC","Na0710412_fmh_WEC","Na0710412","Na0710412_fmh",4,"fmh","Na0710412","Na0710412_fmh","North Pacific Mountain Hemlock Forest - Xeric",5
"8_53_77_65516",10,27,131,2291,1139,1703000203,"17030001","WEC","Na0710412_fmh_WEC","Na0710412","Na0710412_fmh",4,"fmh","Na0710412","Na0710412_fmh","North Pacific Mountain Hemlock Forest - Xeric",5
"8_53_77_68371",10,27,131,1924,1809,1703000203,"17030001","WEC","RaSAWD_fal_17030002","RaSAWD","RaSAWD_fal",2,"fal","RaSAWD","RaSAWD_fal","Subalpine Woodland",3
"7_53_41_75370",10,27,131,2291,1693,1703000203,"17030001","WEC","Na0710412_fmh_WEC","Na0710412","Na0710412_fmh",4,"fmh","Na0710412","Na0710412_fmh","North Pacific Mountain Hemlock Forest - Xeric",5
"8_53_77_65857",10,27,131,1923,1765,1703000203,"17030001","WEC","RaABAMlw_fsi_17030002","RaABAMlw","RaABAMlw_fsi",14,"fsi","RaABAMlw","RaABAMlw_fsi","Pacific Silver Fir - Low Elevation",3
"8_53_77_55863",10,62,340,2291,1136,1707010601,"17070105C","WEC","Na0710412_fmh_WEC","Na0710412","Na0710412_fmh",4,"fmh","Na0710412","Na0710412_fmh","North Pacific Mountain Hemlock Forest - Xeric",5
"8_53_77_57363",10,62,340,2291,1317,1707010601,"17070105C","WEC","Na0710412_fmh_WEC","Na0710412","Na0710412_fmh",4,"fmh","Na0710412","Na0710412_fmh","North Pacific Mountain Hemlock Forest - Xeric",5
"8_53_77_51440",10,62,340,1962,805,1707010601,"17070105C","WEC","RaMCONms_fmm_17070106","RaMCONms","RaMCONms_fmm",27,"fmm","RaMCONms","RaMCONms_fmm","Mixed Conifer - Eastside Mesic",3
"8_53_77_87072",10,62,340,1962,2045,1707010601,"17070105C","WEC","RaMCONms_fmm_17070106","RaMCONms","RaMCONms_fmm",27,"fmm","RaMCONms","RaMCONms_fmm","Mixed Conifer - Eastside Mesic",3
"8_53_77_87961",10,62,340,1962,1412,1707010601,"17070105C","WEC","RaMCONms_fmm_17070106","RaMCONms","RaMCONms_fmm",27,"fmm","RaMCONms","RaMCONms_fmm","Mixed Conifer - Eastside Mesic",3
"8_53_77_72206",10,62,340,2291,1371,1707010601,"17070105C","WEC","Na0710412_fmh_WEC","Na0710412","Na0710412_fmh",4,"fmh","Na0710412","Na0710412_fmh","North Pacific Mountain Hemlock Forest - Xeric",5
"8_53_77_68483",10,62,340,1962,1268,1707010601,"17070105C","WEC","RaMCONms_fmm_17070106","RaMCONms","RaMCONms_fmm",27,"fmm","RaMCONms","RaMCONms_fmm","Mixed Conifer - Eastside Mesic",3
"8_53_77_58103",10,62,340,1962,1981,1707010601,"17070105C","WEC","RaMCONms_fmm_17070106","RaMCONms","RaMCONms_fmm",27,"fmm","RaMCONms","RaMCONms_fmm","Mixed Conifer - Eastside Mesic",3
"8_53_77_73061",10,62,341,1962,2396,1707010602,"17070105C","WEC","RaMCONms_fmm_17070106","RaMCONms","RaMCONms_fmm",27,"fmm","RaMCONms","RaMCONms_fmm","Mixed Conifer - Eastside Mesic",3
"8_53_77_55045",10,62,341,295,2194,1707010602,"17070105C","WEC","RaMCONdy_fmd_1707010602","RaMCONdy","RaMCONdy_fmd",28,"fmd","RaMCONdy","RaMCONdy_fmd","Mixed Conifer - Eastside Dry",1
"8_53_39_85138",10,62,341,295,2837,1707010602,"17070105C","WEC","RaMCONdy_fmd_1707010602","RaMCONdy","RaMCONdy_fmd",28,"fmd","RaMCONdy","RaMCONdy_fmd","Mixed Conifer - Eastside Dry",1
"8_53_39_75160",10,62,341,295,1697,1707010602,"17070105C","WEC","RaMCONdy_fmd_1707010602","RaMCONdy","RaMCONdy_fmd",28,"fmd","RaMCONdy","RaMCONdy_fmd","Mixed Conifer - Eastside Dry",1
"8_53_39_97459",10,62,341,295,795,1707010602,"17070105C","WEC","RaMCONdy_fmd_1707010602","RaMCONdy","RaMCONdy_fmd",28,"fmd","RaMCONdy","RaMCONdy_fmd","Mixed Conifer - Eastside Dry",1
"8_53_39_90539",10,60,335,316,2494,1707010508,"17070105B","WEC","RaMCONdy_fmd_1707010508","RaMCONdy","RaMCONdy_fmd",28,"fmd","RaMCONdy","RaMCONdy_fmd","Mixed Conifer - Eastside Dry",1
"8_53_39_89513",10,60,335,316,2467,1707010508,"17070105B","WEC","RaMCONdy_fmd_1707010508","RaMCONdy","RaMCONdy_fmd",28,"fmd","RaMCONdy","RaMCONdy_fmd","Mixed Conifer - Eastside Dry",1
"5_53_73_59726",11,130,742,2284,1107,1711000509,"17110004","WNC","RaDFHEwt_fww_WNC","RaDFHEwt","RaDFHEwt_fww",34,"fww","RaDFHEwt","RaDFHEwt_fww","Douglas-fir Hemlock-Wet Mesic",5
"3_41_65_86026",4,59,338,384,88,1707010511,"17070104","OEC","RaMCONdy_fmd_1707010511","RaMCONdy","RaMCONdy_fmd",28,"fmd","RaMCONdy","RaMCONdy_fmd","Mixed Conifer - Eastside Dry",1
"3_41_65_95724",4,59,338,384,1742,1707010511,"17070104","OEC","RaMCONdy_fmd_1707010511","RaMCONdy","RaMCONdy_fmd",28,"fmd","RaMCONdy","RaMCONdy_fmd","Mixed Conifer - Eastside Dry",1
"3_41_65_96343",4,59,331,412,827,1707010504,"17070104","OEC","RaMCONdy_fmd_1707010504","RaMCONdy","RaMCONdy_fmd",28,"fmd","RaMCONdy","RaMCONdy_fmd","Mixed Conifer - Eastside Dry",1
"3_41_65_82887",4,59,329,450,624,1707010502,"17070104","OEC","RaMCONdy_fmd_1707010502","RaMCONdy","RaMCONdy_fmd",28,"fmd","RaMCONdy","RaMCONdy_fmd","Mixed Conifer - Eastside Dry",1
"3_41_65_79819",4,73,441,503,1669,1707030608,"17070305B","OEC","RaMCONdy_fmd_1707030608","RaMCONdy","RaMCONdy_fmd",28,"fmd","RaMCONdy","RaMCONdy_fmd","Mixed Conifer - Eastside Dry",1
"3_41_65_84527",4,73,441,503,1981,1707030608,"17070305B","OEC","RaMCONdy_fmd_1707030608","RaMCONdy","RaMCONdy_fmd",28,"fmd","RaMCONdy","RaMCONdy_fmd","Mixed Conifer - Eastside Dry",1
"3_41_65_81268",4,73,441,505,2057,1707030608,"17070305B","OEC","RaOAPI_fop_1707030608","RaOAPI","RaOAPI_fop",58,"fop","RaOAPI","RaOAPI_fop","Oregon White Oak/Ponderosa Pine",1
"3_41_65_78240",4,73,441,505,2099,1707030608,"17070305B","OEC","RaOAPI_fop_1707030608","RaOAPI","RaOAPI_fop",58,"fop","RaOAPI","RaOAPI_fop","Oregon White Oak/Ponderosa Pine",1
"5_53_73_64926",11,130,742,2285,803,1711000509,"17110004","WNC","RaABAMup_fst_WNC","RaABAMup","RaABAMup_fst",13,"fst","RaABAMup","RaABAMup_fst","Pacific Silver Fir - High Elevation",5
"5_53_57_88389",11,130,742,2284,800,1711000509,"17110004","WNC","RaDFHEwt_fww_WNC","RaDFHEwt","RaDFHEwt_fww",34,"fww","RaDFHEwt","RaDFHEwt_fww","Douglas-fir Hemlock-Wet Mesic",5
"3_41_65_63615",4,73,444,573,2499,1707030611,"17070305B","OEC","RaOAPI_fop_1707030611","RaOAPI","RaOAPI_fop",58,"fop","RaOAPI","RaOAPI_fop","Oregon White Oak/Ponderosa Pine",1
"5_53_57_63504",11,130,742,2282,990,1711000509,"17110004","WNC","RaDFHEwt_fwm_WNC","RaDFHEwt","RaDFHEwt_fwm",33,"fwm","RaDFHEwt","RaDFHEwt_fwm","Douglas-fir Hemlock-Wet Mesic",5
"5_53_57_75270",11,130,742,2285,647,1711000509,"17110004","WNC","RaABAMup_fst_WNC","RaABAMup","RaABAMup_fst",13,"fst","RaABAMup","RaABAMup_fst","Pacific Silver Fir - High Elevation",5
"3_41_31_88943",4,67,397,2098,62,1707030111,"17070204","OEC","RaPIPOxe_fxp_17070301","RaPIPOxe","RaPIPOxe_fxp",56,"fxp","RaPIPOxe","RaPIPOxe_fxp","Ponderosa Pine - Xeric",3
"3_41_31_51490",4,67,394,2098,58,1707030108,"17070204","OEC","RaPIPOxe_fxp_17070301","RaPIPOxe","RaPIPOxe_fxp",56,"fxp","RaPIPOxe","RaPIPOxe_fxp","Ponderosa Pine - Xeric",3
"5_53_57_91587",11,130,742,2282,475,1711000509,"17110004","WNC","RaDFHEwt_fwm_WNC","RaDFHEwt","RaDFHEwt_fwm",33,"fwm","RaDFHEwt","RaDFHEwt_fwm","Douglas-fir Hemlock-Wet Mesic",5
"5_53_57_94055",11,130,742,1782,2298,1711000509,"17110004","WNC","RaDFHEdy_fdg_17110005","RaDFHEdy","RaDFHEdy_fdg",24,"fdg","RaDFHEdy","RaDFHEdy_fdg","Douglas-fir Hemlock-Dry Mesic",3
"3_41_17_53924",4,67,394,2098,115,1707030108,"17070204","OEC","RaPIPOxe_fxp_17070301","RaPIPOxe","RaPIPOxe_fxp",56,"fxp","RaPIPOxe","RaPIPOxe_fxp","Ponderosa Pine - Xeric",3
"3_41_17_65105",4,67,394,2098,2095,1707030108,"17070204","OEC","RaPIPOxe_fxp_17070301","RaPIPOxe","RaPIPOxe_fxp",56,"fxp","RaPIPOxe","RaPIPOxe_fxp","Ponderosa Pine - Xeric",3
"3_41_17_62731",4,67,394,879,2707,1707030108,"17070204","OEC","RaPIPOm_fdp_1707030108","RaPIPOm","RaPIPOm_fdp",52,"fdp","RaPIPOm","RaPIPOm_fdp","Dry Ponderosa Pine - Mesic",1
"3_41_17_88579",4,67,394,879,1974,1707030108,"17070204","OEC","RaPIPOm_fdp_1707030108","RaPIPOm","RaPIPOm_fdp",52,"fdp","RaPIPOm","RaPIPOm_fdp","Dry Ponderosa Pine - Mesic",1
"3_41_17_97443",4,67,390,2095,3505,1707030104,"17070204","OEC","RaPIPOxe_fpd_17070301","RaPIPOxe","RaPIPOxe_fpd",53,"fpd","RaPIPOxe","RaPIPOxe_fpd","Ponderosa Pine - Xeric",3
"5_53_57_68879",11,130,741,2282,1401,1711000508,"17110004","WNC","RaDFHEwt_fwm_WNC","RaDFHEwt","RaDFHEwt_fwm",33,"fwm","RaDFHEwt","RaDFHEwt_fwm","Douglas-fir Hemlock-Wet Mesic",5
"3_41_17_99192",4,68,404,1035,666,1707030207,"17070301","OEC","RaMCONdy_fmx_1707030207","RaMCONdy","RaMCONdy_fmx",29,"fmx","RaMCONdy","RaMCONdy_fmx","Mixed Conifer - Eastside Dry",1
"3_41_17_90244",4,68,404,1035,1148,1707030207,"17070301","OEC","RaMCONdy_fmx_1707030207","RaMCONdy","RaMCONdy_fmx",29,"fmx","RaMCONdy","RaMCONdy_fmx","Mixed Conifer - Eastside Dry",1
"3_41_17_76406",4,68,404,1035,1600,1707030207,"17070301","OEC","RaMCONdy_fmx_1707030207","RaMCONdy","RaMCONdy_fmx",29,"fmx","RaMCONdy","RaMCONdy_fmx","Mixed Conifer - Eastside Dry",1
"3_41_17_92942",4,68,404,2159,914,1707030207,"17070301","OEC","RaMCONms_fmm_17070302","RaMCONms","RaMCONms_fmm",27,"fmm","RaMCONms","RaMCONms_fmm","Mixed Conifer - Eastside Mesic",3
"3_41_17_79559",4,68,404,2322,2035,1707030207,"17070301","OEC","RaSPFI_fmz_OEC","RaSPFI","RaSPFI_fmz",26,"fmz","RaSPFI","RaSPFI_fmz","Spruce - Fir",4
"3_41_17_55976",4,68,404,2322,2533,1707030207,"17070301","OEC","RaSPFI_fmz_OEC","RaSPFI","RaSPFI_fmz",26,"fmz","RaSPFI","RaSPFI_fmz","Spruce - Fir",4
"3_41_17_73393",4,68,404,2322,2137,1707030207,"17070301","OEC","RaSPFI_fmz_OEC","RaSPFI","RaSPFI_fmz",26,"fmz","RaSPFI","RaSPFI_fmz","Spruce - Fir",4
"3_41_17_85895",4,68,403,2159,1551,1707030206,"17070301","OEC","RaMCONms_fmm_17070302","RaMCONms","RaMCONms_fmm",27,"fmm","RaMCONms","RaMCONms_fmm","Mixed Conifer - Eastside Mesic",3
"3_41_17_86846",4,68,403,1080,2750,1707030206,"17070301","OEC","RaMCONdy_fmx_1707030206","RaMCONdy","RaMCONdy_fmx",29,"fmx","RaMCONdy","RaMCONdy_fmx","Mixed Conifer - Eastside Dry",1
"3_41_17_84765",4,68,403,1080,1407,1707030206,"17070301","OEC","RaMCONdy_fmx_1707030206","RaMCONdy","RaMCONdy_fmx",29,"fmx","RaMCONdy","RaMCONdy_fmx","Mixed Conifer - Eastside Dry",1
"3_41_37_51945",4,68,403,1079,1794,1707030206,"17070301","OEC","RaPIPOm_fpl_1707030206","RaPIPOm","RaPIPOm_fpl",55,"fpl","RaPIPOm","RaPIPOm_fpl","Dry Ponderosa Pine - Mesic",1
"3_41_37_62431",4,68,403,1079,2031,1707030206,"17070301","OEC","RaPIPOm_fpl_1707030206","RaPIPOm","RaPIPOm_fpl",55,"fpl","RaPIPOm","RaPIPOm_fpl","Dry Ponderosa Pine - Mesic",1
"3_41_37_84268",4,68,403,1079,1900,1707030206,"17070301","OEC","RaPIPOm_fpl_1707030206","RaPIPOm","RaPIPOm_fpl",55,"fpl","RaPIPOm","RaPIPOm_fpl","Dry Ponderosa Pine - Mesic",1
"3_41_37_96713",4,68,403,1079,1545,1707030206,"17070301","OEC","RaPIPOm_fpl_1707030206","RaPIPOm","RaPIPOm_fpl",55,"fpl","RaPIPOm","RaPIPOm_fpl","Dry Ponderosa Pine - Mesic",1
"3_41_37_82510",4,68,403,1079,1324,1707030206,"17070301","OEC","RaPIPOm_fpl_1707030206","RaPIPOm","RaPIPOm_fpl",55,"fpl","RaPIPOm","RaPIPOm_fpl","Dry Ponderosa Pine - Mesic",1
"3_41_37_94940",4,151,843,1100,1770,1712000504,"17120004","OEC","RaPIPOm_fpl_1712000504","RaPIPOm","RaPIPOm_fpl",55,"fpl","RaPIPOm","RaPIPOm_fpl","Dry Ponderosa Pine - Mesic",1
"3_41_37_72233",4,151,843,1100,2735,1712000504,"17120004","OEC","RaPIPOm_fpl_1712000504","RaPIPOm","RaPIPOm_fpl",55,"fpl","RaPIPOm","RaPIPOm_fpl","Dry Ponderosa Pine - Mesic",1
"3_41_37_57256",4,151,843,1100,2122,1712000504,"17120004","OEC","RaPIPOm_fpl_1712000504","RaPIPOm","RaPIPOm_fpl",55,"fpl","RaPIPOm","RaPIPOm_fpl","Dry Ponderosa Pine - Mesic",1
"3_41_37_84571",4,151,843,1100,2652,1712000504,"17120004","OEC","RaPIPOm_fpl_1712000504","RaPIPOm","RaPIPOm_fpl",55,"fpl","RaPIPOm","RaPIPOm_fpl","Dry Ponderosa Pine - Mesic",1
"5_53_57_52899",11,130,744,2285,1011,1711000511,"17110004","WNC","RaABAMup_fst_WNC","RaABAMup","RaABAMup_fst",13,"fst","RaABAMup","RaABAMup_fst","Pacific Silver Fir - High Elevation",5
"3_41_37_75841",4,151,843,1101,1888,1712000504,"17120004","OEC","RaMCONdy_fmx_1712000504","RaMCONdy","RaMCONdy_fmx",29,"fmx","RaMCONdy","RaMCONdy_fmx","Mixed Conifer - Eastside Dry",1
"3_41_37_78813",4,151,843,2322,1052,1712000504,"17120004","OEC","RaSPFI_fmz_OEC","RaSPFI","RaSPFI_fmz",26,"fmz","RaSPFI","RaSPFI_fmz","Spruce - Fir",4
"3_41_37_96828",4,151,843,2322,1470,1712000504,"17120004","OEC","RaSPFI_fmz_OEC","RaSPFI","RaSPFI_fmz",26,"fmz","RaSPFI","RaSPFI_fmz","Spruce - Fir",4
"3_41_37_66160",4,151,841,2322,1267,1712000502,"17120004","OEC","RaSPFI_fmz_OEC","RaSPFI","RaSPFI_fmz",26,"fmz","RaSPFI","RaSPFI_fmz","Spruce - Fir",4
"3_41_37_94623",4,151,840,2322,3004,1712000501,"17120004","OEC","RaSPFI_fmz_OEC","RaSPFI","RaSPFI_fmz",26,"fmz","RaSPFI","RaSPFI_fmz","Spruce - Fir",4
"3_41_37_98194",4,151,840,1155,1498,1712000501,"17120004","OEC","RaPIPOm_fpl_1712000501","RaPIPOm","RaPIPOm_fpl",55,"fpl","RaPIPOm","RaPIPOm_fpl","Dry Ponderosa Pine - Mesic",1
"3_41_37_56164",4,151,840,1155,3008,1712000501,"17120004","OEC","RaPIPOm_fpl_1712000501","RaPIPOm","RaPIPOm_fpl",55,"fpl","RaPIPOm","RaPIPOm_fpl","Dry Ponderosa Pine - Mesic",1
"3_41_37_78401",4,151,840,1155,1801,1712000501,"17120004","OEC","RaPIPOm_fpl_1712000501","RaPIPOm","RaPIPOm_fpl",55,"fpl","RaPIPOm","RaPIPOm_fpl","Dry Ponderosa Pine - Mesic",1
"5_53_57_93444",11,130,744,1781,835,1711000511,"17110004","WNC","RaDFHEdy_fwi_17110005","RaDFHEdy","RaDFHEdy_fwi",31,"fwi","RaDFHEdy","RaDFHEdy_fwi","Douglas-fir Hemlock-Dry Mesic",3
"3_41_37_97093",4,151,840,1155,2300,1712000501,"17120004","OEC","RaPIPOm_fpl_1712000501","RaPIPOm","RaPIPOm_fpl",55,"fpl","RaPIPOm","RaPIPOm_fpl","Dry Ponderosa Pine - Mesic",1
"3_41_37_95554",4,151,840,1147,1952,1712000501,"17120004","OEC","RaMCONdy_fmx_1712000501","RaMCONdy","RaMCONdy_fmx",29,"fmx","RaMCONdy","RaMCONdy_fmx","Mixed Conifer - Eastside Dry",1
"3_41_37_69915",4,151,840,2322,1000,1712000501,"17120004","OEC","RaSPFI_fmz_OEC","RaSPFI","RaSPFI_fmz",26,"fmz","RaSPFI","RaSPFI_fmz","Spruce - Fir",4
"3_41_37_99530",4,151,840,2324,1763,1712000501,"17120004","OEC","Na0710412_fmh_OEC","Na0710412","Na0710412_fmh",4,"fmh","Na0710412","Na0710412_fmh","North Pacific Mountain Hemlock Forest - Xeric",5
"3_41_37_77167",4,151,841,2324,2765,1712000502,"17120004","OEC","Na0710412_fmh_OEC","Na0710412","Na0710412_fmh",4,"fmh","Na0710412","Na0710412_fmh","North Pacific Mountain Hemlock Forest - Xeric",5
"3_41_37_78243",4,151,841,2324,2929,1712000502,"17120004","OEC","Na0710412_fmh_OEC","Na0710412","Na0710412_fmh",4,"fmh","Na0710412","Na0710412_fmh","North Pacific Mountain Hemlock Forest - Xeric",5
"3_41_37_62723",4,158,899,2324,2187,1801020202,"18010201","OEC","Na0710412_fmh_OEC","Na0710412","Na0710412_fmh",4,"fmh","Na0710412","Na0710412_fmh","North Pacific Mountain Hemlock Forest - Xeric",5
"3_41_37_64827",4,158,899,2322,2376,1801020202,"18010201","OEC","RaSPFI_fmz_OEC","RaSPFI","RaSPFI_fmz",26,"fmz","RaSPFI","RaSPFI_fmz","Spruce - Fir",4
"3_41_37_59748",4,158,899,2322,2654,1801020202,"18010201","OEC","RaSPFI_fmz_OEC","RaSPFI","RaSPFI_fmz",26,"fmz","RaSPFI","RaSPFI_fmz","Spruce - Fir",4
"3_41_37_84673",4,158,899,2229,892,1801020202,"18010201","OEC","RaMCONms_fmm_18010202","RaMCONms","RaMCONms_fmm",27,"fmm","RaMCONms","RaMCONms_fmm","Mixed Conifer - Eastside Mesic",3
"5_53_57_65639",11,130,744,2287,865,1711000511,"17110004","WNC","Na0710412_fmc_WNC","Na0710412","Na0710412_fmc",7,"fmc","Na0710412","Na0710412_fmc","North Pacific Mountain Hemlock Forest - Xeric",5
"3_41_35_60939",4,158,903,1371,2579,1801020206,"18010201","OEC","RaPIPOm_fpl_1801020206","RaPIPOm","RaPIPOm_fpl",55,"fpl","RaPIPOm","RaPIPOm_fpl","Dry Ponderosa Pine - Mesic",1
"3_41_35_83786",4,158,903,1371,827,1801020206,"18010201","OEC","RaPIPOm_fpl_1801020206","RaPIPOm","RaPIPOm_fpl",55,"fpl","RaPIPOm","RaPIPOm_fpl","Dry Ponderosa Pine - Mesic",1
"3_41_35_93913",4,158,903,1371,1572,1801020206,"18010201","OEC","RaPIPOm_fpl_1801020206","RaPIPOm","RaPIPOm_fpl",55,"fpl","RaPIPOm","RaPIPOm_fpl","Dry Ponderosa Pine - Mesic",1
"3_41_35_70271",4,158,903,1371,1031,1801020206,"18010201","OEC","RaPIPOm_fpl_1801020206","RaPIPOm","RaPIPOm_fpl",55,"fpl","RaPIPOm","RaPIPOm_fpl","Dry Ponderosa Pine - Mesic",1
"3_41_35_81673",4,158,903,2232,1178,1801020206,"18010201","OEC","RaPIPOxe_fpd_18010202","RaPIPOxe","RaPIPOxe_fpd",53,"fpd","RaPIPOxe","RaPIPOxe_fpd","Ponderosa Pine - Xeric",3
"3_41_35_99771",4,158,903,1370,972,1801020206,"18010201","OEC","RaMCONdy_fmx_1801020206","RaMCONdy","RaMCONdy_fmx",29,"fmx","RaMCONdy","RaMCONdy_fmx","Mixed Conifer - Eastside Dry",1
"3_41_35_63111",4,158,903,1370,831,1801020206,"18010201","OEC","RaMCONdy_fmx_1801020206","RaMCONdy","RaMCONdy_fmx",29,"fmx","RaMCONdy","RaMCONdy_fmx","Mixed Conifer - Eastside Dry",1
"3_41_35_96972",4,158,903,1371,1027,1801020206,"18010201","OEC","RaPIPOm_fpl_1801020206","RaPIPOm","RaPIPOm_fpl",55,"fpl","RaPIPOm","RaPIPOm_fpl","Dry Ponderosa Pine - Mesic",1
"3_41_35_72863",4,158,903,1370,1513,1801020206,"18010201","OEC","RaMCONdy_fmx_1801020206","RaMCONdy","RaMCONdy_fmx",29,"fmx","RaMCONdy","RaMCONdy_fmx","Mixed Conifer - Eastside Dry",1
"3_41_35_62122",4,158,903,1370,2235,1801020206,"18010201","OEC","RaMCONdy_fmx_1801020206","RaMCONdy","RaMCONdy_fmx",29,"fmx","RaMCONdy","RaMCONdy_fmx","Mixed Conifer - Eastside Dry",1
"3_41_35_98322",4,158,903,1370,1363,1801020206,"18010201","OEC","RaMCONdy_fmx_1801020206","RaMCONdy","RaMCONdy_fmx",29,"fmx","RaMCONdy","RaMCONdy_fmx","Mixed Conifer - Eastside Dry",1
"3_41_35_59252",4,158,903,2232,1078,1801020206,"18010201","OEC","RaPIPOxe_fpd_18010202","RaPIPOxe","RaPIPOxe_fpd",53,"fpd","RaPIPOxe","RaPIPOxe_fpd","Ponderosa Pine - Xeric",3
"5_53_57_67485",11,131,747,2287,886,1711000603,"17110005","WNC","Na0710412_fmc_WNC","Na0710412","Na0710412_fmc",7,"fmc","Na0710412","Na0710412_fmc","North Pacific Mountain Hemlock Forest - Xeric",5
"3_41_35_77261",4,158,904,2233,544,1801020207,"18010201","OEC","RaPIPOxe_fxp_18010202","RaPIPOxe","RaPIPOxe_fxp",56,"fxp","RaPIPOxe","RaPIPOxe_fxp","Ponderosa Pine - Xeric",3
"3_41_35_69363",4,158,904,1430,1162,1801020207,"18010201","OEC","RaMCONdy_fmx_1801020207","RaMCONdy","RaMCONdy_fmx",29,"fmx","RaMCONdy","RaMCONdy_fmx","Mixed Conifer - Eastside Dry",1
"3_41_35_78204",4,158,904,1430,2873,1801020207,"18010201","OEC","RaMCONdy_fmx_1801020207","RaMCONdy","RaMCONdy_fmx",29,"fmx","RaMCONdy","RaMCONdy_fmx","Mixed Conifer - Eastside Dry",1
"3_41_35_62605",4,160,910,1623,965,1801020405,"18010203","OEC","RaMCONdy_fmd_1801020405","RaMCONdy","RaMCONdy_fmd",28,"fmd","RaMCONdy","RaMCONdy_fmd","Mixed Conifer - Eastside Dry",1
"5_53_57_97969",11,131,747,1816,867,1711000603,"17110005","WNC","RaDFHEdy_fwi_17110006","RaDFHEdy","RaDFHEdy_fwi",31,"fwi","RaDFHEdy","RaDFHEdy_fwi","Douglas-fir Hemlock-Dry Mesic",3
"3_41_35_69617",4,160,910,2261,1498,1801020405,"18010203","OEC","RaPIPOxe_fpd_18010204","RaPIPOxe","RaPIPOxe_fpd",53,"fpd","RaPIPOxe","RaPIPOxe_fpd","Ponderosa Pine - Xeric",3
"3_41_35_60587",4,160,911,2260,1047,1801020406,"18010203","OEC","RaPIPOxe_fxp_18010204","RaPIPOxe","RaPIPOxe_fxp",56,"fxp","RaPIPOxe","RaPIPOxe_fxp","Ponderosa Pine - Xeric",3
"5_53_57_71917",11,131,747,1822,529,1711000603,"17110005","WNC","RaABAMlw_fsi_17110006","RaABAMlw","RaABAMlw_fsi",14,"fsi","RaABAMlw","RaABAMlw_fsi","Pacific Silver Fir - Low Elevation",3
"5_53_57_67267",11,131,747,1815,741,1711000603,"17110005","WNC","RaDFHEdy_fdg_17110006","RaDFHEdy","RaDFHEdy_fdg",24,"fdg","RaDFHEdy","RaDFHEdy_fdg","Douglas-fir Hemlock-Dry Mesic",3
"5_53_61_74661",11,131,747,2285,1525,1711000603,"17110005","WNC","RaABAMup_fst_WNC","RaABAMup","RaABAMup_fst",13,"fst","RaABAMup","RaABAMup_fst","Pacific Silver Fir - High Elevation",5
"5_53_73_81971",11,126,721,1773,755,1711000101,"17100312","WNC","RaSAWD_fal_17110001","RaSAWD","RaSAWD_fal",2,"fal","RaSAWD","RaSAWD_fal","Subalpine Woodland",3
"5_53_73_72307",11,126,721,1773,1243,1711000101,"17100312","WNC","RaSAWD_fal_17110001","RaSAWD","RaSAWD_fal",2,"fal","RaSAWD","RaSAWD_fal","Subalpine Woodland",3
"5_53_61_80603",11,131,745,2282,1409,1711000601,"17110005","WNC","RaDFHEwt_fwm_WNC","RaDFHEwt","RaDFHEwt_fwm",33,"fwm","RaDFHEwt","RaDFHEwt_fwm","Douglas-fir Hemlock-Wet Mesic",5
"5_53_61_59311",11,131,745,2285,1502,1711000601,"17110005","WNC","RaABAMup_fst_WNC","RaABAMup","RaABAMup_fst",13,"fst","RaABAMup","RaABAMup_fst","Pacific Silver Fir - High Elevation",5
"5_53_61_73212",11,131,745,2282,1896,1711000601,"17110005","WNC","RaDFHEwt_fwm_WNC","RaDFHEwt","RaDFHEwt_fwm",33,"fwm","RaDFHEwt","RaDFHEwt_fwm","Douglas-fir Hemlock-Wet Mesic",5
"5_53_61_64720",11,131,745,2282,937,1711000601,"17110005","WNC","RaDFHEwt_fwm_WNC","RaDFHEwt","RaDFHEwt_fwm",33,"fwm","RaDFHEwt","RaDFHEwt_fwm","Douglas-fir Hemlock-Wet Mesic",5
"5_53_61_66269",11,131,745,2285,890,1711000601,"17110005","WNC","RaABAMup_fst_WNC","RaABAMup","RaABAMup_fst",13,"fst","RaABAMup","RaABAMup_fst","Pacific Silver Fir - High Elevation",5
"5_53_61_99747",11,131,745,2285,1168,1711000601,"17110005","WNC","RaABAMup_fst_WNC","RaABAMup","RaABAMup_fst",13,"fst","RaABAMup","RaABAMup_fst","Pacific Silver Fir - High Elevation",5
"5_53_61_52993",11,131,745,1830,667,1711000601,"17110005","WNC","RaSAWD_fal_17110006","RaSAWD","RaSAWD_fal",2,"fal","RaSAWD","RaSAWD_fal","Subalpine Woodland",3
"5_53_61_65774",11,131,745,2286,1175,1711000601,"17110005","WNC","Na0710411_fmt_WNC","Na0710411","Na0710411_fmt",5,"fmt","Na0710411","Na0710411_fmt","North Pacific Mountain Hemlock Forest - Wet",5
"5_53_61_85238",11,134,757,2285,1928,1711000904,"17110008","WNC","RaABAMup_fst_WNC","RaABAMup","RaABAMup_fst",13,"fst","RaABAMup","RaABAMup_fst","Pacific Silver Fir - High Elevation",5
"5_53_61_96656",11,134,757,2286,1020,1711000904,"17110008","WNC","Na0710411_fmt_WNC","Na0710411","Na0710411_fmt",5,"fmt","Na0710411","Na0710411_fmt","North Pacific Mountain Hemlock Forest - Wet",5
"5_53_61_60576",11,134,755,2285,817,1711000902,"17110008","WNC","RaABAMup_fst_WNC","RaABAMup","RaABAMup_fst",13,"fst","RaABAMup","RaABAMup_fst","Pacific Silver Fir - High Elevation",5
"5_53_33_81050",11,134,756,2282,1265,1711000903,"17110008","WNC","RaDFHEwt_fwm_WNC","RaDFHEwt","RaDFHEwt_fwm",33,"fwm","RaDFHEwt","RaDFHEwt_fwm","Douglas-fir Hemlock-Wet Mesic",5
"5_53_33_99895",11,134,756,2284,946,1711000903,"17110008","WNC","RaDFHEwt_fww_WNC","RaDFHEwt","RaDFHEwt_fww",34,"fww","RaDFHEwt","RaDFHEwt_fww","Douglas-fir Hemlock-Wet Mesic",5
"5_53_33_80979",11,134,756,2285,1605,1711000903,"17110008","WNC","RaABAMup_fst_WNC","RaABAMup","RaABAMup_fst",13,"fst","RaABAMup","RaABAMup_fst","Pacific Silver Fir - High Elevation",5
"5_53_33_57935",11,135,762,2286,1175,1711001002,"17110009","WNC","Na0710411_fmt_WNC","Na0710411","Na0710411_fmt",5,"fmt","Na0710411","Na0710411_fmt","North Pacific Mountain Hemlock Forest - Wet",5
"5_53_33_91825",11,135,762,2282,738,1711001002,"17110009","WNC","RaDFHEwt_fwm_WNC","RaDFHEwt","RaDFHEwt_fwm",33,"fwm","RaDFHEwt","RaDFHEwt_fwm","Douglas-fir Hemlock-Wet Mesic",5
"8_53_37_72569",10,26,124,1897,1049,1703000103,"17020016","WEC","RaABAMlw_fsi_17030001","RaABAMlw","RaABAMlw_fsi",14,"fsi","RaABAMlw","RaABAMlw_fsi","Pacific Silver Fir - Low Elevation",3
"8_53_37_99378",10,26,124,1898,1063,1703000103,"17020016","WEC","RaMCONms_fmm_17030001","RaMCONms","RaMCONms_fmm",27,"fmm","RaMCONms","RaMCONms_fmm","Mixed Conifer - Eastside Mesic",3
"8_53_37_55202",10,26,124,1898,1137,1703000103,"17020016","WEC","RaMCONms_fmm_17030001","RaMCONms","RaMCONms_fmm",27,"fmm","RaMCONms","RaMCONms_fmm","Mixed Conifer - Eastside Mesic",3
"8_53_37_72098",10,26,124,1897,1420,1703000103,"17020016","WEC","RaABAMlw_fsi_17030001","RaABAMlw","RaABAMlw_fsi",14,"fsi","RaABAMlw","RaABAMlw_fsi","Pacific Silver Fir - Low Elevation",3
"8_53_37_51934",10,26,124,1897,1183,1703000103,"17020016","WEC","RaABAMlw_fsi_17030001","RaABAMlw","RaABAMlw_fsi",14,"fsi","RaABAMlw","RaABAMlw_fsi","Pacific Silver Fir - Low Elevation",3
"5_53_33_84340",13,138,773,1915,1089,1711001301,"17110012","WWC","RaABAMlw_fsi_17110013","RaABAMlw","RaABAMlw_fsi",14,"fsi","RaABAMlw","RaABAMlw_fsi","Pacific Silver Fir - Low Elevation",3
"5_53_33_73643",13,138,773,1915,1322,1711001301,"17110012","WWC","RaABAMlw_fsi_17110013","RaABAMlw","RaABAMlw_fsi",14,"fsi","RaABAMlw","RaABAMlw_fsi","Pacific Silver Fir - Low Elevation",3
"5_53_33_81409",13,138,773,1902,808,1711001301,"17110012","WWC","RaDFHEdy_fdg_17110013","RaDFHEdy","RaDFHEdy_fdg",24,"fdg","RaDFHEdy","RaDFHEdy_fdg","Douglas-fir Hemlock-Dry Mesic",3
"5_53_33_81100",13,138,773,1915,1446,1711001301,"17110012","WWC","RaABAMlw_fsi_17110013","RaABAMlw","RaABAMlw_fsi",14,"fsi","RaABAMlw","RaABAMlw_fsi","Pacific Silver Fir - Low Elevation",3
"8_53_37_54135",10,27,129,1923,2095,1703000201,"17030001","WEC","RaABAMlw_fsi_17030002","RaABAMlw","RaABAMlw_fsi",14,"fsi","RaABAMlw","RaABAMlw_fsi","Pacific Silver Fir - Low Elevation",3
"5_53_73_83493",11,130,743,2285,1232,1711000510,"17110004","WNC","RaABAMup_fst_WNC","RaABAMup","RaABAMup_fst",13,"fst","RaABAMup","RaABAMup_fst","Pacific Silver Fir - High Elevation",5
"5_53_53_95896",13,139,778,1921,1523,1711001403,"17110013","WWC","RaABAMlw_fsi_17110014","RaABAMlw","RaABAMlw_fsi",14,"fsi","RaABAMlw","RaABAMlw_fsi","Pacific Silver Fir - Low Elevation",3
"8_53_77_63019",10,27,129,2291,1606,1703000201,"17030001","WEC","Na0710412_fmh_WEC","Na0710412","Na0710412_fmh",4,"fmh","Na0710412","Na0710412_fmh","North Pacific Mountain Hemlock Forest - Xeric",5
"8_53_77_63969",10,27,129,2291,2815,1703000201,"17030001","WEC","Na0710412_fmh_WEC","Na0710412","Na0710412_fmh",4,"fmh","Na0710412","Na0710412_fmh","North Pacific Mountain Hemlock Forest - Xeric",5
"8_53_77_82850",10,27,129,2291,1615,1703000201,"17030001","WEC","Na0710412_fmh_WEC","Na0710412","Na0710412_fmh",4,"fmh","Na0710412","Na0710412_fmh","North Pacific Mountain Hemlock Forest - Xeric",5
"8_53_77_76833",10,27,129,1923,1146,1703000201,"17030001","WEC","RaABAMlw_fsi_17030002","RaABAMlw","RaABAMlw_fsi",14,"fsi","RaABAMlw","RaABAMlw_fsi","Pacific Silver Fir - Low Elevation",3
"8_53_77_68486",10,27,129,1923,1942,1703000201,"17030001","WEC","RaABAMlw_fsi_17030002","RaABAMlw","RaABAMlw_fsi",14,"fsi","RaABAMlw","RaABAMlw_fsi","Pacific Silver Fir - Low Elevation",3
"8_53_77_77787",10,27,129,2291,1308,1703000201,"17030001","WEC","Na0710412_fmh_WEC","Na0710412","Na0710412_fmh",4,"fmh","Na0710412","Na0710412_fmh","North Pacific Mountain Hemlock Forest - Xeric",5
"8_53_77_54199",10,27,129,2291,1380,1703000201,"17030001","WEC","Na0710412_fmh_WEC","Na0710412","Na0710412_fmh",4,"fmh","Na0710412","Na0710412_fmh","North Pacific Mountain Hemlock Forest - Xeric",5
"8_53_77_94650",10,27,129,2291,1014,1703000201,"17030001","WEC","Na0710412_fmh_WEC","Na0710412","Na0710412_fmh",4,"fmh","Na0710412","Na0710412_fmh","North Pacific Mountain Hemlock Forest - Xeric",5
"8_53_77_93542",10,27,131,2291,753,1703000203,"17030001","WEC","Na0710412_fmh_WEC","Na0710412","Na0710412_fmh",4,"fmh","Na0710412","Na0710412_fmh","North Pacific Mountain Hemlock Forest - Xeric",5
"7_53_41_51127",10,27,131,1924,801,1703000203,"17030001","WEC","RaSAWD_fal_17030002","RaSAWD","RaSAWD_fal",2,"fal","RaSAWD","RaSAWD_fal","Subalpine Woodland",3
"8_53_77_81375",10,27,131,1925,1252,1703000203,"17030001","WEC","RaMCONms_fmm_17030002","RaMCONms","RaMCONms_fmm",27,"fmm","RaMCONms","RaMCONms_fmm","Mixed Conifer - Eastside Mesic",3
"8_53_77_97453",10,62,340,1962,1445,1707010601,"17070105C","WEC","RaMCONms_fmm_17070106","RaMCONms","RaMCONms_fmm",27,"fmm","RaMCONms","RaMCONms_fmm","Mixed Conifer - Eastside Mesic",3
"8_53_77_64081",10,62,340,1962,1094,1707010601,"17070105C","WEC","RaMCONms_fmm_17070106","RaMCONms","RaMCONms_fmm",27,"fmm","RaMCONms","RaMCONms_fmm","Mixed Conifer - Eastside Mesic",3
"8_53_77_61545",10,62,341,295,1677,1707010602,"17070105C","WEC","RaMCONdy_fmd_1707010602","RaMCONdy","RaMCONdy_fmd",28,"fmd","RaMCONdy","RaMCONdy_fmd","Mixed Conifer - Eastside Dry",1
"8_53_39_71601",10,60,335,316,1503,1707010508,"17070105B","WEC","RaMCONdy_fmd_1707010508","RaMCONdy","RaMCONdy_fmd",28,"fmd","RaMCONdy","RaMCONdy_fmd","Mixed Conifer - Eastside Dry",1
"8_53_39_68589",10,60,335,316,1759,1707010508,"17070105B","WEC","RaMCONdy_fmd_1707010508","RaMCONdy","RaMCONdy_fmd",28,"fmd","RaMCONdy","RaMCONdy_fmd","Mixed Conifer - Eastside Dry",1
"8_53_39_53894",10,62,343,336,279,1707010604,"17070105C","WEC","RaMCONdy_fmd_1707010604","RaMCONdy","RaMCONdy_fmd",28,"fmd","RaMCONdy","RaMCONdy_fmd","Mixed Conifer - Eastside Dry",1
"3_41_65_81407",4,59,338,384,1425,1707010511,"17070104","OEC","RaMCONdy_fmd_1707010511","RaMCONdy","RaMCONdy_fmd",28,"fmd","RaMCONdy","RaMCONdy_fmd","Mixed Conifer - Eastside Dry",1
"3_41_65_85763",4,59,338,384,574,1707010511,"17070104","OEC","RaMCONdy_fmd_1707010511","RaMCONdy","RaMCONdy_fmd",28,"fmd","RaMCONdy","RaMCONdy_fmd","Mixed Conifer - Eastside Dry",1
"3_41_65_96416",4,59,331,2019,1035,1707010504,"17070104","OEC","RaPIPOxe_fxp_17070105B","RaPIPOxe","RaPIPOxe_fxp",56,"fxp","RaPIPOxe","RaPIPOxe_fxp","Ponderosa Pine - Xeric",3
"3_41_65_64824",4,59,331,412,551,1707010504,"17070104","OEC","RaMCONdy_fmd_1707010504","RaMCONdy","RaMCONdy_fmd",28,"fmd","RaMCONdy","RaMCONdy_fmd","Mixed Conifer - Eastside Dry",1
"5_53_73_69799",11,130,742,1777,786,1711000509,"17110004","WNC","RaSAWD_fal_17110005","RaSAWD","RaSAWD_fal",2,"fal","RaSAWD","RaSAWD_fal","Subalpine Woodland",3
"3_41_65_70003",4,59,329,450,355,1707010502,"17070104","OEC","RaMCONdy_fmd_1707010502","RaMCONdy","RaMCONdy_fmd",28,"fmd","RaMCONdy","RaMCONdy_fmd","Mixed Conifer - Eastside Dry",1
"3_41_65_79425",4,59,330,486,1647,1707010503,"17070104","OEC","RaMCONdy_fmd_1707010503","RaMCONdy","RaMCONdy_fmd",28,"fmd","RaMCONdy","RaMCONdy_fmd","Mixed Conifer - Eastside Dry",1
"3_41_65_79026",4,59,330,486,2209,1707010503,"17070104","OEC","RaMCONdy_fmd_1707010503","RaMCONdy","RaMCONdy_fmd",28,"fmd","RaMCONdy","RaMCONdy_fmd","Mixed Conifer - Eastside Dry",1
"3_41_65_76996",4,73,441,503,459,1707030608,"17070305B","OEC","RaMCONdy_fmd_1707030608","RaMCONdy","RaMCONdy_fmd",28,"fmd","RaMCONdy","RaMCONdy_fmd","Mixed Conifer - Eastside Dry",1
"5_53_57_85579",11,130,742,2282,897,1711000509,"17110004","WNC","RaDFHEwt_fwm_WNC","RaDFHEwt","RaDFHEwt_fwm",33,"fwm","RaDFHEwt","RaDFHEwt_fwm","Douglas-fir Hemlock-Wet Mesic",5
"3_41_31_53964",4,73,436,2023,3,1707030603,"17070305B","OEC","RaPIPOxe_fxp_17070306","RaPIPOxe","RaPIPOxe_fxp",56,"fxp","RaPIPOxe","RaPIPOxe_fxp","Ponderosa Pine - Xeric",3
"3_41_31_73666",2,71,433,2103,40,1707030511,"17070304","OBM","RaPIPOxe_fxp_17070305A","RaPIPOxe","RaPIPOxe_fxp",56,"fxp","RaPIPOxe","RaPIPOxe_fxp","Ponderosa Pine - Xeric",3
"5_53_57_96464",11,130,742,2285,1319,1711000509,"17110004","WNC","RaABAMup_fst_WNC","RaABAMup","RaABAMup_fst",13,"fst","RaABAMup","RaABAMup_fst","Pacific Silver Fir - High Elevation",5
"5_53_57_68215",11,130,742,2285,923,1711000509,"17110004","WNC","RaABAMup_fst_WNC","RaABAMup","RaABAMup_fst",13,"fst","RaABAMup","RaABAMup_fst","Pacific Silver Fir - High Elevation",5
"3_41_31_56876",4,67,394,2098,17,1707030108,"17070204","OEC","RaPIPOxe_fxp_17070301","RaPIPOxe","RaPIPOxe_fxp",56,"fxp","RaPIPOxe","RaPIPOxe_fxp","Ponderosa Pine - Xeric",3
"3_41_17_74788",4,67,394,2098,3,1707030108,"17070204","OEC","RaPIPOxe_fxp_17070301","RaPIPOxe","RaPIPOxe_fxp",56,"fxp","RaPIPOxe","RaPIPOxe_fxp","Ponderosa Pine - Xeric",3
"3_41_17_79084",4,67,394,2098,2154,1707030108,"17070204","OEC","RaPIPOxe_fxp_17070301","RaPIPOxe","RaPIPOxe_fxp",56,"fxp","RaPIPOxe","RaPIPOxe_fxp","Ponderosa Pine - Xeric",3
"3_41_17_62815",4,67,394,2098,2831,1707030108,"17070204","OEC","RaPIPOxe_fxp_17070301","RaPIPOxe","RaPIPOxe_fxp",56,"fxp","RaPIPOxe","RaPIPOxe_fxp","Ponderosa Pine - Xeric",3
"3_41_17_63876",4,67,394,879,3478,1707030108,"17070204","OEC","RaPIPOm_fdp_1707030108","RaPIPOm","RaPIPOm_fdp",52,"fdp","RaPIPOm","RaPIPOm_fdp","Dry Ponderosa Pine - Mesic",1
"3_41_17_70138",4,67,394,879,1988,1707030108,"17070204","OEC","RaPIPOm_fdp_1707030108","RaPIPOm","RaPIPOm_fdp",52,"fdp","RaPIPOm","RaPIPOm_fdp","Dry Ponderosa Pine - Mesic",1
"3_41_17_72791",4,67,394,879,1247,1707030108,"17070204","OEC","RaPIPOm_fdp_1707030108","RaPIPOm","RaPIPOm_fdp",52,"fdp","RaPIPOm","RaPIPOm_fdp","Dry Ponderosa Pine - Mesic",1
"3_41_17_90496",4,67,390,990,2191,1707030104,"17070204","OEC","RaMCONdy_fmx_1707030104","RaMCONdy","RaMCONdy_fmx",29,"fmx","RaMCONdy","RaMCONdy_fmx","Mixed Conifer - Eastside Dry",1
"3_41_17_81160",4,67,390,2322,1516,1707030104,"17070204","OEC","RaSPFI_fmz_OEC","RaSPFI","RaSPFI_fmz",26,"fmz","RaSPFI","RaSPFI_fmz","Spruce - Fir",4
"3_41_17_70467",4,68,404,2322,783,1707030207,"17070301","OEC","RaSPFI_fmz_OEC","RaSPFI","RaSPFI_fmz",26,"fmz","RaSPFI","RaSPFI_fmz","Spruce - Fir",4
"3_41_17_51891",4,68,404,2324,1445,1707030207,"17070301","OEC","Na0710412_fmh_OEC","Na0710412","Na0710412_fmh",4,"fmh","Na0710412","Na0710412_fmh","North Pacific Mountain Hemlock Forest - Xeric",5
"3_41_17_58735",4,68,404,2166,1625,1707030207,"17070301","OEC","RaSAWD_fal_17070302","RaSAWD","RaSAWD_fal",2,"fal","RaSAWD","RaSAWD_fal","Subalpine Woodland",3
"3_41_17_57378",4,68,404,2324,1788,1707030207,"17070301","OEC","Na0710412_fmh_OEC","Na0710412","Na0710412_fmh",4,"fmh","Na0710412","Na0710412_fmh","North Pacific Mountain Hemlock Forest - Xeric",5
"3_41_17_67035",4,68,403,2159,1721,1707030206,"17070301","OEC","RaMCONms_fmm_17070302","RaMCONms","RaMCONms_fmm",27,"fmm","RaMCONms","RaMCONms_fmm","Mixed Conifer - Eastside Mesic",3
"3_41_17_69091",4,68,403,2322,2120,1707030206,"17070301","OEC","RaSPFI_fmz_OEC","RaSPFI","RaSPFI_fmz",26,"fmz","RaSPFI","RaSPFI_fmz","Spruce - Fir",4
"3_41_17_75934",4,68,403,1080,1042,1707030206,"17070301","OEC","RaMCONdy_fmx_1707030206","RaMCONdy","RaMCONdy_fmx",29,"fmx","RaMCONdy","RaMCONdy_fmx","Mixed Conifer - Eastside Dry",1
"5_53_57_87636",11,130,741,2286,1143,1711000508,"17110004","WNC","Na0710411_fmt_WNC","Na0710411","Na0710411_fmt",5,"fmt","Na0710411","Na0710411_fmt","North Pacific Mountain Hemlock Forest - Wet",5
"3_41_37_56382",4,68,403,1080,2421,1707030206,"17070301","OEC","RaMCONdy_fmx_1707030206","RaMCONdy","RaMCONdy_fmx",29,"fmx","RaMCONdy","RaMCONdy_fmx","Mixed Conifer - Eastside Dry",1
"3_41_37_89622",4,68,403,1080,1321,1707030206,"17070301","OEC","RaMCONdy_fmx_1707030206","RaMCONdy","RaMCONdy_fmx",29,"fmx","RaMCONdy","RaMCONdy_fmx","Mixed Conifer - Eastside Dry",1
"3_41_37_56726",4,68,403,1079,1393,1707030206,"17070301","OEC","RaPIPOm_fpl_1707030206","RaPIPOm","RaPIPOm_fpl",55,"fpl","RaPIPOm","RaPIPOm_fpl","Dry Ponderosa Pine - Mesic",1
"3_41_37_66283",4,68,403,1079,2446,1707030206,"17070301","OEC","RaPIPOm_fpl_1707030206","RaPIPOm","RaPIPOm_fpl",55,"fpl","RaPIPOm","RaPIPOm_fpl","Dry Ponderosa Pine - Mesic",1
"3_41_37_66546",4,68,403,1079,1068,1707030206,"17070301","OEC","RaPIPOm_fpl_1707030206","RaPIPOm","RaPIPOm_fpl",55,"fpl","RaPIPOm","RaPIPOm_fpl","Dry Ponderosa Pine - Mesic",1
"3_41_37_74421",4,151,843,1100,983,1712000504,"17120004","OEC","RaPIPOm_fpl_1712000504","RaPIPOm","RaPIPOm_fpl",55,"fpl","RaPIPOm","RaPIPOm_fpl","Dry Ponderosa Pine - Mesic",1
"3_41_37_95276",4,151,843,1100,1379,1712000504,"17120004","OEC","RaPIPOm_fpl_1712000504","RaPIPOm","RaPIPOm_fpl",55,"fpl","RaPIPOm","RaPIPOm_fpl","Dry Ponderosa Pine - Mesic",1
"3_41_37_67598",4,151,843,1100,1382,1712000504,"17120004","OEC","RaPIPOm_fpl_1712000504","RaPIPOm","RaPIPOm_fpl",55,"fpl","RaPIPOm","RaPIPOm_fpl","Dry Ponderosa Pine - Mesic",1
"3_41_37_55708",4,151,843,1100,1343,1712000504,"17120004","OEC","RaPIPOm_fpl_1712000504","RaPIPOm","RaPIPOm_fpl",55,"fpl","RaPIPOm","RaPIPOm_fpl","Dry Ponderosa Pine - Mesic",1
"3_41_37_61245",4,151,843,1100,830,1712000504,"17120004","OEC","RaPIPOm_fpl_1712000504","RaPIPOm","RaPIPOm_fpl",55,"fpl","RaPIPOm","RaPIPOm_fpl","Dry Ponderosa Pine - Mesic",1
"3_41_37_89289",4,151,843,1100,935,1712000504,"17120004","OEC","RaPIPOm_fpl_1712000504","RaPIPOm","RaPIPOm_fpl",55,"fpl","RaPIPOm","RaPIPOm_fpl","Dry Ponderosa Pine - Mesic",1
"3_41_37_57331",4,151,843,1100,1817,1712000504,"17120004","OEC","RaPIPOm_fpl_1712000504","RaPIPOm","RaPIPOm_fpl",55,"fpl","RaPIPOm","RaPIPOm_fpl","Dry Ponderosa Pine - Mesic",1
"3_41_37_81328",4,151,843,1100,2249,1712000504,"17120004","OEC","RaPIPOm_fpl_1712000504","RaPIPOm","RaPIPOm_fpl",55,"fpl","RaPIPOm","RaPIPOm_fpl","Dry Ponderosa Pine - Mesic",1
"5_53_57_67585",11,130,741,2286,928,1711000508,"17110004","WNC","Na0710411_fmt_WNC","Na0710411","Na0710411_fmt",5,"fmt","Na0710411","Na0710411_fmt","North Pacific Mountain Hemlock Forest - Wet",5
"3_41_37_59663",4,151,841,1171,1800,1712000502,"17120004","OEC","RaMCONdy_fmx_1712000502","RaMCONdy","RaMCONdy_fmx",29,"fmx","RaMCONdy","RaMCONdy_fmx","Mixed Conifer - Eastside Dry",1
"3_41_37_92415",4,151,840,1155,1980,1712000501,"17120004","OEC","RaPIPOm_fpl_1712000501","RaPIPOm","RaPIPOm_fpl",55,"fpl","RaPIPOm","RaPIPOm_fpl","Dry Ponderosa Pine - Mesic",1
"5_53_57_82633",11,130,744,2285,1269,1711000511,"17110004","WNC","RaABAMup_fst_WNC","RaABAMup","RaABAMup_fst",13,"fst","RaABAMup","RaABAMup_fst","Pacific Silver Fir - High Elevation",5
"3_41_37_54240",4,151,840,1155,894,1712000501,"17120004","OEC","RaPIPOm_fpl_1712000501","RaPIPOm","RaPIPOm_fpl",55,"fpl","RaPIPOm","RaPIPOm_fpl","Dry Ponderosa Pine - Mesic",1
"3_41_37_68769",4,151,841,2324,2175,1712000502,"17120004","OEC","Na0710412_fmh_OEC","Na0710412","Na0710412_fmh",4,"fmh","Na0710412","Na0710412_fmh","North Pacific Mountain Hemlock Forest - Xeric",5
"3_41_37_79139",4,151,841,2324,2339,1712000502,"17120004","OEC","Na0710412_fmh_OEC","Na0710412","Na0710412_fmh",4,"fmh","Na0710412","Na0710412_fmh","North Pacific Mountain Hemlock Forest - Xeric",5
"3_41_37_59249",4,151,841,2324,1432,1712000502,"17120004","OEC","Na0710412_fmh_OEC","Na0710412","Na0710412_fmh",4,"fmh","Na0710412","Na0710412_fmh","North Pacific Mountain Hemlock Forest - Xeric",5
"3_41_37_91372",4,158,899,2322,1048,1801020202,"18010201","OEC","RaSPFI_fmz_OEC","RaSPFI","RaSPFI_fmz",26,"fmz","RaSPFI","RaSPFI_fmz","Spruce - Fir",4
"3_41_37_52119",4,158,899,1324,1496,1801020202,"18010201","OEC","RaMCONdy_fmx_1801020202","RaMCONdy","RaMCONdy_fmx",29,"fmx","RaMCONdy","RaMCONdy_fmx","Mixed Conifer - Eastside Dry",1
"5_53_57_67110",11,130,744,2287,1171,1711000511,"17110004","WNC","Na0710412_fmc_WNC","Na0710412","Na0710412_fmc",7,"fmc","Na0710412","Na0710412_fmc","North Pacific Mountain Hemlock Forest - Xeric",5
"3_41_37_55968",4,158,903,1370,1272,1801020206,"18010201","OEC","RaMCONdy_fmx_1801020206","RaMCONdy","RaMCONdy_fmx",29,"fmx","RaMCONdy","RaMCONdy_fmx","Mixed Conifer - Eastside Dry",1
"3_41_35_68401",4,158,903,2232,1621,1801020206,"18010201","OEC","RaPIPOxe_fpd_18010202","RaPIPOxe","RaPIPOxe_fpd",53,"fpd","RaPIPOxe","RaPIPOxe_fpd","Ponderosa Pine - Xeric",3
"3_41_35_70181",4,158,903,1371,2192,1801020206,"18010201","OEC","RaPIPOm_fpl_1801020206","RaPIPOm","RaPIPOm_fpl",55,"fpl","RaPIPOm","RaPIPOm_fpl","Dry Ponderosa Pine - Mesic",1
"3_41_35_66860",4,158,903,1370,1928,1801020206,"18010201","OEC","RaMCONdy_fmx_1801020206","RaMCONdy","RaMCONdy_fmx",29,"fmx","RaMCONdy","RaMCONdy_fmx","Mixed Conifer - Eastside Dry",1
"3_41_35_56059",4,158,903,1370,1669,1801020206,"18010201","OEC","RaMCONdy_fmx_1801020206","RaMCONdy","RaMCONdy_fmx",29,"fmx","RaMCONdy","RaMCONdy_fmx","Mixed Conifer - Eastside Dry",1
"3_41_35_79374",4,158,904,2233,1065,1801020207,"18010201","OEC","RaPIPOxe_fxp_18010202","RaPIPOxe","RaPIPOxe_fxp",56,"fxp","RaPIPOxe","RaPIPOxe_fxp","Ponderosa Pine - Xeric",3
"3_41_35_77625",4,158,904,1430,2025,1801020207,"18010201","OEC","RaMCONdy_fmx_1801020207","RaMCONdy","RaMCONdy_fmx",29,"fmx","RaMCONdy","RaMCONdy_fmx","Mixed Conifer - Eastside Dry",1
"3_41_35_56932",4,158,904,1430,2579,1801020207,"18010201","OEC","RaMCONdy_fmx_1801020207","RaMCONdy","RaMCONdy_fmx",29,"fmx","RaMCONdy","RaMCONdy_fmx","Mixed Conifer - Eastside Dry",1
"3_41_35_90173",4,160,910,1623,1900,1801020405,"18010203","OEC","RaMCONdy_fmd_1801020405","RaMCONdy","RaMCONdy_fmd",28,"fmd","RaMCONdy","RaMCONdy_fmd","Mixed Conifer - Eastside Dry",1
"3_41_35_94082",4,160,910,2261,1942,1801020405,"18010203","OEC","RaPIPOxe_fpd_18010204","RaPIPOxe","RaPIPOxe_fpd",53,"fpd","RaPIPOxe","RaPIPOxe_fpd","Ponderosa Pine - Xeric",3
"3_41_35_53600",4,160,910,1623,848,1801020405,"18010203","OEC","RaMCONdy_fmd_1801020405","RaMCONdy","RaMCONdy_fmd",28,"fmd","RaMCONdy","RaMCONdy_fmd","Mixed Conifer - Eastside Dry",1
"3_41_35_64975",4,160,910,1623,2473,1801020405,"18010203","OEC","RaMCONdy_fmd_1801020405","RaMCONdy","RaMCONdy_fmd",28,"fmd","RaMCONdy","RaMCONdy_fmd","Mixed Conifer - Eastside Dry",1
"3_41_35_50115",4,160,911,1644,1698,1801020406,"18010203","OEC","RaMCONdy_fmd_1801020406","RaMCONdy","RaMCONdy_fmd",28,"fmd","RaMCONdy","RaMCONdy_fmd","Mixed Conifer - Eastside Dry",1
"3_41_35_77289",4,160,911,2260,198,1801020406,"18010203","OEC","RaPIPOxe_fxp_18010204","RaPIPOxe","RaPIPOxe_fxp",56,"fxp","RaPIPOxe","RaPIPOxe_fxp","Ponderosa Pine - Xeric",3
"3_41_35_82116",4,160,909,2260,618,1801020404,"18010203","OEC","RaPIPOxe_fxp_18010204","RaPIPOxe","RaPIPOxe_fxp",56,"fxp","RaPIPOxe","RaPIPOxe_fxp","Ponderosa Pine - Xeric",3
"5_53_57_91627",11,131,747,2287,907,1711000603,"17110005","WNC","Na0710412_fmc_WNC","Na0710412","Na0710412_fmc",7,"fmc","Na0710412","Na0710412_fmc","North Pacific Mountain Hemlock Forest - Xeric",5
"5_53_57_99329",11,131,747,2285,1571,1711000603,"17110005","WNC","RaABAMup_fst_WNC","RaABAMup","RaABAMup_fst",13,"fst","RaABAMup","RaABAMup_fst","Pacific Silver Fir - High Elevation",5
"5_53_61_81698",11,131,747,1816,1048,1711000603,"17110005","WNC","RaDFHEdy_fwi_17110006","RaDFHEdy","RaDFHEdy_fwi",31,"fwi","RaDFHEdy","RaDFHEdy_fwi","Douglas-fir Hemlock-Dry Mesic",3
"5_53_61_91468",11,131,747,2282,1031,1711000603,"17110005","WNC","RaDFHEwt_fwm_WNC","RaDFHEwt","RaDFHEwt_fwm",33,"fwm","RaDFHEwt","RaDFHEwt_fwm","Douglas-fir Hemlock-Wet Mesic",5
"5_53_61_73845",11,131,747,2285,1137,1711000603,"17110005","WNC","RaABAMup_fst_WNC","RaABAMup","RaABAMup_fst",13,"fst","RaABAMup","RaABAMup_fst","Pacific Silver Fir - High Elevation",5
"5_53_61_53101",11,131,745,1822,883,1711000601,"17110005","WNC","RaABAMlw_fsi_17110006","RaABAMlw","RaABAMlw_fsi",14,"fsi","RaABAMlw","RaABAMlw_fsi","Pacific Silver Fir - Low Elevation",3
"5_53_61_85061",11,131,745,2282,909,1711000601,"17110005","WNC","RaDFHEwt_fwm_WNC","RaDFHEwt","RaDFHEwt_fwm",33,"fwm","RaDFHEwt","RaDFHEwt_fwm","Douglas-fir Hemlock-Wet Mesic",5
"5_53_61_93573",11,131,745,1830,726,1711000601,"17110005","WNC","RaSAWD_fal_17110006","RaSAWD","RaSAWD_fal",2,"fal","RaSAWD","RaSAWD_fal","Subalpine Woodland",3
"5_53_61_86046",11,131,745,2282,1258,1711000601,"17110005","WNC","RaDFHEwt_fwm_WNC","RaDFHEwt","RaDFHEwt_fwm",33,"fwm","RaDFHEwt","RaDFHEwt_fwm","Douglas-fir Hemlock-Wet Mesic",5
"5_53_61_55877",11,131,745,2285,1043,1711000601,"17110005","WNC","RaABAMup_fst_WNC","RaABAMup","RaABAMup_fst",13,"fst","RaABAMup","RaABAMup_fst","Pacific Silver Fir - High Elevation",5
"5_53_61_63058",11,131,745,2286,898,1711000601,"17110005","WNC","Na0710411_fmt_WNC","Na0710411","Na0710411_fmt",5,"fmt","Na0710411","Na0710411_fmt","North Pacific Mountain Hemlock Forest - Wet",5
"5_53_61_74946",11,134,757,2286,1352,1711000904,"17110008","WNC","Na0710411_fmt_WNC","Na0710411","Na0710411_fmt",5,"fmt","Na0710411","Na0710411_fmt","North Pacific Mountain Hemlock Forest - Wet",5
"5_53_61_78870",11,134,757,2285,1279,1711000904,"17110008","WNC","RaABAMup_fst_WNC","RaABAMup","RaABAMup_fst",13,"fst","RaABAMup","RaABAMup_fst","Pacific Silver Fir - High Elevation",5
"5_53_61_92560",11,134,757,2286,1451,1711000904,"17110008","WNC","Na0710411_fmt_WNC","Na0710411","Na0710411_fmt",5,"fmt","Na0710411","Na0710411_fmt","North Pacific Mountain Hemlock Forest - Wet",5
"5_53_61_68292",11,134,755,2285,1576,1711000902,"17110008","WNC","RaABAMup_fst_WNC","RaABAMup","RaABAMup_fst",13,"fst","RaABAMup","RaABAMup_fst","Pacific Silver Fir - High Elevation",5
"5_53_61_70017",11,134,755,2286,1714,1711000902,"17110008","WNC","Na0710411_fmt_WNC","Na0710411","Na0710411_fmt",5,"fmt","Na0710411","Na0710411_fmt","North Pacific Mountain Hemlock Forest - Wet",5
"5_53_33_70894",11,134,755,2285,1231,1711000902,"17110008","WNC","RaABAMup_fst_WNC","RaABAMup","RaABAMup_fst",13,"fst","RaABAMup","RaABAMup_fst","Pacific Silver Fir - High Elevation",5
"5_53_33_85048",11,134,756,2285,2302,1711000903,"17110008","WNC","RaABAMup_fst_WNC","RaABAMup","RaABAMup_fst",13,"fst","RaABAMup","RaABAMup_fst","Pacific Silver Fir - High Elevation",5
"5_53_33_73774",11,134,756,2285,849,1711000903,"17110008","WNC","RaABAMup_fst_WNC","RaABAMup","RaABAMup_fst",13,"fst","RaABAMup","RaABAMup_fst","Pacific Silver Fir - High Elevation",5
"5_53_33_88474",11,134,756,2286,1974,1711000903,"17110008","WNC","Na0710411_fmt_WNC","Na0710411","Na0710411_fmt",5,"fmt","Na0710411","Na0710411_fmt","North Pacific Mountain Hemlock Forest - Wet",5
"5_53_33_93406",11,135,762,2285,958,1711001002,"17110009","WNC","RaABAMup_fst_WNC","RaABAMup","RaABAMup_fst",13,"fst","RaABAMup","RaABAMup_fst","Pacific Silver Fir - High Elevation",5
"8_53_37_54867",10,26,124,1897,1070,1703000103,"17020016","WEC","RaABAMlw_fsi_17030001","RaABAMlw","RaABAMlw_fsi",14,"fsi","RaABAMlw","RaABAMlw_fsi","Pacific Silver Fir - Low Elevation",3
"8_53_37_91404",10,26,124,1898,1624,1703000103,"17020016","WEC","RaMCONms_fmm_17030001","RaMCONms","RaMCONms_fmm",27,"fmm","RaMCONms","RaMCONms_fmm","Mixed Conifer - Eastside Mesic",3
"8_53_37_63861",10,26,124,1898,2257,1703000103,"17020016","WEC","RaMCONms_fmm_17030001","RaMCONms","RaMCONms_fmm",27,"fmm","RaMCONms","RaMCONms_fmm","Mixed Conifer - Eastside Mesic",3
"8_53_37_56060",10,26,124,1897,1615,1703000103,"17020016","WEC","RaABAMlw_fsi_17030001","RaABAMlw","RaABAMlw_fsi",14,"fsi","RaABAMlw","RaABAMlw_fsi","Pacific Silver Fir - Low Elevation",3
"8_53_37_93543",10,26,124,1897,2325,1703000103,"17020016","WEC","RaABAMlw_fsi_17030001","RaABAMlw","RaABAMlw_fsi",14,"fsi","RaABAMlw","RaABAMlw_fsi","Pacific Silver Fir - Low Elevation",3
"5_53_33_53190",13,138,773,1915,2160,1711001301,"17110012","WWC","RaABAMlw_fsi_17110013","RaABAMlw","RaABAMlw_fsi",14,"fsi","RaABAMlw","RaABAMlw_fsi","Pacific Silver Fir - Low Elevation",3
"5_53_33_79242",13,138,773,1915,1251,1711001301,"17110012","WWC","RaABAMlw_fsi_17110013","RaABAMlw","RaABAMlw_fsi",14,"fsi","RaABAMlw","RaABAMlw_fsi","Pacific Silver Fir - Low Elevation",3
"8_53_37_89172",10,27,129,1923,2141,1703000201,"17030001","WEC","RaABAMlw_fsi_17030002","RaABAMlw","RaABAMlw_fsi",14,"fsi","RaABAMlw","RaABAMlw_fsi","Pacific Silver Fir - Low Elevation",3
"8_53_37_64392",10,27,129,1923,3093,1703000201,"17030001","WEC","RaABAMlw_fsi_17030002","RaABAMlw","RaABAMlw_fsi",14,"fsi","RaABAMlw","RaABAMlw_fsi","Pacific Silver Fir - Low Elevation",3
"8_53_77_79058",10,27,129,1923,2679,1703000201,"17030001","WEC","RaABAMlw_fsi_17030002","RaABAMlw","RaABAMlw_fsi",14,"fsi","RaABAMlw","RaABAMlw_fsi","Pacific Silver Fir - Low Elevation",3
"8_53_77_62915",10,27,129,2291,827,1703000201,"17030001","WEC","Na0710412_fmh_WEC","Na0710412","Na0710412_fmh",4,"fmh","Na0710412","Na0710412_fmh","North Pacific Mountain Hemlock Forest - Xeric",5
"8_53_77_57675",10,27,129,1925,1064,1703000201,"17030001","WEC","RaMCONms_fmm_17030002","RaMCONms","RaMCONms_fmm",27,"fmm","RaMCONms","RaMCONms_fmm","Mixed Conifer - Eastside Mesic",3
"8_53_77_69225",10,27,129,1923,1474,1703000201,"17030001","WEC","RaABAMlw_fsi_17030002","RaABAMlw","RaABAMlw_fsi",14,"fsi","RaABAMlw","RaABAMlw_fsi","Pacific Silver Fir - Low Elevation",3
"8_53_77_73334",10,27,129,2291,2340,1703000201,"17030001","WEC","Na0710412_fmh_WEC","Na0710412","Na0710412_fmh",4,"fmh","Na0710412","Na0710412_fmh","North Pacific Mountain Hemlock Forest - Xeric",5
"8_53_77_64797",10,27,129,1924,1630,1703000201,"17030001","WEC","RaSAWD_fal_17030002","RaSAWD","RaSAWD_fal",2,"fal","RaSAWD","RaSAWD_fal","Subalpine Woodland",3
"8_53_77_68489",10,27,131,2291,2271,1703000203,"17030001","WEC","Na0710412_fmh_WEC","Na0710412","Na0710412_fmh",4,"fmh","Na0710412","Na0710412_fmh","North Pacific Mountain Hemlock Forest - Xeric",5
"8_53_77_54082",10,27,131,1923,995,1703000203,"17030001","WEC","RaABAMlw_fsi_17030002","RaABAMlw","RaABAMlw_fsi",14,"fsi","RaABAMlw","RaABAMlw_fsi","Pacific Silver Fir - Low Elevation",3
"8_53_77_99172",10,27,131,1925,1247,1703000203,"17030001","WEC","RaMCONms_fmm_17030002","RaMCONms","RaMCONms_fmm",27,"fmm","RaMCONms","RaMCONms_fmm","Mixed Conifer - Eastside Mesic",3
"8_53_77_83032",10,27,131,2291,1494,1703000203,"17030001","WEC","Na0710412_fmh_WEC","Na0710412","Na0710412_fmh",4,"fmh","Na0710412","Na0710412_fmh","North Pacific Mountain Hemlock Forest - Xeric",5
"8_53_77_96992",10,27,131,1924,1393,1703000203,"17030001","WEC","RaSAWD_fal_17030002","RaSAWD","RaSAWD_fal",2,"fal","RaSAWD","RaSAWD_fal","Subalpine Woodland",3
"8_53_77_87938",10,27,131,1925,1493,1703000203,"17030001","WEC","RaMCONms_fmm_17030002","RaMCONms","RaMCONms_fmm",27,"fmm","RaMCONms","RaMCONms_fmm","Mixed Conifer - Eastside Mesic",3
"8_53_77_90270",10,27,131,1924,2170,1703000203,"17030001","WEC","RaSAWD_fal_17030002","RaSAWD","RaSAWD_fal",2,"fal","RaSAWD","RaSAWD_fal","Subalpine Woodland",3
"8_53_77_71236",10,27,131,2291,1983,1703000203,"17030001","WEC","Na0710412_fmh_WEC","Na0710412","Na0710412_fmh",4,"fmh","Na0710412","Na0710412_fmh","North Pacific Mountain Hemlock Forest - Xeric",5
"8_53_77_78964",10,62,340,2291,2403,1707010601,"17070105C","WEC","Na0710412_fmh_WEC","Na0710412","Na0710412_fmh",4,"fmh","Na0710412","Na0710412_fmh","North Pacific Mountain Hemlock Forest - Xeric",5
"8_53_77_93570",10,62,340,261,846,1707010601,"17070105C","WEC","RaMCONdy_fmd_1707010601","RaMCONdy","RaMCONdy_fmd",28,"fmd","RaMCONdy","RaMCONdy_fmd","Mixed Conifer - Eastside Dry",1
"2_41_11_54368",3,117,668,2315,429,1710030403,"17100303A","OCR","RaDFHEwt_fwn_OCR","RaDFHEwt","RaDFHEwt_fwn",32,"fwn","RaDFHEwt","RaDFHEwt_fwn","Douglas-fir Hemlock-Wet Mesic",5
"2_41_11_55652",3,117,668,2316,1141,1710030403,"17100303A","OCR","RaDFHEwt_fww_OCR","RaDFHEwt","RaDFHEwt_fww",34,"fww","RaDFHEwt","RaDFHEwt_fww","Douglas-fir Hemlock-Wet Mesic",5
"6_53_9_98006",9,146,810,2295,876,1711002107,"17110020","WCR","RaSSHE_fss_WCR","RaSSHE","RaSSHE_fss",60,"fss","RaSSHE","RaSSHE_fss","Sitka Spruce - Western Hemlock",5
"2_41_11_92490",6,118,674,2350,905,1710030505,"17100304","OSW","RaDFHEwt_fwn_OSW","RaDFHEwt","RaDFHEwt_fwn",32,"fwn","RaDFHEwt","RaDFHEwt_fwn","Douglas-fir Hemlock-Wet Mesic",5
"2_41_11_83062",6,118,674,2350,2316,1710030505,"17100304","OSW","RaDFHEwt_fwn_OSW","RaDFHEwt","RaDFHEwt_fwn",32,"fwn","RaDFHEwt","RaDFHEwt_fwn","Douglas-fir Hemlock-Wet Mesic",5
"2_41_15_93928",6,119,676,2347,1703,1710030602,"17100305","OSW","RaDFHEwt_fwm_OSW","RaDFHEwt","RaDFHEwt_fwm",33,"fwm","RaDFHEwt","RaDFHEwt_fwm","Douglas-fir Hemlock-Wet Mesic",5
"2_41_15_81565",6,119,676,1283,942,1710030602,"17100305","OSW","RaTAOAco_ftm_1710030602","RaTAOAco","RaTAOAco_ftm",47,"ftm","RaTAOAco","RaTAOAco_ftm","Oregon Coastal Tanoak",1
"6_53_9_62714",9,100,562,2295,1820,1710010101,"17090012A","WCR","RaSSHE_fss_WCR","RaSSHE","RaSSHE_fss",60,"fss","RaSSHE","RaSSHE_fss","Sitka Spruce - Western Hemlock",5
"2_41_15_50299",6,123,703,1408,1336,1710031007,"17100309","OSW","RaTAOAco_ftm_1710031007","RaTAOAco","RaTAOAco_ftm",47,"ftm","RaTAOAco","RaTAOAco_ftm","Oregon Coastal Tanoak",1
"2_41_15_69202",6,119,677,2347,745,1710030603,"17100305","OSW","RaDFHEwt_fwm_OSW","RaDFHEwt","RaDFHEwt_fwm",33,"fwm","RaDFHEwt","RaDFHEwt_fwm","Douglas-fir Hemlock-Wet Mesic",5
"2_41_15_93165",6,123,703,1408,1216,1710031007,"17100309","OSW","RaTAOAco_ftm_1710031007","RaTAOAco","RaTAOAco_ftm",47,"ftm","RaTAOAco","RaTAOAco_ftm","Oregon Coastal Tanoak",1
"2_41_15_89180",6,123,703,1408,1761,1710031007,"17100309","OSW","RaTAOAco_ftm_1710031007","RaTAOAco","RaTAOAco_ftm",47,"ftm","RaTAOAco","RaTAOAco_ftm","Oregon Coastal Tanoak",1
"2_41_15_94816",6,123,703,1408,924,1710031007,"17100309","OSW","RaTAOAco_ftm_1710031007","RaTAOAco","RaTAOAco_ftm",47,"ftm","RaTAOAco","RaTAOAco_ftm","Oregon Coastal Tanoak",1
"2_41_15_91862",6,123,704,1457,1327,1710031008,"17100309","OSW","RaTAOAco_ftm_1710031008","RaTAOAco","RaTAOAco_ftm",47,"ftm","RaTAOAco","RaTAOAco_ftm","Oregon Coastal Tanoak",1
"2_41_15_94411",6,123,704,1457,2664,1710031008,"17100309","OSW","RaTAOAco_ftm_1710031008","RaTAOAco","RaTAOAco_ftm",47,"ftm","RaTAOAco","RaTAOAco_ftm","Oregon Coastal Tanoak",1
"2_41_15_69573",6,123,704,1457,3283,1710031008,"17100309","OSW","RaTAOAco_ftm_1710031008","RaTAOAco","RaTAOAco_ftm",47,"ftm","RaTAOAco","RaTAOAco_ftm","Oregon Coastal Tanoak",1
"2_41_15_73171",6,123,704,1457,2526,1710031008,"17100309","OSW","RaTAOAco_ftm_1710031008","RaTAOAco","RaTAOAco_ftm",47,"ftm","RaTAOAco","RaTAOAco_ftm","Oregon Coastal Tanoak",1
"2_41_15_66089",6,123,704,1457,1809,1710031008,"17100309","OSW","RaTAOAco_ftm_1710031008","RaTAOAco","RaTAOAco_ftm",47,"ftm","RaTAOAco","RaTAOAco_ftm","Oregon Coastal Tanoak",1
"2_41_15_87343",6,125,719,1575,788,1710031204,"17100311","OSW","RaTAOAco_ftm_1710031204","RaTAOAco","RaTAOAco_ftm",47,"ftm","RaTAOAco","RaTAOAco_ftm","Oregon Coastal Tanoak",1
"2_41_15_79380",6,125,719,1584,1007,1710031204,"17100311","OSW","RaMEVG_ftd_1710031204","RaMEVG","RaMEVG_ftd",48,"ftd","RaMEVG","RaMEVG_ftd","California Mixed Evergreen North",1
"2_41_15_94651",6,125,719,2347,927,1710031204,"17100311","OSW","RaDFHEwt_fwm_OSW","RaDFHEwt","RaDFHEwt_fwm",33,"fwm","RaDFHEwt","RaDFHEwt_fwm","Douglas-fir Hemlock-Wet Mesic",5
"2_41_15_55313",6,125,719,1575,1954,1710031204,"17100311","OSW","RaTAOAco_ftm_1710031204","RaTAOAco","RaTAOAco_ftm",47,"ftm","RaTAOAco","RaTAOAco_ftm","Oregon Coastal Tanoak",1
"2_41_15_70680",6,125,719,1575,1811,1710031204,"17100311","OSW","RaTAOAco_ftm_1710031204","RaTAOAco","RaTAOAco_ftm",47,"ftm","RaTAOAco","RaTAOAco_ftm","Oregon Coastal Tanoak",1
"2_41_15_77315",6,125,716,1606,819,1710031201,"17100311","OSW","RaTAOAco_ftm_1710031201","RaTAOAco","RaTAOAco_ftm",47,"ftm","RaTAOAco","RaTAOAco_ftm","Oregon Coastal Tanoak",1
"2_41_15_94760",6,125,716,1606,872,1710031201,"17100311","OSW","RaTAOAco_ftm_1710031201","RaTAOAco","RaTAOAco_ftm",47,"ftm","RaTAOAco","RaTAOAco_ftm","Oregon Coastal Tanoak",1
"2_41_15_59167",6,125,716,1606,1724,1710031201,"17100311","OSW","RaTAOAco_ftm_1710031201","RaTAOAco","RaTAOAco_ftm",47,"ftm","RaTAOAco","RaTAOAco_ftm","Oregon Coastal Tanoak",1
"2_41_15_88232",6,125,716,1606,2219,1710031201,"17100311","OSW","RaTAOAco_ftm_1710031201","RaTAOAco","RaTAOAco_ftm",47,"ftm","RaTAOAco","RaTAOAco_ftm","Oregon Coastal Tanoak",1
"2_41_15_79714",6,125,716,1606,292,1710031201,"17100311","OSW","RaTAOAco_ftm_1710031201","RaTAOAco","RaTAOAco_ftm",47,"ftm","RaTAOAco","RaTAOAco_ftm","Oregon Coastal Tanoak",1
"2_41_15_78053",6,125,716,1606,2095,1710031201,"17100311","OSW","RaTAOAco_ftm_1710031201","RaTAOAco","RaTAOAco_ftm",47,"ftm","RaTAOAco","RaTAOAco_ftm","Oregon Coastal Tanoak",1
"6_53_9_88126",9,100,562,2295,1833,1710010101,"17090012A","WCR","RaSSHE_fss_WCR","RaSSHE","RaSSHE_fss",60,"fss","RaSSHE","RaSSHE_fss","Sitka Spruce - Western Hemlock",5
"2_41_15_75126",6,125,716,1606,1350,1710031201,"17100311","OSW","RaTAOAco_ftm_1710031201","RaTAOAco","RaTAOAco_ftm",47,"ftm","RaTAOAco","RaTAOAco_ftm","Oregon Coastal Tanoak",1
"2_41_15_59199",6,125,716,1606,2959,1710031201,"17100311","OSW","RaTAOAco_ftm_1710031201","RaTAOAco","RaTAOAco_ftm",47,"ftm","RaTAOAco","RaTAOAco_ftm","Oregon Coastal Tanoak",1
"2_41_15_81096",6,125,716,1606,2469,1710031201,"17100311","OSW","RaTAOAco_ftm_1710031201","RaTAOAco","RaTAOAco_ftm",47,"ftm","RaTAOAco","RaTAOAco_ftm","Oregon Coastal Tanoak",1
"2_41_15_51149",6,125,716,1606,1956,1710031201,"17100311","OSW","RaTAOAco_ftm_1710031201","RaTAOAco","RaTAOAco_ftm",47,"ftm","RaTAOAco","RaTAOAco_ftm","Oregon Coastal Tanoak",1
"2_41_15_82035",6,125,716,1606,2497,1710031201,"17100311","OSW","RaTAOAco_ftm_1710031201","RaTAOAco","RaTAOAco_ftm",47,"ftm","RaTAOAco","RaTAOAco_ftm","Oregon Coastal Tanoak",1
"2_41_15_92870",6,125,717,1706,927,1710031202,"17100311","OSW","RaTAOAco_ftm_1710031202","RaTAOAco","RaTAOAco_ftm",47,"ftm","RaTAOAco","RaTAOAco_ftm","Oregon Coastal Tanoak",1
"2_41_15_68435",6,125,716,1606,1040,1710031201,"17100311","OSW","RaTAOAco_ftm_1710031201","RaTAOAco","RaTAOAco_ftm",47,"ftm","RaTAOAco","RaTAOAco_ftm","Oregon Coastal Tanoak",1
"2_41_15_84814",6,125,717,1706,2546,1710031202,"17100311","OSW","RaTAOAco_ftm_1710031202","RaTAOAco","RaTAOAco_ftm",47,"ftm","RaTAOAco","RaTAOAco_ftm","Oregon Coastal Tanoak",1
"6_53_9_86124",9,100,562,2295,2999,1710010101,"17090012A","WCR","RaSSHE_fss_WCR","RaSSHE","RaSSHE_fss",60,"fss","RaSSHE","RaSSHE_fss","Sitka Spruce - Western Hemlock",5
"6_53_9_95768",9,100,563,2295,1823,1710010102,"17090012A","WCR","RaSSHE_fss_WCR","RaSSHE","RaSSHE_fss",60,"fss","RaSSHE","RaSSHE_fss","Sitka Spruce - Western Hemlock",5
"6_53_9_90378",9,100,563,2295,2285,1710010102,"17090012A","WCR","RaSSHE_fss_WCR","RaSSHE","RaSSHE_fss",60,"fss","RaSSHE","RaSSHE_fss","Sitka Spruce - Western Hemlock",5
"6_53_9_65508",9,100,563,2295,2929,1710010102,"17090012A","WCR","RaSSHE_fss_WCR","RaSSHE","RaSSHE_fss",60,"fss","RaSSHE","RaSSHE_fss","Sitka Spruce - Western Hemlock",5
"6_53_9_64241",9,100,564,2295,2346,1710010103,"17090012A","WCR","RaSSHE_fss_WCR","RaSSHE","RaSSHE_fss",60,"fss","RaSSHE","RaSSHE_fss","Sitka Spruce - Western Hemlock",5
"6_53_9_53956",9,100,564,2295,2046,1710010103,"17090012A","WCR","RaSSHE_fss_WCR","RaSSHE","RaSSHE_fss",60,"fss","RaSSHE","RaSSHE_fss","Sitka Spruce - Western Hemlock",5
"6_53_9_94638",9,100,569,2295,1503,1710010108,"17090012A","WCR","RaSSHE_fss_WCR","RaSSHE","RaSSHE_fss",60,"fss","RaSSHE","RaSSHE_fss","Sitka Spruce - Western Hemlock",5
"8_53_77_68560",10,62,340,261,1423,1707010601,"17070105C","WEC","RaMCONdy_fmd_1707010601","RaMCONdy","RaMCONdy_fmd",28,"fmd","RaMCONdy","RaMCONdy_fmd","Mixed Conifer - Eastside Dry",1
"8_53_77_62742",10,62,340,261,1833,1707010601,"17070105C","WEC","RaMCONdy_fmd_1707010601","RaMCONdy","RaMCONdy_fmd",28,"fmd","RaMCONdy","RaMCONdy_fmd","Mixed Conifer - Eastside Dry",1
"8_53_77_96021",10,62,340,261,928,1707010601,"17070105C","WEC","RaMCONdy_fmd_1707010601","RaMCONdy","RaMCONdy_fmd",28,"fmd","RaMCONdy","RaMCONdy_fmd","Mixed Conifer - Eastside Dry",1
"8_53_77_57589",10,62,341,295,2858,1707010602,"17070105C","WEC","RaMCONdy_fmd_1707010602","RaMCONdy","RaMCONdy_fmd",28,"fmd","RaMCONdy","RaMCONdy_fmd","Mixed Conifer - Eastside Dry",1
"8_53_39_82540",10,62,341,295,346,1707010602,"17070105C","WEC","RaMCONdy_fmd_1707010602","RaMCONdy","RaMCONdy_fmd",28,"fmd","RaMCONdy","RaMCONdy_fmd","Mixed Conifer - Eastside Dry",1
"8_53_39_98817",10,60,335,316,1404,1707010508,"17070105B","WEC","RaMCONdy_fmd_1707010508","RaMCONdy","RaMCONdy_fmd",28,"fmd","RaMCONdy","RaMCONdy_fmd","Mixed Conifer - Eastside Dry",1
"8_53_39_94782",10,60,335,316,2677,1707010508,"17070105B","WEC","RaMCONdy_fmd_1707010508","RaMCONdy","RaMCONdy_fmd",28,"fmd","RaMCONdy","RaMCONdy_fmd","Mixed Conifer - Eastside Dry",1
"8_53_39_77385",10,62,343,336,1892,1707010604,"17070105C","WEC","RaMCONdy_fmd_1707010604","RaMCONdy","RaMCONdy_fmd",28,"fmd","RaMCONdy","RaMCONdy_fmd","Mixed Conifer - Eastside Dry",1
"8_53_39_83222",10,62,343,336,1314,1707010604,"17070105C","WEC","RaMCONdy_fmd_1707010604","RaMCONdy","RaMCONdy_fmd",28,"fmd","RaMCONdy","RaMCONdy_fmd","Mixed Conifer - Eastside Dry",1
"8_53_39_77770",10,62,343,336,1576,1707010604,"17070105C","WEC","RaMCONdy_fmd_1707010604","RaMCONdy","RaMCONdy_fmd",28,"fmd","RaMCONdy","RaMCONdy_fmd","Mixed Conifer - Eastside Dry",1
"8_53_39_86265",10,62,343,336,612,1707010604,"17070105C","WEC","RaMCONdy_fmd_1707010604","RaMCONdy","RaMCONdy_fmd",28,"fmd","RaMCONdy","RaMCONdy_fmd","Mixed Conifer - Eastside Dry",1
"3_41_65_99235",4,59,331,412,158,1707010504,"17070104","OEC","RaMCONdy_fmd_1707010504","RaMCONdy","RaMCONdy_fmd",28,"fmd","RaMCONdy","RaMCONdy_fmd","Mixed Conifer - Eastside Dry",1
"3_41_65_91771",4,59,331,412,796,1707010504,"17070104","OEC","RaMCONdy_fmd_1707010504","RaMCONdy","RaMCONdy_fmd",28,"fmd","RaMCONdy","RaMCONdy_fmd","Mixed Conifer - Eastside Dry",1
"3_41_65_72349",4,59,329,450,234,1707010502,"17070104","OEC","RaMCONdy_fmd_1707010502","RaMCONdy","RaMCONdy_fmd",28,"fmd","RaMCONdy","RaMCONdy_fmd","Mixed Conifer - Eastside Dry",1
"5_53_73_97377",11,130,742,2282,845,1711000509,"17110004","WNC","RaDFHEwt_fwm_WNC","RaDFHEwt","RaDFHEwt_fwm",33,"fwm","RaDFHEwt","RaDFHEwt_fwm","Douglas-fir Hemlock-Wet Mesic",5
"5_53_57_61882",11,130,742,2285,864,1711000509,"17110004","WNC","RaABAMup_fst_WNC","RaABAMup","RaABAMup_fst",13,"fst","RaABAMup","RaABAMup_fst","Pacific Silver Fir - High Elevation",5
"5_53_57_95173",11,130,742,2285,1097,1711000509,"17110004","WNC","RaABAMup_fst_WNC","RaABAMup","RaABAMup_fst",13,"fst","RaABAMup","RaABAMup_fst","Pacific Silver Fir - High Elevation",5
"5_53_57_92751",11,130,742,2286,954,1711000509,"17110004","WNC","Na0710411_fmt_WNC","Na0710411","Na0710411_fmt",5,"fmt","Na0710411","Na0710411_fmt","North Pacific Mountain Hemlock Forest - Wet",5
"3_41_17_86029",2,71,433,2103,4,1707030511,"17070304","OBM","RaPIPOxe_fxp_17070305A","RaPIPOxe","RaPIPOxe_fxp",56,"fxp","RaPIPOxe","RaPIPOxe_fxp","Ponderosa Pine - Xeric",3
"3_41_17_87218",4,67,394,2098,128,1707030108,"17070204","OEC","RaPIPOxe_fxp_17070301","RaPIPOxe","RaPIPOxe_fxp",56,"fxp","RaPIPOxe","RaPIPOxe_fxp","Ponderosa Pine - Xeric",3
"3_41_17_81201",4,67,394,2098,255,1707030108,"17070204","OEC","RaPIPOxe_fxp_17070301","RaPIPOxe","RaPIPOxe_fxp",56,"fxp","RaPIPOxe","RaPIPOxe_fxp","Ponderosa Pine - Xeric",3
"3_41_17_87700",4,67,394,2098,1679,1707030108,"17070204","OEC","RaPIPOxe_fxp_17070301","RaPIPOxe","RaPIPOxe_fxp",56,"fxp","RaPIPOxe","RaPIPOxe_fxp","Ponderosa Pine - Xeric",3
"3_41_17_71295",4,67,394,2098,2408,1707030108,"17070204","OEC","RaPIPOxe_fxp_17070301","RaPIPOxe","RaPIPOxe_fxp",56,"fxp","RaPIPOxe","RaPIPOxe_fxp","Ponderosa Pine - Xeric",3
"3_41_17_94167",4,67,394,879,2578,1707030108,"17070204","OEC","RaPIPOm_fdp_1707030108","RaPIPOm","RaPIPOm_fdp",52,"fdp","RaPIPOm","RaPIPOm_fdp","Dry Ponderosa Pine - Mesic",1
"5_53_57_87873",11,130,741,2285,649,1711000508,"17110004","WNC","RaABAMup_fst_WNC","RaABAMup","RaABAMup_fst",13,"fst","RaABAMup","RaABAMup_fst","Pacific Silver Fir - High Elevation",5
"3_41_17_66732",4,67,394,879,3464,1707030108,"17070204","OEC","RaPIPOm_fdp_1707030108","RaPIPOm","RaPIPOm_fdp",52,"fdp","RaPIPOm","RaPIPOm_fdp","Dry Ponderosa Pine - Mesic",1
"3_41_17_88347",4,67,394,879,1498,1707030108,"17070204","OEC","RaPIPOm_fdp_1707030108","RaPIPOm","RaPIPOm_fdp",52,"fdp","RaPIPOm","RaPIPOm_fdp","Dry Ponderosa Pine - Mesic",1
"3_41_17_72772",4,72,430,2322,1935,1707030508,"17070305A","OEC","RaSPFI_fmz_OEC","RaSPFI","RaSPFI_fmz",26,"fmz","RaSPFI","RaSPFI_fmz","Spruce - Fir",4
"3_41_17_68616",4,72,430,2322,2672,1707030508,"17070305A","OEC","RaSPFI_fmz_OEC","RaSPFI","RaSPFI_fmz",26,"fmz","RaSPFI","RaSPFI_fmz","Spruce - Fir",4
"3_41_17_95004",4,72,430,2322,2085,1707030508,"17070305A","OEC","RaSPFI_fmz_OEC","RaSPFI","RaSPFI_fmz",26,"fmz","RaSPFI","RaSPFI_fmz","Spruce - Fir",4
"3_41_17_86261",4,72,430,2324,1155,1707030508,"17070305A","OEC","Na0710412_fmh_OEC","Na0710412","Na0710412_fmh",4,"fmh","Na0710412","Na0710412_fmh","North Pacific Mountain Hemlock Forest - Xeric",5
"3_41_17_94584",4,68,404,2322,845,1707030207,"17070301","OEC","RaSPFI_fmz_OEC","RaSPFI","RaSPFI_fmz",26,"fmz","RaSPFI","RaSPFI_fmz","Spruce - Fir",4
"3_41_17_85412",4,68,403,2159,1261,1707030206,"17070301","OEC","RaMCONms_fmm_17070302","RaMCONms","RaMCONms_fmm",27,"fmm","RaMCONms","RaMCONms_fmm","Mixed Conifer - Eastside Mesic",3
"3_41_17_74674",4,68,403,2322,953,1707030206,"17070301","OEC","RaSPFI_fmz_OEC","RaSPFI","RaSPFI_fmz",26,"fmz","RaSPFI","RaSPFI_fmz","Spruce - Fir",4
"3_41_17_64357",4,68,403,1079,1682,1707030206,"17070301","OEC","RaPIPOm_fpl_1707030206","RaPIPOm","RaPIPOm_fpl",55,"fpl","RaPIPOm","RaPIPOm_fpl","Dry Ponderosa Pine - Mesic",1
"5_53_73_89236",11,126,721,2286,1294,1711000101,"17100312","WNC","Na0710411_fmt_WNC","Na0710411","Na0710411_fmt",5,"fmt","Na0710411","Na0710411_fmt","North Pacific Mountain Hemlock Forest - Wet",5
"3_41_37_91802",4,68,403,1079,1175,1707030206,"17070301","OEC","RaPIPOm_fpl_1707030206","RaPIPOm","RaPIPOm_fpl",55,"fpl","RaPIPOm","RaPIPOm_fpl","Dry Ponderosa Pine - Mesic",1
"3_41_37_83098",4,151,843,1100,1725,1712000504,"17120004","OEC","RaPIPOm_fpl_1712000504","RaPIPOm","RaPIPOm_fpl",55,"fpl","RaPIPOm","RaPIPOm_fpl","Dry Ponderosa Pine - Mesic",1
"3_41_37_53598",4,151,843,1101,1326,1712000504,"17120004","OEC","RaMCONdy_fmx_1712000504","RaMCONdy","RaMCONdy_fmx",29,"fmx","RaMCONdy","RaMCONdy_fmx","Mixed Conifer - Eastside Dry",1
"3_41_37_91285",4,151,843,1100,1730,1712000504,"17120004","OEC","RaPIPOm_fpl_1712000504","RaPIPOm","RaPIPOm_fpl",55,"fpl","RaPIPOm","RaPIPOm_fpl","Dry Ponderosa Pine - Mesic",1
"3_41_37_75151",4,151,843,1100,1598,1712000504,"17120004","OEC","RaPIPOm_fpl_1712000504","RaPIPOm","RaPIPOm_fpl",55,"fpl","RaPIPOm","RaPIPOm_fpl","Dry Ponderosa Pine - Mesic",1
"3_41_37_78764",4,151,843,1100,1948,1712000504,"17120004","OEC","RaPIPOm_fpl_1712000504","RaPIPOm","RaPIPOm_fpl",55,"fpl","RaPIPOm","RaPIPOm_fpl","Dry Ponderosa Pine - Mesic",1
"3_41_37_63649",4,151,843,1100,1764,1712000504,"17120004","OEC","RaPIPOm_fpl_1712000504","RaPIPOm","RaPIPOm_fpl",55,"fpl","RaPIPOm","RaPIPOm_fpl","Dry Ponderosa Pine - Mesic",1
"3_41_37_96534",4,151,843,1100,1212,1712000504,"17120004","OEC","RaPIPOm_fpl_1712000504","RaPIPOm","RaPIPOm_fpl",55,"fpl","RaPIPOm","RaPIPOm_fpl","Dry Ponderosa Pine - Mesic",1
"3_41_37_53253",4,151,843,1100,1923,1712000504,"17120004","OEC","RaPIPOm_fpl_1712000504","RaPIPOm","RaPIPOm_fpl",55,"fpl","RaPIPOm","RaPIPOm_fpl","Dry Ponderosa Pine - Mesic",1
"3_41_37_67015",4,151,843,1100,1725,1712000504,"17120004","OEC","RaPIPOm_fpl_1712000504","RaPIPOm","RaPIPOm_fpl",55,"fpl","RaPIPOm","RaPIPOm_fpl","Dry Ponderosa Pine - Mesic",1
"3_41_37_69047",4,151,843,1100,3200,1712000504,"17120004","OEC","RaPIPOm_fpl_1712000504","RaPIPOm","RaPIPOm_fpl",55,"fpl","RaPIPOm","RaPIPOm_fpl","Dry Ponderosa Pine - Mesic",1
"3_41_37_73071",4,151,843,1100,2783,1712000504,"17120004","OEC","RaPIPOm_fpl_1712000504","RaPIPOm","RaPIPOm_fpl",55,"fpl","RaPIPOm","RaPIPOm_fpl","Dry Ponderosa Pine - Mesic",1
"3_41_37_77822",4,151,843,1100,2678,1712000504,"17120004","OEC","RaPIPOm_fpl_1712000504","RaPIPOm","RaPIPOm_fpl",55,"fpl","RaPIPOm","RaPIPOm_fpl","Dry Ponderosa Pine - Mesic",1
"3_41_37_96033",4,151,843,1100,3394,1712000504,"17120004","OEC","RaPIPOm_fpl_1712000504","RaPIPOm","RaPIPOm_fpl",55,"fpl","RaPIPOm","RaPIPOm_fpl","Dry Ponderosa Pine - Mesic",1
"3_41_37_78514",4,151,841,1172,1928,1712000502,"17120004","OEC","RaPIPOm_fpl_1712000502","RaPIPOm","RaPIPOm_fpl",55,"fpl","RaPIPOm","RaPIPOm_fpl","Dry Ponderosa Pine - Mesic",1
"3_41_37_91043",4,151,841,1172,2788,1712000502,"17120004","OEC","RaPIPOm_fpl_1712000502","RaPIPOm","RaPIPOm_fpl",55,"fpl","RaPIPOm","RaPIPOm_fpl","Dry Ponderosa Pine - Mesic",1
"3_41_37_69039",4,151,841,1172,1665,1712000502,"17120004","OEC","RaPIPOm_fpl_1712000502","RaPIPOm","RaPIPOm_fpl",55,"fpl","RaPIPOm","RaPIPOm_fpl","Dry Ponderosa Pine - Mesic",1
"3_41_37_69977",4,151,841,1172,1627,1712000502,"17120004","OEC","RaPIPOm_fpl_1712000502","RaPIPOm","RaPIPOm_fpl",55,"fpl","RaPIPOm","RaPIPOm_fpl","Dry Ponderosa Pine - Mesic",1
"3_41_37_65974",4,151,840,2176,1162,1712000501,"17120004","OEC","RaPIPOxe_fxp_17120005","RaPIPOxe","RaPIPOxe_fxp",56,"fxp","RaPIPOxe","RaPIPOxe_fxp","Ponderosa Pine - Xeric",3
"3_41_37_74225",4,151,840,2176,398,1712000501,"17120004","OEC","RaPIPOxe_fxp_17120005","RaPIPOxe","RaPIPOxe_fxp",56,"fxp","RaPIPOxe","RaPIPOxe_fxp","Ponderosa Pine - Xeric",3
"3_41_37_85263",4,151,841,1171,1131,1712000502,"17120004","OEC","RaMCONdy_fmx_1712000502","RaMCONdy","RaMCONdy_fmx",29,"fmx","RaMCONdy","RaMCONdy_fmx","Mixed Conifer - Eastside Dry",1
"3_41_37_88892",4,151,841,2322,1673,1712000502,"17120004","OEC","RaSPFI_fmz_OEC","RaSPFI","RaSPFI_fmz",26,"fmz","RaSPFI","RaSPFI_fmz","Spruce - Fir",4
"3_41_37_95435",4,151,841,2172,1588,1712000502,"17120004","OEC","RaMCONms_fmm_17120005","RaMCONms","RaMCONms_fmm",27,"fmm","RaMCONms","RaMCONms_fmm","Mixed Conifer - Eastside Mesic",3
"3_41_37_55009",4,151,841,2322,1499,1712000502,"17120004","OEC","RaSPFI_fmz_OEC","RaSPFI","RaSPFI_fmz",26,"fmz","RaSPFI","RaSPFI_fmz","Spruce - Fir",4
"3_41_37_72403",4,158,899,2322,1262,1801020202,"18010201","OEC","RaSPFI_fmz_OEC","RaSPFI","RaSPFI_fmz",26,"fmz","RaSPFI","RaSPFI_fmz","Spruce - Fir",4
"3_41_37_78299",4,158,899,1324,2697,1801020202,"18010201","OEC","RaMCONdy_fmx_1801020202","RaMCONdy","RaMCONdy_fmx",29,"fmx","RaMCONdy","RaMCONdy_fmx","Mixed Conifer - Eastside Dry",1
"3_41_37_77143",4,158,899,1324,2642,1801020202,"18010201","OEC","RaMCONdy_fmx_1801020202","RaMCONdy","RaMCONdy_fmx",29,"fmx","RaMCONdy","RaMCONdy_fmx","Mixed Conifer - Eastside Dry",1
"5_53_57_73316",11,130,744,2285,1685,1711000511,"17110004","WNC","RaABAMup_fst_WNC","RaABAMup","RaABAMup_fst",13,"fst","RaABAMup","RaABAMup_fst","Pacific Silver Fir - High Elevation",5
"3_41_37_81386",4,158,899,1325,1828,1801020202,"18010201","OEC","RaPIPOm_fpl_1801020202","RaPIPOm","RaPIPOm_fpl",55,"fpl","RaPIPOm","RaPIPOm_fpl","Dry Ponderosa Pine - Mesic",1
"3_41_37_59205",4,158,899,1324,2519,1801020202,"18010201","OEC","RaMCONdy_fmx_1801020202","RaMCONdy","RaMCONdy_fmx",29,"fmx","RaMCONdy","RaMCONdy_fmx","Mixed Conifer - Eastside Dry",1
"3_41_35_84855",4,158,903,1371,1416,1801020206,"18010201","OEC","RaPIPOm_fpl_1801020206","RaPIPOm","RaPIPOm_fpl",55,"fpl","RaPIPOm","RaPIPOm_fpl","Dry Ponderosa Pine - Mesic",1
"3_41_35_60332",4,158,903,2232,2028,1801020206,"18010201","OEC","RaPIPOxe_fpd_18010202","RaPIPOxe","RaPIPOxe_fpd",53,"fpd","RaPIPOxe","RaPIPOxe_fpd","Ponderosa Pine - Xeric",3
"3_41_35_74901",4,158,903,1371,1169,1801020206,"18010201","OEC","RaPIPOm_fpl_1801020206","RaPIPOm","RaPIPOm_fpl",55,"fpl","RaPIPOm","RaPIPOm_fpl","Dry Ponderosa Pine - Mesic",1
"3_41_35_70599",4,158,902,1480,2522,1801020205,"18010201","OEC","RaMCONdy_fmx_1801020205","RaMCONdy","RaMCONdy_fmx",29,"fmx","RaMCONdy","RaMCONdy_fmx","Mixed Conifer - Eastside Dry",1
"3_41_35_85125",4,158,902,1480,1580,1801020205,"18010201","OEC","RaMCONdy_fmx_1801020205","RaMCONdy","RaMCONdy_fmx",29,"fmx","RaMCONdy","RaMCONdy_fmx","Mixed Conifer - Eastside Dry",1
"3_41_35_80808",4,158,902,1480,1364,1801020205,"18010201","OEC","RaMCONdy_fmx_1801020205","RaMCONdy","RaMCONdy_fmx",29,"fmx","RaMCONdy","RaMCONdy_fmx","Mixed Conifer - Eastside Dry",1
"3_41_35_58273",4,158,903,2233,1879,1801020206,"18010201","OEC","RaPIPOxe_fxp_18010202","RaPIPOxe","RaPIPOxe_fxp",56,"fxp","RaPIPOxe","RaPIPOxe_fxp","Ponderosa Pine - Xeric",3
"3_41_35_51427",4,158,904,2232,2173,1801020207,"18010201","OEC","RaPIPOxe_fpd_18010202","RaPIPOxe","RaPIPOxe_fpd",53,"fpd","RaPIPOxe","RaPIPOxe_fpd","Ponderosa Pine - Xeric",3
"3_41_35_76388",4,158,904,2232,1612,1801020207,"18010201","OEC","RaPIPOxe_fpd_18010202","RaPIPOxe","RaPIPOxe_fpd",53,"fpd","RaPIPOxe","RaPIPOxe_fpd","Ponderosa Pine - Xeric",3
"3_41_35_89032",4,158,904,1430,1428,1801020207,"18010201","OEC","RaMCONdy_fmx_1801020207","RaMCONdy","RaMCONdy_fmx",29,"fmx","RaMCONdy","RaMCONdy_fmx","Mixed Conifer - Eastside Dry",1
"3_41_35_62486",4,160,910,2261,1621,1801020405,"18010203","OEC","RaPIPOxe_fpd_18010204","RaPIPOxe","RaPIPOxe_fpd",53,"fpd","RaPIPOxe","RaPIPOxe_fpd","Ponderosa Pine - Xeric",3
"3_41_35_85457",4,160,910,2261,1243,1801020405,"18010203","OEC","RaPIPOxe_fpd_18010204","RaPIPOxe","RaPIPOxe_fpd",53,"fpd","RaPIPOxe","RaPIPOxe_fpd","Ponderosa Pine - Xeric",3
"3_41_35_95769",4,160,910,2260,491,1801020405,"18010203","OEC","RaPIPOxe_fxp_18010204","RaPIPOxe","RaPIPOxe_fxp",56,"fxp","RaPIPOxe","RaPIPOxe_fxp","Ponderosa Pine - Xeric",3
"5_53_57_51865",11,131,747,2287,695,1711000603,"17110005","WNC","Na0710412_fmc_WNC","Na0710412","Na0710412_fmc",7,"fmc","Na0710412","Na0710412_fmc","North Pacific Mountain Hemlock Forest - Xeric",5
"5_53_61_98283",11,131,747,1822,776,1711000603,"17110005","WNC","RaABAMlw_fsi_17110006","RaABAMlw","RaABAMlw_fsi",14,"fsi","RaABAMlw","RaABAMlw_fsi","Pacific Silver Fir - Low Elevation",3
"5_53_61_88823",11,131,747,1815,1340,1711000603,"17110005","WNC","RaDFHEdy_fdg_17110006","RaDFHEdy","RaDFHEdy_fdg",24,"fdg","RaDFHEdy","RaDFHEdy_fdg","Douglas-fir Hemlock-Dry Mesic",3
"5_53_61_80983",11,131,747,2287,701,1711000603,"17110005","WNC","Na0710412_fmc_WNC","Na0710412","Na0710412_fmc",7,"fmc","Na0710412","Na0710412_fmc","North Pacific Mountain Hemlock Forest - Xeric",5
"5_53_61_68193",11,131,745,2285,763,1711000601,"17110005","WNC","RaABAMup_fst_WNC","RaABAMup","RaABAMup_fst",13,"fst","RaABAMup","RaABAMup_fst","Pacific Silver Fir - High Elevation",5
"5_53_61_55384",11,131,745,1816,912,1711000601,"17110005","WNC","RaDFHEdy_fwi_17110006","RaDFHEdy","RaDFHEdy_fwi",31,"fwi","RaDFHEdy","RaDFHEdy_fwi","Douglas-fir Hemlock-Dry Mesic",3
"5_53_61_74120",11,131,745,2285,1318,1711000601,"17110005","WNC","RaABAMup_fst_WNC","RaABAMup","RaABAMup_fst",13,"fst","RaABAMup","RaABAMup_fst","Pacific Silver Fir - High Elevation",5
"5_53_61_82256",11,131,745,1822,542,1711000601,"17110005","WNC","RaABAMlw_fsi_17110006","RaABAMlw","RaABAMlw_fsi",14,"fsi","RaABAMlw","RaABAMlw_fsi","Pacific Silver Fir - Low Elevation",3
"5_53_61_57299",11,131,745,1822,1079,1711000601,"17110005","WNC","RaABAMlw_fsi_17110006","RaABAMlw","RaABAMlw_fsi",14,"fsi","RaABAMlw","RaABAMlw_fsi","Pacific Silver Fir - Low Elevation",3
"5_53_61_69006",11,131,745,2285,880,1711000601,"17110005","WNC","RaABAMup_fst_WNC","RaABAMup","RaABAMup_fst",13,"fst","RaABAMup","RaABAMup_fst","Pacific Silver Fir - High Elevation",5
"5_53_73_81410",11,126,721,1773,1703,1711000101,"17100312","WNC","RaSAWD_fal_17110001","RaSAWD","RaSAWD_fal",2,"fal","RaSAWD","RaSAWD_fal","Subalpine Woodland",3
"5_53_61_56260",11,134,757,2285,1433,1711000904,"17110008","WNC","RaABAMup_fst_WNC","RaABAMup","RaABAMup_fst",13,"fst","RaABAMup","RaABAMup_fst","Pacific Silver Fir - High Elevation",5
"5_53_61_87705",11,134,757,2285,1473,1711000904,"17110008","WNC","RaABAMup_fst_WNC","RaABAMup","RaABAMup_fst",13,"fst","RaABAMup","RaABAMup_fst","Pacific Silver Fir - High Elevation",5
"5_53_61_85360",11,134,755,2285,2503,1711000902,"17110008","WNC","RaABAMup_fst_WNC","RaABAMup","RaABAMup_fst",13,"fst","RaABAMup","RaABAMup_fst","Pacific Silver Fir - High Elevation",5
"5_53_61_92691",11,134,755,2285,2306,1711000902,"17110008","WNC","RaABAMup_fst_WNC","RaABAMup","RaABAMup_fst",13,"fst","RaABAMup","RaABAMup_fst","Pacific Silver Fir - High Elevation",5
"5_53_61_96283",11,134,755,2285,1863,1711000902,"17110008","WNC","RaABAMup_fst_WNC","RaABAMup","RaABAMup_fst",13,"fst","RaABAMup","RaABAMup_fst","Pacific Silver Fir - High Elevation",5
"5_53_61_91814",11,134,755,2282,935,1711000902,"17110008","WNC","RaDFHEwt_fwm_WNC","RaDFHEwt","RaDFHEwt_fwm",33,"fwm","RaDFHEwt","RaDFHEwt_fwm","Douglas-fir Hemlock-Wet Mesic",5
"5_53_33_98333",11,134,755,2282,1741,1711000902,"17110008","WNC","RaDFHEwt_fwm_WNC","RaDFHEwt","RaDFHEwt_fwm",33,"fwm","RaDFHEwt","RaDFHEwt_fwm","Douglas-fir Hemlock-Wet Mesic",5
"5_53_33_65213",11,134,755,2282,1344,1711000902,"17110008","WNC","RaDFHEwt_fwm_WNC","RaDFHEwt","RaDFHEwt_fwm",33,"fwm","RaDFHEwt","RaDFHEwt_fwm","Douglas-fir Hemlock-Wet Mesic",5
"5_53_33_65468",11,134,755,2282,1383,1711000902,"17110008","WNC","RaDFHEwt_fwm_WNC","RaDFHEwt","RaDFHEwt_fwm",33,"fwm","RaDFHEwt","RaDFHEwt_fwm","Douglas-fir Hemlock-Wet Mesic",5
"5_53_33_97076",11,134,756,2282,1150,1711000903,"17110008","WNC","RaDFHEwt_fwm_WNC","RaDFHEwt","RaDFHEwt_fwm",33,"fwm","RaDFHEwt","RaDFHEwt_fwm","Douglas-fir Hemlock-Wet Mesic",5
"5_53_33_63413",11,134,756,2285,1825,1711000903,"17110008","WNC","RaABAMup_fst_WNC","RaABAMup","RaABAMup_fst",13,"fst","RaABAMup","RaABAMup_fst","Pacific Silver Fir - High Elevation",5
"5_53_33_53805",11,134,754,2285,1698,1711000901,"17110008","WNC","RaABAMup_fst_WNC","RaABAMup","RaABAMup_fst",13,"fst","RaABAMup","RaABAMup_fst","Pacific Silver Fir - High Elevation",5
"5_53_33_81482",11,135,762,2286,2861,1711001002,"17110009","WNC","Na0710411_fmt_WNC","Na0710411","Na0710411_fmt",5,"fmt","Na0710411","Na0710411_fmt","North Pacific Mountain Hemlock Forest - Wet",5
"8_53_37_99233",10,26,122,2291,539,1703000101,"17020016","WEC","Na0710412_fmh_WEC","Na0710412","Na0710412_fmh",4,"fmh","Na0710412","Na0710412_fmh","North Pacific Mountain Hemlock Forest - Xeric",5
"8_53_37_89704",10,26,124,1897,723,1703000103,"17020016","WEC","RaABAMlw_fsi_17030001","RaABAMlw","RaABAMlw_fsi",14,"fsi","RaABAMlw","RaABAMlw_fsi","Pacific Silver Fir - Low Elevation",3
"8_53_37_95147",10,26,124,1897,1177,1703000103,"17020016","WEC","RaABAMlw_fsi_17030001","RaABAMlw","RaABAMlw_fsi",14,"fsi","RaABAMlw","RaABAMlw_fsi","Pacific Silver Fir - Low Elevation",3
"8_53_37_51650",10,26,124,1897,1975,1703000103,"17020016","WEC","RaABAMlw_fsi_17030001","RaABAMlw","RaABAMlw_fsi",14,"fsi","RaABAMlw","RaABAMlw_fsi","Pacific Silver Fir - Low Elevation",3
"8_53_37_71462",10,26,124,1897,1190,1703000103,"17020016","WEC","RaABAMlw_fsi_17030001","RaABAMlw","RaABAMlw_fsi",14,"fsi","RaABAMlw","RaABAMlw_fsi","Pacific Silver Fir - Low Elevation",3
"8_53_37_50576",10,26,124,1898,2198,1703000103,"17020016","WEC","RaMCONms_fmm_17030001","RaMCONms","RaMCONms_fmm",27,"fmm","RaMCONms","RaMCONms_fmm","Mixed Conifer - Eastside Mesic",3
"8_53_37_76328",10,26,124,1898,2002,1703000103,"17020016","WEC","RaMCONms_fmm_17030001","RaMCONms","RaMCONms_fmm",27,"fmm","RaMCONms","RaMCONms_fmm","Mixed Conifer - Eastside Mesic",3
"8_53_37_81429",10,26,124,1898,1706,1703000103,"17020016","WEC","RaMCONms_fmm_17030001","RaMCONms","RaMCONms_fmm",27,"fmm","RaMCONms","RaMCONms_fmm","Mixed Conifer - Eastside Mesic",3
"8_53_37_51602",10,26,124,1897,2354,1703000103,"17020016","WEC","RaABAMlw_fsi_17030001","RaABAMlw","RaABAMlw_fsi",14,"fsi","RaABAMlw","RaABAMlw_fsi","Pacific Silver Fir - Low Elevation",3
"5_53_33_61792",10,26,124,1897,1249,1703000103,"17020016","WEC","RaABAMlw_fsi_17030001","RaABAMlw","RaABAMlw_fsi",14,"fsi","RaABAMlw","RaABAMlw_fsi","Pacific Silver Fir - Low Elevation",3
"8_53_37_67254",10,26,124,1897,1056,1703000103,"17020016","WEC","RaABAMlw_fsi_17030001","RaABAMlw","RaABAMlw_fsi",14,"fsi","RaABAMlw","RaABAMlw_fsi","Pacific Silver Fir - Low Elevation",3
"8_53_37_64209",10,27,129,2291,1919,1703000201,"17030001","WEC","Na0710412_fmh_WEC","Na0710412","Na0710412_fmh",4,"fmh","Na0710412","Na0710412_fmh","North Pacific Mountain Hemlock Forest - Xeric",5
"8_53_77_98357",10,27,129,1925,2040,1703000201,"17030001","WEC","RaMCONms_fmm_17030002","RaMCONms","RaMCONms_fmm",27,"fmm","RaMCONms","RaMCONms_fmm","Mixed Conifer - Eastside Mesic",3
"8_53_77_90279",10,27,129,1923,1774,1703000201,"17030001","WEC","RaABAMlw_fsi_17030002","RaABAMlw","RaABAMlw_fsi",14,"fsi","RaABAMlw","RaABAMlw_fsi","Pacific Silver Fir - Low Elevation",3
"8_53_77_95726",10,27,129,2291,1584,1703000201,"17030001","WEC","Na0710412_fmh_WEC","Na0710412","Na0710412_fmh",4,"fmh","Na0710412","Na0710412_fmh","North Pacific Mountain Hemlock Forest - Xeric",5
"8_53_77_52653",10,27,129,1925,902,1703000201,"17030001","WEC","RaMCONms_fmm_17030002","RaMCONms","RaMCONms_fmm",27,"fmm","RaMCONms","RaMCONms_fmm","Mixed Conifer - Eastside Mesic",3
"8_53_77_95604",10,27,129,2291,1606,1703000201,"17030001","WEC","Na0710412_fmh_WEC","Na0710412","Na0710412_fmh",4,"fmh","Na0710412","Na0710412_fmh","North Pacific Mountain Hemlock Forest - Xeric",5
"8_53_77_70568",10,27,131,1925,1879,1703000203,"17030001","WEC","RaMCONms_fmm_17030002","RaMCONms","RaMCONms_fmm",27,"fmm","RaMCONms","RaMCONms_fmm","Mixed Conifer - Eastside Mesic",3
"8_53_77_93700",10,27,131,2291,1606,1703000203,"17030001","WEC","Na0710412_fmh_WEC","Na0710412","Na0710412_fmh",4,"fmh","Na0710412","Na0710412_fmh","North Pacific Mountain Hemlock Forest - Xeric",5
"8_53_77_64437",10,27,131,2291,2234,1703000203,"17030001","WEC","Na0710412_fmh_WEC","Na0710412","Na0710412_fmh",4,"fmh","Na0710412","Na0710412_fmh","North Pacific Mountain Hemlock Forest - Xeric",5
"8_53_77_74305",10,27,131,2291,3341,1703000203,"17030001","WEC","Na0710412_fmh_WEC","Na0710412","Na0710412_fmh",4,"fmh","Na0710412","Na0710412_fmh","North Pacific Mountain Hemlock Forest - Xeric",5
"8_53_77_61817",10,62,340,261,1310,1707010601,"17070105C","WEC","RaMCONdy_fmd_1707010601","RaMCONdy","RaMCONdy_fmd",28,"fmd","RaMCONdy","RaMCONdy_fmd","Mixed Conifer - Eastside Dry",1
"8_53_77_84961",10,62,340,261,1671,1707010601,"17070105C","WEC","RaMCONdy_fmd_1707010601","RaMCONdy","RaMCONdy_fmd",28,"fmd","RaMCONdy","RaMCONdy_fmd","Mixed Conifer - Eastside Dry",1
"8_53_77_86258",10,62,340,261,1139,1707010601,"17070105C","WEC","RaMCONdy_fmd_1707010601","RaMCONdy","RaMCONdy_fmd",28,"fmd","RaMCONdy","RaMCONdy_fmd","Mixed Conifer - Eastside Dry",1
"8_53_77_54452",10,62,340,1962,1236,1707010601,"17070105C","WEC","RaMCONms_fmm_17070106","RaMCONms","RaMCONms_fmm",27,"fmm","RaMCONms","RaMCONms_fmm","Mixed Conifer - Eastside Mesic",3
"8_53_77_55641",10,62,341,295,1867,1707010602,"17070105C","WEC","RaMCONdy_fmd_1707010602","RaMCONdy","RaMCONdy_fmd",28,"fmd","RaMCONdy","RaMCONdy_fmd","Mixed Conifer - Eastside Dry",1
"8_53_39_75674",10,62,341,295,2364,1707010602,"17070105C","WEC","RaMCONdy_fmd_1707010602","RaMCONdy","RaMCONdy_fmd",28,"fmd","RaMCONdy","RaMCONdy_fmd","Mixed Conifer - Eastside Dry",1
"8_53_39_62927",10,62,343,336,2225,1707010604,"17070105C","WEC","RaMCONdy_fmd_1707010604","RaMCONdy","RaMCONdy_fmd",28,"fmd","RaMCONdy","RaMCONdy_fmd","Mixed Conifer - Eastside Dry",1
"8_53_39_68756",10,62,341,295,2511,1707010602,"17070105C","WEC","RaMCONdy_fmd_1707010602","RaMCONdy","RaMCONdy_fmd",28,"fmd","RaMCONdy","RaMCONdy_fmd","Mixed Conifer - Eastside Dry",1
"8_53_39_75165",10,62,343,336,2633,1707010604,"17070105C","WEC","RaMCONdy_fmd_1707010604","RaMCONdy","RaMCONdy_fmd",28,"fmd","RaMCONdy","RaMCONdy_fmd","Mixed Conifer - Eastside Dry",1
"8_53_39_66657",10,62,343,336,2576,1707010604,"17070105C","WEC","RaMCONdy_fmd_1707010604","RaMCONdy","RaMCONdy_fmd",28,"fmd","RaMCONdy","RaMCONdy_fmd","Mixed Conifer - Eastside Dry",1
"8_53_39_54281",10,62,343,336,2051,1707010604,"17070105C","WEC","RaMCONdy_fmd_1707010604","RaMCONdy","RaMCONdy_fmd",28,"fmd","RaMCONdy","RaMCONdy_fmd","Mixed Conifer - Eastside Dry",1
"3_41_65_64757",4,59,331,2019,152,1707010504,"17070104","OEC","RaPIPOxe_fxp_17070105B","RaPIPOxe","RaPIPOxe_fxp",56,"fxp","RaPIPOxe","RaPIPOxe_fxp","Ponderosa Pine - Xeric",3
"3_41_65_58638",4,59,329,2019,812,1707010502,"17070104","OEC","RaPIPOxe_fxp_17070105B","RaPIPOxe","RaPIPOxe_fxp",56,"fxp","RaPIPOxe","RaPIPOxe_fxp","Ponderosa Pine - Xeric",3
"3_41_65_52051",4,73,442,2023,167,1707030609,"17070305B","OEC","RaPIPOxe_fxp_17070306","RaPIPOxe","RaPIPOxe_fxp",56,"fxp","RaPIPOxe","RaPIPOxe_fxp","Ponderosa Pine - Xeric",3
"3_41_65_53260",4,73,439,608,1715,1707030606,"17070305B","OEC","RaMCONdy_fmd_1707030606","RaMCONdy","RaMCONdy_fmd",28,"fmd","RaMCONdy","RaMCONdy_fmd","Mixed Conifer - Eastside Dry",1
"3_41_65_53700",4,73,439,624,21,1707030606,"17070305B","OEC","RaOAPI_fop_1707030606","RaOAPI","RaOAPI_fop",58,"fop","RaOAPI","RaOAPI_fop","Oregon White Oak/Ponderosa Pine",1
"3_41_31_72376",2,74,435,2097,91,1707030602,"17070306","OBM","RaPIPOxe_fxp_17070306A","RaPIPOxe","RaPIPOxe_fxp",56,"fxp","RaPIPOxe","RaPIPOxe_fxp","Ponderosa Pine - Xeric",3
"3_41_31_89984",2,71,433,2103,1,1707030511,"17070304","OBM","RaPIPOxe_fxp_17070305A","RaPIPOxe","RaPIPOxe_fxp",56,"fxp","RaPIPOxe","RaPIPOxe_fxp","Ponderosa Pine - Xeric",3
"5_53_57_86829",11,130,741,2285,1320,1711000508,"17110004","WNC","RaABAMup_fst_WNC","RaABAMup","RaABAMup_fst",13,"fst","RaABAMup","RaABAMup_fst","Pacific Silver Fir - High Elevation",5
"3_41_17_78703",4,67,394,2098,13,1707030108,"17070204","OEC","RaPIPOxe_fxp_17070301","RaPIPOxe","RaPIPOxe_fxp",56,"fxp","RaPIPOxe","RaPIPOxe_fxp","Ponderosa Pine - Xeric",3
"3_41_17_60807",4,72,430,2127,2686,1707030508,"17070305A","OEC","RaPIPOxe_fxp_17070305B","RaPIPOxe","RaPIPOxe_fxp",56,"fxp","RaPIPOxe","RaPIPOxe_fxp","Ponderosa Pine - Xeric",3
"3_41_17_89565",4,72,430,1004,2951,1707030508,"17070305A","OEC","RaPIPOm_fdp_1707030508","RaPIPOm","RaPIPOm_fdp",52,"fdp","RaPIPOm","RaPIPOm_fdp","Dry Ponderosa Pine - Mesic",1
"5_53_57_88135",11,130,741,2285,2127,1711000508,"17110004","WNC","RaABAMup_fst_WNC","RaABAMup","RaABAMup_fst",13,"fst","RaABAMup","RaABAMup_fst","Pacific Silver Fir - High Elevation",5
"3_41_17_51646",4,72,430,1004,3090,1707030508,"17070305A","OEC","RaPIPOm_fdp_1707030508","RaPIPOm","RaPIPOm_fdp",52,"fdp","RaPIPOm","RaPIPOm_fdp","Dry Ponderosa Pine - Mesic",1
"3_41_17_71526",4,72,430,1004,3245,1707030508,"17070305A","OEC","RaPIPOm_fdp_1707030508","RaPIPOm","RaPIPOm_fdp",52,"fdp","RaPIPOm","RaPIPOm_fdp","Dry Ponderosa Pine - Mesic",1
"3_41_17_95021",4,72,430,1004,2486,1707030508,"17070305A","OEC","RaPIPOm_fdp_1707030508","RaPIPOm","RaPIPOm_fdp",52,"fdp","RaPIPOm","RaPIPOm_fdp","Dry Ponderosa Pine - Mesic",1
"3_41_17_69658",4,72,430,2322,867,1707030508,"17070305A","OEC","RaSPFI_fmz_OEC","RaSPFI","RaSPFI_fmz",26,"fmz","RaSPFI","RaSPFI_fmz","Spruce - Fir",4
"3_41_17_88714",4,72,430,2322,1819,1707030508,"17070305A","OEC","RaSPFI_fmz_OEC","RaSPFI","RaSPFI_fmz",26,"fmz","RaSPFI","RaSPFI_fmz","Spruce - Fir",4
"3_41_17_71535",4,68,404,2159,468,1707030207,"17070301","OEC","RaMCONms_fmm_17070302","RaMCONms","RaMCONms_fmm",27,"fmm","RaMCONms","RaMCONms_fmm","Mixed Conifer - Eastside Mesic",3
"3_41_17_59809",4,151,844,2324,874,1712000505,"17120004","OEC","Na0710412_fmh_OEC","Na0710412","Na0710412_fmh",4,"fmh","Na0710412","Na0710412_fmh","North Pacific Mountain Hemlock Forest - Xeric",5
"3_41_17_78195",4,151,844,2322,2008,1712000505,"17120004","OEC","RaSPFI_fmz_OEC","RaSPFI","RaSPFI_fmz",26,"fmz","RaSPFI","RaSPFI_fmz","Spruce - Fir",4
"3_41_17_58979",4,151,844,2322,1021,1712000505,"17120004","OEC","RaSPFI_fmz_OEC","RaSPFI","RaSPFI_fmz",26,"fmz","RaSPFI","RaSPFI_fmz","Spruce - Fir",4
"3_41_17_65737",4,68,403,2322,1185,1707030206,"17070301","OEC","RaSPFI_fmz_OEC","RaSPFI","RaSPFI_fmz",26,"fmz","RaSPFI","RaSPFI_fmz","Spruce - Fir",4
"3_41_17_82289",4,151,844,1074,2652,1712000505,"17120004","OEC","RaPIPOm_fpl_1712000505","RaPIPOm","RaPIPOm_fpl",55,"fpl","RaPIPOm","RaPIPOm_fpl","Dry Ponderosa Pine - Mesic",1
"5_53_57_96022",11,130,741,1777,2661,1711000508,"17110004","WNC","RaSAWD_fal_17110005","RaSAWD","RaSAWD_fal",2,"fal","RaSAWD","RaSAWD_fal","Subalpine Woodland",3
"3_41_37_91209",4,151,844,1074,1913,1712000505,"17120004","OEC","RaPIPOm_fpl_1712000505","RaPIPOm","RaPIPOm_fpl",55,"fpl","RaPIPOm","RaPIPOm_fpl","Dry Ponderosa Pine - Mesic",1
"3_41_37_79094",4,151,844,1074,1810,1712000505,"17120004","OEC","RaPIPOm_fpl_1712000505","RaPIPOm","RaPIPOm_fpl",55,"fpl","RaPIPOm","RaPIPOm_fpl","Dry Ponderosa Pine - Mesic",1
"3_41_37_62876",4,151,844,1074,1892,1712000505,"17120004","OEC","RaPIPOm_fpl_1712000505","RaPIPOm","RaPIPOm_fpl",55,"fpl","RaPIPOm","RaPIPOm_fpl","Dry Ponderosa Pine - Mesic",1
"3_41_37_68709",4,151,844,1074,1938,1712000505,"17120004","OEC","RaPIPOm_fpl_1712000505","RaPIPOm","RaPIPOm_fpl",55,"fpl","RaPIPOm","RaPIPOm_fpl","Dry Ponderosa Pine - Mesic",1
"3_41_37_97231",4,151,843,1100,2365,1712000504,"17120004","OEC","RaPIPOm_fpl_1712000504","RaPIPOm","RaPIPOm_fpl",55,"fpl","RaPIPOm","RaPIPOm_fpl","Dry Ponderosa Pine - Mesic",1
"3_41_37_92301",4,151,843,1100,3239,1712000504,"17120004","OEC","RaPIPOm_fpl_1712000504","RaPIPOm","RaPIPOm_fpl",55,"fpl","RaPIPOm","RaPIPOm_fpl","Dry Ponderosa Pine - Mesic",1
"3_41_37_85039",4,151,843,1100,985,1712000504,"17120004","OEC","RaPIPOm_fpl_1712000504","RaPIPOm","RaPIPOm_fpl",55,"fpl","RaPIPOm","RaPIPOm_fpl","Dry Ponderosa Pine - Mesic",1
"3_41_37_97841",4,151,843,1100,2619,1712000504,"17120004","OEC","RaPIPOm_fpl_1712000504","RaPIPOm","RaPIPOm_fpl",55,"fpl","RaPIPOm","RaPIPOm_fpl","Dry Ponderosa Pine - Mesic",1
"3_41_37_67009",4,151,843,1100,1530,1712000504,"17120004","OEC","RaPIPOm_fpl_1712000504","RaPIPOm","RaPIPOm_fpl",55,"fpl","RaPIPOm","RaPIPOm_fpl","Dry Ponderosa Pine - Mesic",1
"3_41_37_65263",4,151,843,1100,1537,1712000504,"17120004","OEC","RaPIPOm_fpl_1712000504","RaPIPOm","RaPIPOm_fpl",55,"fpl","RaPIPOm","RaPIPOm_fpl","Dry Ponderosa Pine - Mesic",1
"3_41_37_55370",4,151,843,1100,1396,1712000504,"17120004","OEC","RaPIPOm_fpl_1712000504","RaPIPOm","RaPIPOm_fpl",55,"fpl","RaPIPOm","RaPIPOm_fpl","Dry Ponderosa Pine - Mesic",1
"3_41_37_83639",4,151,840,2176,112,1712000501,"17120004","OEC","RaPIPOxe_fxp_17120005","RaPIPOxe","RaPIPOxe_fxp",56,"fxp","RaPIPOxe","RaPIPOxe_fxp","Ponderosa Pine - Xeric",3
"3_41_37_86939",4,151,841,2176,1317,1712000502,"17120004","OEC","RaPIPOxe_fxp_17120005","RaPIPOxe","RaPIPOxe_fxp",56,"fxp","RaPIPOxe","RaPIPOxe_fxp","Ponderosa Pine - Xeric",3
"3_41_37_60240",4,151,841,1171,1209,1712000502,"17120004","OEC","RaMCONdy_fmx_1712000502","RaMCONdy","RaMCONdy_fmx",29,"fmx","RaMCONdy","RaMCONdy_fmx","Mixed Conifer - Eastside Dry",1
"3_41_37_58333",4,151,841,1171,1011,1712000502,"17120004","OEC","RaMCONdy_fmx_1712000502","RaMCONdy","RaMCONdy_fmx",29,"fmx","RaMCONdy","RaMCONdy_fmx","Mixed Conifer - Eastside Dry",1
"3_41_37_58900",4,151,841,1171,1317,1712000502,"17120004","OEC","RaMCONdy_fmx_1712000502","RaMCONdy","RaMCONdy_fmx",29,"fmx","RaMCONdy","RaMCONdy_fmx","Mixed Conifer - Eastside Dry",1
"3_41_37_61201",4,151,841,2172,1255,1712000502,"17120004","OEC","RaMCONms_fmm_17120005","RaMCONms","RaMCONms_fmm",27,"fmm","RaMCONms","RaMCONms_fmm","Mixed Conifer - Eastside Mesic",3
"3_41_37_86431",4,151,841,1171,893,1712000502,"17120004","OEC","RaMCONdy_fmx_1712000502","RaMCONdy","RaMCONdy_fmx",29,"fmx","RaMCONdy","RaMCONdy_fmx","Mixed Conifer - Eastside Dry",1
"3_41_37_83390",4,151,841,2172,954,1712000502,"17120004","OEC","RaMCONms_fmm_17120005","RaMCONms","RaMCONms_fmm",27,"fmm","RaMCONms","RaMCONms_fmm","Mixed Conifer - Eastside Mesic",3
"3_41_37_63200",4,158,899,1324,1044,1801020202,"18010201","OEC","RaMCONdy_fmx_1801020202","RaMCONdy","RaMCONdy_fmx",29,"fmx","RaMCONdy","RaMCONdy_fmx","Mixed Conifer - Eastside Dry",1
"3_41_37_86758",4,151,841,1171,1291,1712000502,"17120004","OEC","RaMCONdy_fmx_1712000502","RaMCONdy","RaMCONdy_fmx",29,"fmx","RaMCONdy","RaMCONdy_fmx","Mixed Conifer - Eastside Dry",1
"3_41_37_81813",4,151,841,1171,1874,1712000502,"17120004","OEC","RaMCONdy_fmx_1712000502","RaMCONdy","RaMCONdy_fmx",29,"fmx","RaMCONdy","RaMCONdy_fmx","Mixed Conifer - Eastside Dry",1
"3_41_37_60761",4,151,841,1171,1005,1712000502,"17120004","OEC","RaMCONdy_fmx_1712000502","RaMCONdy","RaMCONdy_fmx",29,"fmx","RaMCONdy","RaMCONdy_fmx","Mixed Conifer - Eastside Dry",1
"3_41_37_85960",4,158,899,1325,1199,1801020202,"18010201","OEC","RaPIPOm_fpl_1801020202","RaPIPOm","RaPIPOm_fpl",55,"fpl","RaPIPOm","RaPIPOm_fpl","Dry Ponderosa Pine - Mesic",1
"3_41_37_74054",4,158,899,1324,1316,1801020202,"18010201","OEC","RaMCONdy_fmx_1801020202","RaMCONdy","RaMCONdy_fmx",29,"fmx","RaMCONdy","RaMCONdy_fmx","Mixed Conifer - Eastside Dry",1
"3_41_37_86458",4,158,899,1324,800,1801020202,"18010201","OEC","RaMCONdy_fmx_1801020202","RaMCONdy","RaMCONdy_fmx",29,"fmx","RaMCONdy","RaMCONdy_fmx","Mixed Conifer - Eastside Dry",1
"3_41_35_91580",4,158,899,1324,1745,1801020202,"18010201","OEC","RaMCONdy_fmx_1801020202","RaMCONdy","RaMCONdy_fmx",29,"fmx","RaMCONdy","RaMCONdy_fmx","Mixed Conifer - Eastside Dry",1
"3_41_35_60089",4,158,903,2232,1042,1801020206,"18010201","OEC","RaPIPOxe_fpd_18010202","RaPIPOxe","RaPIPOxe_fpd",53,"fpd","RaPIPOxe","RaPIPOxe_fpd","Ponderosa Pine - Xeric",3
"3_41_35_50335",4,158,902,2232,1277,1801020205,"18010201","OEC","RaPIPOxe_fpd_18010202","RaPIPOxe","RaPIPOxe_fpd",53,"fpd","RaPIPOxe","RaPIPOxe_fpd","Ponderosa Pine - Xeric",3
"3_41_35_51801",4,158,902,2232,2142,1801020205,"18010201","OEC","RaPIPOxe_fpd_18010202","RaPIPOxe","RaPIPOxe_fpd",53,"fpd","RaPIPOxe","RaPIPOxe_fpd","Ponderosa Pine - Xeric",3
"3_41_35_53949",4,158,902,2232,2752,1801020205,"18010201","OEC","RaPIPOxe_fpd_18010202","RaPIPOxe","RaPIPOxe_fpd",53,"fpd","RaPIPOxe","RaPIPOxe_fpd","Ponderosa Pine - Xeric",3
"3_41_35_63778",4,158,902,2233,2372,1801020205,"18010201","OEC","RaPIPOxe_fxp_18010202","RaPIPOxe","RaPIPOxe_fxp",56,"fxp","RaPIPOxe","RaPIPOxe_fxp","Ponderosa Pine - Xeric",3
"3_41_35_65427",4,158,902,2233,1738,1801020205,"18010201","OEC","RaPIPOxe_fxp_18010202","RaPIPOxe","RaPIPOxe_fxp",56,"fxp","RaPIPOxe","RaPIPOxe_fxp","Ponderosa Pine - Xeric",3
"3_41_35_73346",4,158,902,2233,1390,1801020205,"18010201","OEC","RaPIPOxe_fxp_18010202","RaPIPOxe","RaPIPOxe_fxp",56,"fxp","RaPIPOxe","RaPIPOxe_fxp","Ponderosa Pine - Xeric",3
"3_41_35_70137",4,158,904,1430,1910,1801020207,"18010201","OEC","RaMCONdy_fmx_1801020207","RaMCONdy","RaMCONdy_fmx",29,"fmx","RaMCONdy","RaMCONdy_fmx","Mixed Conifer - Eastside Dry",1
"3_41_35_71643",4,158,904,1430,1060,1801020207,"18010201","OEC","RaMCONdy_fmx_1801020207","RaMCONdy","RaMCONdy_fmx",29,"fmx","RaMCONdy","RaMCONdy_fmx","Mixed Conifer - Eastside Dry",1
"3_41_35_85595",4,160,910,2261,2116,1801020405,"18010203","OEC","RaPIPOxe_fpd_18010204","RaPIPOxe","RaPIPOxe_fpd",53,"fpd","RaPIPOxe","RaPIPOxe_fpd","Ponderosa Pine - Xeric",3
"3_41_35_96262",4,160,910,2261,1215,1801020405,"18010203","OEC","RaPIPOxe_fpd_18010204","RaPIPOxe","RaPIPOxe_fpd",53,"fpd","RaPIPOxe","RaPIPOxe_fpd","Ponderosa Pine - Xeric",3
"3_41_35_71051",4,160,910,2260,253,1801020405,"18010203","OEC","RaPIPOxe_fxp_18010204","RaPIPOxe","RaPIPOxe_fxp",56,"fxp","RaPIPOxe","RaPIPOxe_fxp","Ponderosa Pine - Xeric",3
"3_41_35_74770",4,160,910,2260,220,1801020405,"18010203","OEC","RaPIPOxe_fxp_18010204","RaPIPOxe","RaPIPOxe_fxp",56,"fxp","RaPIPOxe","RaPIPOxe_fxp","Ponderosa Pine - Xeric",3
"3_41_35_60924",4,160,911,2260,68,1801020406,"18010203","OEC","RaPIPOxe_fxp_18010204","RaPIPOxe","RaPIPOxe_fxp",56,"fxp","RaPIPOxe","RaPIPOxe_fxp","Ponderosa Pine - Xeric",3
"3_41_35_64327",4,160,909,2260,15,1801020404,"18010203","OEC","RaPIPOxe_fxp_18010204","RaPIPOxe","RaPIPOxe_fxp",56,"fxp","RaPIPOxe","RaPIPOxe_fxp","Ponderosa Pine - Xeric",3
"5_53_61_99098",11,131,747,1815,604,1711000603,"17110005","WNC","RaDFHEdy_fdg_17110006","RaDFHEdy","RaDFHEdy_fdg",24,"fdg","RaDFHEdy","RaDFHEdy_fdg","Douglas-fir Hemlock-Dry Mesic",3
"5_53_61_94471",11,131,747,1815,855,1711000603,"17110005","WNC","RaDFHEdy_fdg_17110006","RaDFHEdy","RaDFHEdy_fdg",24,"fdg","RaDFHEdy","RaDFHEdy_fdg","Douglas-fir Hemlock-Dry Mesic",3
"5_53_61_89868",11,131,747,2285,1097,1711000603,"17110005","WNC","RaABAMup_fst_WNC","RaABAMup","RaABAMup_fst",13,"fst","RaABAMup","RaABAMup_fst","Pacific Silver Fir - High Elevation",5
"5_53_61_75488",11,131,747,2286,730,1711000603,"17110005","WNC","Na0710411_fmt_WNC","Na0710411","Na0710411_fmt",5,"fmt","Na0710411","Na0710411_fmt","North Pacific Mountain Hemlock Forest - Wet",5
"5_53_61_77915",11,131,745,2287,839,1711000601,"17110005","WNC","Na0710412_fmc_WNC","Na0710412","Na0710412_fmc",7,"fmc","Na0710412","Na0710412_fmc","North Pacific Mountain Hemlock Forest - Xeric",5
"5_53_61_58018",11,131,745,1822,814,1711000601,"17110005","WNC","RaABAMlw_fsi_17110006","RaABAMlw","RaABAMlw_fsi",14,"fsi","RaABAMlw","RaABAMlw_fsi","Pacific Silver Fir - Low Elevation",3
"5_53_61_57152",11,131,745,2285,987,1711000601,"17110005","WNC","RaABAMup_fst_WNC","RaABAMup","RaABAMup_fst",13,"fst","RaABAMup","RaABAMup_fst","Pacific Silver Fir - High Elevation",5
"5_53_61_86497",11,131,745,2286,823,1711000601,"17110005","WNC","Na0710411_fmt_WNC","Na0710411","Na0710411_fmt",5,"fmt","Na0710411","Na0710411_fmt","North Pacific Mountain Hemlock Forest - Wet",5
"5_53_61_61807",11,131,745,2285,1085,1711000601,"17110005","WNC","RaABAMup_fst_WNC","RaABAMup","RaABAMup_fst",13,"fst","RaABAMup","RaABAMup_fst","Pacific Silver Fir - High Elevation",5
"5_53_61_68094",11,131,745,1822,659,1711000601,"17110005","WNC","RaABAMlw_fsi_17110006","RaABAMlw","RaABAMlw_fsi",14,"fsi","RaABAMlw","RaABAMlw_fsi","Pacific Silver Fir - Low Elevation",3
"5_53_61_92004",11,131,745,2286,656,1711000601,"17110005","WNC","Na0710411_fmt_WNC","Na0710411","Na0710411_fmt",5,"fmt","Na0710411","Na0710411_fmt","North Pacific Mountain Hemlock Forest - Wet",5
"5_53_61_73724",11,134,757,2285,2150,1711000904,"17110008","WNC","RaABAMup_fst_WNC","RaABAMup","RaABAMup_fst",13,"fst","RaABAMup","RaABAMup_fst","Pacific Silver Fir - High Elevation",5
"5_53_61_64458",11,134,757,2285,2272,1711000904,"17110008","WNC","RaABAMup_fst_WNC","RaABAMup","RaABAMup_fst",13,"fst","RaABAMup","RaABAMup_fst","Pacific Silver Fir - High Elevation",5
"5_53_61_71358",11,134,757,2286,2296,1711000904,"17110008","WNC","Na0710411_fmt_WNC","Na0710411","Na0710411_fmt",5,"fmt","Na0710411","Na0710411_fmt","North Pacific Mountain Hemlock Forest - Wet",5
"5_53_61_65424",11,134,755,2285,1791,1711000902,"17110008","WNC","RaABAMup_fst_WNC","RaABAMup","RaABAMup_fst",13,"fst","RaABAMup","RaABAMup_fst","Pacific Silver Fir - High Elevation",5
"5_53_61_52670",11,134,755,2285,1122,1711000902,"17110008","WNC","RaABAMup_fst_WNC","RaABAMup","RaABAMup_fst",13,"fst","RaABAMup","RaABAMup_fst","Pacific Silver Fir - High Elevation",5
"5_53_61_90366",11,134,755,2285,1499,1711000902,"17110008","WNC","RaABAMup_fst_WNC","RaABAMup","RaABAMup_fst",13,"fst","RaABAMup","RaABAMup_fst","Pacific Silver Fir - High Elevation",5
"5_53_61_87146",11,134,755,2285,2060,1711000902,"17110008","WNC","RaABAMup_fst_WNC","RaABAMup","RaABAMup_fst",13,"fst","RaABAMup","RaABAMup_fst","Pacific Silver Fir - High Elevation",5
"5_53_33_85666",11,134,754,2285,1272,1711000901,"17110008","WNC","RaABAMup_fst_WNC","RaABAMup","RaABAMup_fst",13,"fst","RaABAMup","RaABAMup_fst","Pacific Silver Fir - High Elevation",5
"5_53_33_82409",11,134,754,2285,1416,1711000901,"17110008","WNC","RaABAMup_fst_WNC","RaABAMup","RaABAMup_fst",13,"fst","RaABAMup","RaABAMup_fst","Pacific Silver Fir - High Elevation",5
"5_53_33_63594",11,134,754,2282,522,1711000901,"17110008","WNC","RaDFHEwt_fwm_WNC","RaDFHEwt","RaDFHEwt_fwm",33,"fwm","RaDFHEwt","RaDFHEwt_fwm","Douglas-fir Hemlock-Wet Mesic",5
"5_53_33_59412",11,134,754,2282,1907,1711000901,"17110008","WNC","RaDFHEwt_fwm_WNC","RaDFHEwt","RaDFHEwt_fwm",33,"fwm","RaDFHEwt","RaDFHEwt_fwm","Douglas-fir Hemlock-Wet Mesic",5
"5_53_33_84081",11,134,754,2285,1919,1711000901,"17110008","WNC","RaABAMup_fst_WNC","RaABAMup","RaABAMup_fst",13,"fst","RaABAMup","RaABAMup_fst","Pacific Silver Fir - High Elevation",5
"5_53_33_98467",11,134,754,1859,1356,1711000901,"17110008","WNC","RaSAWD_fal_17110009","RaSAWD","RaSAWD_fal",2,"fal","RaSAWD","RaSAWD_fal","Subalpine Woodland",3
"5_53_33_56581",11,134,754,1859,1395,1711000901,"17110008","WNC","RaSAWD_fal_17110009","RaSAWD","RaSAWD_fal",2,"fal","RaSAWD","RaSAWD_fal","Subalpine Woodland",3
"8_53_37_53114",10,26,124,1898,1289,1703000103,"17020016","WEC","RaMCONms_fmm_17030001","RaMCONms","RaMCONms_fmm",27,"fmm","RaMCONms","RaMCONms_fmm","Mixed Conifer - Eastside Mesic",3
"8_53_37_91502",10,26,124,1898,1947,1703000103,"17020016","WEC","RaMCONms_fmm_17030001","RaMCONms","RaMCONms_fmm",27,"fmm","RaMCONms","RaMCONms_fmm","Mixed Conifer - Eastside Mesic",3
"8_53_37_79762",10,26,124,1898,2017,1703000103,"17020016","WEC","RaMCONms_fmm_17030001","RaMCONms","RaMCONms_fmm",27,"fmm","RaMCONms","RaMCONms_fmm","Mixed Conifer - Eastside Mesic",3
"8_53_37_73830",10,26,124,1898,2935,1703000103,"17020016","WEC","RaMCONms_fmm_17030001","RaMCONms","RaMCONms_fmm",27,"fmm","RaMCONms","RaMCONms_fmm","Mixed Conifer - Eastside Mesic",3
"8_53_37_81044",10,26,124,1897,1451,1703000103,"17020016","WEC","RaABAMlw_fsi_17030001","RaABAMlw","RaABAMlw_fsi",14,"fsi","RaABAMlw","RaABAMlw_fsi","Pacific Silver Fir - Low Elevation",3
"8_53_37_70358",10,27,129,1925,2521,1703000201,"17030001","WEC","RaMCONms_fmm_17030002","RaMCONms","RaMCONms_fmm",27,"fmm","RaMCONms","RaMCONms_fmm","Mixed Conifer - Eastside Mesic",3
"8_53_77_55843",10,27,129,1925,2816,1703000201,"17030001","WEC","RaMCONms_fmm_17030002","RaMCONms","RaMCONms_fmm",27,"fmm","RaMCONms","RaMCONms_fmm","Mixed Conifer - Eastside Mesic",3
"8_53_77_73679",10,27,129,1925,1297,1703000201,"17030001","WEC","RaMCONms_fmm_17030002","RaMCONms","RaMCONms_fmm",27,"fmm","RaMCONms","RaMCONms_fmm","Mixed Conifer - Eastside Mesic",3
"8_53_77_73651",10,27,129,1925,915,1703000201,"17030001","WEC","RaMCONms_fmm_17030002","RaMCONms","RaMCONms_fmm",27,"fmm","RaMCONms","RaMCONms_fmm","Mixed Conifer - Eastside Mesic",3
"8_53_77_86208",10,27,129,2291,534,1703000201,"17030001","WEC","Na0710412_fmh_WEC","Na0710412","Na0710412_fmh",4,"fmh","Na0710412","Na0710412_fmh","North Pacific Mountain Hemlock Forest - Xeric",5
"8_53_77_54175",10,27,130,2291,1226,1703000202,"17030001","WEC","Na0710412_fmh_WEC","Na0710412","Na0710412_fmh",4,"fmh","Na0710412","Na0710412_fmh","North Pacific Mountain Hemlock Forest - Xeric",5
"8_53_77_55470",10,27,130,2291,1096,1703000202,"17030001","WEC","Na0710412_fmh_WEC","Na0710412","Na0710412_fmh",4,"fmh","Na0710412","Na0710412_fmh","North Pacific Mountain Hemlock Forest - Xeric",5
"8_53_77_53415",10,27,130,1923,2098,1703000202,"17030001","WEC","RaABAMlw_fsi_17030002","RaABAMlw","RaABAMlw_fsi",14,"fsi","RaABAMlw","RaABAMlw_fsi","Pacific Silver Fir - Low Elevation",3
"8_53_77_68328",10,27,131,2291,2765,1703000203,"17030001","WEC","Na0710412_fmh_WEC","Na0710412","Na0710412_fmh",4,"fmh","Na0710412","Na0710412_fmh","North Pacific Mountain Hemlock Forest - Xeric",5
"8_53_77_79191",10,27,131,1925,1917,1703000203,"17030001","WEC","RaMCONms_fmm_17030002","RaMCONms","RaMCONms_fmm",27,"fmm","RaMCONms","RaMCONms_fmm","Mixed Conifer - Eastside Mesic",3
"8_53_77_82473",10,27,131,1925,2098,1703000203,"17030001","WEC","RaMCONms_fmm_17030002","RaMCONms","RaMCONms_fmm",27,"fmm","RaMCONms","RaMCONms_fmm","Mixed Conifer - Eastside Mesic",3
"8_53_77_57789",10,27,131,1925,1254,1703000203,"17030001","WEC","RaMCONms_fmm_17030002","RaMCONms","RaMCONms_fmm",27,"fmm","RaMCONms","RaMCONms_fmm","Mixed Conifer - Eastside Mesic",3
"8_53_77_62156",10,27,131,2291,1563,1703000203,"17030001","WEC","Na0710412_fmh_WEC","Na0710412","Na0710412_fmh",4,"fmh","Na0710412","Na0710412_fmh","North Pacific Mountain Hemlock Forest - Xeric",5
"8_53_77_61337",10,27,131,1925,1603,1703000203,"17030001","WEC","RaMCONms_fmm_17030002","RaMCONms","RaMCONms_fmm",27,"fmm","RaMCONms","RaMCONms_fmm","Mixed Conifer - Eastside Mesic",3
"8_53_77_86289",10,27,131,2291,1472,1703000203,"17030001","WEC","Na0710412_fmh_WEC","Na0710412","Na0710412_fmh",4,"fmh","Na0710412","Na0710412_fmh","North Pacific Mountain Hemlock Forest - Xeric",5
"8_53_77_57096",10,27,131,2291,2798,1703000203,"17030001","WEC","Na0710412_fmh_WEC","Na0710412","Na0710412_fmh",4,"fmh","Na0710412","Na0710412_fmh","North Pacific Mountain Hemlock Forest - Xeric",5
"8_53_77_83715",10,62,340,2291,1740,1707010601,"17070105C","WEC","Na0710412_fmh_WEC","Na0710412","Na0710412_fmh",4,"fmh","Na0710412","Na0710412_fmh","North Pacific Mountain Hemlock Forest - Xeric",5
"8_53_77_83412",10,62,340,2291,1532,1707010601,"17070105C","WEC","Na0710412_fmh_WEC","Na0710412","Na0710412_fmh",4,"fmh","Na0710412","Na0710412_fmh","North Pacific Mountain Hemlock Forest - Xeric",5
"8_53_77_98315",10,62,340,2291,1063,1707010601,"17070105C","WEC","Na0710412_fmh_WEC","Na0710412","Na0710412_fmh",4,"fmh","Na0710412","Na0710412_fmh","North Pacific Mountain Hemlock Forest - Xeric",5
"8_53_77_82010",10,62,340,2291,2879,1707010601,"17070105C","WEC","Na0710412_fmh_WEC","Na0710412","Na0710412_fmh",4,"fmh","Na0710412","Na0710412_fmh","North Pacific Mountain Hemlock Forest - Xeric",5
"8_53_77_68935",10,62,340,261,2567,1707010601,"17070105C","WEC","RaMCONdy_fmd_1707010601","RaMCONdy","RaMCONdy_fmd",28,"fmd","RaMCONdy","RaMCONdy_fmd","Mixed Conifer - Eastside Dry",1
"8_53_77_60221",10,62,340,261,1658,1707010601,"17070105C","WEC","RaMCONdy_fmd_1707010601","RaMCONdy","RaMCONdy_fmd",28,"fmd","RaMCONdy","RaMCONdy_fmd","Mixed Conifer - Eastside Dry",1
"8_53_77_64597",10,62,341,1962,2085,1707010602,"17070105C","WEC","RaMCONms_fmm_17070106","RaMCONms","RaMCONms_fmm",27,"fmm","RaMCONms","RaMCONms_fmm","Mixed Conifer - Eastside Mesic",3
"8_53_77_86452",10,62,341,295,2211,1707010602,"17070105C","WEC","RaMCONdy_fmd_1707010602","RaMCONdy","RaMCONdy_fmd",28,"fmd","RaMCONdy","RaMCONdy_fmd","Mixed Conifer - Eastside Dry",1
"8_53_77_97938",10,62,341,295,3256,1707010602,"17070105C","WEC","RaMCONdy_fmd_1707010602","RaMCONdy","RaMCONdy_fmd",28,"fmd","RaMCONdy","RaMCONdy_fmd","Mixed Conifer - Eastside Dry",1
"8_53_39_80625",10,62,343,336,457,1707010604,"17070105C","WEC","RaMCONdy_fmd_1707010604","RaMCONdy","RaMCONdy_fmd",28,"fmd","RaMCONdy","RaMCONdy_fmd","Mixed Conifer - Eastside Dry",1
"3_41_65_56225",4,59,331,2019,47,1707010504,"17070104","OEC","RaPIPOxe_fxp_17070105B","RaPIPOxe","RaPIPOxe_fxp",56,"fxp","RaPIPOxe","RaPIPOxe_fxp","Ponderosa Pine - Xeric",3
"5_53_73_56608",11,130,742,2282,784,1711000509,"17110004","WNC","RaDFHEwt_fwm_WNC","RaDFHEwt","RaDFHEwt_fwm",33,"fwm","RaDFHEwt","RaDFHEwt_fwm","Douglas-fir Hemlock-Wet Mesic",5
"3_41_65_87462",4,59,329,2019,398,1707010502,"17070104","OEC","RaPIPOxe_fxp_17070105B","RaPIPOxe","RaPIPOxe_fxp",56,"fxp","RaPIPOxe","RaPIPOxe_fxp","Ponderosa Pine - Xeric",3
"3_41_65_90672",4,73,444,573,2150,1707030611,"17070305B","OEC","RaOAPI_fop_1707030611","RaOAPI","RaOAPI_fop",58,"fop","RaOAPI","RaOAPI_fop","Oregon White Oak/Ponderosa Pine",1
"3_41_65_86519",4,73,444,573,1950,1707030611,"17070305B","OEC","RaOAPI_fop_1707030611","RaOAPI","RaOAPI_fop",58,"fop","RaOAPI","RaOAPI_fop","Oregon White Oak/Ponderosa Pine",1
"3_41_31_92817",2,71,433,2103,14,1707030511,"17070304","OBM","RaPIPOxe_fxp_17070305A","RaPIPOxe","RaPIPOxe_fxp",56,"fxp","RaPIPOxe","RaPIPOxe_fxp","Ponderosa Pine - Xeric",3
"5_53_57_74377",11,130,741,1779,785,1711000508,"17110004","WNC","RaABAMlw_fsi_17110005","RaABAMlw","RaABAMlw_fsi",14,"fsi","RaABAMlw","RaABAMlw_fsi","Pacific Silver Fir - Low Elevation",3
"3_41_17_90143",4,72,430,2127,77,1707030508,"17070305A","OEC","RaPIPOxe_fxp_17070305B","RaPIPOxe","RaPIPOxe_fxp",56,"fxp","RaPIPOxe","RaPIPOxe_fxp","Ponderosa Pine - Xeric",3
"3_41_17_76402",4,72,430,2127,2385,1707030508,"17070305A","OEC","RaPIPOxe_fxp_17070305B","RaPIPOxe","RaPIPOxe_fxp",56,"fxp","RaPIPOxe","RaPIPOxe_fxp","Ponderosa Pine - Xeric",3
"5_53_57_79623",11,130,741,2282,1338,1711000508,"17110004","WNC","RaDFHEwt_fwm_WNC","RaDFHEwt","RaDFHEwt_fwm",33,"fwm","RaDFHEwt","RaDFHEwt_fwm","Douglas-fir Hemlock-Wet Mesic",5
"3_41_17_63123",4,72,430,2127,1352,1707030508,"17070305A","OEC","RaPIPOxe_fxp_17070305B","RaPIPOxe","RaPIPOxe_fxp",56,"fxp","RaPIPOxe","RaPIPOxe_fxp","Ponderosa Pine - Xeric",3
"3_41_17_93686",4,72,430,2127,1185,1707030508,"17070305A","OEC","RaPIPOxe_fxp_17070305B","RaPIPOxe","RaPIPOxe_fxp",56,"fxp","RaPIPOxe","RaPIPOxe_fxp","Ponderosa Pine - Xeric",3
"3_41_17_66889",4,72,430,1004,2188,1707030508,"17070305A","OEC","RaPIPOm_fdp_1707030508","RaPIPOm","RaPIPOm_fdp",52,"fdp","RaPIPOm","RaPIPOm_fdp","Dry Ponderosa Pine - Mesic",1
"3_41_17_76426",4,72,430,1004,601,1707030508,"17070305A","OEC","RaPIPOm_fdp_1707030508","RaPIPOm","RaPIPOm_fdp",52,"fdp","RaPIPOm","RaPIPOm_fdp","Dry Ponderosa Pine - Mesic",1
"3_41_17_60445",4,72,429,1006,1463,1707030507,"17070305A","OEC","RaPIPOm_fdp_1707030507","RaPIPOm","RaPIPOm_fdp",52,"fdp","RaPIPOm","RaPIPOm_fdp","Dry Ponderosa Pine - Mesic",1
"3_41_17_91453",4,72,429,1006,820,1707030507,"17070305A","OEC","RaPIPOm_fdp_1707030507","RaPIPOm","RaPIPOm_fdp",52,"fdp","RaPIPOm","RaPIPOm_fdp","Dry Ponderosa Pine - Mesic",1
"3_41_17_92032",4,72,429,1006,1114,1707030507,"17070305A","OEC","RaPIPOm_fdp_1707030507","RaPIPOm","RaPIPOm_fdp",52,"fdp","RaPIPOm","RaPIPOm_fdp","Dry Ponderosa Pine - Mesic",1
"3_41_17_56017",4,151,844,2322,767,1712000505,"17120004","OEC","RaSPFI_fmz_OEC","RaSPFI","RaSPFI_fmz",26,"fmz","RaSPFI","RaSPFI_fmz","Spruce - Fir",4
"3_41_17_55616",4,151,844,2322,1740,1712000505,"17120004","OEC","RaSPFI_fmz_OEC","RaSPFI","RaSPFI_fmz",26,"fmz","RaSPFI","RaSPFI_fmz","Spruce - Fir",4
"3_41_17_52378",4,72,428,2322,1344,1707030506,"17070305A","OEC","RaSPFI_fmz_OEC","RaSPFI","RaSPFI_fmz",26,"fmz","RaSPFI","RaSPFI_fmz","Spruce - Fir",4
"3_41_17_64220",4,72,428,2322,571,1707030506,"17070305A","OEC","RaSPFI_fmz_OEC","RaSPFI","RaSPFI_fmz",26,"fmz","RaSPFI","RaSPFI_fmz","Spruce - Fir",4
"3_41_17_88085",4,151,844,1074,1927,1712000505,"17120004","OEC","RaPIPOm_fpl_1712000505","RaPIPOm","RaPIPOm_fpl",55,"fpl","RaPIPOm","RaPIPOm_fpl","Dry Ponderosa Pine - Mesic",1
"3_41_17_64208",4,151,844,1074,2357,1712000505,"17120004","OEC","RaPIPOm_fpl_1712000505","RaPIPOm","RaPIPOm_fpl",55,"fpl","RaPIPOm","RaPIPOm_fpl","Dry Ponderosa Pine - Mesic",1
"3_41_17_67961",4,151,844,1074,2313,1712000505,"17120004","OEC","RaPIPOm_fpl_1712000505","RaPIPOm","RaPIPOm_fpl",55,"fpl","RaPIPOm","RaPIPOm_fpl","Dry Ponderosa Pine - Mesic",1
"5_53_57_56850",11,130,741,2285,1490,1711000508,"17110004","WNC","RaABAMup_fst_WNC","RaABAMup","RaABAMup_fst",13,"fst","RaABAMup","RaABAMup_fst","Pacific Silver Fir - High Elevation",5
"3_41_37_72632",4,151,844,1074,2970,1712000505,"17120004","OEC","RaPIPOm_fpl_1712000505","RaPIPOm","RaPIPOm_fpl",55,"fpl","RaPIPOm","RaPIPOm_fpl","Dry Ponderosa Pine - Mesic",1
"3_41_37_76545",4,151,844,1074,2732,1712000505,"17120004","OEC","RaPIPOm_fpl_1712000505","RaPIPOm","RaPIPOm_fpl",55,"fpl","RaPIPOm","RaPIPOm_fpl","Dry Ponderosa Pine - Mesic",1
"3_41_37_72543",4,151,844,1074,2237,1712000505,"17120004","OEC","RaPIPOm_fpl_1712000505","RaPIPOm","RaPIPOm_fpl",55,"fpl","RaPIPOm","RaPIPOm_fpl","Dry Ponderosa Pine - Mesic",1
"3_41_37_83302",4,151,844,1074,1391,1712000505,"17120004","OEC","RaPIPOm_fpl_1712000505","RaPIPOm","RaPIPOm_fpl",55,"fpl","RaPIPOm","RaPIPOm_fpl","Dry Ponderosa Pine - Mesic",1
"3_41_37_93860",4,151,844,1074,1758,1712000505,"17120004","OEC","RaPIPOm_fpl_1712000505","RaPIPOm","RaPIPOm_fpl",55,"fpl","RaPIPOm","RaPIPOm_fpl","Dry Ponderosa Pine - Mesic",1
"3_41_37_89446",4,151,843,1100,2865,1712000504,"17120004","OEC","RaPIPOm_fpl_1712000504","RaPIPOm","RaPIPOm_fpl",55,"fpl","RaPIPOm","RaPIPOm_fpl","Dry Ponderosa Pine - Mesic",1
"3_41_37_82425",4,151,843,1100,1780,1712000504,"17120004","OEC","RaPIPOm_fpl_1712000504","RaPIPOm","RaPIPOm_fpl",55,"fpl","RaPIPOm","RaPIPOm_fpl","Dry Ponderosa Pine - Mesic",1
"3_41_37_91539",4,151,843,1100,467,1712000504,"17120004","OEC","RaPIPOm_fpl_1712000504","RaPIPOm","RaPIPOm_fpl",55,"fpl","RaPIPOm","RaPIPOm_fpl","Dry Ponderosa Pine - Mesic",1
"5_53_57_88788",11,130,741,2285,2273,1711000508,"17110004","WNC","RaABAMup_fst_WNC","RaABAMup","RaABAMup_fst",13,"fst","RaABAMup","RaABAMup_fst","Pacific Silver Fir - High Elevation",5
"3_41_37_96176",4,151,841,2176,219,1712000502,"17120004","OEC","RaPIPOxe_fxp_17120005","RaPIPOxe","RaPIPOxe_fxp",56,"fxp","RaPIPOxe","RaPIPOxe_fxp","Ponderosa Pine - Xeric",3
"3_41_37_91952",4,151,841,2176,1112,1712000502,"17120004","OEC","RaPIPOxe_fxp_17120005","RaPIPOxe","RaPIPOxe_fxp",56,"fxp","RaPIPOxe","RaPIPOxe_fxp","Ponderosa Pine - Xeric",3
"3_41_37_74504",4,151,841,2176,1317,1712000502,"17120004","OEC","RaPIPOxe_fxp_17120005","RaPIPOxe","RaPIPOxe_fxp",56,"fxp","RaPIPOxe","RaPIPOxe_fxp","Ponderosa Pine - Xeric",3
"3_41_37_87131",4,151,841,1171,1302,1712000502,"17120004","OEC","RaMCONdy_fmx_1712000502","RaMCONdy","RaMCONdy_fmx",29,"fmx","RaMCONdy","RaMCONdy_fmx","Mixed Conifer - Eastside Dry",1
"3_41_37_81654",4,158,899,2232,501,1801020202,"18010201","OEC","RaPIPOxe_fpd_18010202","RaPIPOxe","RaPIPOxe_fpd",53,"fpd","RaPIPOxe","RaPIPOxe_fpd","Ponderosa Pine - Xeric",3
"3_41_35_65369",4,158,899,2232,1605,1801020202,"18010201","OEC","RaPIPOxe_fpd_18010202","RaPIPOxe","RaPIPOxe_fpd",53,"fpd","RaPIPOxe","RaPIPOxe_fpd","Ponderosa Pine - Xeric",3
"3_41_35_66282",4,158,899,2232,1350,1801020202,"18010201","OEC","RaPIPOxe_fpd_18010202","RaPIPOxe","RaPIPOxe_fpd",53,"fpd","RaPIPOxe","RaPIPOxe_fpd","Ponderosa Pine - Xeric",3
"3_41_35_96277",4,158,903,1370,1335,1801020206,"18010201","OEC","RaMCONdy_fmx_1801020206","RaMCONdy","RaMCONdy_fmx",29,"fmx","RaMCONdy","RaMCONdy_fmx","Mixed Conifer - Eastside Dry",1
"3_41_35_82430",4,158,903,1370,1761,1801020206,"18010201","OEC","RaMCONdy_fmx_1801020206","RaMCONdy","RaMCONdy_fmx",29,"fmx","RaMCONdy","RaMCONdy_fmx","Mixed Conifer - Eastside Dry",1
"3_41_35_69784",4,158,902,2232,2369,1801020205,"18010201","OEC","RaPIPOxe_fpd_18010202","RaPIPOxe","RaPIPOxe_fpd",53,"fpd","RaPIPOxe","RaPIPOxe_fpd","Ponderosa Pine - Xeric",3
"3_41_35_87333",4,158,902,1480,1584,1801020205,"18010201","OEC","RaMCONdy_fmx_1801020205","RaMCONdy","RaMCONdy_fmx",29,"fmx","RaMCONdy","RaMCONdy_fmx","Mixed Conifer - Eastside Dry",1
"3_41_35_67524",4,158,902,2233,2283,1801020205,"18010201","OEC","RaPIPOxe_fxp_18010202","RaPIPOxe","RaPIPOxe_fxp",56,"fxp","RaPIPOxe","RaPIPOxe_fxp","Ponderosa Pine - Xeric",3
"3_41_35_99884",4,158,904,1430,1079,1801020207,"18010201","OEC","RaMCONdy_fmx_1801020207","RaMCONdy","RaMCONdy_fmx",29,"fmx","RaMCONdy","RaMCONdy_fmx","Mixed Conifer - Eastside Dry",1
"3_41_35_75737",4,158,904,1430,2135,1801020207,"18010201","OEC","RaMCONdy_fmx_1801020207","RaMCONdy","RaMCONdy_fmx",29,"fmx","RaMCONdy","RaMCONdy_fmx","Mixed Conifer - Eastside Dry",1
"3_41_35_85040",4,160,910,1623,1235,1801020405,"18010203","OEC","RaMCONdy_fmd_1801020405","RaMCONdy","RaMCONdy_fmd",28,"fmd","RaMCONdy","RaMCONdy_fmd","Mixed Conifer - Eastside Dry",1
"3_41_35_70313",4,160,910,1623,2277,1801020405,"18010203","OEC","RaMCONdy_fmd_1801020405","RaMCONdy","RaMCONdy_fmd",28,"fmd","RaMCONdy","RaMCONdy_fmd","Mixed Conifer - Eastside Dry",1
"3_41_35_69743",4,160,910,2261,340,1801020405,"18010203","OEC","RaPIPOxe_fpd_18010204","RaPIPOxe","RaPIPOxe_fpd",53,"fpd","RaPIPOxe","RaPIPOxe_fpd","Ponderosa Pine - Xeric",3
"5_53_57_83059",11,131,747,2285,1202,1711000603,"17110005","WNC","RaABAMup_fst_WNC","RaABAMup","RaABAMup_fst",13,"fst","RaABAMup","RaABAMup_fst","Pacific Silver Fir - High Elevation",5
"3_41_35_67515",4,160,910,2260,422,1801020405,"18010203","OEC","RaPIPOxe_fxp_18010204","RaPIPOxe","RaPIPOxe_fxp",56,"fxp","RaPIPOxe","RaPIPOxe_fxp","Ponderosa Pine - Xeric",3
"3_41_35_74361",4,160,909,2260,131,1801020404,"18010203","OEC","RaPIPOxe_fxp_18010204","RaPIPOxe","RaPIPOxe_fxp",56,"fxp","RaPIPOxe","RaPIPOxe_fxp","Ponderosa Pine - Xeric",3
"5_53_57_67929",11,131,747,2286,648,1711000603,"17110005","WNC","Na0710411_fmt_WNC","Na0710411","Na0710411_fmt",5,"fmt","Na0710411","Na0710411_fmt","North Pacific Mountain Hemlock Forest - Wet",5
"5_53_61_87442",11,131,747,2285,1299,1711000603,"17110005","WNC","RaABAMup_fst_WNC","RaABAMup","RaABAMup_fst",13,"fst","RaABAMup","RaABAMup_fst","Pacific Silver Fir - High Elevation",5
"5_53_61_82771",11,131,747,1830,815,1711000603,"17110005","WNC","RaSAWD_fal_17110006","RaSAWD","RaSAWD_fal",2,"fal","RaSAWD","RaSAWD_fal","Subalpine Woodland",3
"5_53_61_84540",11,131,745,1830,2614,1711000601,"17110005","WNC","RaSAWD_fal_17110006","RaSAWD","RaSAWD_fal",2,"fal","RaSAWD","RaSAWD_fal","Subalpine Woodland",3
"5_53_61_88964",11,131,745,2286,1333,1711000601,"17110005","WNC","Na0710411_fmt_WNC","Na0710411","Na0710411_fmt",5,"fmt","Na0710411","Na0710411_fmt","North Pacific Mountain Hemlock Forest - Wet",5
"5_53_73_59161",11,130,739,2288,1866,1711000506,"17110004","WNC","RaABLA_faf_WNC","RaABLA","RaABLA_faf",8,"faf","RaABLA","RaABLA_faf","Subalpine Fir",4
"5_53_61_77068",11,134,755,2285,1165,1711000902,"17110008","WNC","RaABAMup_fst_WNC","RaABAMup","RaABAMup_fst",13,"fst","RaABAMup","RaABAMup_fst","Pacific Silver Fir - High Elevation",5
"5_53_61_79112",11,134,755,2285,1748,1711000902,"17110008","WNC","RaABAMup_fst_WNC","RaABAMup","RaABAMup_fst",13,"fst","RaABAMup","RaABAMup_fst","Pacific Silver Fir - High Elevation",5
"5_53_33_86293",11,134,754,2287,1165,1711000901,"17110008","WNC","Na0710412_fmc_WNC","Na0710412","Na0710412_fmc",7,"fmc","Na0710412","Na0710412_fmc","North Pacific Mountain Hemlock Forest - Xeric",5
"5_53_33_94348",11,134,755,2286,1232,1711000902,"17110008","WNC","Na0710411_fmt_WNC","Na0710411","Na0710411_fmt",5,"fmt","Na0710411","Na0710411_fmt","North Pacific Mountain Hemlock Forest - Wet",5
"5_53_33_90324",11,134,754,2285,2622,1711000901,"17110008","WNC","RaABAMup_fst_WNC","RaABAMup","RaABAMup_fst",13,"fst","RaABAMup","RaABAMup_fst","Pacific Silver Fir - High Elevation",5
"5_53_33_67237",11,134,754,2285,789,1711000901,"17110008","WNC","RaABAMup_fst_WNC","RaABAMup","RaABAMup_fst",13,"fst","RaABAMup","RaABAMup_fst","Pacific Silver Fir - High Elevation",5
"5_53_33_79764",11,134,754,2287,830,1711000901,"17110008","WNC","Na0710412_fmc_WNC","Na0710412","Na0710412_fmc",7,"fmc","Na0710412","Na0710412_fmc","North Pacific Mountain Hemlock Forest - Xeric",5
"8_53_37_60740",10,26,122,2291,1444,1703000101,"17020016","WEC","Na0710412_fmh_WEC","Na0710412","Na0710412_fmh",4,"fmh","Na0710412","Na0710412_fmh","North Pacific Mountain Hemlock Forest - Xeric",5
"8_53_37_69026",10,26,124,1897,1399,1703000103,"17020016","WEC","RaABAMlw_fsi_17030001","RaABAMlw","RaABAMlw_fsi",14,"fsi","RaABAMlw","RaABAMlw_fsi","Pacific Silver Fir - Low Elevation",3
"8_53_37_80884",10,26,124,1897,1689,1703000103,"17020016","WEC","RaABAMlw_fsi_17030001","RaABAMlw","RaABAMlw_fsi",14,"fsi","RaABAMlw","RaABAMlw_fsi","Pacific Silver Fir - Low Elevation",3
"8_53_37_78989",10,26,124,1898,1018,1703000103,"17020016","WEC","RaMCONms_fmm_17030001","RaMCONms","RaMCONms_fmm",27,"fmm","RaMCONms","RaMCONms_fmm","Mixed Conifer - Eastside Mesic",3
"8_53_37_51594",10,26,124,1898,1079,1703000103,"17020016","WEC","RaMCONms_fmm_17030001","RaMCONms","RaMCONms_fmm",27,"fmm","RaMCONms","RaMCONms_fmm","Mixed Conifer - Eastside Mesic",3
"8_53_37_84145",10,26,124,1898,1768,1703000103,"17020016","WEC","RaMCONms_fmm_17030001","RaMCONms","RaMCONms_fmm",27,"fmm","RaMCONms","RaMCONms_fmm","Mixed Conifer - Eastside Mesic",3
"8_53_37_81022",10,26,124,1898,2710,1703000103,"17020016","WEC","RaMCONms_fmm_17030001","RaMCONms","RaMCONms_fmm",27,"fmm","RaMCONms","RaMCONms_fmm","Mixed Conifer - Eastside Mesic",3
"8_53_37_84754",10,26,124,1898,1828,1703000103,"17020016","WEC","RaMCONms_fmm_17030001","RaMCONms","RaMCONms_fmm",27,"fmm","RaMCONms","RaMCONms_fmm","Mixed Conifer - Eastside Mesic",3
"8_53_37_96586",10,26,124,1898,1116,1703000103,"17020016","WEC","RaMCONms_fmm_17030001","RaMCONms","RaMCONms_fmm",27,"fmm","RaMCONms","RaMCONms_fmm","Mixed Conifer - Eastside Mesic",3
"8_53_37_69653",10,26,124,1897,738,1703000103,"17020016","WEC","RaABAMlw_fsi_17030001","RaABAMlw","RaABAMlw_fsi",14,"fsi","RaABAMlw","RaABAMlw_fsi","Pacific Silver Fir - Low Elevation",3
"8_53_37_74959",10,26,124,1898,1544,1703000103,"17020016","WEC","RaMCONms_fmm_17030001","RaMCONms","RaMCONms_fmm",27,"fmm","RaMCONms","RaMCONms_fmm","Mixed Conifer - Eastside Mesic",3
"8_53_37_72578",10,27,129,1925,1254,1703000201,"17030001","WEC","RaMCONms_fmm_17030002","RaMCONms","RaMCONms_fmm",27,"fmm","RaMCONms","RaMCONms_fmm","Mixed Conifer - Eastside Mesic",3
"8_53_37_58605",10,27,129,1925,1518,1703000201,"17030001","WEC","RaMCONms_fmm_17030002","RaMCONms","RaMCONms_fmm",27,"fmm","RaMCONms","RaMCONms_fmm","Mixed Conifer - Eastside Mesic",3
"8_53_77_96196",10,27,129,1925,2887,1703000201,"17030001","WEC","RaMCONms_fmm_17030002","RaMCONms","RaMCONms_fmm",27,"fmm","RaMCONms","RaMCONms_fmm","Mixed Conifer - Eastside Mesic",3
"8_53_77_80224",10,27,129,1925,1465,1703000201,"17030001","WEC","RaMCONms_fmm_17030002","RaMCONms","RaMCONms_fmm",27,"fmm","RaMCONms","RaMCONms_fmm","Mixed Conifer - Eastside Mesic",3
"8_53_77_94139",10,27,129,1925,1872,1703000201,"17030001","WEC","RaMCONms_fmm_17030002","RaMCONms","RaMCONms_fmm",27,"fmm","RaMCONms","RaMCONms_fmm","Mixed Conifer - Eastside Mesic",3
"8_53_77_82338",10,27,129,1923,1145,1703000201,"17030001","WEC","RaABAMlw_fsi_17030002","RaABAMlw","RaABAMlw_fsi",14,"fsi","RaABAMlw","RaABAMlw_fsi","Pacific Silver Fir - Low Elevation",3
"8_53_77_93345",10,27,129,1925,1062,1703000201,"17030001","WEC","RaMCONms_fmm_17030002","RaMCONms","RaMCONms_fmm",27,"fmm","RaMCONms","RaMCONms_fmm","Mixed Conifer - Eastside Mesic",3
"8_53_77_99308",10,27,129,1925,1659,1703000201,"17030001","WEC","RaMCONms_fmm_17030002","RaMCONms","RaMCONms_fmm",27,"fmm","RaMCONms","RaMCONms_fmm","Mixed Conifer - Eastside Mesic",3
"8_53_77_56553",10,27,129,1925,2634,1703000201,"17030001","WEC","RaMCONms_fmm_17030002","RaMCONms","RaMCONms_fmm",27,"fmm","RaMCONms","RaMCONms_fmm","Mixed Conifer - Eastside Mesic",3
"8_53_77_66386",10,27,131,2291,2902,1703000203,"17030001","WEC","Na0710412_fmh_WEC","Na0710412","Na0710412_fmh",4,"fmh","Na0710412","Na0710412_fmh","North Pacific Mountain Hemlock Forest - Xeric",5
"8_53_77_66504",10,27,131,230,1136,1703000203,"17030001","WEC","RaMCONdy_fmd_1703000203","RaMCONdy","RaMCONdy_fmd",28,"fmd","RaMCONdy","RaMCONdy_fmd","Mixed Conifer - Eastside Dry",1
"8_53_77_96331",10,27,131,1925,1408,1703000203,"17030001","WEC","RaMCONms_fmm_17030002","RaMCONms","RaMCONms_fmm",27,"fmm","RaMCONms","RaMCONms_fmm","Mixed Conifer - Eastside Mesic",3
"8_53_77_64492",10,27,131,1925,1790,1703000203,"17030001","WEC","RaMCONms_fmm_17030002","RaMCONms","RaMCONms_fmm",27,"fmm","RaMCONms","RaMCONms_fmm","Mixed Conifer - Eastside Mesic",3
"8_53_77_87394",10,27,131,2291,1635,1703000203,"17030001","WEC","Na0710412_fmh_WEC","Na0710412","Na0710412_fmh",4,"fmh","Na0710412","Na0710412_fmh","North Pacific Mountain Hemlock Forest - Xeric",5
"8_53_77_74057",10,27,131,2291,1107,1703000203,"17030001","WEC","Na0710412_fmh_WEC","Na0710412","Na0710412_fmh",4,"fmh","Na0710412","Na0710412_fmh","North Pacific Mountain Hemlock Forest - Xeric",5
"8_53_77_79538",10,28,132,1955,1728,1703000301,"17030002","WEC","RaSAWD_fal_17030003","RaSAWD","RaSAWD_fal",2,"fal","RaSAWD","RaSAWD_fal","Subalpine Woodland",3
"8_53_77_55093",10,62,340,261,971,1707010601,"17070105C","WEC","RaMCONdy_fmd_1707010601","RaMCONdy","RaMCONdy_fmd",28,"fmd","RaMCONdy","RaMCONdy_fmd","Mixed Conifer - Eastside Dry",1
"8_53_77_63984",10,62,340,261,917,1707010601,"17070105C","WEC","RaMCONdy_fmd_1707010601","RaMCONdy","RaMCONdy_fmd",28,"fmd","RaMCONdy","RaMCONdy_fmd","Mixed Conifer - Eastside Dry",1
"8_53_77_99106",10,28,137,277,1064,1703000306,"17030002","WEC","RaMCONdy_fmd_1703000306","RaMCONdy","RaMCONdy_fmd",28,"fmd","RaMCONdy","RaMCONdy_fmd","Mixed Conifer - Eastside Dry",1
"8_53_77_60356",10,62,340,261,1300,1707010601,"17070105C","WEC","RaMCONdy_fmd_1707010601","RaMCONdy","RaMCONdy_fmd",28,"fmd","RaMCONdy","RaMCONdy_fmd","Mixed Conifer - Eastside Dry",1
"8_53_77_52951",10,62,340,261,1048,1707010601,"17070105C","WEC","RaMCONdy_fmd_1707010601","RaMCONdy","RaMCONdy_fmd",28,"fmd","RaMCONdy","RaMCONdy_fmd","Mixed Conifer - Eastside Dry",1
"8_53_39_76087",10,62,341,295,2623,1707010602,"17070105C","WEC","RaMCONdy_fmd_1707010602","RaMCONdy","RaMCONdy_fmd",28,"fmd","RaMCONdy","RaMCONdy_fmd","Mixed Conifer - Eastside Dry",1
"8_53_39_91664",10,62,343,336,2042,1707010604,"17070105C","WEC","RaMCONdy_fmd_1707010604","RaMCONdy","RaMCONdy_fmd",28,"fmd","RaMCONdy","RaMCONdy_fmd","Mixed Conifer - Eastside Dry",1
"8_53_39_59508",10,62,343,336,1686,1707010604,"17070105C","WEC","RaMCONdy_fmd_1707010604","RaMCONdy","RaMCONdy_fmd",28,"fmd","RaMCONdy","RaMCONdy_fmd","Mixed Conifer - Eastside Dry",1
"8_53_39_97435",10,62,343,336,3122,1707010604,"17070105C","WEC","RaMCONdy_fmd_1707010604","RaMCONdy","RaMCONdy_fmd",28,"fmd","RaMCONdy","RaMCONdy_fmd","Mixed Conifer - Eastside Dry",1
"8_53_39_98907",10,62,343,336,2183,1707010604,"17070105C","WEC","RaMCONdy_fmd_1707010604","RaMCONdy","RaMCONdy_fmd",28,"fmd","RaMCONdy","RaMCONdy_fmd","Mixed Conifer - Eastside Dry",1
"8_53_39_78676",10,62,343,336,314,1707010604,"17070105C","WEC","RaMCONdy_fmd_1707010604","RaMCONdy","RaMCONdy_fmd",28,"fmd","RaMCONdy","RaMCONdy_fmd","Mixed Conifer - Eastside Dry",1
"8_53_39_89615",10,62,343,336,247,1707010604,"17070105C","WEC","RaMCONdy_fmd_1707010604","RaMCONdy","RaMCONdy_fmd",28,"fmd","RaMCONdy","RaMCONdy_fmd","Mixed Conifer - Eastside Dry",1
"8_53_39_60867",10,62,343,336,156,1707010604,"17070105C","WEC","RaMCONdy_fmd_1707010604","RaMCONdy","RaMCONdy_fmd",28,"fmd","RaMCONdy","RaMCONdy_fmd","Mixed Conifer - Eastside Dry",1
"3_41_65_98929",4,59,329,2019,27,1707010502,"17070104","OEC","RaPIPOxe_fxp_17070105B","RaPIPOxe","RaPIPOxe_fxp",56,"fxp","RaPIPOxe","RaPIPOxe_fxp","Ponderosa Pine - Xeric",3
"3_41_65_89363",4,59,329,2019,25,1707010502,"17070104","OEC","RaPIPOxe_fxp_17070105B","RaPIPOxe","RaPIPOxe_fxp",56,"fxp","RaPIPOxe","RaPIPOxe_fxp","Ponderosa Pine - Xeric",3
"3_41_65_75037",4,73,441,2023,354,1707030608,"17070305B","OEC","RaPIPOxe_fxp_17070306","RaPIPOxe","RaPIPOxe_fxp",56,"fxp","RaPIPOxe","RaPIPOxe_fxp","Ponderosa Pine - Xeric",3
"3_41_31_70037",2,71,433,2103,22,1707030511,"17070304","OBM","RaPIPOxe_fxp_17070305A","RaPIPOxe","RaPIPOxe_fxp",56,"fxp","RaPIPOxe","RaPIPOxe_fxp","Ponderosa Pine - Xeric",3
"3_41_31_74006",2,74,435,2097,35,1707030602,"17070306","OBM","RaPIPOxe_fxp_17070306A","RaPIPOxe","RaPIPOxe_fxp",56,"fxp","RaPIPOxe","RaPIPOxe_fxp","Ponderosa Pine - Xeric",3
"5_53_57_79338",11,130,741,2285,565,1711000508,"17110004","WNC","RaABAMup_fst_WNC","RaABAMup","RaABAMup_fst",13,"fst","RaABAMup","RaABAMup_fst","Pacific Silver Fir - High Elevation",5
"5_53_57_73153",11,130,741,2286,1057,1711000508,"17110004","WNC","Na0710411_fmt_WNC","Na0710411","Na0710411_fmt",5,"fmt","Na0710411","Na0710411_fmt","North Pacific Mountain Hemlock Forest - Wet",5
"5_53_57_93764",11,130,741,1777,1077,1711000508,"17110004","WNC","RaSAWD_fal_17110005","RaSAWD","RaSAWD_fal",2,"fal","RaSAWD","RaSAWD_fal","Subalpine Woodland",3
"3_41_17_59419",4,72,430,2127,2321,1707030508,"17070305A","OEC","RaPIPOxe_fxp_17070305B","RaPIPOxe","RaPIPOxe_fxp",56,"fxp","RaPIPOxe","RaPIPOxe_fxp","Ponderosa Pine - Xeric",3
"3_41_17_80439",4,72,429,2127,2721,1707030507,"17070305A","OEC","RaPIPOxe_fxp_17070305B","RaPIPOxe","RaPIPOxe_fxp",56,"fxp","RaPIPOxe","RaPIPOxe_fxp","Ponderosa Pine - Xeric",3
"3_41_17_95560",4,72,429,2127,791,1707030507,"17070305A","OEC","RaPIPOxe_fxp_17070305B","RaPIPOxe","RaPIPOxe_fxp",56,"fxp","RaPIPOxe","RaPIPOxe_fxp","Ponderosa Pine - Xeric",3
"3_41_17_75226",4,72,429,1006,203,1707030507,"17070305A","OEC","RaPIPOm_fdp_1707030507","RaPIPOm","RaPIPOm_fdp",52,"fdp","RaPIPOm","RaPIPOm_fdp","Dry Ponderosa Pine - Mesic",1
"3_41_17_71527",4,72,428,1062,629,1707030506,"17070305A","OEC","RaPIPOm_fpl_1707030506","RaPIPOm","RaPIPOm_fpl",55,"fpl","RaPIPOm","RaPIPOm_fpl","Dry Ponderosa Pine - Mesic",1
"3_41_17_82894",4,72,428,1062,2283,1707030506,"17070305A","OEC","RaPIPOm_fpl_1707030506","RaPIPOm","RaPIPOm_fpl",55,"fpl","RaPIPOm","RaPIPOm_fpl","Dry Ponderosa Pine - Mesic",1
"3_41_17_57544",4,151,844,1074,723,1712000505,"17120004","OEC","RaPIPOm_fpl_1712000505","RaPIPOm","RaPIPOm_fpl",55,"fpl","RaPIPOm","RaPIPOm_fpl","Dry Ponderosa Pine - Mesic",1
"3_41_17_80791",4,151,844,1074,1451,1712000505,"17120004","OEC","RaPIPOm_fpl_1712000505","RaPIPOm","RaPIPOm_fpl",55,"fpl","RaPIPOm","RaPIPOm_fpl","Dry Ponderosa Pine - Mesic",1
"3_41_17_85023",4,151,844,1074,1048,1712000505,"17120004","OEC","RaPIPOm_fpl_1712000505","RaPIPOm","RaPIPOm_fpl",55,"fpl","RaPIPOm","RaPIPOm_fpl","Dry Ponderosa Pine - Mesic",1
"3_41_17_58346",4,151,844,1074,2207,1712000505,"17120004","OEC","RaPIPOm_fpl_1712000505","RaPIPOm","RaPIPOm_fpl",55,"fpl","RaPIPOm","RaPIPOm_fpl","Dry Ponderosa Pine - Mesic",1
"3_41_17_54187",4,151,844,1074,2545,1712000505,"17120004","OEC","RaPIPOm_fpl_1712000505","RaPIPOm","RaPIPOm_fpl",55,"fpl","RaPIPOm","RaPIPOm_fpl","Dry Ponderosa Pine - Mesic",1
"5_53_57_79820",11,130,741,2282,2093,1711000508,"17110004","WNC","RaDFHEwt_fwm_WNC","RaDFHEwt","RaDFHEwt_fwm",33,"fwm","RaDFHEwt","RaDFHEwt_fwm","Douglas-fir Hemlock-Wet Mesic",5
"3_41_37_96874",4,151,844,1074,2904,1712000505,"17120004","OEC","RaPIPOm_fpl_1712000505","RaPIPOm","RaPIPOm_fpl",55,"fpl","RaPIPOm","RaPIPOm_fpl","Dry Ponderosa Pine - Mesic",1
"3_41_37_98238",4,151,844,1074,3194,1712000505,"17120004","OEC","RaPIPOm_fpl_1712000505","RaPIPOm","RaPIPOm_fpl",55,"fpl","RaPIPOm","RaPIPOm_fpl","Dry Ponderosa Pine - Mesic",1
"3_41_37_87847",4,151,844,1074,3119,1712000505,"17120004","OEC","RaPIPOm_fpl_1712000505","RaPIPOm","RaPIPOm_fpl",55,"fpl","RaPIPOm","RaPIPOm_fpl","Dry Ponderosa Pine - Mesic",1
"3_41_37_96469",4,151,844,1074,2628,1712000505,"17120004","OEC","RaPIPOm_fpl_1712000505","RaPIPOm","RaPIPOm_fpl",55,"fpl","RaPIPOm","RaPIPOm_fpl","Dry Ponderosa Pine - Mesic",1
"3_41_37_61969",4,151,844,1074,2691,1712000505,"17120004","OEC","RaPIPOm_fpl_1712000505","RaPIPOm","RaPIPOm_fpl",55,"fpl","RaPIPOm","RaPIPOm_fpl","Dry Ponderosa Pine - Mesic",1
"3_41_37_91360",4,151,843,1100,1532,1712000504,"17120004","OEC","RaPIPOm_fpl_1712000504","RaPIPOm","RaPIPOm_fpl",55,"fpl","RaPIPOm","RaPIPOm_fpl","Dry Ponderosa Pine - Mesic",1
"3_41_37_93305",4,151,841,2176,538,1712000502,"17120004","OEC","RaPIPOxe_fxp_17120005","RaPIPOxe","RaPIPOxe_fxp",56,"fxp","RaPIPOxe","RaPIPOxe_fxp","Ponderosa Pine - Xeric",3
"3_41_37_83212",4,151,841,2176,1068,1712000502,"17120004","OEC","RaPIPOxe_fxp_17120005","RaPIPOxe","RaPIPOxe_fxp",56,"fxp","RaPIPOxe","RaPIPOxe_fxp","Ponderosa Pine - Xeric",3
"3_41_37_69078",4,151,841,2175,961,1712000502,"17120004","OEC","RaPIPOxe_fpd_17120005","RaPIPOxe","RaPIPOxe_fpd",53,"fpd","RaPIPOxe","RaPIPOxe_fpd","Ponderosa Pine - Xeric",3
"3_41_37_81861",4,151,841,2176,1678,1712000502,"17120004","OEC","RaPIPOxe_fxp_17120005","RaPIPOxe","RaPIPOxe_fxp",56,"fxp","RaPIPOxe","RaPIPOxe_fxp","Ponderosa Pine - Xeric",3
"3_41_37_57161",4,151,841,2175,1210,1712000502,"17120004","OEC","RaPIPOxe_fpd_17120005","RaPIPOxe","RaPIPOxe_fpd",53,"fpd","RaPIPOxe","RaPIPOxe_fpd","Ponderosa Pine - Xeric",3
"3_41_37_83106",4,151,841,2176,1182,1712000502,"17120004","OEC","RaPIPOxe_fxp_17120005","RaPIPOxe","RaPIPOxe_fxp",56,"fxp","RaPIPOxe","RaPIPOxe_fxp","Ponderosa Pine - Xeric",3
"3_41_37_76729",4,151,841,2176,706,1712000502,"17120004","OEC","RaPIPOxe_fxp_17120005","RaPIPOxe","RaPIPOxe_fxp",56,"fxp","RaPIPOxe","RaPIPOxe_fxp","Ponderosa Pine - Xeric",3
"3_41_37_93421",4,158,899,2232,404,1801020202,"18010201","OEC","RaPIPOxe_fpd_18010202","RaPIPOxe","RaPIPOxe_fpd",53,"fpd","RaPIPOxe","RaPIPOxe_fpd","Ponderosa Pine - Xeric",3
"5_53_57_71915",11,130,741,2285,1118,1711000508,"17110004","WNC","RaABAMup_fst_WNC","RaABAMup","RaABAMup_fst",13,"fst","RaABAMup","RaABAMup_fst","Pacific Silver Fir - High Elevation",5
"3_41_37_63271",4,158,899,2232,1062,1801020202,"18010201","OEC","RaPIPOxe_fpd_18010202","RaPIPOxe","RaPIPOxe_fpd",53,"fpd","RaPIPOxe","RaPIPOxe_fpd","Ponderosa Pine - Xeric",3
"3_41_35_53833",4,158,903,2232,1838,1801020206,"18010201","OEC","RaPIPOxe_fpd_18010202","RaPIPOxe","RaPIPOxe_fpd",53,"fpd","RaPIPOxe","RaPIPOxe_fpd","Ponderosa Pine - Xeric",3
"3_41_35_74469",4,158,903,1370,2064,1801020206,"18010201","OEC","RaMCONdy_fmx_1801020206","RaMCONdy","RaMCONdy_fmx",29,"fmx","RaMCONdy","RaMCONdy_fmx","Mixed Conifer - Eastside Dry",1
"3_41_35_78428",4,158,902,2232,1666,1801020205,"18010201","OEC","RaPIPOxe_fpd_18010202","RaPIPOxe","RaPIPOxe_fpd",53,"fpd","RaPIPOxe","RaPIPOxe_fpd","Ponderosa Pine - Xeric",3
"3_41_35_71205",4,158,902,2232,1185,1801020205,"18010201","OEC","RaPIPOxe_fpd_18010202","RaPIPOxe","RaPIPOxe_fpd",53,"fpd","RaPIPOxe","RaPIPOxe_fpd","Ponderosa Pine - Xeric",3
"3_41_35_84503",4,158,902,2232,2395,1801020205,"18010201","OEC","RaPIPOxe_fpd_18010202","RaPIPOxe","RaPIPOxe_fpd",53,"fpd","RaPIPOxe","RaPIPOxe_fpd","Ponderosa Pine - Xeric",3
"3_41_35_78398",4,158,902,2232,1598,1801020205,"18010201","OEC","RaPIPOxe_fpd_18010202","RaPIPOxe","RaPIPOxe_fpd",53,"fpd","RaPIPOxe","RaPIPOxe_fpd","Ponderosa Pine - Xeric",3
"3_41_35_58497",4,158,901,2233,1430,1801020204,"18010201","OEC","RaPIPOxe_fxp_18010202","RaPIPOxe","RaPIPOxe_fxp",56,"fxp","RaPIPOxe","RaPIPOxe_fxp","Ponderosa Pine - Xeric",3
"3_41_35_90240",4,158,900,1630,2324,1801020203,"18010201","OEC","RaMCONdy_fmd_1801020203","RaMCONdy","RaMCONdy_fmd",28,"fmd","RaMCONdy","RaMCONdy_fmd","Mixed Conifer - Eastside Dry",1
"3_41_35_60186",4,158,900,2232,832,1801020203,"18010201","OEC","RaPIPOxe_fpd_18010202","RaPIPOxe","RaPIPOxe_fpd",53,"fpd","RaPIPOxe","RaPIPOxe_fpd","Ponderosa Pine - Xeric",3
"3_41_35_67191",4,158,900,2232,1408,1801020203,"18010201","OEC","RaPIPOxe_fpd_18010202","RaPIPOxe","RaPIPOxe_fpd",53,"fpd","RaPIPOxe","RaPIPOxe_fpd","Ponderosa Pine - Xeric",3
"3_41_35_57477",4,158,900,2232,370,1801020203,"18010201","OEC","RaPIPOxe_fpd_18010202","RaPIPOxe","RaPIPOxe_fpd",53,"fpd","RaPIPOxe","RaPIPOxe_fpd","Ponderosa Pine - Xeric",3
"3_41_35_87242",4,160,910,2261,1048,1801020405,"18010203","OEC","RaPIPOxe_fpd_18010204","RaPIPOxe","RaPIPOxe_fpd",53,"fpd","RaPIPOxe","RaPIPOxe_fpd","Ponderosa Pine - Xeric",3
"3_41_35_70699",4,160,910,2260,1189,1801020405,"18010203","OEC","RaPIPOxe_fxp_18010204","RaPIPOxe","RaPIPOxe_fxp",56,"fxp","RaPIPOxe","RaPIPOxe_fxp","Ponderosa Pine - Xeric",3
"3_41_35_58969",4,160,910,2260,425,1801020405,"18010203","OEC","RaPIPOxe_fxp_18010204","RaPIPOxe","RaPIPOxe_fxp",56,"fxp","RaPIPOxe","RaPIPOxe_fxp","Ponderosa Pine - Xeric",3
"3_41_35_83902",4,160,909,2260,42,1801020404,"18010203","OEC","RaPIPOxe_fxp_18010204","RaPIPOxe","RaPIPOxe_fxp",56,"fxp","RaPIPOxe","RaPIPOxe_fxp","Ponderosa Pine - Xeric",3
"3_41_35_76735",4,160,909,2260,72,1801020404,"18010203","OEC","RaPIPOxe_fxp_18010204","RaPIPOxe","RaPIPOxe_fxp",56,"fxp","RaPIPOxe","RaPIPOxe_fxp","Ponderosa Pine - Xeric",3
"5_53_61_99672",11,131,746,2285,1130,1711000602,"17110005","WNC","RaABAMup_fst_WNC","RaABAMup","RaABAMup_fst",13,"fst","RaABAMup","RaABAMup_fst","Pacific Silver Fir - High Elevation",5
"5_53_61_52327",11,131,746,1816,792,1711000602,"17110005","WNC","RaDFHEdy_fwi_17110006","RaDFHEdy","RaDFHEdy_fwi",31,"fwi","RaDFHEdy","RaDFHEdy_fwi","Douglas-fir Hemlock-Dry Mesic",3
"5_53_61_96274",11,131,746,1816,639,1711000602,"17110005","WNC","RaDFHEdy_fwi_17110006","RaDFHEdy","RaDFHEdy_fwi",31,"fwi","RaDFHEdy","RaDFHEdy_fwi","Douglas-fir Hemlock-Dry Mesic",3
"5_53_61_88122",11,131,746,1830,2097,1711000602,"17110005","WNC","RaSAWD_fal_17110006","RaSAWD","RaSAWD_fal",2,"fal","RaSAWD","RaSAWD_fal","Subalpine Woodland",3
"5_53_61_80424",11,131,745,1830,1223,1711000601,"17110005","WNC","RaSAWD_fal_17110006","RaSAWD","RaSAWD_fal",2,"fal","RaSAWD","RaSAWD_fal","Subalpine Woodland",3
"5_53_61_86164",11,131,745,1830,1942,1711000601,"17110005","WNC","RaSAWD_fal_17110006","RaSAWD","RaSAWD_fal",2,"fal","RaSAWD","RaSAWD_fal","Subalpine Woodland",3
"5_53_61_97313",11,131,745,1830,1851,1711000601,"17110005","WNC","RaSAWD_fal_17110006","RaSAWD","RaSAWD_fal",2,"fal","RaSAWD","RaSAWD_fal","Subalpine Woodland",3
"5_53_61_57813",11,134,757,2286,1570,1711000904,"17110008","WNC","Na0710411_fmt_WNC","Na0710411","Na0710411_fmt",5,"fmt","Na0710411","Na0710411_fmt","North Pacific Mountain Hemlock Forest - Wet",5
"5_53_61_54295",11,134,757,2286,698,1711000904,"17110008","WNC","Na0710411_fmt_WNC","Na0710411","Na0710411_fmt",5,"fmt","Na0710411","Na0710411_fmt","North Pacific Mountain Hemlock Forest - Wet",5
"5_53_61_66894",11,134,755,2286,1162,1711000902,"17110008","WNC","Na0710411_fmt_WNC","Na0710411","Na0710411_fmt",5,"fmt","Na0710411","Na0710411_fmt","North Pacific Mountain Hemlock Forest - Wet",5
"5_53_61_68764",11,134,755,2285,1254,1711000902,"17110008","WNC","RaABAMup_fst_WNC","RaABAMup","RaABAMup_fst",13,"fst","RaABAMup","RaABAMup_fst","Pacific Silver Fir - High Elevation",5
"5_53_61_75115",11,134,755,2286,1373,1711000902,"17110008","WNC","Na0710411_fmt_WNC","Na0710411","Na0710411_fmt",5,"fmt","Na0710411","Na0710411_fmt","North Pacific Mountain Hemlock Forest - Wet",5
"5_53_33_84624",11,134,754,2286,1776,1711000901,"17110008","WNC","Na0710411_fmt_WNC","Na0710411","Na0710411_fmt",5,"fmt","Na0710411","Na0710411_fmt","North Pacific Mountain Hemlock Forest - Wet",5
"5_53_33_84017",11,134,754,2287,544,1711000901,"17110008","WNC","Na0710412_fmc_WNC","Na0710412","Na0710412_fmc",7,"fmc","Na0710412","Na0710412_fmc","North Pacific Mountain Hemlock Forest - Xeric",5
"5_53_33_71409",11,134,754,2282,1209,1711000901,"17110008","WNC","RaDFHEwt_fwm_WNC","RaDFHEwt","RaDFHEwt_fwm",33,"fwm","RaDFHEwt","RaDFHEwt_fwm","Douglas-fir Hemlock-Wet Mesic",5
"5_53_33_85218",11,134,754,2287,563,1711000901,"17110008","WNC","Na0710412_fmc_WNC","Na0710412","Na0710412_fmc",7,"fmc","Na0710412","Na0710412_fmc","North Pacific Mountain Hemlock Forest - Xeric",5
"5_53_33_79034",11,134,754,2287,759,1711000901,"17110008","WNC","Na0710412_fmc_WNC","Na0710412","Na0710412_fmc",7,"fmc","Na0710412","Na0710412_fmc","North Pacific Mountain Hemlock Forest - Xeric",5
"5_53_33_56158",11,134,754,1859,2206,1711000901,"17110008","WNC","RaSAWD_fal_17110009","RaSAWD","RaSAWD_fal",2,"fal","RaSAWD","RaSAWD_fal","Subalpine Woodland",3
"8_53_37_59027",10,26,122,1897,718,1703000101,"17020016","WEC","RaABAMlw_fsi_17030001","RaABAMlw","RaABAMlw_fsi",14,"fsi","RaABAMlw","RaABAMlw_fsi","Pacific Silver Fir - Low Elevation",3
"8_53_37_89296",10,26,122,1898,1556,1703000101,"17020016","WEC","RaMCONms_fmm_17030001","RaMCONms","RaMCONms_fmm",27,"fmm","RaMCONms","RaMCONms_fmm","Mixed Conifer - Eastside Mesic",3
"8_53_37_92636",10,26,122,2291,1360,1703000101,"17020016","WEC","Na0710412_fmh_WEC","Na0710412","Na0710412_fmh",4,"fmh","Na0710412","Na0710412_fmh","North Pacific Mountain Hemlock Forest - Xeric",5
"8_53_37_99271",10,26,122,1897,1218,1703000101,"17020016","WEC","RaABAMlw_fsi_17030001","RaABAMlw","RaABAMlw_fsi",14,"fsi","RaABAMlw","RaABAMlw_fsi","Pacific Silver Fir - Low Elevation",3
"8_53_37_77242",10,26,122,1897,2095,1703000101,"17020016","WEC","RaABAMlw_fsi_17030001","RaABAMlw","RaABAMlw_fsi",14,"fsi","RaABAMlw","RaABAMlw_fsi","Pacific Silver Fir - Low Elevation",3
"8_53_37_90418",10,26,124,1897,1362,1703000103,"17020016","WEC","RaABAMlw_fsi_17030001","RaABAMlw","RaABAMlw_fsi",14,"fsi","RaABAMlw","RaABAMlw_fsi","Pacific Silver Fir - Low Elevation",3
"8_53_37_67879",10,26,124,1898,2598,1703000103,"17020016","WEC","RaMCONms_fmm_17030001","RaMCONms","RaMCONms_fmm",27,"fmm","RaMCONms","RaMCONms_fmm","Mixed Conifer - Eastside Mesic",3
"8_53_37_59098",10,26,124,191,2178,1703000103,"17020016","WEC","RaMCONdy_fmd_1703000103","RaMCONdy","RaMCONdy_fmd",28,"fmd","RaMCONdy","RaMCONdy_fmd","Mixed Conifer - Eastside Dry",1
"8_53_37_52983",10,26,124,1898,1951,1703000103,"17020016","WEC","RaMCONms_fmm_17030001","RaMCONms","RaMCONms_fmm",27,"fmm","RaMCONms","RaMCONms_fmm","Mixed Conifer - Eastside Mesic",3
"8_53_37_50974",10,26,124,2291,616,1703000103,"17020016","WEC","Na0710412_fmh_WEC","Na0710412","Na0710412_fmh",4,"fmh","Na0710412","Na0710412_fmh","North Pacific Mountain Hemlock Forest - Xeric",5
"8_53_37_80689",10,27,129,1925,1824,1703000201,"17030001","WEC","RaMCONms_fmm_17030002","RaMCONms","RaMCONms_fmm",27,"fmm","RaMCONms","RaMCONms_fmm","Mixed Conifer - Eastside Mesic",3
"8_53_37_87076",10,27,129,1925,2193,1703000201,"17030001","WEC","RaMCONms_fmm_17030002","RaMCONms","RaMCONms_fmm",27,"fmm","RaMCONms","RaMCONms_fmm","Mixed Conifer - Eastside Mesic",3
"8_53_37_89218",10,27,129,1925,2158,1703000201,"17030001","WEC","RaMCONms_fmm_17030002","RaMCONms","RaMCONms_fmm",27,"fmm","RaMCONms","RaMCONms_fmm","Mixed Conifer - Eastside Mesic",3
"8_53_77_84105",10,27,129,1925,2014,1703000201,"17030001","WEC","RaMCONms_fmm_17030002","RaMCONms","RaMCONms_fmm",27,"fmm","RaMCONms","RaMCONms_fmm","Mixed Conifer - Eastside Mesic",3
"8_53_77_71077",10,27,129,1925,1550,1703000201,"17030001","WEC","RaMCONms_fmm_17030002","RaMCONms","RaMCONms_fmm",27,"fmm","RaMCONms","RaMCONms_fmm","Mixed Conifer - Eastside Mesic",3
"8_53_77_52003",10,27,129,1925,1544,1703000201,"17030001","WEC","RaMCONms_fmm_17030002","RaMCONms","RaMCONms_fmm",27,"fmm","RaMCONms","RaMCONms_fmm","Mixed Conifer - Eastside Mesic",3
"8_53_77_84573",10,27,129,1925,2083,1703000201,"17030001","WEC","RaMCONms_fmm_17030002","RaMCONms","RaMCONms_fmm",27,"fmm","RaMCONms","RaMCONms_fmm","Mixed Conifer - Eastside Mesic",3
"8_53_77_93528",10,27,129,1925,2603,1703000201,"17030001","WEC","RaMCONms_fmm_17030002","RaMCONms","RaMCONms_fmm",27,"fmm","RaMCONms","RaMCONms_fmm","Mixed Conifer - Eastside Mesic",3
"8_53_77_84228",10,27,129,1925,1293,1703000201,"17030001","WEC","RaMCONms_fmm_17030002","RaMCONms","RaMCONms_fmm",27,"fmm","RaMCONms","RaMCONms_fmm","Mixed Conifer - Eastside Mesic",3
"8_53_77_96184",10,27,130,2291,1213,1703000202,"17030001","WEC","Na0710412_fmh_WEC","Na0710412","Na0710412_fmh",4,"fmh","Na0710412","Na0710412_fmh","North Pacific Mountain Hemlock Forest - Xeric",5
"8_53_77_92851",10,27,130,2291,1428,1703000202,"17030001","WEC","Na0710412_fmh_WEC","Na0710412","Na0710412_fmh",4,"fmh","Na0710412","Na0710412_fmh","North Pacific Mountain Hemlock Forest - Xeric",5
"8_53_77_51661",10,27,130,2291,1954,1703000202,"17030001","WEC","Na0710412_fmh_WEC","Na0710412","Na0710412_fmh",4,"fmh","Na0710412","Na0710412_fmh","North Pacific Mountain Hemlock Forest - Xeric",5
"8_53_77_63844",10,27,130,2291,2421,1703000202,"17030001","WEC","Na0710412_fmh_WEC","Na0710412","Na0710412_fmh",4,"fmh","Na0710412","Na0710412_fmh","North Pacific Mountain Hemlock Forest - Xeric",5
"8_53_77_61254",10,27,130,1925,2184,1703000202,"17030001","WEC","RaMCONms_fmm_17030002","RaMCONms","RaMCONms_fmm",27,"fmm","RaMCONms","RaMCONms_fmm","Mixed Conifer - Eastside Mesic",3
"8_53_77_81935",10,27,130,2291,2114,1703000202,"17030001","WEC","Na0710412_fmh_WEC","Na0710412","Na0710412_fmh",4,"fmh","Na0710412","Na0710412_fmh","North Pacific Mountain Hemlock Forest - Xeric",5
"8_53_77_53324",10,27,131,1925,1617,1703000203,"17030001","WEC","RaMCONms_fmm_17030002","RaMCONms","RaMCONms_fmm",27,"fmm","RaMCONms","RaMCONms_fmm","Mixed Conifer - Eastside Mesic",3
"8_53_77_93575",10,27,131,1925,1235,1703000203,"17030001","WEC","RaMCONms_fmm_17030002","RaMCONms","RaMCONms_fmm",27,"fmm","RaMCONms","RaMCONms_fmm","Mixed Conifer - Eastside Mesic",3
"8_53_77_53369",10,27,131,1925,1572,1703000203,"17030001","WEC","RaMCONms_fmm_17030002","RaMCONms","RaMCONms_fmm",27,"fmm","RaMCONms","RaMCONms_fmm","Mixed Conifer - Eastside Mesic",3
"8_53_77_56612",10,27,131,2291,1633,1703000203,"17030001","WEC","Na0710412_fmh_WEC","Na0710412","Na0710412_fmh",4,"fmh","Na0710412","Na0710412_fmh","North Pacific Mountain Hemlock Forest - Xeric",5
"8_53_77_68938",10,27,131,230,821,1703000203,"17030001","WEC","RaMCONdy_fmd_1703000203","RaMCONdy","RaMCONdy_fmd",28,"fmd","RaMCONdy","RaMCONdy_fmd","Mixed Conifer - Eastside Dry",1
"8_53_77_88233",10,28,132,2291,1959,1703000301,"17030002","WEC","Na0710412_fmh_WEC","Na0710412","Na0710412_fmh",4,"fmh","Na0710412","Na0710412_fmh","North Pacific Mountain Hemlock Forest - Xeric",5
"8_53_77_76493",10,62,340,2291,2024,1707010601,"17070105C","WEC","Na0710412_fmh_WEC","Na0710412","Na0710412_fmh",4,"fmh","Na0710412","Na0710412_fmh","North Pacific Mountain Hemlock Forest - Xeric",5
"8_53_77_78868",10,62,340,261,944,1707010601,"17070105C","WEC","RaMCONdy_fmd_1707010601","RaMCONdy","RaMCONdy_fmd",28,"fmd","RaMCONdy","RaMCONdy_fmd","Mixed Conifer - Eastside Dry",1
"5_53_73_59670",11,130,740,1779,2525,1711000507,"17110004","WNC","RaABAMlw_fsi_17110005","RaABAMlw","RaABAMlw_fsi",14,"fsi","RaABAMlw","RaABAMlw_fsi","Pacific Silver Fir - Low Elevation",3
"5_53_73_91865",11,130,739,2288,1534,1711000506,"17110004","WNC","RaABLA_faf_WNC","RaABLA","RaABLA_faf",8,"faf","RaABLA","RaABLA_faf","Subalpine Fir",4
"8_53_77_73367",10,62,341,1962,1063,1707010602,"17070105C","WEC","RaMCONms_fmm_17070106","RaMCONms","RaMCONms_fmm",27,"fmm","RaMCONms","RaMCONms_fmm","Mixed Conifer - Eastside Mesic",3
"8_53_77_73120",10,62,341,1962,1242,1707010602,"17070105C","WEC","RaMCONms_fmm_17070106","RaMCONms","RaMCONms_fmm",27,"fmm","RaMCONms","RaMCONms_fmm","Mixed Conifer - Eastside Mesic",3
"8_53_77_66018",10,62,341,295,1302,1707010602,"17070105C","WEC","RaMCONdy_fmd_1707010602","RaMCONdy","RaMCONdy_fmd",28,"fmd","RaMCONdy","RaMCONdy_fmd","Mixed Conifer - Eastside Dry",1
"8_53_77_97274",10,62,341,295,3413,1707010602,"17070105C","WEC","RaMCONdy_fmd_1707010602","RaMCONdy","RaMCONdy_fmd",28,"fmd","RaMCONdy","RaMCONdy_fmd","Mixed Conifer - Eastside Dry",1
"8_53_77_79013",10,62,341,295,3466,1707010602,"17070105C","WEC","RaMCONdy_fmd_1707010602","RaMCONdy","RaMCONdy_fmd",28,"fmd","RaMCONdy","RaMCONdy_fmd","Mixed Conifer - Eastside Dry",1
"8_53_39_50423",10,62,341,295,1861,1707010602,"17070105C","WEC","RaMCONdy_fmd_1707010602","RaMCONdy","RaMCONdy_fmd",28,"fmd","RaMCONdy","RaMCONdy_fmd","Mixed Conifer - Eastside Dry",1
"8_53_39_92363",10,62,341,295,3321,1707010602,"17070105C","WEC","RaMCONdy_fmd_1707010602","RaMCONdy","RaMCONdy_fmd",28,"fmd","RaMCONdy","RaMCONdy_fmd","Mixed Conifer - Eastside Dry",1
"8_53_39_68640",10,62,343,336,1120,1707010604,"17070105C","WEC","RaMCONdy_fmd_1707010604","RaMCONdy","RaMCONdy_fmd",28,"fmd","RaMCONdy","RaMCONdy_fmd","Mixed Conifer - Eastside Dry",1
"8_53_39_63187",10,62,343,336,700,1707010604,"17070105C","WEC","RaMCONdy_fmd_1707010604","RaMCONdy","RaMCONdy_fmd",28,"fmd","RaMCONdy","RaMCONdy_fmd","Mixed Conifer - Eastside Dry",1
"5_53_73_54668",11,130,740,2285,1049,1711000507,"17110004","WNC","RaABAMup_fst_WNC","RaABAMup","RaABAMup_fst",13,"fst","RaABAMup","RaABAMup_fst","Pacific Silver Fir - High Elevation",5
"5_53_57_55393",11,130,740,1777,1051,1711000507,"17110004","WNC","RaSAWD_fal_17110005","RaSAWD","RaSAWD_fal",2,"fal","RaSAWD","RaSAWD_fal","Subalpine Woodland",3
"3_41_31_91233",2,74,435,2097,21,1707030602,"17070306","OBM","RaPIPOxe_fxp_17070306A","RaPIPOxe","RaPIPOxe_fxp",56,"fxp","RaPIPOxe","RaPIPOxe_fxp","Ponderosa Pine - Xeric",3
"3_41_31_99141",2,71,433,2103,127,1707030511,"17070304","OBM","RaPIPOxe_fxp_17070305A","RaPIPOxe","RaPIPOxe_fxp",56,"fxp","RaPIPOxe","RaPIPOxe_fxp","Ponderosa Pine - Xeric",3
"3_41_13_62881",2,71,432,2103,12,1707030510,"17070304","OBM","RaPIPOxe_fxp_17070305A","RaPIPOxe","RaPIPOxe_fxp",56,"fxp","RaPIPOxe","RaPIPOxe_fxp","Ponderosa Pine - Xeric",3
"3_41_17_81060",4,72,430,2127,46,1707030508,"17070305A","OEC","RaPIPOxe_fxp_17070305B","RaPIPOxe","RaPIPOxe_fxp",56,"fxp","RaPIPOxe","RaPIPOxe_fxp","Ponderosa Pine - Xeric",3
"3_41_17_74911",4,72,429,2127,1334,1707030507,"17070305A","OEC","RaPIPOxe_fxp_17070305B","RaPIPOxe","RaPIPOxe_fxp",56,"fxp","RaPIPOxe","RaPIPOxe_fxp","Ponderosa Pine - Xeric",3
"3_41_17_65580",4,72,429,2127,2658,1707030507,"17070305A","OEC","RaPIPOxe_fxp_17070305B","RaPIPOxe","RaPIPOxe_fxp",56,"fxp","RaPIPOxe","RaPIPOxe_fxp","Ponderosa Pine - Xeric",3
"3_41_17_81703",4,72,429,2127,2009,1707030507,"17070305A","OEC","RaPIPOxe_fxp_17070305B","RaPIPOxe","RaPIPOxe_fxp",56,"fxp","RaPIPOxe","RaPIPOxe_fxp","Ponderosa Pine - Xeric",3
"3_41_17_90386",4,72,429,2127,2814,1707030507,"17070305A","OEC","RaPIPOxe_fxp_17070305B","RaPIPOxe","RaPIPOxe_fxp",56,"fxp","RaPIPOxe","RaPIPOxe_fxp","Ponderosa Pine - Xeric",3
"3_41_17_73448",4,72,429,2127,2759,1707030507,"17070305A","OEC","RaPIPOxe_fxp_17070305B","RaPIPOxe","RaPIPOxe_fxp",56,"fxp","RaPIPOxe","RaPIPOxe_fxp","Ponderosa Pine - Xeric",3
"3_41_17_85231",4,72,428,1062,1118,1707030506,"17070305A","OEC","RaPIPOm_fpl_1707030506","RaPIPOm","RaPIPOm_fpl",55,"fpl","RaPIPOm","RaPIPOm_fpl","Dry Ponderosa Pine - Mesic",1
"3_41_17_80922",4,72,428,1062,816,1707030506,"17070305A","OEC","RaPIPOm_fpl_1707030506","RaPIPOm","RaPIPOm_fpl",55,"fpl","RaPIPOm","RaPIPOm_fpl","Dry Ponderosa Pine - Mesic",1
"3_41_17_88588",4,151,844,1074,2898,1712000505,"17120004","OEC","RaPIPOm_fpl_1712000505","RaPIPOm","RaPIPOm_fpl",55,"fpl","RaPIPOm","RaPIPOm_fpl","Dry Ponderosa Pine - Mesic",1
"3_41_17_97687",4,151,844,2175,1197,1712000505,"17120004","OEC","RaPIPOxe_fpd_17120005","RaPIPOxe","RaPIPOxe_fpd",53,"fpd","RaPIPOxe","RaPIPOxe_fpd","Ponderosa Pine - Xeric",3
"3_41_17_62580",4,151,844,2175,2031,1712000505,"17120004","OEC","RaPIPOxe_fpd_17120005","RaPIPOxe","RaPIPOxe_fpd",53,"fpd","RaPIPOxe","RaPIPOxe_fpd","Ponderosa Pine - Xeric",3
"5_53_57_93976",11,130,741,2282,933,1711000508,"17110004","WNC","RaDFHEwt_fwm_WNC","RaDFHEwt","RaDFHEwt_fwm",33,"fwm","RaDFHEwt","RaDFHEwt_fwm","Douglas-fir Hemlock-Wet Mesic",5
"3_41_37_73528",4,151,844,1074,3481,1712000505,"17120004","OEC","RaPIPOm_fpl_1712000505","RaPIPOm","RaPIPOm_fpl",55,"fpl","RaPIPOm","RaPIPOm_fpl","Dry Ponderosa Pine - Mesic",1
"3_41_37_56811",4,151,844,1074,3435,1712000505,"17120004","OEC","RaPIPOm_fpl_1712000505","RaPIPOm","RaPIPOm_fpl",55,"fpl","RaPIPOm","RaPIPOm_fpl","Dry Ponderosa Pine - Mesic",1
"3_41_37_73151",4,151,844,1074,3426,1712000505,"17120004","OEC","RaPIPOm_fpl_1712000505","RaPIPOm","RaPIPOm_fpl",55,"fpl","RaPIPOm","RaPIPOm_fpl","Dry Ponderosa Pine - Mesic",1
"3_41_37_57083",4,151,844,1074,2634,1712000505,"17120004","OEC","RaPIPOm_fpl_1712000505","RaPIPOm","RaPIPOm_fpl",55,"fpl","RaPIPOm","RaPIPOm_fpl","Dry Ponderosa Pine - Mesic",1
"3_41_37_65150",4,151,844,1074,1948,1712000505,"17120004","OEC","RaPIPOm_fpl_1712000505","RaPIPOm","RaPIPOm_fpl",55,"fpl","RaPIPOm","RaPIPOm_fpl","Dry Ponderosa Pine - Mesic",1
"5_53_57_82564",11,130,741,2285,971,1711000508,"17110004","WNC","RaABAMup_fst_WNC","RaABAMup","RaABAMup_fst",13,"fst","RaABAMup","RaABAMup_fst","Pacific Silver Fir - High Elevation",5
"3_41_37_50951",4,151,841,2176,6,1712000502,"17120004","OEC","RaPIPOxe_fxp_17120005","RaPIPOxe","RaPIPOxe_fxp",56,"fxp","RaPIPOxe","RaPIPOxe_fxp","Ponderosa Pine - Xeric",3
"3_41_37_89012",4,151,841,2176,1634,1712000502,"17120004","OEC","RaPIPOxe_fxp_17120005","RaPIPOxe","RaPIPOxe_fxp",56,"fxp","RaPIPOxe","RaPIPOxe_fxp","Ponderosa Pine - Xeric",3
"3_41_37_71543",4,151,841,2175,1897,1712000502,"17120004","OEC","RaPIPOxe_fpd_17120005","RaPIPOxe","RaPIPOxe_fpd",53,"fpd","RaPIPOxe","RaPIPOxe_fpd","Ponderosa Pine - Xeric",3
"3_41_37_73134",4,151,841,2175,1812,1712000502,"17120004","OEC","RaPIPOxe_fpd_17120005","RaPIPOxe","RaPIPOxe_fpd",53,"fpd","RaPIPOxe","RaPIPOxe_fpd","Ponderosa Pine - Xeric",3
"3_41_37_64089",4,151,841,2175,1912,1712000502,"17120004","OEC","RaPIPOxe_fpd_17120005","RaPIPOxe","RaPIPOxe_fpd",53,"fpd","RaPIPOxe","RaPIPOxe_fpd","Ponderosa Pine - Xeric",3
"3_41_37_84638",4,151,841,2175,2802,1712000502,"17120004","OEC","RaPIPOxe_fpd_17120005","RaPIPOxe","RaPIPOxe_fpd",53,"fpd","RaPIPOxe","RaPIPOxe_fpd","Ponderosa Pine - Xeric",3
"3_41_37_71765",4,151,841,2175,1153,1712000502,"17120004","OEC","RaPIPOxe_fpd_17120005","RaPIPOxe","RaPIPOxe_fpd",53,"fpd","RaPIPOxe","RaPIPOxe_fpd","Ponderosa Pine - Xeric",3
"3_41_37_55832",4,151,841,2175,1050,1712000502,"17120004","OEC","RaPIPOxe_fpd_17120005","RaPIPOxe","RaPIPOxe_fpd",53,"fpd","RaPIPOxe","RaPIPOxe_fpd","Ponderosa Pine - Xeric",3
"3_41_35_69264",4,158,902,2232,364,1801020205,"18010201","OEC","RaPIPOxe_fpd_18010202","RaPIPOxe","RaPIPOxe_fpd",53,"fpd","RaPIPOxe","RaPIPOxe_fpd","Ponderosa Pine - Xeric",3
"3_41_35_97268",4,158,902,1480,822,1801020205,"18010201","OEC","RaMCONdy_fmx_1801020205","RaMCONdy","RaMCONdy_fmx",29,"fmx","RaMCONdy","RaMCONdy_fmx","Mixed Conifer - Eastside Dry",1
"3_41_35_78260",4,158,902,2233,741,1801020205,"18010201","OEC","RaPIPOxe_fxp_18010202","RaPIPOxe","RaPIPOxe_fxp",56,"fxp","RaPIPOxe","RaPIPOxe_fxp","Ponderosa Pine - Xeric",3
"3_41_35_68817",4,158,902,2233,1087,1801020205,"18010201","OEC","RaPIPOxe_fxp_18010202","RaPIPOxe","RaPIPOxe_fxp",56,"fxp","RaPIPOxe","RaPIPOxe_fxp","Ponderosa Pine - Xeric",3
"3_41_35_94916",4,158,900,2233,893,1801020203,"18010201","OEC","RaPIPOxe_fxp_18010202","RaPIPOxe","RaPIPOxe_fxp",56,"fxp","RaPIPOxe","RaPIPOxe_fxp","Ponderosa Pine - Xeric",3
"3_41_35_73428",4,158,900,2233,906,1801020203,"18010201","OEC","RaPIPOxe_fxp_18010202","RaPIPOxe","RaPIPOxe_fxp",56,"fxp","RaPIPOxe","RaPIPOxe_fxp","Ponderosa Pine - Xeric",3
"3_41_35_66837",4,158,900,1630,2204,1801020203,"18010201","OEC","RaMCONdy_fmd_1801020203","RaMCONdy","RaMCONdy_fmd",28,"fmd","RaMCONdy","RaMCONdy_fmd","Mixed Conifer - Eastside Dry",1
"3_41_35_84070",4,160,910,1623,3145,1801020405,"18010203","OEC","RaMCONdy_fmd_1801020405","RaMCONdy","RaMCONdy_fmd",28,"fmd","RaMCONdy","RaMCONdy_fmd","Mixed Conifer - Eastside Dry",1
"3_41_35_83257",4,160,910,2260,1090,1801020405,"18010203","OEC","RaPIPOxe_fxp_18010204","RaPIPOxe","RaPIPOxe_fxp",56,"fxp","RaPIPOxe","RaPIPOxe_fxp","Ponderosa Pine - Xeric",3
"3_41_35_88669",4,160,910,2261,1184,1801020405,"18010203","OEC","RaPIPOxe_fpd_18010204","RaPIPOxe","RaPIPOxe_fpd",53,"fpd","RaPIPOxe","RaPIPOxe_fpd","Ponderosa Pine - Xeric",3
"5_53_73_97904",11,130,739,2288,2091,1711000506,"17110004","WNC","RaABLA_faf_WNC","RaABLA","RaABLA_faf",8,"faf","RaABLA","RaABLA_faf","Subalpine Fir",4
"5_53_61_83182",11,131,745,2286,1414,1711000601,"17110005","WNC","Na0710411_fmt_WNC","Na0710411","Na0710411_fmt",5,"fmt","Na0710411","Na0710411_fmt","North Pacific Mountain Hemlock Forest - Wet",5
"5_53_61_71212",11,134,755,2287,915,1711000902,"17110008","WNC","Na0710412_fmc_WNC","Na0710412","Na0710412_fmc",7,"fmc","Na0710412","Na0710412_fmc","North Pacific Mountain Hemlock Forest - Xeric",5
"5_53_61_90926",11,134,755,2285,1295,1711000902,"17110008","WNC","RaABAMup_fst_WNC","RaABAMup","RaABAMup_fst",13,"fst","RaABAMup","RaABAMup_fst","Pacific Silver Fir - High Elevation",5
"5_53_33_86100",11,134,754,2286,857,1711000901,"17110008","WNC","Na0710411_fmt_WNC","Na0710411","Na0710411_fmt",5,"fmt","Na0710411","Na0710411_fmt","North Pacific Mountain Hemlock Forest - Wet",5
"5_53_33_68367",11,134,754,2285,1530,1711000901,"17110008","WNC","RaABAMup_fst_WNC","RaABAMup","RaABAMup_fst",13,"fst","RaABAMup","RaABAMup_fst","Pacific Silver Fir - High Elevation",5
"8_53_37_65003",10,26,122,1896,995,1703000101,"17020016","WEC","RaSAWD_fal_17030001","RaSAWD","RaSAWD_fal",2,"fal","RaSAWD","RaSAWD_fal","Subalpine Woodland",3
"8_53_37_50091",10,26,122,1897,1423,1703000101,"17020016","WEC","RaABAMlw_fsi_17030001","RaABAMlw","RaABAMlw_fsi",14,"fsi","RaABAMlw","RaABAMlw_fsi","Pacific Silver Fir - Low Elevation",3
"8_53_37_51426",10,26,122,1897,1371,1703000101,"17020016","WEC","RaABAMlw_fsi_17030001","RaABAMlw","RaABAMlw_fsi",14,"fsi","RaABAMlw","RaABAMlw_fsi","Pacific Silver Fir - Low Elevation",3
"8_53_37_78139",10,26,122,1898,1808,1703000101,"17020016","WEC","RaMCONms_fmm_17030001","RaMCONms","RaMCONms_fmm",27,"fmm","RaMCONms","RaMCONms_fmm","Mixed Conifer - Eastside Mesic",3
"8_53_37_66349",10,26,122,1897,1644,1703000101,"17020016","WEC","RaABAMlw_fsi_17030001","RaABAMlw","RaABAMlw_fsi",14,"fsi","RaABAMlw","RaABAMlw_fsi","Pacific Silver Fir - Low Elevation",3
"5_53_73_55291",11,130,739,2288,1870,1711000506,"17110004","WNC","RaABLA_faf_WNC","RaABLA","RaABLA_faf",8,"faf","RaABLA","RaABLA_faf","Subalpine Fir",4
"8_53_37_85484",10,26,122,1897,2014,1703000101,"17020016","WEC","RaABAMlw_fsi_17030001","RaABAMlw","RaABAMlw_fsi",14,"fsi","RaABAMlw","RaABAMlw_fsi","Pacific Silver Fir - Low Elevation",3
"8_53_37_89135",10,26,124,1898,1140,1703000103,"17020016","WEC","RaMCONms_fmm_17030001","RaMCONms","RaMCONms_fmm",27,"fmm","RaMCONms","RaMCONms_fmm","Mixed Conifer - Eastside Mesic",3
"8_53_37_71562",10,26,122,1898,1814,1703000101,"17020016","WEC","RaMCONms_fmm_17030001","RaMCONms","RaMCONms_fmm",27,"fmm","RaMCONms","RaMCONms_fmm","Mixed Conifer - Eastside Mesic",3
"8_53_37_54226",10,26,124,191,1502,1703000103,"17020016","WEC","RaMCONdy_fmd_1703000103","RaMCONdy","RaMCONdy_fmd",28,"fmd","RaMCONdy","RaMCONdy_fmd","Mixed Conifer - Eastside Dry",1
"8_53_37_51896",10,26,124,2291,884,1703000103,"17020016","WEC","Na0710412_fmh_WEC","Na0710412","Na0710412_fmh",4,"fmh","Na0710412","Na0710412_fmh","North Pacific Mountain Hemlock Forest - Xeric",5
"8_53_37_74851",10,26,124,1897,705,1703000103,"17020016","WEC","RaABAMlw_fsi_17030001","RaABAMlw","RaABAMlw_fsi",14,"fsi","RaABAMlw","RaABAMlw_fsi","Pacific Silver Fir - Low Elevation",3
"8_53_37_80934",10,27,129,1923,729,1703000201,"17030001","WEC","RaABAMlw_fsi_17030002","RaABAMlw","RaABAMlw_fsi",14,"fsi","RaABAMlw","RaABAMlw_fsi","Pacific Silver Fir - Low Elevation",3
"8_53_37_78219",10,26,126,2291,1221,1703000105,"17020016","WEC","Na0710412_fmh_WEC","Na0710412","Na0710412_fmh",4,"fmh","Na0710412","Na0710412_fmh","North Pacific Mountain Hemlock Forest - Xeric",5
"8_53_37_74332",10,27,129,2291,725,1703000201,"17030001","WEC","Na0710412_fmh_WEC","Na0710412","Na0710412_fmh",4,"fmh","Na0710412","Na0710412_fmh","North Pacific Mountain Hemlock Forest - Xeric",5
"8_53_37_70501",10,27,129,1925,757,1703000201,"17030001","WEC","RaMCONms_fmm_17030002","RaMCONms","RaMCONms_fmm",27,"fmm","RaMCONms","RaMCONms_fmm","Mixed Conifer - Eastside Mesic",3
"8_53_37_76850",10,27,129,1925,2583,1703000201,"17030001","WEC","RaMCONms_fmm_17030002","RaMCONms","RaMCONms_fmm",27,"fmm","RaMCONms","RaMCONms_fmm","Mixed Conifer - Eastside Mesic",3
"8_53_77_86024",10,27,129,1925,3249,1703000201,"17030001","WEC","RaMCONms_fmm_17030002","RaMCONms","RaMCONms_fmm",27,"fmm","RaMCONms","RaMCONms_fmm","Mixed Conifer - Eastside Mesic",3
"8_53_77_72125",10,27,129,1925,1848,1703000201,"17030001","WEC","RaMCONms_fmm_17030002","RaMCONms","RaMCONms_fmm",27,"fmm","RaMCONms","RaMCONms_fmm","Mixed Conifer - Eastside Mesic",3
"8_53_77_68558",10,27,130,1925,2314,1703000202,"17030001","WEC","RaMCONms_fmm_17030002","RaMCONms","RaMCONms_fmm",27,"fmm","RaMCONms","RaMCONms_fmm","Mixed Conifer - Eastside Mesic",3
"8_53_77_63091",10,27,130,1925,2129,1703000202,"17030001","WEC","RaMCONms_fmm_17030002","RaMCONms","RaMCONms_fmm",27,"fmm","RaMCONms","RaMCONms_fmm","Mixed Conifer - Eastside Mesic",3
"8_53_77_58503",10,27,130,2291,984,1703000202,"17030001","WEC","Na0710412_fmh_WEC","Na0710412","Na0710412_fmh",4,"fmh","Na0710412","Na0710412_fmh","North Pacific Mountain Hemlock Forest - Xeric",5
"8_53_77_60454",10,27,130,2291,1075,1703000202,"17030001","WEC","Na0710412_fmh_WEC","Na0710412","Na0710412_fmh",4,"fmh","Na0710412","Na0710412_fmh","North Pacific Mountain Hemlock Forest - Xeric",5
"8_53_77_90129",10,27,130,2291,1628,1703000202,"17030001","WEC","Na0710412_fmh_WEC","Na0710412","Na0710412_fmh",4,"fmh","Na0710412","Na0710412_fmh","North Pacific Mountain Hemlock Forest - Xeric",5
"8_53_77_62114",10,27,130,2291,3059,1703000202,"17030001","WEC","Na0710412_fmh_WEC","Na0710412","Na0710412_fmh",4,"fmh","Na0710412","Na0710412_fmh","North Pacific Mountain Hemlock Forest - Xeric",5
"8_53_77_76182",10,27,130,2291,3322,1703000202,"17030001","WEC","Na0710412_fmh_WEC","Na0710412","Na0710412_fmh",4,"fmh","Na0710412","Na0710412_fmh","North Pacific Mountain Hemlock Forest - Xeric",5
"8_53_77_84028",10,27,131,2291,1796,1703000203,"17030001","WEC","Na0710412_fmh_WEC","Na0710412","Na0710412_fmh",4,"fmh","Na0710412","Na0710412_fmh","North Pacific Mountain Hemlock Forest - Xeric",5
"8_53_77_68102",10,27,131,1925,2396,1703000203,"17030001","WEC","RaMCONms_fmm_17030002","RaMCONms","RaMCONms_fmm",27,"fmm","RaMCONms","RaMCONms_fmm","Mixed Conifer - Eastside Mesic",3
"8_53_77_69660",10,27,131,1925,1295,1703000203,"17030001","WEC","RaMCONms_fmm_17030002","RaMCONms","RaMCONms_fmm",27,"fmm","RaMCONms","RaMCONms_fmm","Mixed Conifer - Eastside Mesic",3
"8_53_77_50074",10,27,131,2291,1637,1703000203,"17030001","WEC","Na0710412_fmh_WEC","Na0710412","Na0710412_fmh",4,"fmh","Na0710412","Na0710412_fmh","North Pacific Mountain Hemlock Forest - Xeric",5
"8_53_77_79861",10,62,340,2291,1142,1707010601,"17070105C","WEC","Na0710412_fmh_WEC","Na0710412","Na0710412_fmh",4,"fmh","Na0710412","Na0710412_fmh","North Pacific Mountain Hemlock Forest - Xeric",5
"8_53_77_69971",10,62,340,261,886,1707010601,"17070105C","WEC","RaMCONdy_fmd_1707010601","RaMCONdy","RaMCONdy_fmd",28,"fmd","RaMCONdy","RaMCONdy_fmd","Mixed Conifer - Eastside Dry",1
"8_53_77_93784",10,28,137,277,1679,1703000306,"17030002","WEC","RaMCONdy_fmd_1703000306","RaMCONdy","RaMCONdy_fmd",28,"fmd","RaMCONdy","RaMCONdy_fmd","Mixed Conifer - Eastside Dry",1
"5_53_73_89929",11,130,740,2288,773,1711000507,"17110004","WNC","RaABLA_faf_WNC","RaABLA","RaABLA_faf",8,"faf","RaABLA","RaABLA_faf","Subalpine Fir",4
"8_53_77_87422",10,28,137,277,1831,1703000306,"17030002","WEC","RaMCONdy_fmd_1703000306","RaMCONdy","RaMCONdy_fmd",28,"fmd","RaMCONdy","RaMCONdy_fmd","Mixed Conifer - Eastside Dry",1
"8_53_77_75722",10,28,137,277,1120,1703000306,"17030002","WEC","RaMCONdy_fmd_1703000306","RaMCONdy","RaMCONdy_fmd",28,"fmd","RaMCONdy","RaMCONdy_fmd","Mixed Conifer - Eastside Dry",1
"8_53_77_65680",10,62,341,295,1661,1707010602,"17070105C","WEC","RaMCONdy_fmd_1707010602","RaMCONdy","RaMCONdy_fmd",28,"fmd","RaMCONdy","RaMCONdy_fmd","Mixed Conifer - Eastside Dry",1
"8_53_77_72851",10,62,341,295,3363,1707010602,"17070105C","WEC","RaMCONdy_fmd_1707010602","RaMCONdy","RaMCONdy_fmd",28,"fmd","RaMCONdy","RaMCONdy_fmd","Mixed Conifer - Eastside Dry",1
"8_53_39_53182",10,62,342,335,1270,1707010603,"17070105C","WEC","RaMCONdy_fmd_1707010603","RaMCONdy","RaMCONdy_fmd",28,"fmd","RaMCONdy","RaMCONdy_fmd","Mixed Conifer - Eastside Dry",1
"8_53_39_60472",10,62,343,336,554,1707010604,"17070105C","WEC","RaMCONdy_fmd_1707010604","RaMCONdy","RaMCONdy_fmd",28,"fmd","RaMCONdy","RaMCONdy_fmd","Mixed Conifer - Eastside Dry",1
"8_53_39_57008",10,62,343,336,249,1707010604,"17070105C","WEC","RaMCONdy_fmd_1707010604","RaMCONdy","RaMCONdy_fmd",28,"fmd","RaMCONdy","RaMCONdy_fmd","Mixed Conifer - Eastside Dry",1
"3_41_17_64543",4,72,429,2127,1434,1707030507,"17070305A","OEC","RaPIPOxe_fxp_17070305B","RaPIPOxe","RaPIPOxe_fxp",56,"fxp","RaPIPOxe","RaPIPOxe_fxp","Ponderosa Pine - Xeric",3
"3_41_17_69150",4,72,429,2127,1875,1707030507,"17070305A","OEC","RaPIPOxe_fxp_17070305B","RaPIPOxe","RaPIPOxe_fxp",56,"fxp","RaPIPOxe","RaPIPOxe_fxp","Ponderosa Pine - Xeric",3
"3_41_17_89954",4,72,429,2127,2182,1707030507,"17070305A","OEC","RaPIPOxe_fxp_17070305B","RaPIPOxe","RaPIPOxe_fxp",56,"fxp","RaPIPOxe","RaPIPOxe_fxp","Ponderosa Pine - Xeric",3
"3_41_17_93244",4,72,429,2127,2202,1707030507,"17070305A","OEC","RaPIPOxe_fxp_17070305B","RaPIPOxe","RaPIPOxe_fxp",56,"fxp","RaPIPOxe","RaPIPOxe_fxp","Ponderosa Pine - Xeric",3
"3_41_17_71942",4,72,428,1062,1601,1707030506,"17070305A","OEC","RaPIPOm_fpl_1707030506","RaPIPOm","RaPIPOm_fpl",55,"fpl","RaPIPOm","RaPIPOm_fpl","Dry Ponderosa Pine - Mesic",1
"3_41_17_96744",4,72,428,1062,1659,1707030506,"17070305A","OEC","RaPIPOm_fpl_1707030506","RaPIPOm","RaPIPOm_fpl",55,"fpl","RaPIPOm","RaPIPOm_fpl","Dry Ponderosa Pine - Mesic",1
"3_41_17_73811",4,72,428,1062,1204,1707030506,"17070305A","OEC","RaPIPOm_fpl_1707030506","RaPIPOm","RaPIPOm_fpl",55,"fpl","RaPIPOm","RaPIPOm_fpl","Dry Ponderosa Pine - Mesic",1
"3_41_17_83664",4,72,428,1062,1002,1707030506,"17070305A","OEC","RaPIPOm_fpl_1707030506","RaPIPOm","RaPIPOm_fpl",55,"fpl","RaPIPOm","RaPIPOm_fpl","Dry Ponderosa Pine - Mesic",1
"3_41_17_87055",4,72,428,1062,1795,1707030506,"17070305A","OEC","RaPIPOm_fpl_1707030506","RaPIPOm","RaPIPOm_fpl",55,"fpl","RaPIPOm","RaPIPOm_fpl","Dry Ponderosa Pine - Mesic",1
"3_41_17_68059",4,151,844,1074,2318,1712000505,"17120004","OEC","RaPIPOm_fpl_1712000505","RaPIPOm","RaPIPOm_fpl",55,"fpl","RaPIPOm","RaPIPOm_fpl","Dry Ponderosa Pine - Mesic",1
"3_41_17_88469",4,151,844,1074,2473,1712000505,"17120004","OEC","RaPIPOm_fpl_1712000505","RaPIPOm","RaPIPOm_fpl",55,"fpl","RaPIPOm","RaPIPOm_fpl","Dry Ponderosa Pine - Mesic",1
"3_41_17_55338",4,151,844,1074,1770,1712000505,"17120004","OEC","RaPIPOm_fpl_1712000505","RaPIPOm","RaPIPOm_fpl",55,"fpl","RaPIPOm","RaPIPOm_fpl","Dry Ponderosa Pine - Mesic",1
"5_53_57_67416",11,130,741,1779,531,1711000508,"17110004","WNC","RaABAMlw_fsi_17110005","RaABAMlw","RaABAMlw_fsi",14,"fsi","RaABAMlw","RaABAMlw_fsi","Pacific Silver Fir - Low Elevation",3
"3_41_37_75470",4,151,844,1074,3021,1712000505,"17120004","OEC","RaPIPOm_fpl_1712000505","RaPIPOm","RaPIPOm_fpl",55,"fpl","RaPIPOm","RaPIPOm_fpl","Dry Ponderosa Pine - Mesic",1
"3_41_37_78501",4,151,844,1074,2616,1712000505,"17120004","OEC","RaPIPOm_fpl_1712000505","RaPIPOm","RaPIPOm_fpl",55,"fpl","RaPIPOm","RaPIPOm_fpl","Dry Ponderosa Pine - Mesic",1
"3_41_37_95624",4,151,844,1074,3261,1712000505,"17120004","OEC","RaPIPOm_fpl_1712000505","RaPIPOm","RaPIPOm_fpl",55,"fpl","RaPIPOm","RaPIPOm_fpl","Dry Ponderosa Pine - Mesic",1
"5_53_57_74518",11,130,741,1779,922,1711000508,"17110004","WNC","RaABAMlw_fsi_17110005","RaABAMlw","RaABAMlw_fsi",14,"fsi","RaABAMlw","RaABAMlw_fsi","Pacific Silver Fir - Low Elevation",3
"3_41_37_82622",4,151,841,1171,1828,1712000502,"17120004","OEC","RaMCONdy_fmx_1712000502","RaMCONdy","RaMCONdy_fmx",29,"fmx","RaMCONdy","RaMCONdy_fmx","Mixed Conifer - Eastside Dry",1
"3_41_37_55950",4,151,841,1171,2990,1712000502,"17120004","OEC","RaMCONdy_fmx_1712000502","RaMCONdy","RaMCONdy_fmx",29,"fmx","RaMCONdy","RaMCONdy_fmx","Mixed Conifer - Eastside Dry",1
"3_41_37_66720",4,151,841,2175,3077,1712000502,"17120004","OEC","RaPIPOxe_fpd_17120005","RaPIPOxe","RaPIPOxe_fpd",53,"fpd","RaPIPOxe","RaPIPOxe_fpd","Ponderosa Pine - Xeric",3
"3_41_37_88387",4,151,841,2175,1497,1712000502,"17120004","OEC","RaPIPOxe_fpd_17120005","RaPIPOxe","RaPIPOxe_fpd",53,"fpd","RaPIPOxe","RaPIPOxe_fpd","Ponderosa Pine - Xeric",3
"3_41_37_69999",4,151,841,2175,879,1712000502,"17120004","OEC","RaPIPOxe_fpd_17120005","RaPIPOxe","RaPIPOxe_fpd",53,"fpd","RaPIPOxe","RaPIPOxe_fpd","Ponderosa Pine - Xeric",3
"3_41_37_66526",4,158,899,2233,1102,1801020202,"18010201","OEC","RaPIPOxe_fxp_18010202","RaPIPOxe","RaPIPOxe_fxp",56,"fxp","RaPIPOxe","RaPIPOxe_fxp","Ponderosa Pine - Xeric",3
"3_41_37_86905",4,158,899,2232,907,1801020202,"18010201","OEC","RaPIPOxe_fpd_18010202","RaPIPOxe","RaPIPOxe_fpd",53,"fpd","RaPIPOxe","RaPIPOxe_fpd","Ponderosa Pine - Xeric",3
"3_41_37_73923",4,158,899,2233,443,1801020202,"18010201","OEC","RaPIPOxe_fxp_18010202","RaPIPOxe","RaPIPOxe_fxp",56,"fxp","RaPIPOxe","RaPIPOxe_fxp","Ponderosa Pine - Xeric",3
"5_53_57_86286",11,130,741,2286,1171,1711000508,"17110004","WNC","Na0710411_fmt_WNC","Na0710411","Na0710411_fmt",5,"fmt","Na0710411","Na0710411_fmt","North Pacific Mountain Hemlock Forest - Wet",5
"5_53_57_99568",11,130,741,2285,1017,1711000508,"17110004","WNC","RaABAMup_fst_WNC","RaABAMup","RaABAMup_fst",13,"fst","RaABAMup","RaABAMup_fst","Pacific Silver Fir - High Elevation",5
"3_41_37_98163",4,158,898,2233,301,1801020201,"18010201","OEC","RaPIPOxe_fxp_18010202","RaPIPOxe","RaPIPOxe_fxp",56,"fxp","RaPIPOxe","RaPIPOxe_fxp","Ponderosa Pine - Xeric",3
"3_41_37_59305",4,158,898,2232,776,1801020201,"18010201","OEC","RaPIPOxe_fpd_18010202","RaPIPOxe","RaPIPOxe_fpd",53,"fpd","RaPIPOxe","RaPIPOxe_fpd","Ponderosa Pine - Xeric",3
"3_41_35_90138",4,158,899,2232,747,1801020202,"18010201","OEC","RaPIPOxe_fpd_18010202","RaPIPOxe","RaPIPOxe_fpd",53,"fpd","RaPIPOxe","RaPIPOxe_fpd","Ponderosa Pine - Xeric",3
"3_41_35_73383",4,158,903,1371,394,1801020206,"18010201","OEC","RaPIPOm_fpl_1801020206","RaPIPOm","RaPIPOm_fpl",55,"fpl","RaPIPOm","RaPIPOm_fpl","Dry Ponderosa Pine - Mesic",1
"3_41_35_73338",4,158,902,1480,1723,1801020205,"18010201","OEC","RaMCONdy_fmx_1801020205","RaMCONdy","RaMCONdy_fmx",29,"fmx","RaMCONdy","RaMCONdy_fmx","Mixed Conifer - Eastside Dry",1
"3_41_35_54621",4,158,902,1480,3422,1801020205,"18010201","OEC","RaMCONdy_fmx_1801020205","RaMCONdy","RaMCONdy_fmx",29,"fmx","RaMCONdy","RaMCONdy_fmx","Mixed Conifer - Eastside Dry",1
"3_41_35_64802",4,158,902,2233,1054,1801020205,"18010201","OEC","RaPIPOxe_fxp_18010202","RaPIPOxe","RaPIPOxe_fxp",56,"fxp","RaPIPOxe","RaPIPOxe_fxp","Ponderosa Pine - Xeric",3
"3_41_35_55161",4,158,900,2233,745,1801020203,"18010201","OEC","RaPIPOxe_fxp_18010202","RaPIPOxe","RaPIPOxe_fxp",56,"fxp","RaPIPOxe","RaPIPOxe_fxp","Ponderosa Pine - Xeric",3
"3_41_35_88115",4,158,900,2233,478,1801020203,"18010201","OEC","RaPIPOxe_fxp_18010202","RaPIPOxe","RaPIPOxe_fxp",56,"fxp","RaPIPOxe","RaPIPOxe_fxp","Ponderosa Pine - Xeric",3
"3_41_35_99352",4,158,900,2232,747,1801020203,"18010201","OEC","RaPIPOxe_fpd_18010202","RaPIPOxe","RaPIPOxe_fpd",53,"fpd","RaPIPOxe","RaPIPOxe_fpd","Ponderosa Pine - Xeric",3
"3_41_35_73040",4,158,900,1630,653,1801020203,"18010201","OEC","RaMCONdy_fmd_1801020203","RaMCONdy","RaMCONdy_fmd",28,"fmd","RaMCONdy","RaMCONdy_fmd","Mixed Conifer - Eastside Dry",1
"5_53_57_66663",11,131,746,2285,1138,1711000602,"17110005","WNC","RaABAMup_fst_WNC","RaABAMup","RaABAMup_fst",13,"fst","RaABAMup","RaABAMup_fst","Pacific Silver Fir - High Elevation",5
"3_41_35_92742",4,160,910,2261,561,1801020405,"18010203","OEC","RaPIPOxe_fpd_18010204","RaPIPOxe","RaPIPOxe_fpd",53,"fpd","RaPIPOxe","RaPIPOxe_fpd","Ponderosa Pine - Xeric",3
"3_41_35_82511",4,160,909,2260,1281,1801020404,"18010203","OEC","RaPIPOxe_fxp_18010204","RaPIPOxe","RaPIPOxe_fxp",56,"fxp","RaPIPOxe","RaPIPOxe_fxp","Ponderosa Pine - Xeric",3
"3_41_35_84147",4,160,909,2260,2349,1801020404,"18010203","OEC","RaPIPOxe_fxp_18010204","RaPIPOxe","RaPIPOxe_fxp",56,"fxp","RaPIPOxe","RaPIPOxe_fxp","Ponderosa Pine - Xeric",3
"5_53_57_61362",11,131,746,1830,1173,1711000602,"17110005","WNC","RaSAWD_fal_17110006","RaSAWD","RaSAWD_fal",2,"fal","RaSAWD","RaSAWD_fal","Subalpine Woodland",3
"5_53_61_60991",11,131,746,1830,1892,1711000602,"17110005","WNC","RaSAWD_fal_17110006","RaSAWD","RaSAWD_fal",2,"fal","RaSAWD","RaSAWD_fal","Subalpine Woodland",3
"5_53_61_94882",11,131,745,1830,1043,1711000601,"17110005","WNC","RaSAWD_fal_17110006","RaSAWD","RaSAWD_fal",2,"fal","RaSAWD","RaSAWD_fal","Subalpine Woodland",3
"8_53_7_52989",10,20,84,1844,1445,1702001101,"17020010","WEC","RaABAMlw_fsi_17020011","RaABAMlw","RaABAMlw_fsi",14,"fsi","RaABAMlw","RaABAMlw_fsi","Pacific Silver Fir - Low Elevation",3
"8_53_7_75573",10,20,84,1844,1729,1702001101,"17020010","WEC","RaABAMlw_fsi_17020011","RaABAMlw","RaABAMlw_fsi",14,"fsi","RaABAMlw","RaABAMlw_fsi","Pacific Silver Fir - Low Elevation",3
"8_53_7_62152",10,20,84,2291,1453,1702001101,"17020010","WEC","Na0710412_fmh_WEC","Na0710412","Na0710412_fmh",4,"fmh","Na0710412","Na0710412_fmh","North Pacific Mountain Hemlock Forest - Xeric",5
"5_53_33_62186",11,134,754,1859,974,1711000901,"17110008","WNC","RaSAWD_fal_17110009","RaSAWD","RaSAWD_fal",2,"fal","RaSAWD","RaSAWD_fal","Subalpine Woodland",3
"5_53_33_54543",11,134,754,2285,1128,1711000901,"17110008","WNC","RaABAMup_fst_WNC","RaABAMup","RaABAMup_fst",13,"fst","RaABAMup","RaABAMup_fst","Pacific Silver Fir - High Elevation",5
"5_53_33_74455",11,134,754,1859,606,1711000901,"17110008","WNC","RaSAWD_fal_17110009","RaSAWD","RaSAWD_fal",2,"fal","RaSAWD","RaSAWD_fal","Subalpine Woodland",3
"5_53_33_68017",10,20,87,1841,2065,1702001104,"17020010","WEC","RaSAWD_fal_17020011","RaSAWD","RaSAWD_fal",2,"fal","RaSAWD","RaSAWD_fal","Subalpine Woodland",3
"8_53_37_56804",10,26,122,1898,1906,1703000101,"17020016","WEC","RaMCONms_fmm_17030001","RaMCONms","RaMCONms_fmm",27,"fmm","RaMCONms","RaMCONms_fmm","Mixed Conifer - Eastside Mesic",3
"8_53_37_57510",10,26,122,1898,1296,1703000101,"17020016","WEC","RaMCONms_fmm_17030001","RaMCONms","RaMCONms_fmm",27,"fmm","RaMCONms","RaMCONms_fmm","Mixed Conifer - Eastside Mesic",3
"8_53_37_55205",10,26,122,1898,1862,1703000101,"17020016","WEC","RaMCONms_fmm_17030001","RaMCONms","RaMCONms_fmm",27,"fmm","RaMCONms","RaMCONms_fmm","Mixed Conifer - Eastside Mesic",3
"8_53_37_70395",10,26,122,1898,2280,1703000101,"17020016","WEC","RaMCONms_fmm_17030001","RaMCONms","RaMCONms_fmm",27,"fmm","RaMCONms","RaMCONms_fmm","Mixed Conifer - Eastside Mesic",3
"8_53_37_89921",10,26,124,191,1839,1703000103,"17020016","WEC","RaMCONdy_fmd_1703000103","RaMCONdy","RaMCONdy_fmd",28,"fmd","RaMCONdy","RaMCONdy_fmd","Mixed Conifer - Eastside Dry",1
"8_53_37_72777",10,26,124,1898,1159,1703000103,"17020016","WEC","RaMCONms_fmm_17030001","RaMCONms","RaMCONms_fmm",27,"fmm","RaMCONms","RaMCONms_fmm","Mixed Conifer - Eastside Mesic",3
"8_53_37_83934",10,26,126,1898,593,1703000105,"17020016","WEC","RaMCONms_fmm_17030001","RaMCONms","RaMCONms_fmm",27,"fmm","RaMCONms","RaMCONms_fmm","Mixed Conifer - Eastside Mesic",3
"8_53_37_93745",10,26,126,1897,897,1703000105,"17020016","WEC","RaABAMlw_fsi_17030001","RaABAMlw","RaABAMlw_fsi",14,"fsi","RaABAMlw","RaABAMlw_fsi","Pacific Silver Fir - Low Elevation",3
"8_53_37_74792",10,27,129,1925,1445,1703000201,"17030001","WEC","RaMCONms_fmm_17030002","RaMCONms","RaMCONms_fmm",27,"fmm","RaMCONms","RaMCONms_fmm","Mixed Conifer - Eastside Mesic",3
"8_53_37_77677",10,27,129,1925,2419,1703000201,"17030001","WEC","RaMCONms_fmm_17030002","RaMCONms","RaMCONms_fmm",27,"fmm","RaMCONms","RaMCONms_fmm","Mixed Conifer - Eastside Mesic",3
"8_53_37_78180",10,27,129,1925,1006,1703000201,"17030001","WEC","RaMCONms_fmm_17030002","RaMCONms","RaMCONms_fmm",27,"fmm","RaMCONms","RaMCONms_fmm","Mixed Conifer - Eastside Mesic",3
"8_53_37_95937",10,27,129,1925,1581,1703000201,"17030001","WEC","RaMCONms_fmm_17030002","RaMCONms","RaMCONms_fmm",27,"fmm","RaMCONms","RaMCONms_fmm","Mixed Conifer - Eastside Mesic",3
"8_53_37_94482",10,27,129,1925,2088,1703000201,"17030001","WEC","RaMCONms_fmm_17030002","RaMCONms","RaMCONms_fmm",27,"fmm","RaMCONms","RaMCONms_fmm","Mixed Conifer - Eastside Mesic",3
"8_53_77_95700",10,27,130,1925,2259,1703000202,"17030001","WEC","RaMCONms_fmm_17030002","RaMCONms","RaMCONms_fmm",27,"fmm","RaMCONms","RaMCONms_fmm","Mixed Conifer - Eastside Mesic",3
"8_53_77_83749",10,27,130,1925,1679,1703000202,"17030001","WEC","RaMCONms_fmm_17030002","RaMCONms","RaMCONms_fmm",27,"fmm","RaMCONms","RaMCONms_fmm","Mixed Conifer - Eastside Mesic",3
"8_53_77_60988",10,27,130,216,1260,1703000202,"17030001","WEC","RaMCONdy_fmd_1703000202","RaMCONdy","RaMCONdy_fmd",28,"fmd","RaMCONdy","RaMCONdy_fmd","Mixed Conifer - Eastside Dry",1
"8_53_77_86529",10,27,130,1925,956,1703000202,"17030001","WEC","RaMCONms_fmm_17030002","RaMCONms","RaMCONms_fmm",27,"fmm","RaMCONms","RaMCONms_fmm","Mixed Conifer - Eastside Mesic",3
"8_53_77_93458",10,27,130,216,1009,1703000202,"17030001","WEC","RaMCONdy_fmd_1703000202","RaMCONdy","RaMCONdy_fmd",28,"fmd","RaMCONdy","RaMCONdy_fmd","Mixed Conifer - Eastside Dry",1
"8_53_77_53372",10,27,130,216,1646,1703000202,"17030001","WEC","RaMCONdy_fmd_1703000202","RaMCONdy","RaMCONdy_fmd",28,"fmd","RaMCONdy","RaMCONdy_fmd","Mixed Conifer - Eastside Dry",1
"8_53_77_77279",10,27,130,1925,1570,1703000202,"17030001","WEC","RaMCONms_fmm_17030002","RaMCONms","RaMCONms_fmm",27,"fmm","RaMCONms","RaMCONms_fmm","Mixed Conifer - Eastside Mesic",3
"8_53_77_97465",10,27,130,1925,2253,1703000202,"17030001","WEC","RaMCONms_fmm_17030002","RaMCONms","RaMCONms_fmm",27,"fmm","RaMCONms","RaMCONms_fmm","Mixed Conifer - Eastside Mesic",3
"8_53_77_74520",10,27,130,2291,1917,1703000202,"17030001","WEC","Na0710412_fmh_WEC","Na0710412","Na0710412_fmh",4,"fmh","Na0710412","Na0710412_fmh","North Pacific Mountain Hemlock Forest - Xeric",5
"8_53_77_73490",10,27,130,2291,2457,1703000202,"17030001","WEC","Na0710412_fmh_WEC","Na0710412","Na0710412_fmh",4,"fmh","Na0710412","Na0710412_fmh","North Pacific Mountain Hemlock Forest - Xeric",5
"8_53_77_78869",10,27,131,1925,1912,1703000203,"17030001","WEC","RaMCONms_fmm_17030002","RaMCONms","RaMCONms_fmm",27,"fmm","RaMCONms","RaMCONms_fmm","Mixed Conifer - Eastside Mesic",3
"8_53_77_50966",10,27,131,1925,1412,1703000203,"17030001","WEC","RaMCONms_fmm_17030002","RaMCONms","RaMCONms_fmm",27,"fmm","RaMCONms","RaMCONms_fmm","Mixed Conifer - Eastside Mesic",3
"8_53_77_84838",10,27,131,230,921,1703000203,"17030001","WEC","RaMCONdy_fmd_1703000203","RaMCONdy","RaMCONdy_fmd",28,"fmd","RaMCONdy","RaMCONdy_fmd","Mixed Conifer - Eastside Dry",1
"8_53_77_92763",10,27,131,230,920,1703000203,"17030001","WEC","RaMCONdy_fmd_1703000203","RaMCONdy","RaMCONdy_fmd",28,"fmd","RaMCONdy","RaMCONdy_fmd","Mixed Conifer - Eastside Dry",1
"8_53_77_67390",10,27,131,230,888,1703000203,"17030001","WEC","RaMCONdy_fmd_1703000203","RaMCONdy","RaMCONdy_fmd",28,"fmd","RaMCONdy","RaMCONdy_fmd","Mixed Conifer - Eastside Dry",1
"8_53_77_99750",10,28,132,248,1518,1703000301,"17030002","WEC","RaMCONdy_fmd_1703000301","RaMCONdy","RaMCONdy_fmd",28,"fmd","RaMCONdy","RaMCONdy_fmd","Mixed Conifer - Eastside Dry",1
"8_53_77_67345",10,28,132,2291,3187,1703000301,"17030002","WEC","Na0710412_fmh_WEC","Na0710412","Na0710412_fmh",4,"fmh","Na0710412","Na0710412_fmh","North Pacific Mountain Hemlock Forest - Xeric",5
"8_53_77_62475",10,28,137,277,838,1703000306,"17030002","WEC","RaMCONdy_fmd_1703000306","RaMCONdy","RaMCONdy_fmd",28,"fmd","RaMCONdy","RaMCONdy_fmd","Mixed Conifer - Eastside Dry",1
"8_53_77_90954",10,28,137,1953,1925,1703000306,"17030002","WEC","RaMCONms_fmm_17030003","RaMCONms","RaMCONms_fmm",27,"fmm","RaMCONms","RaMCONms_fmm","Mixed Conifer - Eastside Mesic",3
"8_53_77_96183",10,62,341,295,1829,1707010602,"17070105C","WEC","RaMCONdy_fmd_1707010602","RaMCONdy","RaMCONdy_fmd",28,"fmd","RaMCONdy","RaMCONdy_fmd","Mixed Conifer - Eastside Dry",1
"8_53_39_82838",10,62,341,295,2511,1707010602,"17070105C","WEC","RaMCONdy_fmd_1707010602","RaMCONdy","RaMCONdy_fmd",28,"fmd","RaMCONdy","RaMCONdy_fmd","Mixed Conifer - Eastside Dry",1
"5_53_73_61950",11,130,740,1780,1656,1711000507,"17110004","WNC","RaABAMlw_fwc_17110005","RaABAMlw","RaABAMlw_fwc",35,"fwc","RaABAMlw","RaABAMlw_fwc","Pacific Silver Fir - Low Elevation",3
"3_41_65_92757",4,73,444,2023,283,1707030611,"17070305B","OEC","RaPIPOxe_fxp_17070306","RaPIPOxe","RaPIPOxe_fxp",56,"fxp","RaPIPOxe","RaPIPOxe_fxp","Ponderosa Pine - Xeric",3
"3_41_31_54146",2,74,435,2097,2,1707030602,"17070306","OBM","RaPIPOxe_fxp_17070306A","RaPIPOxe","RaPIPOxe_fxp",56,"fxp","RaPIPOxe","RaPIPOxe_fxp","Ponderosa Pine - Xeric",3
"3_41_31_88091",2,71,432,2103,14,1707030510,"17070304","OBM","RaPIPOxe_fxp_17070305A","RaPIPOxe","RaPIPOxe_fxp",56,"fxp","RaPIPOxe","RaPIPOxe_fxp","Ponderosa Pine - Xeric",3
"3_41_17_57735",4,72,429,2127,1113,1707030507,"17070305A","OEC","RaPIPOxe_fxp_17070305B","RaPIPOxe","RaPIPOxe_fxp",56,"fxp","RaPIPOxe","RaPIPOxe_fxp","Ponderosa Pine - Xeric",3
"3_41_17_93962",4,72,429,2127,720,1707030507,"17070305A","OEC","RaPIPOxe_fxp_17070305B","RaPIPOxe","RaPIPOxe_fxp",56,"fxp","RaPIPOxe","RaPIPOxe_fxp","Ponderosa Pine - Xeric",3
"3_41_17_66537",4,72,428,1062,2590,1707030506,"17070305A","OEC","RaPIPOm_fpl_1707030506","RaPIPOm","RaPIPOm_fpl",55,"fpl","RaPIPOm","RaPIPOm_fpl","Dry Ponderosa Pine - Mesic",1
"3_41_17_61871",4,72,428,1062,1254,1707030506,"17070305A","OEC","RaPIPOm_fpl_1707030506","RaPIPOm","RaPIPOm_fpl",55,"fpl","RaPIPOm","RaPIPOm_fpl","Dry Ponderosa Pine - Mesic",1
"3_41_17_80213",4,72,428,1062,1743,1707030506,"17070305A","OEC","RaPIPOm_fpl_1707030506","RaPIPOm","RaPIPOm_fpl",55,"fpl","RaPIPOm","RaPIPOm_fpl","Dry Ponderosa Pine - Mesic",1
"3_41_17_58394",4,72,428,1062,2329,1707030506,"17070305A","OEC","RaPIPOm_fpl_1707030506","RaPIPOm","RaPIPOm_fpl",55,"fpl","RaPIPOm","RaPIPOm_fpl","Dry Ponderosa Pine - Mesic",1
"3_41_17_98308",4,72,428,1062,1084,1707030506,"17070305A","OEC","RaPIPOm_fpl_1707030506","RaPIPOm","RaPIPOm_fpl",55,"fpl","RaPIPOm","RaPIPOm_fpl","Dry Ponderosa Pine - Mesic",1
"3_41_17_89880",4,151,844,1074,3480,1712000505,"17120004","OEC","RaPIPOm_fpl_1712000505","RaPIPOm","RaPIPOm_fpl",55,"fpl","RaPIPOm","RaPIPOm_fpl","Dry Ponderosa Pine - Mesic",1
"3_41_37_98075",4,151,844,1074,3488,1712000505,"17120004","OEC","RaPIPOm_fpl_1712000505","RaPIPOm","RaPIPOm_fpl",55,"fpl","RaPIPOm","RaPIPOm_fpl","Dry Ponderosa Pine - Mesic",1
"3_41_37_56076",4,151,844,1074,2878,1712000505,"17120004","OEC","RaPIPOm_fpl_1712000505","RaPIPOm","RaPIPOm_fpl",55,"fpl","RaPIPOm","RaPIPOm_fpl","Dry Ponderosa Pine - Mesic",1
"3_41_37_51303",4,151,844,1074,2544,1712000505,"17120004","OEC","RaPIPOm_fpl_1712000505","RaPIPOm","RaPIPOm_fpl",55,"fpl","RaPIPOm","RaPIPOm_fpl","Dry Ponderosa Pine - Mesic",1
"3_41_37_97565",4,151,841,2175,2119,1712000502,"17120004","OEC","RaPIPOxe_fpd_17120005","RaPIPOxe","RaPIPOxe_fpd",53,"fpd","RaPIPOxe","RaPIPOxe_fpd","Ponderosa Pine - Xeric",3
"3_41_37_74867",4,151,841,2175,2290,1712000502,"17120004","OEC","RaPIPOxe_fpd_17120005","RaPIPOxe","RaPIPOxe_fpd",53,"fpd","RaPIPOxe","RaPIPOxe_fpd","Ponderosa Pine - Xeric",3
"3_41_37_83262",4,151,841,2175,427,1712000502,"17120004","OEC","RaPIPOxe_fpd_17120005","RaPIPOxe","RaPIPOxe_fpd",53,"fpd","RaPIPOxe","RaPIPOxe_fpd","Ponderosa Pine - Xeric",3
"3_41_37_93615",4,158,899,2233,1040,1801020202,"18010201","OEC","RaPIPOxe_fxp_18010202","RaPIPOxe","RaPIPOxe_fxp",56,"fxp","RaPIPOxe","RaPIPOxe_fxp","Ponderosa Pine - Xeric",3
"3_41_37_79720",4,158,899,2233,314,1801020202,"18010201","OEC","RaPIPOxe_fxp_18010202","RaPIPOxe","RaPIPOxe_fxp",56,"fxp","RaPIPOxe","RaPIPOxe_fxp","Ponderosa Pine - Xeric",3
"3_41_37_70114",4,158,899,2232,532,1801020202,"18010201","OEC","RaPIPOxe_fpd_18010202","RaPIPOxe","RaPIPOxe_fpd",53,"fpd","RaPIPOxe","RaPIPOxe_fpd","Ponderosa Pine - Xeric",3
"3_41_37_78873",4,158,898,1395,650,1801020201,"18010201","OEC","RaPIPOm_fpl_1801020201","RaPIPOm","RaPIPOm_fpl",55,"fpl","RaPIPOm","RaPIPOm_fpl","Dry Ponderosa Pine - Mesic",1
"3_41_35_83393",4,158,898,1393,749,1801020201,"18010201","OEC","RaMCONdy_fmx_1801020201","RaMCONdy","RaMCONdy_fmx",29,"fmx","RaMCONdy","RaMCONdy_fmx","Mixed Conifer - Eastside Dry",1
"3_41_35_79926",4,158,899,1325,1182,1801020202,"18010201","OEC","RaPIPOm_fpl_1801020202","RaPIPOm","RaPIPOm_fpl",55,"fpl","RaPIPOm","RaPIPOm_fpl","Dry Ponderosa Pine - Mesic",1
"3_41_35_60981",4,158,903,2322,1811,1801020206,"18010201","OEC","RaSPFI_fmz_OEC","RaSPFI","RaSPFI_fmz",26,"fmz","RaSPFI","RaSPFI_fmz","Spruce - Fir",4
"3_41_35_51752",4,158,902,2322,1236,1801020205,"18010201","OEC","RaSPFI_fmz_OEC","RaSPFI","RaSPFI_fmz",26,"fmz","RaSPFI","RaSPFI_fmz","Spruce - Fir",4
"3_41_35_79429",4,158,900,1630,445,1801020203,"18010201","OEC","RaMCONdy_fmd_1801020203","RaMCONdy","RaMCONdy_fmd",28,"fmd","RaMCONdy","RaMCONdy_fmd","Mixed Conifer - Eastside Dry",1
"3_41_35_67903",4,158,900,1630,1559,1801020203,"18010201","OEC","RaMCONdy_fmd_1801020203","RaMCONdy","RaMCONdy_fmd",28,"fmd","RaMCONdy","RaMCONdy_fmd","Mixed Conifer - Eastside Dry",1
"3_41_35_78979",4,160,910,1623,1497,1801020405,"18010203","OEC","RaMCONdy_fmd_1801020405","RaMCONdy","RaMCONdy_fmd",28,"fmd","RaMCONdy","RaMCONdy_fmd","Mixed Conifer - Eastside Dry",1
"3_41_35_67275",4,160,910,2261,1372,1801020405,"18010203","OEC","RaPIPOxe_fpd_18010204","RaPIPOxe","RaPIPOxe_fpd",53,"fpd","RaPIPOxe","RaPIPOxe_fpd","Ponderosa Pine - Xeric",3
"3_41_35_64388",4,160,910,2261,939,1801020405,"18010203","OEC","RaPIPOxe_fpd_18010204","RaPIPOxe","RaPIPOxe_fpd",53,"fpd","RaPIPOxe","RaPIPOxe_fpd","Ponderosa Pine - Xeric",3
"3_41_35_98516",4,160,909,2260,1106,1801020404,"18010203","OEC","RaPIPOxe_fxp_18010204","RaPIPOxe","RaPIPOxe_fxp",56,"fxp","RaPIPOxe","RaPIPOxe_fxp","Ponderosa Pine - Xeric",3
"8_53_7_57253",10,20,84,1841,947,1702001101,"17020010","WEC","RaSAWD_fal_17020011","RaSAWD","RaSAWD_fal",2,"fal","RaSAWD","RaSAWD_fal","Subalpine Woodland",3
"8_53_7_54095",10,20,84,1844,1209,1702001101,"17020010","WEC","RaABAMlw_fsi_17020011","RaABAMlw","RaABAMlw_fsi",14,"fsi","RaABAMlw","RaABAMlw_fsi","Pacific Silver Fir - Low Elevation",3
"8_53_7_58098",10,20,84,1844,945,1702001101,"17020010","WEC","RaABAMlw_fsi_17020011","RaABAMlw","RaABAMlw_fsi",14,"fsi","RaABAMlw","RaABAMlw_fsi","Pacific Silver Fir - Low Elevation",3
"8_53_7_86004",10,20,84,1844,1082,1702001101,"17020010","WEC","RaABAMlw_fsi_17020011","RaABAMlw","RaABAMlw_fsi",14,"fsi","RaABAMlw","RaABAMlw_fsi","Pacific Silver Fir - Low Elevation",3
"8_53_7_88153",10,20,84,2291,1360,1702001101,"17020010","WEC","Na0710412_fmh_WEC","Na0710412","Na0710412_fmh",4,"fmh","Na0710412","Na0710412_fmh","North Pacific Mountain Hemlock Forest - Xeric",5
"8_53_7_58880",10,20,84,2291,973,1702001101,"17020010","WEC","Na0710412_fmh_WEC","Na0710412","Na0710412_fmh",4,"fmh","Na0710412","Na0710412_fmh","North Pacific Mountain Hemlock Forest - Xeric",5
"8_53_7_89973",10,20,85,2291,594,1702001102,"17020010","WEC","Na0710412_fmh_WEC","Na0710412","Na0710412_fmh",4,"fmh","Na0710412","Na0710412_fmh","North Pacific Mountain Hemlock Forest - Xeric",5
"8_53_7_74563",10,20,85,1844,1303,1702001102,"17020010","WEC","RaABAMlw_fsi_17020011","RaABAMlw","RaABAMlw_fsi",14,"fsi","RaABAMlw","RaABAMlw_fsi","Pacific Silver Fir - Low Elevation",3
"8_53_7_81981",10,20,85,2291,1136,1702001102,"17020010","WEC","Na0710412_fmh_WEC","Na0710412","Na0710412_fmh",4,"fmh","Na0710412","Na0710412_fmh","North Pacific Mountain Hemlock Forest - Xeric",5
"5_53_33_87015",10,20,85,2291,832,1702001102,"17020010","WEC","Na0710412_fmh_WEC","Na0710412","Na0710412_fmh",4,"fmh","Na0710412","Na0710412_fmh","North Pacific Mountain Hemlock Forest - Xeric",5
"8_53_7_64026",10,20,87,2291,1174,1702001104,"17020010","WEC","Na0710412_fmh_WEC","Na0710412","Na0710412_fmh",4,"fmh","Na0710412","Na0710412_fmh","North Pacific Mountain Hemlock Forest - Xeric",5
"8_53_7_73241",10,20,87,2291,1336,1702001104,"17020010","WEC","Na0710412_fmh_WEC","Na0710412","Na0710412_fmh",4,"fmh","Na0710412","Na0710412_fmh","North Pacific Mountain Hemlock Forest - Xeric",5
"8_53_7_90235",10,20,87,1841,2587,1702001104,"17020010","WEC","RaSAWD_fal_17020011","RaSAWD","RaSAWD_fal",2,"fal","RaSAWD","RaSAWD_fal","Subalpine Woodland",3
"8_53_37_53546",10,26,122,1897,1626,1703000101,"17020016","WEC","RaABAMlw_fsi_17030001","RaABAMlw","RaABAMlw_fsi",14,"fsi","RaABAMlw","RaABAMlw_fsi","Pacific Silver Fir - Low Elevation",3
"8_53_37_66450",10,26,122,1896,1499,1703000101,"17020016","WEC","RaSAWD_fal_17030001","RaSAWD","RaSAWD_fal",2,"fal","RaSAWD","RaSAWD_fal","Subalpine Woodland",3
"8_53_37_58473",10,26,122,1896,2405,1703000101,"17020016","WEC","RaSAWD_fal_17030001","RaSAWD","RaSAWD_fal",2,"fal","RaSAWD","RaSAWD_fal","Subalpine Woodland",3
"8_53_37_69866",10,26,122,1898,1799,1703000101,"17020016","WEC","RaMCONms_fmm_17030001","RaMCONms","RaMCONms_fmm",27,"fmm","RaMCONms","RaMCONms_fmm","Mixed Conifer - Eastside Mesic",3
"8_53_37_92976",10,26,122,1898,1713,1703000101,"17020016","WEC","RaMCONms_fmm_17030001","RaMCONms","RaMCONms_fmm",27,"fmm","RaMCONms","RaMCONms_fmm","Mixed Conifer - Eastside Mesic",3
"8_53_37_98838",10,26,122,1898,1384,1703000101,"17020016","WEC","RaMCONms_fmm_17030001","RaMCONms","RaMCONms_fmm",27,"fmm","RaMCONms","RaMCONms_fmm","Mixed Conifer - Eastside Mesic",3
"8_53_37_90419",10,26,122,185,1421,1703000101,"17020016","WEC","RaMCONdy_fmd_1703000101","RaMCONdy","RaMCONdy_fmd",28,"fmd","RaMCONdy","RaMCONdy_fmd","Mixed Conifer - Eastside Dry",1
"8_53_37_88051",10,26,126,1898,2129,1703000105,"17020016","WEC","RaMCONms_fmm_17030001","RaMCONms","RaMCONms_fmm",27,"fmm","RaMCONms","RaMCONms_fmm","Mixed Conifer - Eastside Mesic",3
"8_53_37_82857",10,26,126,1898,1108,1703000105,"17020016","WEC","RaMCONms_fmm_17030001","RaMCONms","RaMCONms_fmm",27,"fmm","RaMCONms","RaMCONms_fmm","Mixed Conifer - Eastside Mesic",3
"8_53_37_81123",10,26,126,2291,1464,1703000105,"17020016","WEC","Na0710412_fmh_WEC","Na0710412","Na0710412_fmh",4,"fmh","Na0710412","Na0710412_fmh","North Pacific Mountain Hemlock Forest - Xeric",5
"8_53_37_62005",10,27,129,2291,1312,1703000201,"17030001","WEC","Na0710412_fmh_WEC","Na0710412","Na0710412_fmh",4,"fmh","Na0710412","Na0710412_fmh","North Pacific Mountain Hemlock Forest - Xeric",5
"8_53_37_84703",10,27,129,2291,1254,1703000201,"17030001","WEC","Na0710412_fmh_WEC","Na0710412","Na0710412_fmh",4,"fmh","Na0710412","Na0710412_fmh","North Pacific Mountain Hemlock Forest - Xeric",5
"8_53_37_76871",10,27,130,1925,2700,1703000202,"17030001","WEC","RaMCONms_fmm_17030002","RaMCONms","RaMCONms_fmm",27,"fmm","RaMCONms","RaMCONms_fmm","Mixed Conifer - Eastside Mesic",3
"8_53_37_68150",10,27,130,1925,935,1703000202,"17030001","WEC","RaMCONms_fmm_17030002","RaMCONms","RaMCONms_fmm",27,"fmm","RaMCONms","RaMCONms_fmm","Mixed Conifer - Eastside Mesic",3
"8_53_77_54990",10,27,130,1925,1890,1703000202,"17030001","WEC","RaMCONms_fmm_17030002","RaMCONms","RaMCONms_fmm",27,"fmm","RaMCONms","RaMCONms_fmm","Mixed Conifer - Eastside Mesic",3
"8_53_37_53418",10,27,130,1925,1738,1703000202,"17030001","WEC","RaMCONms_fmm_17030002","RaMCONms","RaMCONms_fmm",27,"fmm","RaMCONms","RaMCONms_fmm","Mixed Conifer - Eastside Mesic",3
"8_53_77_88075",10,27,130,216,947,1703000202,"17030001","WEC","RaMCONdy_fmd_1703000202","RaMCONdy","RaMCONdy_fmd",28,"fmd","RaMCONdy","RaMCONdy_fmd","Mixed Conifer - Eastside Dry",1
"8_53_77_85174",10,27,130,216,2520,1703000202,"17030001","WEC","RaMCONdy_fmd_1703000202","RaMCONdy","RaMCONdy_fmd",28,"fmd","RaMCONdy","RaMCONdy_fmd","Mixed Conifer - Eastside Dry",1
"8_53_77_98931",10,27,130,216,1540,1703000202,"17030001","WEC","RaMCONdy_fmd_1703000202","RaMCONdy","RaMCONdy_fmd",28,"fmd","RaMCONdy","RaMCONdy_fmd","Mixed Conifer - Eastside Dry",1
"8_53_77_88192",10,27,130,216,1968,1703000202,"17030001","WEC","RaMCONdy_fmd_1703000202","RaMCONdy","RaMCONdy_fmd",28,"fmd","RaMCONdy","RaMCONdy_fmd","Mixed Conifer - Eastside Dry",1
"8_53_77_99305",10,27,130,216,1502,1703000202,"17030001","WEC","RaMCONdy_fmd_1703000202","RaMCONdy","RaMCONdy_fmd",28,"fmd","RaMCONdy","RaMCONdy_fmd","Mixed Conifer - Eastside Dry",1
"8_53_77_69734",10,27,130,216,1557,1703000202,"17030001","WEC","RaMCONdy_fmd_1703000202","RaMCONdy","RaMCONdy_fmd",28,"fmd","RaMCONdy","RaMCONdy_fmd","Mixed Conifer - Eastside Dry",1
"8_53_77_55515",10,27,130,1925,2080,1703000202,"17030001","WEC","RaMCONms_fmm_17030002","RaMCONms","RaMCONms_fmm",27,"fmm","RaMCONms","RaMCONms_fmm","Mixed Conifer - Eastside Mesic",3
"8_53_77_80612",10,27,130,1925,1444,1703000202,"17030001","WEC","RaMCONms_fmm_17030002","RaMCONms","RaMCONms_fmm",27,"fmm","RaMCONms","RaMCONms_fmm","Mixed Conifer - Eastside Mesic",3
"8_53_77_98449",10,27,130,2291,2550,1703000202,"17030001","WEC","Na0710412_fmh_WEC","Na0710412","Na0710412_fmh",4,"fmh","Na0710412","Na0710412_fmh","North Pacific Mountain Hemlock Forest - Xeric",5
"8_53_77_94024",10,27,131,2291,1110,1703000203,"17030001","WEC","Na0710412_fmh_WEC","Na0710412","Na0710412_fmh",4,"fmh","Na0710412","Na0710412_fmh","North Pacific Mountain Hemlock Forest - Xeric",5
"8_53_77_71038",10,27,131,230,1364,1703000203,"17030001","WEC","RaMCONdy_fmd_1703000203","RaMCONdy","RaMCONdy_fmd",28,"fmd","RaMCONdy","RaMCONdy_fmd","Mixed Conifer - Eastside Dry",1
"8_53_77_59170",10,27,131,230,1914,1703000203,"17030001","WEC","RaMCONdy_fmd_1703000203","RaMCONdy","RaMCONdy_fmd",28,"fmd","RaMCONdy","RaMCONdy_fmd","Mixed Conifer - Eastside Dry",1
"8_53_77_74243",10,27,131,230,2453,1703000203,"17030001","WEC","RaMCONdy_fmd_1703000203","RaMCONdy","RaMCONdy_fmd",28,"fmd","RaMCONdy","RaMCONdy_fmd","Mixed Conifer - Eastside Dry",1
"8_53_77_91346",10,27,131,2291,1588,1703000203,"17030001","WEC","Na0710412_fmh_WEC","Na0710412","Na0710412_fmh",4,"fmh","Na0710412","Na0710412_fmh","North Pacific Mountain Hemlock Forest - Xeric",5
"8_53_77_81486",10,28,132,248,1629,1703000301,"17030002","WEC","RaMCONdy_fmd_1703000301","RaMCONdy","RaMCONdy_fmd",28,"fmd","RaMCONdy","RaMCONdy_fmd","Mixed Conifer - Eastside Dry",1
"8_53_77_51931",10,28,137,277,1422,1703000306,"17030002","WEC","RaMCONdy_fmd_1703000306","RaMCONdy","RaMCONdy_fmd",28,"fmd","RaMCONdy","RaMCONdy_fmd","Mixed Conifer - Eastside Dry",1
"5_53_73_78943",11,130,739,1780,2021,1711000506,"17110004","WNC","RaABAMlw_fwc_17110005","RaABAMlw","RaABAMlw_fwc",35,"fwc","RaABAMlw","RaABAMlw_fwc","Pacific Silver Fir - Low Elevation",3
"5_53_73_94974",11,130,739,1780,1558,1711000506,"17110004","WNC","RaABAMlw_fwc_17110005","RaABAMlw","RaABAMlw_fwc",35,"fwc","RaABAMlw","RaABAMlw_fwc","Pacific Silver Fir - Low Elevation",3
"8_53_77_65101",10,62,341,295,1444,1707010602,"17070105C","WEC","RaMCONdy_fmd_1707010602","RaMCONdy","RaMCONdy_fmd",28,"fmd","RaMCONdy","RaMCONdy_fmd","Mixed Conifer - Eastside Dry",1
"8_53_77_50778",10,62,341,295,3427,1707010602,"17070105C","WEC","RaMCONdy_fmd_1707010602","RaMCONdy","RaMCONdy_fmd",28,"fmd","RaMCONdy","RaMCONdy_fmd","Mixed Conifer - Eastside Dry",1
"8_53_77_73719",10,62,341,295,3347,1707010602,"17070105C","WEC","RaMCONdy_fmd_1707010602","RaMCONdy","RaMCONdy_fmd",28,"fmd","RaMCONdy","RaMCONdy_fmd","Mixed Conifer - Eastside Dry",1
"8_53_39_79186",10,62,342,335,1169,1707010603,"17070105C","WEC","RaMCONdy_fmd_1707010603","RaMCONdy","RaMCONdy_fmd",28,"fmd","RaMCONdy","RaMCONdy_fmd","Mixed Conifer - Eastside Dry",1
"8_53_39_53980",10,62,342,335,2715,1707010603,"17070105C","WEC","RaMCONdy_fmd_1707010603","RaMCONdy","RaMCONdy_fmd",28,"fmd","RaMCONdy","RaMCONdy_fmd","Mixed Conifer - Eastside Dry",1
"5_53_73_98327",11,130,740,1780,1497,1711000507,"17110004","WNC","RaABAMlw_fwc_17110005","RaABAMlw","RaABAMlw_fwc",35,"fwc","RaABAMlw","RaABAMlw_fwc","Pacific Silver Fir - Low Elevation",3
"5_53_57_87098",11,130,740,1780,1029,1711000507,"17110004","WNC","RaABAMlw_fwc_17110005","RaABAMlw","RaABAMlw_fwc",35,"fwc","RaABAMlw","RaABAMlw_fwc","Pacific Silver Fir - Low Elevation",3
"3_41_31_98481",2,75,449,2071,1,1707030704,"17070306A","OBM","RaPIPOxe_fxp_17070307","RaPIPOxe","RaPIPOxe_fxp",56,"fxp","RaPIPOxe","RaPIPOxe_fxp","Ponderosa Pine - Xeric",3
"3_41_13_99387",4,72,430,2127,9,1707030508,"17070305A","OEC","RaPIPOxe_fxp_17070305B","RaPIPOxe","RaPIPOxe_fxp",56,"fxp","RaPIPOxe","RaPIPOxe_fxp","Ponderosa Pine - Xeric",3
"3_41_17_55729",4,72,428,2339,1338,1707030506,"17070305A","OEC","RaPICOpu_fld_OEC","RaPICOpu","RaPICOpu_fld",49,"fld","RaPICOpu","RaPICOpu_fld","Lodgepole Pine - Pumice Soils",4
"3_41_17_97976",4,72,428,2127,2134,1707030506,"17070305A","OEC","RaPIPOxe_fxp_17070305B","RaPIPOxe","RaPIPOxe_fxp",56,"fxp","RaPIPOxe","RaPIPOxe_fxp","Ponderosa Pine - Xeric",3
"3_41_17_64020",4,72,428,1062,1529,1707030506,"17070305A","OEC","RaPIPOm_fpl_1707030506","RaPIPOm","RaPIPOm_fpl",55,"fpl","RaPIPOm","RaPIPOm_fpl","Dry Ponderosa Pine - Mesic",1
"3_41_17_89952",4,72,428,1062,1980,1707030506,"17070305A","OEC","RaPIPOm_fpl_1707030506","RaPIPOm","RaPIPOm_fpl",55,"fpl","RaPIPOm","RaPIPOm_fpl","Dry Ponderosa Pine - Mesic",1
"3_41_17_90122",4,72,428,2127,1434,1707030506,"17070305A","OEC","RaPIPOxe_fxp_17070305B","RaPIPOxe","RaPIPOxe_fxp",56,"fxp","RaPIPOxe","RaPIPOxe_fxp","Ponderosa Pine - Xeric",3
"3_41_17_81371",4,72,428,1062,2063,1707030506,"17070305A","OEC","RaPIPOm_fpl_1707030506","RaPIPOm","RaPIPOm_fpl",55,"fpl","RaPIPOm","RaPIPOm_fpl","Dry Ponderosa Pine - Mesic",1
"3_41_17_82350",4,72,428,1062,1708,1707030506,"17070305A","OEC","RaPIPOm_fpl_1707030506","RaPIPOm","RaPIPOm_fpl",55,"fpl","RaPIPOm","RaPIPOm_fpl","Dry Ponderosa Pine - Mesic",1
"3_41_37_59961",4,151,844,1074,3449,1712000505,"17120004","OEC","RaPIPOm_fpl_1712000505","RaPIPOm","RaPIPOm_fpl",55,"fpl","RaPIPOm","RaPIPOm_fpl","Dry Ponderosa Pine - Mesic",1
"3_41_37_96187",4,151,844,1074,3375,1712000505,"17120004","OEC","RaPIPOm_fpl_1712000505","RaPIPOm","RaPIPOm_fpl",55,"fpl","RaPIPOm","RaPIPOm_fpl","Dry Ponderosa Pine - Mesic",1
"3_41_37_83667",4,151,844,1074,2175,1712000505,"17120004","OEC","RaPIPOm_fpl_1712000505","RaPIPOm","RaPIPOm_fpl",55,"fpl","RaPIPOm","RaPIPOm_fpl","Dry Ponderosa Pine - Mesic",1
"3_41_37_81010",4,151,842,2175,1761,1712000503,"17120004","OEC","RaPIPOxe_fpd_17120005","RaPIPOxe","RaPIPOxe_fpd",53,"fpd","RaPIPOxe","RaPIPOxe_fpd","Ponderosa Pine - Xeric",3
"3_41_37_51486",4,151,842,2175,2168,1712000503,"17120004","OEC","RaPIPOxe_fpd_17120005","RaPIPOxe","RaPIPOxe_fpd",53,"fpd","RaPIPOxe","RaPIPOxe_fpd","Ponderosa Pine - Xeric",3
"3_41_37_87334",4,151,842,1258,923,1712000503,"17120004","OEC","RaMCONdy_fmx_1712000503","RaMCONdy","RaMCONdy_fmx",29,"fmx","RaMCONdy","RaMCONdy_fmx","Mixed Conifer - Eastside Dry",1
"3_41_37_97368",4,151,841,2175,1131,1712000502,"17120004","OEC","RaPIPOxe_fpd_17120005","RaPIPOxe","RaPIPOxe_fpd",53,"fpd","RaPIPOxe","RaPIPOxe_fpd","Ponderosa Pine - Xeric",3
"3_41_37_96669",4,158,899,2232,1574,1801020202,"18010201","OEC","RaPIPOxe_fpd_18010202","RaPIPOxe","RaPIPOxe_fpd",53,"fpd","RaPIPOxe","RaPIPOxe_fpd","Ponderosa Pine - Xeric",3
"3_41_37_91342",4,158,899,1325,2146,1801020202,"18010201","OEC","RaPIPOm_fpl_1801020202","RaPIPOm","RaPIPOm_fpl",55,"fpl","RaPIPOm","RaPIPOm_fpl","Dry Ponderosa Pine - Mesic",1
"3_41_37_95171",4,158,899,1325,1414,1801020202,"18010201","OEC","RaPIPOm_fpl_1801020202","RaPIPOm","RaPIPOm_fpl",55,"fpl","RaPIPOm","RaPIPOm_fpl","Dry Ponderosa Pine - Mesic",1
"3_41_35_64689",4,158,898,1395,859,1801020201,"18010201","OEC","RaPIPOm_fpl_1801020201","RaPIPOm","RaPIPOm_fpl",55,"fpl","RaPIPOm","RaPIPOm_fpl","Dry Ponderosa Pine - Mesic",1
"3_41_35_71841",4,158,898,1393,950,1801020201,"18010201","OEC","RaMCONdy_fmx_1801020201","RaMCONdy","RaMCONdy_fmx",29,"fmx","RaMCONdy","RaMCONdy_fmx","Mixed Conifer - Eastside Dry",1
"3_41_35_72880",4,158,898,1395,1342,1801020201,"18010201","OEC","RaPIPOm_fpl_1801020201","RaPIPOm","RaPIPOm_fpl",55,"fpl","RaPIPOm","RaPIPOm_fpl","Dry Ponderosa Pine - Mesic",1
"3_41_35_72627",4,158,898,1395,1403,1801020201,"18010201","OEC","RaPIPOm_fpl_1801020201","RaPIPOm","RaPIPOm_fpl",55,"fpl","RaPIPOm","RaPIPOm_fpl","Dry Ponderosa Pine - Mesic",1
"3_41_35_89115",4,158,898,2322,934,1801020201,"18010201","OEC","RaSPFI_fmz_OEC","RaSPFI","RaSPFI_fmz",26,"fmz","RaSPFI","RaSPFI_fmz","Spruce - Fir",4
"3_41_35_58646",4,158,902,2322,1451,1801020205,"18010201","OEC","RaSPFI_fmz_OEC","RaSPFI","RaSPFI_fmz",26,"fmz","RaSPFI","RaSPFI_fmz","Spruce - Fir",4
"3_41_35_54874",4,158,902,1481,2019,1801020205,"18010201","OEC","RaPIPOm_fpl_1801020205","RaPIPOm","RaPIPOm_fpl",55,"fpl","RaPIPOm","RaPIPOm_fpl","Dry Ponderosa Pine - Mesic",1
"3_41_35_78294",4,158,902,1480,2606,1801020205,"18010201","OEC","RaMCONdy_fmx_1801020205","RaMCONdy","RaMCONdy_fmx",29,"fmx","RaMCONdy","RaMCONdy_fmx","Mixed Conifer - Eastside Dry",1
"3_41_35_88692",4,158,901,1567,1935,1801020204,"18010201","OEC","RaMCONdy_fmx_1801020204","RaMCONdy","RaMCONdy_fmx",29,"fmx","RaMCONdy","RaMCONdy_fmx","Mixed Conifer - Eastside Dry",1
"3_41_35_94797",4,158,901,1567,1484,1801020204,"18010201","OEC","RaMCONdy_fmx_1801020204","RaMCONdy","RaMCONdy_fmx",29,"fmx","RaMCONdy","RaMCONdy_fmx","Mixed Conifer - Eastside Dry",1
"3_41_35_96792",4,158,901,2233,507,1801020204,"18010201","OEC","RaPIPOxe_fxp_18010202","RaPIPOxe","RaPIPOxe_fxp",56,"fxp","RaPIPOxe","RaPIPOxe_fxp","Ponderosa Pine - Xeric",3
"3_41_35_53641",4,158,901,2233,91,1801020204,"18010201","OEC","RaPIPOxe_fxp_18010202","RaPIPOxe","RaPIPOxe_fxp",56,"fxp","RaPIPOxe","RaPIPOxe_fxp","Ponderosa Pine - Xeric",3
"3_41_35_85564",4,158,900,1630,998,1801020203,"18010201","OEC","RaMCONdy_fmd_1801020203","RaMCONdy","RaMCONdy_fmd",28,"fmd","RaMCONdy","RaMCONdy_fmd","Mixed Conifer - Eastside Dry",1
"3_41_35_95881",4,158,900,1630,778,1801020203,"18010201","OEC","RaMCONdy_fmd_1801020203","RaMCONdy","RaMCONdy_fmd",28,"fmd","RaMCONdy","RaMCONdy_fmd","Mixed Conifer - Eastside Dry",1
"3_41_35_51671",4,158,900,2232,1988,1801020203,"18010201","OEC","RaPIPOxe_fpd_18010202","RaPIPOxe","RaPIPOxe_fpd",53,"fpd","RaPIPOxe","RaPIPOxe_fpd","Ponderosa Pine - Xeric",3
"3_41_35_54500",4,160,910,1623,1244,1801020405,"18010203","OEC","RaMCONdy_fmd_1801020405","RaMCONdy","RaMCONdy_fmd",28,"fmd","RaMCONdy","RaMCONdy_fmd","Mixed Conifer - Eastside Dry",1
"3_41_35_61502",4,160,910,2261,495,1801020405,"18010203","OEC","RaPIPOxe_fpd_18010204","RaPIPOxe","RaPIPOxe_fpd",53,"fpd","RaPIPOxe","RaPIPOxe_fpd","Ponderosa Pine - Xeric",3
"3_41_35_81110",4,160,910,2260,776,1801020405,"18010203","OEC","RaPIPOxe_fxp_18010204","RaPIPOxe","RaPIPOxe_fxp",56,"fxp","RaPIPOxe","RaPIPOxe_fxp","Ponderosa Pine - Xeric",3
"3_41_35_59326",4,160,910,1623,626,1801020405,"18010203","OEC","RaMCONdy_fmd_1801020405","RaMCONdy","RaMCONdy_fmd",28,"fmd","RaMCONdy","RaMCONdy_fmd","Mixed Conifer - Eastside Dry",1
"3_41_35_77831",4,160,909,2260,1425,1801020404,"18010203","OEC","RaPIPOxe_fxp_18010204","RaPIPOxe","RaPIPOxe_fxp",56,"fxp","RaPIPOxe","RaPIPOxe_fxp","Ponderosa Pine - Xeric",3
"5_53_61_57147",11,131,746,2285,1191,1711000602,"17110005","WNC","RaABAMup_fst_WNC","RaABAMup","RaABAMup_fst",13,"fst","RaABAMup","RaABAMup_fst","Pacific Silver Fir - High Elevation",5
"5_53_61_83508",11,131,746,1822,1287,1711000602,"17110005","WNC","RaABAMlw_fsi_17110006","RaABAMlw","RaABAMlw_fsi",14,"fsi","RaABAMlw","RaABAMlw_fsi","Pacific Silver Fir - Low Elevation",3
"5_53_61_63727",11,131,746,1830,1724,1711000602,"17110005","WNC","RaSAWD_fal_17110006","RaSAWD","RaSAWD_fal",2,"fal","RaSAWD","RaSAWD_fal","Subalpine Woodland",3
"8_53_7_88040",10,20,84,1841,1967,1702001101,"17020010","WEC","RaSAWD_fal_17020011","RaSAWD","RaSAWD_fal",2,"fal","RaSAWD","RaSAWD_fal","Subalpine Woodland",3
"8_53_7_67484",10,20,84,1841,1769,1702001101,"17020010","WEC","RaSAWD_fal_17020011","RaSAWD","RaSAWD_fal",2,"fal","RaSAWD","RaSAWD_fal","Subalpine Woodland",3
"8_53_7_76456",10,20,84,1847,1430,1702001101,"17020010","WEC","RaMCONms_fmm_17020011","RaMCONms","RaMCONms_fmm",27,"fmm","RaMCONms","RaMCONms_fmm","Mixed Conifer - Eastside Mesic",3
"8_53_7_80891",10,20,84,2291,876,1702001101,"17020010","WEC","Na0710412_fmh_WEC","Na0710412","Na0710412_fmh",4,"fmh","Na0710412","Na0710412_fmh","North Pacific Mountain Hemlock Forest - Xeric",5
"8_53_7_93802",10,20,84,1844,1341,1702001101,"17020010","WEC","RaABAMlw_fsi_17020011","RaABAMlw","RaABAMlw_fsi",14,"fsi","RaABAMlw","RaABAMlw_fsi","Pacific Silver Fir - Low Elevation",3
"8_53_7_56296",10,20,84,2291,751,1702001101,"17020010","WEC","Na0710412_fmh_WEC","Na0710412","Na0710412_fmh",4,"fmh","Na0710412","Na0710412_fmh","North Pacific Mountain Hemlock Forest - Xeric",5
"8_53_7_83544",10,20,84,1844,1528,1702001101,"17020010","WEC","RaABAMlw_fsi_17020011","RaABAMlw","RaABAMlw_fsi",14,"fsi","RaABAMlw","RaABAMlw_fsi","Pacific Silver Fir - Low Elevation",3
"8_53_7_61142",10,20,85,1847,1244,1702001102,"17020010","WEC","RaMCONms_fmm_17020011","RaMCONms","RaMCONms_fmm",27,"fmm","RaMCONms","RaMCONms_fmm","Mixed Conifer - Eastside Mesic",3
"8_53_7_85951",10,20,85,1844,1603,1702001102,"17020010","WEC","RaABAMlw_fsi_17020011","RaABAMlw","RaABAMlw_fsi",14,"fsi","RaABAMlw","RaABAMlw_fsi","Pacific Silver Fir - Low Elevation",3
"8_53_37_74744",10,26,122,1898,1900,1703000101,"17020016","WEC","RaMCONms_fmm_17030001","RaMCONms","RaMCONms_fmm",27,"fmm","RaMCONms","RaMCONms_fmm","Mixed Conifer - Eastside Mesic",3
"8_53_37_51266",10,26,122,1897,1392,1703000101,"17020016","WEC","RaABAMlw_fsi_17030001","RaABAMlw","RaABAMlw_fsi",14,"fsi","RaABAMlw","RaABAMlw_fsi","Pacific Silver Fir - Low Elevation",3
"8_53_37_58142",10,26,122,1898,1407,1703000101,"17020016","WEC","RaMCONms_fmm_17030001","RaMCONms","RaMCONms_fmm",27,"fmm","RaMCONms","RaMCONms_fmm","Mixed Conifer - Eastside Mesic",3
"8_53_37_88607",10,26,123,2291,576,1703000102,"17020016","WEC","Na0710412_fmh_WEC","Na0710412","Na0710412_fmh",4,"fmh","Na0710412","Na0710412_fmh","North Pacific Mountain Hemlock Forest - Xeric",5
"8_53_37_81561",10,26,122,1898,1301,1703000101,"17020016","WEC","RaMCONms_fmm_17030001","RaMCONms","RaMCONms_fmm",27,"fmm","RaMCONms","RaMCONms_fmm","Mixed Conifer - Eastside Mesic",3
"5_53_73_78645",11,130,739,2285,1007,1711000506,"17110004","WNC","RaABAMup_fst_WNC","RaABAMup","RaABAMup_fst",13,"fst","RaABAMup","RaABAMup_fst","Pacific Silver Fir - High Elevation",5
"8_53_37_60520",10,26,123,1897,315,1703000102,"17020016","WEC","RaABAMlw_fsi_17030001","RaABAMlw","RaABAMlw_fsi",14,"fsi","RaABAMlw","RaABAMlw_fsi","Pacific Silver Fir - Low Elevation",3
"8_53_37_53437",10,26,123,1898,1369,1703000102,"17020016","WEC","RaMCONms_fmm_17030001","RaMCONms","RaMCONms_fmm",27,"fmm","RaMCONms","RaMCONms_fmm","Mixed Conifer - Eastside Mesic",3
"8_53_37_89504",10,26,123,1898,1751,1703000102,"17020016","WEC","RaMCONms_fmm_17030001","RaMCONms","RaMCONms_fmm",27,"fmm","RaMCONms","RaMCONms_fmm","Mixed Conifer - Eastside Mesic",3
"8_53_37_74592",10,26,123,1898,778,1703000102,"17020016","WEC","RaMCONms_fmm_17030001","RaMCONms","RaMCONms_fmm",27,"fmm","RaMCONms","RaMCONms_fmm","Mixed Conifer - Eastside Mesic",3
"8_53_37_76838",10,26,123,1898,1913,1703000102,"17020016","WEC","RaMCONms_fmm_17030001","RaMCONms","RaMCONms_fmm",27,"fmm","RaMCONms","RaMCONms_fmm","Mixed Conifer - Eastside Mesic",3
"8_53_37_92669",10,26,123,1898,2244,1703000102,"17020016","WEC","RaMCONms_fmm_17030001","RaMCONms","RaMCONms_fmm",27,"fmm","RaMCONms","RaMCONms_fmm","Mixed Conifer - Eastside Mesic",3
"8_53_37_78918",10,26,122,185,2382,1703000101,"17020016","WEC","RaMCONdy_fmd_1703000101","RaMCONdy","RaMCONdy_fmd",28,"fmd","RaMCONdy","RaMCONdy_fmd","Mixed Conifer - Eastside Dry",1
"8_53_37_66670",10,26,124,191,1338,1703000103,"17020016","WEC","RaMCONdy_fmd_1703000103","RaMCONdy","RaMCONdy_fmd",28,"fmd","RaMCONdy","RaMCONdy_fmd","Mixed Conifer - Eastside Dry",1
"8_53_37_99670",10,26,124,1898,2037,1703000103,"17020016","WEC","RaMCONms_fmm_17030001","RaMCONms","RaMCONms_fmm",27,"fmm","RaMCONms","RaMCONms_fmm","Mixed Conifer - Eastside Mesic",3
"8_53_37_72745",10,26,126,2291,1697,1703000105,"17020016","WEC","Na0710412_fmh_WEC","Na0710412","Na0710412_fmh",4,"fmh","Na0710412","Na0710412_fmh","North Pacific Mountain Hemlock Forest - Xeric",5
"8_53_37_73439",10,26,126,2291,2521,1703000105,"17020016","WEC","Na0710412_fmh_WEC","Na0710412","Na0710412_fmh",4,"fmh","Na0710412","Na0710412_fmh","North Pacific Mountain Hemlock Forest - Xeric",5
"8_53_37_68268",10,26,126,2291,2291,1703000105,"17020016","WEC","Na0710412_fmh_WEC","Na0710412","Na0710412_fmh",4,"fmh","Na0710412","Na0710412_fmh","North Pacific Mountain Hemlock Forest - Xeric",5
"8_53_37_87316",10,27,130,216,625,1703000202,"17030001","WEC","RaMCONdy_fmd_1703000202","RaMCONdy","RaMCONdy_fmd",28,"fmd","RaMCONdy","RaMCONdy_fmd","Mixed Conifer - Eastside Dry",1
"8_53_37_77487",10,27,130,1925,1098,1703000202,"17030001","WEC","RaMCONms_fmm_17030002","RaMCONms","RaMCONms_fmm",27,"fmm","RaMCONms","RaMCONms_fmm","Mixed Conifer - Eastside Mesic",3
"8_53_37_89220",10,27,130,2291,1545,1703000202,"17030001","WEC","Na0710412_fmh_WEC","Na0710412","Na0710412_fmh",4,"fmh","Na0710412","Na0710412_fmh","North Pacific Mountain Hemlock Forest - Xeric",5
"8_53_77_82127",10,27,130,216,2815,1703000202,"17030001","WEC","RaMCONdy_fmd_1703000202","RaMCONdy","RaMCONdy_fmd",28,"fmd","RaMCONdy","RaMCONdy_fmd","Mixed Conifer - Eastside Dry",1
"8_53_77_84652",10,27,130,216,1807,1703000202,"17030001","WEC","RaMCONdy_fmd_1703000202","RaMCONdy","RaMCONdy_fmd",28,"fmd","RaMCONdy","RaMCONdy_fmd","Mixed Conifer - Eastside Dry",1
"8_53_77_59669",10,27,130,216,1617,1703000202,"17030001","WEC","RaMCONdy_fmd_1703000202","RaMCONdy","RaMCONdy_fmd",28,"fmd","RaMCONdy","RaMCONdy_fmd","Mixed Conifer - Eastside Dry",1
"8_53_77_57112",10,27,130,216,2209,1703000202,"17030001","WEC","RaMCONdy_fmd_1703000202","RaMCONdy","RaMCONdy_fmd",28,"fmd","RaMCONdy","RaMCONdy_fmd","Mixed Conifer - Eastside Dry",1
"8_53_77_73487",10,27,130,216,1478,1703000202,"17030001","WEC","RaMCONdy_fmd_1703000202","RaMCONdy","RaMCONdy_fmd",28,"fmd","RaMCONdy","RaMCONdy_fmd","Mixed Conifer - Eastside Dry",1
"8_53_77_85738",10,27,130,216,1424,1703000202,"17030001","WEC","RaMCONdy_fmd_1703000202","RaMCONdy","RaMCONdy_fmd",28,"fmd","RaMCONdy","RaMCONdy_fmd","Mixed Conifer - Eastside Dry",1
"8_53_77_69400",10,27,130,216,1208,1703000202,"17030001","WEC","RaMCONdy_fmd_1703000202","RaMCONdy","RaMCONdy_fmd",28,"fmd","RaMCONdy","RaMCONdy_fmd","Mixed Conifer - Eastside Dry",1
"8_53_77_81137",10,27,131,230,1467,1703000203,"17030001","WEC","RaMCONdy_fmd_1703000203","RaMCONdy","RaMCONdy_fmd",28,"fmd","RaMCONdy","RaMCONdy_fmd","Mixed Conifer - Eastside Dry",1
"8_53_77_76932",10,27,131,230,1574,1703000203,"17030001","WEC","RaMCONdy_fmd_1703000203","RaMCONdy","RaMCONdy_fmd",28,"fmd","RaMCONdy","RaMCONdy_fmd","Mixed Conifer - Eastside Dry",1
"8_53_77_61526",10,27,131,230,1033,1703000203,"17030001","WEC","RaMCONdy_fmd_1703000203","RaMCONdy","RaMCONdy_fmd",28,"fmd","RaMCONdy","RaMCONdy_fmd","Mixed Conifer - Eastside Dry",1
"8_53_77_56272",10,27,131,2291,1659,1703000203,"17030001","WEC","Na0710412_fmh_WEC","Na0710412","Na0710412_fmh",4,"fmh","Na0710412","Na0710412_fmh","North Pacific Mountain Hemlock Forest - Xeric",5
"8_53_77_81770",10,27,131,230,2174,1703000203,"17030001","WEC","RaMCONdy_fmd_1703000203","RaMCONdy","RaMCONdy_fmd",28,"fmd","RaMCONdy","RaMCONdy_fmd","Mixed Conifer - Eastside Dry",1
"8_53_77_69214",10,28,132,248,1525,1703000301,"17030002","WEC","RaMCONdy_fmd_1703000301","RaMCONdy","RaMCONdy_fmd",28,"fmd","RaMCONdy","RaMCONdy_fmd","Mixed Conifer - Eastside Dry",1
"8_53_77_95138",10,28,132,248,2485,1703000301,"17030002","WEC","RaMCONdy_fmd_1703000301","RaMCONdy","RaMCONdy_fmd",28,"fmd","RaMCONdy","RaMCONdy_fmd","Mixed Conifer - Eastside Dry",1
"8_53_77_54256",10,28,134,260,2304,1703000303,"17030002","WEC","RaMCONdy_fmd_1703000303","RaMCONdy","RaMCONdy_fmd",28,"fmd","RaMCONdy","RaMCONdy_fmd","Mixed Conifer - Eastside Dry",1
"8_53_77_91820",10,28,134,260,1486,1703000303,"17030002","WEC","RaMCONdy_fmd_1703000303","RaMCONdy","RaMCONdy_fmd",28,"fmd","RaMCONdy","RaMCONdy_fmd","Mixed Conifer - Eastside Dry",1
"5_53_73_56692",11,130,739,1780,1850,1711000506,"17110004","WNC","RaABAMlw_fwc_17110005","RaABAMlw","RaABAMlw_fwc",35,"fwc","RaABAMlw","RaABAMlw_fwc","Pacific Silver Fir - Low Elevation",3
"8_53_77_87882",10,28,137,277,1197,1703000306,"17030002","WEC","RaMCONdy_fmd_1703000306","RaMCONdy","RaMCONdy_fmd",28,"fmd","RaMCONdy","RaMCONdy_fmd","Mixed Conifer - Eastside Dry",1
"8_53_77_99924",10,28,137,277,1920,1703000306,"17030002","WEC","RaMCONdy_fmd_1703000306","RaMCONdy","RaMCONdy_fmd",28,"fmd","RaMCONdy","RaMCONdy_fmd","Mixed Conifer - Eastside Dry",1
"8_53_77_67322",10,28,137,277,2182,1703000306,"17030002","WEC","RaMCONdy_fmd_1703000306","RaMCONdy","RaMCONdy_fmd",28,"fmd","RaMCONdy","RaMCONdy_fmd","Mixed Conifer - Eastside Dry",1
"8_53_39_59876",10,62,341,1962,1753,1707010602,"17070105C","WEC","RaMCONms_fmm_17070106","RaMCONms","RaMCONms_fmm",27,"fmm","RaMCONms","RaMCONms_fmm","Mixed Conifer - Eastside Mesic",3
"8_53_39_87733",10,62,342,335,1362,1707010603,"17070105C","WEC","RaMCONdy_fmd_1707010603","RaMCONdy","RaMCONdy_fmd",28,"fmd","RaMCONdy","RaMCONdy_fmd","Mixed Conifer - Eastside Dry",1
"3_41_65_81578",4,73,440,2023,412,1707030607,"17070305B","OEC","RaPIPOxe_fxp_17070306","RaPIPOxe","RaPIPOxe_fxp",56,"fxp","RaPIPOxe","RaPIPOxe_fxp","Ponderosa Pine - Xeric",3
"5_53_57_55125",11,130,740,2288,1297,1711000507,"17110004","WNC","RaABLA_faf_WNC","RaABLA","RaABLA_faf",8,"faf","RaABLA","RaABLA_faf","Subalpine Fir",4
"3_41_31_86413",2,74,435,2097,5,1707030602,"17070306","OBM","RaPIPOxe_fxp_17070306A","RaPIPOxe","RaPIPOxe_fxp",56,"fxp","RaPIPOxe","RaPIPOxe_fxp","Ponderosa Pine - Xeric",3
"3_41_13_70665",2,71,432,2103,735,1707030510,"17070304","OBM","RaPIPOxe_fxp_17070305A","RaPIPOxe","RaPIPOxe_fxp",56,"fxp","RaPIPOxe","RaPIPOxe_fxp","Ponderosa Pine - Xeric",3
"5_53_57_54928",11,130,740,2288,1696,1711000507,"17110004","WNC","RaABLA_faf_WNC","RaABLA","RaABLA_faf",8,"faf","RaABLA","RaABLA_faf","Subalpine Fir",4
"3_41_17_98372",4,72,429,1006,2791,1707030507,"17070305A","OEC","RaPIPOm_fdp_1707030507","RaPIPOm","RaPIPOm_fdp",52,"fdp","RaPIPOm","RaPIPOm_fdp","Dry Ponderosa Pine - Mesic",1
"3_41_17_81262",4,72,428,2163,1614,1707030506,"17070305A","OEC","RaPIPOxe_fpd_17070305B","RaPIPOxe","RaPIPOxe_fpd",53,"fpd","RaPIPOxe","RaPIPOxe_fpd","Ponderosa Pine - Xeric",3
"3_41_17_58954",4,72,428,2339,3313,1707030506,"17070305A","OEC","RaPICOpu_fld_OEC","RaPICOpu","RaPICOpu_fld",49,"fld","RaPICOpu","RaPICOpu_fld","Lodgepole Pine - Pumice Soils",4
"3_41_17_59060",4,72,428,2339,843,1707030506,"17070305A","OEC","RaPICOpu_fld_OEC","RaPICOpu","RaPICOpu_fld",49,"fld","RaPICOpu","RaPICOpu_fld","Lodgepole Pine - Pumice Soils",4
"3_41_17_62474",4,72,428,1062,2353,1707030506,"17070305A","OEC","RaPIPOm_fpl_1707030506","RaPIPOm","RaPIPOm_fpl",55,"fpl","RaPIPOm","RaPIPOm_fpl","Dry Ponderosa Pine - Mesic",1
"3_41_17_76379",4,72,428,1062,1196,1707030506,"17070305A","OEC","RaPIPOm_fpl_1707030506","RaPIPOm","RaPIPOm_fpl",55,"fpl","RaPIPOm","RaPIPOm_fpl","Dry Ponderosa Pine - Mesic",1
"3_41_17_61089",4,72,428,1062,3005,1707030506,"17070305A","OEC","RaPIPOm_fpl_1707030506","RaPIPOm","RaPIPOm_fpl",55,"fpl","RaPIPOm","RaPIPOm_fpl","Dry Ponderosa Pine - Mesic",1
"3_41_17_58762",4,72,428,1062,2016,1707030506,"17070305A","OEC","RaPIPOm_fpl_1707030506","RaPIPOm","RaPIPOm_fpl",55,"fpl","RaPIPOm","RaPIPOm_fpl","Dry Ponderosa Pine - Mesic",1
"5_53_73_96584",11,130,737,2288,963,1711000504,"17110004","WNC","RaABLA_faf_WNC","RaABLA","RaABLA_faf",8,"faf","RaABLA","RaABLA_faf","Subalpine Fir",4
"3_41_37_68518",4,151,844,1074,2757,1712000505,"17120004","OEC","RaPIPOm_fpl_1712000505","RaPIPOm","RaPIPOm_fpl",55,"fpl","RaPIPOm","RaPIPOm_fpl","Dry Ponderosa Pine - Mesic",1
"3_41_37_72084",4,151,844,1074,3031,1712000505,"17120004","OEC","RaPIPOm_fpl_1712000505","RaPIPOm","RaPIPOm_fpl",55,"fpl","RaPIPOm","RaPIPOm_fpl","Dry Ponderosa Pine - Mesic",1
"3_41_37_62550",4,151,844,1074,1753,1712000505,"17120004","OEC","RaPIPOm_fpl_1712000505","RaPIPOm","RaPIPOm_fpl",55,"fpl","RaPIPOm","RaPIPOm_fpl","Dry Ponderosa Pine - Mesic",1
"3_41_37_68354",4,151,842,2175,1441,1712000503,"17120004","OEC","RaPIPOxe_fpd_17120005","RaPIPOxe","RaPIPOxe_fpd",53,"fpd","RaPIPOxe","RaPIPOxe_fpd","Ponderosa Pine - Xeric",3
"3_41_37_91040",4,151,842,1258,871,1712000503,"17120004","OEC","RaMCONdy_fmx_1712000503","RaMCONdy","RaMCONdy_fmx",29,"fmx","RaMCONdy","RaMCONdy_fmx","Mixed Conifer - Eastside Dry",1
"3_41_37_77559",4,151,842,2175,1311,1712000503,"17120004","OEC","RaPIPOxe_fpd_17120005","RaPIPOxe","RaPIPOxe_fpd",53,"fpd","RaPIPOxe","RaPIPOxe_fpd","Ponderosa Pine - Xeric",3
"3_41_37_99189",4,151,841,1172,1419,1712000502,"17120004","OEC","RaPIPOm_fpl_1712000502","RaPIPOm","RaPIPOm_fpl",55,"fpl","RaPIPOm","RaPIPOm_fpl","Dry Ponderosa Pine - Mesic",1
"3_41_37_93384",4,158,899,1325,1394,1801020202,"18010201","OEC","RaPIPOm_fpl_1801020202","RaPIPOm","RaPIPOm_fpl",55,"fpl","RaPIPOm","RaPIPOm_fpl","Dry Ponderosa Pine - Mesic",1
"3_41_35_70857",4,158,898,1395,1385,1801020201,"18010201","OEC","RaPIPOm_fpl_1801020201","RaPIPOm","RaPIPOm_fpl",55,"fpl","RaPIPOm","RaPIPOm_fpl","Dry Ponderosa Pine - Mesic",1
"3_41_35_54304",4,158,898,1395,1846,1801020201,"18010201","OEC","RaPIPOm_fpl_1801020201","RaPIPOm","RaPIPOm_fpl",55,"fpl","RaPIPOm","RaPIPOm_fpl","Dry Ponderosa Pine - Mesic",1
"3_41_35_66727",4,158,898,1395,1479,1801020201,"18010201","OEC","RaPIPOm_fpl_1801020201","RaPIPOm","RaPIPOm_fpl",55,"fpl","RaPIPOm","RaPIPOm_fpl","Dry Ponderosa Pine - Mesic",1
"3_41_35_87564",4,158,902,1481,771,1801020205,"18010201","OEC","RaPIPOm_fpl_1801020205","RaPIPOm","RaPIPOm_fpl",55,"fpl","RaPIPOm","RaPIPOm_fpl","Dry Ponderosa Pine - Mesic",1
"3_41_35_75856",4,158,902,2322,1386,1801020205,"18010201","OEC","RaSPFI_fmz_OEC","RaSPFI","RaSPFI_fmz",26,"fmz","RaSPFI","RaSPFI_fmz","Spruce - Fir",4
"3_41_35_87420",4,158,902,1480,1523,1801020205,"18010201","OEC","RaMCONdy_fmx_1801020205","RaMCONdy","RaMCONdy_fmx",29,"fmx","RaMCONdy","RaMCONdy_fmx","Mixed Conifer - Eastside Dry",1
"3_41_35_95359",4,158,901,1567,2569,1801020204,"18010201","OEC","RaMCONdy_fmx_1801020204","RaMCONdy","RaMCONdy_fmx",29,"fmx","RaMCONdy","RaMCONdy_fmx","Mixed Conifer - Eastside Dry",1
"3_41_35_59368",4,158,901,2232,1517,1801020204,"18010201","OEC","RaPIPOxe_fpd_18010202","RaPIPOxe","RaPIPOxe_fpd",53,"fpd","RaPIPOxe","RaPIPOxe_fpd","Ponderosa Pine - Xeric",3
"3_41_35_59924",4,158,901,2233,817,1801020204,"18010201","OEC","RaPIPOxe_fxp_18010202","RaPIPOxe","RaPIPOxe_fxp",56,"fxp","RaPIPOxe","RaPIPOxe_fxp","Ponderosa Pine - Xeric",3
"3_41_35_52950",4,158,901,1567,2241,1801020204,"18010201","OEC","RaMCONdy_fmx_1801020204","RaMCONdy","RaMCONdy_fmx",29,"fmx","RaMCONdy","RaMCONdy_fmx","Mixed Conifer - Eastside Dry",1
"3_41_35_73137",4,158,900,1630,1155,1801020203,"18010201","OEC","RaMCONdy_fmd_1801020203","RaMCONdy","RaMCONdy_fmd",28,"fmd","RaMCONdy","RaMCONdy_fmd","Mixed Conifer - Eastside Dry",1
"3_41_35_91780",4,160,910,2261,351,1801020405,"18010203","OEC","RaPIPOxe_fpd_18010204","RaPIPOxe","RaPIPOxe_fpd",53,"fpd","RaPIPOxe","RaPIPOxe_fpd","Ponderosa Pine - Xeric",3
"3_41_35_76581",4,160,910,1623,750,1801020405,"18010203","OEC","RaMCONdy_fmd_1801020405","RaMCONdy","RaMCONdy_fmd",28,"fmd","RaMCONdy","RaMCONdy_fmd","Mixed Conifer - Eastside Dry",1
"3_41_35_65256",4,160,910,1623,1188,1801020405,"18010203","OEC","RaMCONdy_fmd_1801020405","RaMCONdy","RaMCONdy_fmd",28,"fmd","RaMCONdy","RaMCONdy_fmd","Mixed Conifer - Eastside Dry",1
"3_41_35_72716",4,160,910,1623,1360,1801020405,"18010203","OEC","RaMCONdy_fmd_1801020405","RaMCONdy","RaMCONdy_fmd",28,"fmd","RaMCONdy","RaMCONdy_fmd","Mixed Conifer - Eastside Dry",1
"3_41_35_65849",4,160,909,1753,697,1801020404,"18010203","OEC","RaMCONdy_fmd_1801020404","RaMCONdy","RaMCONdy_fmd",28,"fmd","RaMCONdy","RaMCONdy_fmd","Mixed Conifer - Eastside Dry",1
"3_41_35_83895",4,160,909,1753,1274,1801020404,"18010203","OEC","RaMCONdy_fmd_1801020404","RaMCONdy","RaMCONdy_fmd",28,"fmd","RaMCONdy","RaMCONdy_fmd","Mixed Conifer - Eastside Dry",1
"3_41_35_81747",4,160,909,2261,422,1801020404,"18010203","OEC","RaPIPOxe_fpd_18010204","RaPIPOxe","RaPIPOxe_fpd",53,"fpd","RaPIPOxe","RaPIPOxe_fpd","Ponderosa Pine - Xeric",3
"3_41_35_56584",4,160,908,2261,1369,1801020402,"18010203","OEC","RaPIPOxe_fpd_18010204","RaPIPOxe","RaPIPOxe_fpd",53,"fpd","RaPIPOxe","RaPIPOxe_fpd","Ponderosa Pine - Xeric",3
"3_41_35_74581",4,160,909,2261,674,1801020404,"18010203","OEC","RaPIPOxe_fpd_18010204","RaPIPOxe","RaPIPOxe_fpd",53,"fpd","RaPIPOxe","RaPIPOxe_fpd","Ponderosa Pine - Xeric",3
"5_53_61_51453",11,131,746,2286,1198,1711000602,"17110005","WNC","Na0710411_fmt_WNC","Na0710411","Na0710411_fmt",5,"fmt","Na0710411","Na0710411_fmt","North Pacific Mountain Hemlock Forest - Wet",5
"8_53_7_89558",10,20,84,1847,1139,1702001101,"17020010","WEC","RaMCONms_fmm_17020011","RaMCONms","RaMCONms_fmm",27,"fmm","RaMCONms","RaMCONms_fmm","Mixed Conifer - Eastside Mesic",3
"8_53_7_98961",10,20,84,1844,1571,1702001101,"17020010","WEC","RaABAMlw_fsi_17020011","RaABAMlw","RaABAMlw_fsi",14,"fsi","RaABAMlw","RaABAMlw_fsi","Pacific Silver Fir - Low Elevation",3
"8_53_7_97321",10,20,84,1844,1330,1702001101,"17020010","WEC","RaABAMlw_fsi_17020011","RaABAMlw","RaABAMlw_fsi",14,"fsi","RaABAMlw","RaABAMlw_fsi","Pacific Silver Fir - Low Elevation",3
"8_53_7_72162",10,20,85,1844,1240,1702001102,"17020010","WEC","RaABAMlw_fsi_17020011","RaABAMlw","RaABAMlw_fsi",14,"fsi","RaABAMlw","RaABAMlw_fsi","Pacific Silver Fir - Low Elevation",3
"8_53_7_67441",10,20,85,2291,1529,1702001102,"17020010","WEC","Na0710412_fmh_WEC","Na0710412","Na0710412_fmh",4,"fmh","Na0710412","Na0710412_fmh","North Pacific Mountain Hemlock Forest - Xeric",5
"5_53_73_53621",11,130,739,2288,1193,1711000506,"17110004","WNC","RaABLA_faf_WNC","RaABLA","RaABLA_faf",8,"faf","RaABLA","RaABLA_faf","Subalpine Fir",4
"8_53_7_74596",10,20,87,1847,1098,1702001104,"17020010","WEC","RaMCONms_fmm_17020011","RaMCONms","RaMCONms_fmm",27,"fmm","RaMCONms","RaMCONms_fmm","Mixed Conifer - Eastside Mesic",3
"8_53_7_52738",10,20,87,1841,1044,1702001104,"17020010","WEC","RaSAWD_fal_17020011","RaSAWD","RaSAWD_fal",2,"fal","RaSAWD","RaSAWD_fal","Subalpine Woodland",3
"8_53_7_71568",10,20,87,1841,2851,1702001104,"17020010","WEC","RaSAWD_fal_17020011","RaSAWD","RaSAWD_fal",2,"fal","RaSAWD","RaSAWD_fal","Subalpine Woodland",3
"8_53_37_53935",10,26,122,1896,973,1703000101,"17020016","WEC","RaSAWD_fal_17030001","RaSAWD","RaSAWD_fal",2,"fal","RaSAWD","RaSAWD_fal","Subalpine Woodland",3
"8_53_37_64992",10,26,122,2291,1194,1703000101,"17020016","WEC","Na0710412_fmh_WEC","Na0710412","Na0710412_fmh",4,"fmh","Na0710412","Na0710412_fmh","North Pacific Mountain Hemlock Forest - Xeric",5
"8_53_37_96236",10,26,122,2291,714,1703000101,"17020016","WEC","Na0710412_fmh_WEC","Na0710412","Na0710412_fmh",4,"fmh","Na0710412","Na0710412_fmh","North Pacific Mountain Hemlock Forest - Xeric",5
"8_53_37_67375",10,26,122,2291,1830,1703000101,"17020016","WEC","Na0710412_fmh_WEC","Na0710412","Na0710412_fmh",4,"fmh","Na0710412","Na0710412_fmh","North Pacific Mountain Hemlock Forest - Xeric",5
"8_53_37_55298",10,26,122,2291,1263,1703000101,"17020016","WEC","Na0710412_fmh_WEC","Na0710412","Na0710412_fmh",4,"fmh","Na0710412","Na0710412_fmh","North Pacific Mountain Hemlock Forest - Xeric",5
"8_53_37_91866",10,26,123,2291,808,1703000102,"17020016","WEC","Na0710412_fmh_WEC","Na0710412","Na0710412_fmh",4,"fmh","Na0710412","Na0710412_fmh","North Pacific Mountain Hemlock Forest - Xeric",5
"8_53_37_71858",10,26,123,1898,735,1703000102,"17020016","WEC","RaMCONms_fmm_17030001","RaMCONms","RaMCONms_fmm",27,"fmm","RaMCONms","RaMCONms_fmm","Mixed Conifer - Eastside Mesic",3
"8_53_37_87323",10,26,123,1898,1543,1703000102,"17020016","WEC","RaMCONms_fmm_17030001","RaMCONms","RaMCONms_fmm",27,"fmm","RaMCONms","RaMCONms_fmm","Mixed Conifer - Eastside Mesic",3
"8_53_37_98225",10,26,123,1898,464,1703000102,"17020016","WEC","RaMCONms_fmm_17030001","RaMCONms","RaMCONms_fmm",27,"fmm","RaMCONms","RaMCONms_fmm","Mixed Conifer - Eastside Mesic",3
"8_53_37_94087",10,26,123,1898,1113,1703000102,"17020016","WEC","RaMCONms_fmm_17030001","RaMCONms","RaMCONms_fmm",27,"fmm","RaMCONms","RaMCONms_fmm","Mixed Conifer - Eastside Mesic",3
"8_53_37_50613",10,26,124,191,774,1703000103,"17020016","WEC","RaMCONdy_fmd_1703000103","RaMCONdy","RaMCONdy_fmd",28,"fmd","RaMCONdy","RaMCONdy_fmd","Mixed Conifer - Eastside Dry",1
"8_53_37_71689",10,26,124,191,1494,1703000103,"17020016","WEC","RaMCONdy_fmd_1703000103","RaMCONdy","RaMCONdy_fmd",28,"fmd","RaMCONdy","RaMCONdy_fmd","Mixed Conifer - Eastside Dry",1
"8_53_37_68578",10,26,126,1898,1401,1703000105,"17020016","WEC","RaMCONms_fmm_17030001","RaMCONms","RaMCONms_fmm",27,"fmm","RaMCONms","RaMCONms_fmm","Mixed Conifer - Eastside Mesic",3
"8_53_37_64555",10,26,124,1898,2601,1703000103,"17020016","WEC","RaMCONms_fmm_17030001","RaMCONms","RaMCONms_fmm",27,"fmm","RaMCONms","RaMCONms_fmm","Mixed Conifer - Eastside Mesic",3
"5_53_73_87500",11,130,739,1780,1861,1711000506,"17110004","WNC","RaABAMlw_fwc_17110005","RaABAMlw","RaABAMlw_fwc",35,"fwc","RaABAMlw","RaABAMlw_fwc","Pacific Silver Fir - Low Elevation",3
"8_53_37_57581",10,26,126,1898,1089,1703000105,"17020016","WEC","RaMCONms_fmm_17030001","RaMCONms","RaMCONms_fmm",27,"fmm","RaMCONms","RaMCONms_fmm","Mixed Conifer - Eastside Mesic",3
"8_53_37_57772",10,26,126,2291,1418,1703000105,"17020016","WEC","Na0710412_fmh_WEC","Na0710412","Na0710412_fmh",4,"fmh","Na0710412","Na0710412_fmh","North Pacific Mountain Hemlock Forest - Xeric",5
"8_53_37_64751",10,26,126,2291,3025,1703000105,"17020016","WEC","Na0710412_fmh_WEC","Na0710412","Na0710412_fmh",4,"fmh","Na0710412","Na0710412_fmh","North Pacific Mountain Hemlock Forest - Xeric",5
"8_53_37_71456",10,27,130,216,2130,1703000202,"17030001","WEC","RaMCONdy_fmd_1703000202","RaMCONdy","RaMCONdy_fmd",28,"fmd","RaMCONdy","RaMCONdy_fmd","Mixed Conifer - Eastside Dry",1
"8_53_37_80550",10,27,130,216,2263,1703000202,"17030001","WEC","RaMCONdy_fmd_1703000202","RaMCONdy","RaMCONdy_fmd",28,"fmd","RaMCONdy","RaMCONdy_fmd","Mixed Conifer - Eastside Dry",1
"8_53_77_89824",10,27,130,216,2022,1703000202,"17030001","WEC","RaMCONdy_fmd_1703000202","RaMCONdy","RaMCONdy_fmd",28,"fmd","RaMCONdy","RaMCONdy_fmd","Mixed Conifer - Eastside Dry",1
"8_53_77_68717",10,27,131,230,3157,1703000203,"17030001","WEC","RaMCONdy_fmd_1703000203","RaMCONdy","RaMCONdy_fmd",28,"fmd","RaMCONdy","RaMCONdy_fmd","Mixed Conifer - Eastside Dry",1
"8_53_77_75951",10,27,131,230,1112,1703000203,"17030001","WEC","RaMCONdy_fmd_1703000203","RaMCONdy","RaMCONdy_fmd",28,"fmd","RaMCONdy","RaMCONdy_fmd","Mixed Conifer - Eastside Dry",1
"8_53_77_73307",10,27,131,230,1025,1703000203,"17030001","WEC","RaMCONdy_fmd_1703000203","RaMCONdy","RaMCONdy_fmd",28,"fmd","RaMCONdy","RaMCONdy_fmd","Mixed Conifer - Eastside Dry",1
"8_53_77_99204",10,28,132,248,2053,1703000301,"17030002","WEC","RaMCONdy_fmd_1703000301","RaMCONdy","RaMCONdy_fmd",28,"fmd","RaMCONdy","RaMCONdy_fmd","Mixed Conifer - Eastside Dry",1
"3_41_65_51179",2,75,447,2071,59,1707030702,"17070306A","OBM","RaPIPOxe_fxp_17070307","RaPIPOxe","RaPIPOxe_fxp",56,"fxp","RaPIPOxe","RaPIPOxe_fxp","Ponderosa Pine - Xeric",3
"3_41_13_55782",2,71,432,2103,9,1707030510,"17070304","OBM","RaPIPOxe_fxp_17070305A","RaPIPOxe","RaPIPOxe_fxp",56,"fxp","RaPIPOxe","RaPIPOxe_fxp","Ponderosa Pine - Xeric",3
"3_41_17_72260",4,72,429,2127,73,1707030507,"17070305A","OEC","RaPIPOxe_fxp_17070305B","RaPIPOxe","RaPIPOxe_fxp",56,"fxp","RaPIPOxe","RaPIPOxe_fxp","Ponderosa Pine - Xeric",3
"3_41_37_98135",4,151,846,2176,13,1712000507,"17120004","OEC","RaPIPOxe_fxp_17120005","RaPIPOxe","RaPIPOxe_fxp",56,"fxp","RaPIPOxe","RaPIPOxe_fxp","Ponderosa Pine - Xeric",3
"3_41_31_83479",2,75,448,2071,24,1707030703,"17070306A","OBM","RaPIPOxe_fxp_17070307","RaPIPOxe","RaPIPOxe_fxp",56,"fxp","RaPIPOxe","RaPIPOxe_fxp","Ponderosa Pine - Xeric",3
"3_41_13_60059",2,71,427,2103,4,1707030505,"17070304","OBM","RaPIPOxe_fxp_17070305A","RaPIPOxe","RaPIPOxe_fxp",56,"fxp","RaPIPOxe","RaPIPOxe_fxp","Ponderosa Pine - Xeric",3
"3_41_13_97826",2,71,426,2103,7,1707030504,"17070304","OBM","RaPIPOxe_fxp_17070305A","RaPIPOxe","RaPIPOxe_fxp",56,"fxp","RaPIPOxe","RaPIPOxe_fxp","Ponderosa Pine - Xeric",3
"3_41_13_75399",2,71,423,2103,3,1707030501,"17070304","OBM","RaPIPOxe_fxp_17070305A","RaPIPOxe","RaPIPOxe_fxp",56,"fxp","RaPIPOxe","RaPIPOxe_fxp","Ponderosa Pine - Xeric",3
"3_41_13_62175",2,71,423,2103,1,1707030501,"17070304","OBM","RaPIPOxe_fxp_17070305A","RaPIPOxe","RaPIPOxe_fxp",56,"fxp","RaPIPOxe","RaPIPOxe_fxp","Ponderosa Pine - Xeric",3
"3_41_13_90446",2,70,421,2123,73,1707030407,"17070303","OBM","RaPIPOxe_fxp_17070304","RaPIPOxe","RaPIPOxe_fxp",56,"fxp","RaPIPOxe","RaPIPOxe_fxp","Ponderosa Pine - Xeric",3
"3_41_37_86693",4,151,846,2176,86,1712000507,"17120004","OEC","RaPIPOxe_fxp_17120005","RaPIPOxe","RaPIPOxe_fxp",56,"fxp","RaPIPOxe","RaPIPOxe_fxp","Ponderosa Pine - Xeric",3
"3_41_13_67140",2,71,426,2103,3,1707030504,"17070304","OBM","RaPIPOxe_fxp_17070305A","RaPIPOxe","RaPIPOxe_fxp",56,"fxp","RaPIPOxe","RaPIPOxe_fxp","Ponderosa Pine - Xeric",3
"3_41_13_91711",2,71,432,2103,518,1707030510,"17070304","OBM","RaPIPOxe_fxp_17070305A","RaPIPOxe","RaPIPOxe_fxp",56,"fxp","RaPIPOxe","RaPIPOxe_fxp","Ponderosa Pine - Xeric",3
"3_41_13_51874",2,71,423,2103,25,1707030501,"17070304","OBM","RaPIPOxe_fxp_17070305A","RaPIPOxe","RaPIPOxe_fxp",56,"fxp","RaPIPOxe","RaPIPOxe_fxp","Ponderosa Pine - Xeric",3
"3_41_13_73201",2,70,421,2123,3,1707030407,"17070303","OBM","RaPIPOxe_fxp_17070304","RaPIPOxe","RaPIPOxe_fxp",56,"fxp","RaPIPOxe","RaPIPOxe_fxp","Ponderosa Pine - Xeric",3
"3_41_31_99342",2,75,447,2071,144,1707030702,"17070306A","OBM","RaPIPOxe_fxp_17070307","RaPIPOxe","RaPIPOxe_fxp",56,"fxp","RaPIPOxe","RaPIPOxe_fxp","Ponderosa Pine - Xeric",3
"3_41_31_59000",2,75,446,2071,3,1707030701,"17070306A","OBM","RaPIPOxe_fxp_17070307","RaPIPOxe","RaPIPOxe_fxp",56,"fxp","RaPIPOxe","RaPIPOxe_fxp","Ponderosa Pine - Xeric",3
"3_41_13_95527",2,71,426,2103,93,1707030504,"17070304","OBM","RaPIPOxe_fxp_17070305A","RaPIPOxe","RaPIPOxe_fxp",56,"fxp","RaPIPOxe","RaPIPOxe_fxp","Ponderosa Pine - Xeric",3
"3_41_13_94464",2,70,422,2123,10,1707030408,"17070303","OBM","RaPIPOxe_fxp_17070304","RaPIPOxe","RaPIPOxe_fxp",56,"fxp","RaPIPOxe","RaPIPOxe_fxp","Ponderosa Pine - Xeric",3
"3_41_13_73438",2,70,421,2123,1,1707030407,"17070303","OBM","RaPIPOxe_fxp_17070304","RaPIPOxe","RaPIPOxe_fxp",56,"fxp","RaPIPOxe","RaPIPOxe_fxp","Ponderosa Pine - Xeric",3
"3_41_37_55123",4,151,847,2176,18,1712000508,"17120004","OEC","RaPIPOxe_fxp_17120005","RaPIPOxe","RaPIPOxe_fxp",56,"fxp","RaPIPOxe","RaPIPOxe_fxp","Ponderosa Pine - Xeric",3
"3_41_37_52935",4,151,846,2176,5,1712000507,"17120004","OEC","RaPIPOxe_fxp_17120005","RaPIPOxe","RaPIPOxe_fxp",56,"fxp","RaPIPOxe","RaPIPOxe_fxp","Ponderosa Pine - Xeric",3
"3_41_37_79198",4,151,846,2176,10,1712000507,"17120004","OEC","RaPIPOxe_fxp_17120005","RaPIPOxe","RaPIPOxe_fxp",56,"fxp","RaPIPOxe","RaPIPOxe_fxp","Ponderosa Pine - Xeric",3
"3_41_13_51723",2,71,426,2103,17,1707030504,"17070304","OBM","RaPIPOxe_fxp_17070305A","RaPIPOxe","RaPIPOxe_fxp",56,"fxp","RaPIPOxe","RaPIPOxe_fxp","Ponderosa Pine - Xeric",3
"3_41_13_95356",2,70,422,924,105,1707030408,"17070303","OBM","RaMCONdy_fdd_1707030408","RaMCONdy","RaMCONdy_fdd",42,"fdd","RaMCONdy","RaMCONdy_fdd","Mixed Conifer - Eastside Dry",1
"3_41_37_75661",4,151,847,2176,5,1712000508,"17120004","OEC","RaPIPOxe_fxp_17120005","RaPIPOxe","RaPIPOxe_fxp",56,"fxp","RaPIPOxe","RaPIPOxe_fxp","Ponderosa Pine - Xeric",3
"3_41_31_68862",2,66,376,2028,4,1707020404,"17070203","OBM","RaPIPOxe_fxp_17070204","RaPIPOxe","RaPIPOxe_fxp",56,"fxp","RaPIPOxe","RaPIPOxe_fxp","Ponderosa Pine - Xeric",3
"3_41_31_77096",2,66,376,2028,182,1707020404,"17070203","OBM","RaPIPOxe_fxp_17070204","RaPIPOxe","RaPIPOxe_fxp",56,"fxp","RaPIPOxe","RaPIPOxe_fxp","Ponderosa Pine - Xeric",3
"3_41_13_56828",2,70,421,2123,66,1707030407,"17070303","OBM","RaPIPOxe_fxp_17070304","RaPIPOxe","RaPIPOxe_fxp",56,"fxp","RaPIPOxe","RaPIPOxe_fxp","Ponderosa Pine - Xeric",3
"3_41_13_67776",2,70,421,2123,20,1707030407,"17070303","OBM","RaPIPOxe_fxp_17070304","RaPIPOxe","RaPIPOxe_fxp",56,"fxp","RaPIPOxe","RaPIPOxe_fxp","Ponderosa Pine - Xeric",3
"3_41_31_71353",2,66,376,2028,5,1707020404,"17070203","OBM","RaPIPOxe_fxp_17070204","RaPIPOxe","RaPIPOxe_fxp",56,"fxp","RaPIPOxe","RaPIPOxe_fxp","Ponderosa Pine - Xeric",3
"3_41_31_88356",2,66,376,2028,1,1707020404,"17070203","OBM","RaPIPOxe_fxp_17070204","RaPIPOxe","RaPIPOxe_fxp",56,"fxp","RaPIPOxe","RaPIPOxe_fxp","Ponderosa Pine - Xeric",3
"3_41_13_91756",2,70,420,2123,514,1707030406,"17070303","OBM","RaPIPOxe_fxp_17070304","RaPIPOxe","RaPIPOxe_fxp",56,"fxp","RaPIPOxe","RaPIPOxe_fxp","Ponderosa Pine - Xeric",3
"3_41_17_99858",2,69,405,2133,4,1707030301,"17070302","OBM","RaPIPOxe_fxp_17070303","RaPIPOxe","RaPIPOxe_fxp",56,"fxp","RaPIPOxe","RaPIPOxe_fxp","Ponderosa Pine - Xeric",3
"3_41_69_53719",2,66,379,2028,16,1707020407,"17070203","OBM","RaPIPOxe_fxp_17070204","RaPIPOxe","RaPIPOxe_fxp",56,"fxp","RaPIPOxe","RaPIPOxe_fxp","Ponderosa Pine - Xeric",3
"3_41_13_94713",2,70,420,2123,97,1707030406,"17070303","OBM","RaPIPOxe_fxp_17070304","RaPIPOxe","RaPIPOxe_fxp",56,"fxp","RaPIPOxe","RaPIPOxe_fxp","Ponderosa Pine - Xeric",3
"3_41_17_52748",2,69,406,2133,15,1707030302,"17070302","OBM","RaPIPOxe_fxp_17070303","RaPIPOxe","RaPIPOxe_fxp",56,"fxp","RaPIPOxe","RaPIPOxe_fxp","Ponderosa Pine - Xeric",3
"8_53_77_79345",10,28,139,294,8,1703000308,"17030002","WEC","RaPIPOm_fpd_1703000308","RaPIPOm","RaPIPOm_fpd",51,"fpd","RaPIPOm","RaPIPOm_fpd","Dry Ponderosa Pine - Mesic",1
"3_41_13_64158",2,70,415,2123,88,1707030401,"17070303","OBM","RaPIPOxe_fxp_17070304","RaPIPOxe","RaPIPOxe_fxp",56,"fxp","RaPIPOxe","RaPIPOxe_fxp","Ponderosa Pine - Xeric",3
"3_41_37_64703",2,69,406,2133,1,1707030302,"17070302","OBM","RaPIPOxe_fxp_17070303","RaPIPOxe","RaPIPOxe_fxp",56,"fxp","RaPIPOxe","RaPIPOxe_fxp","Ponderosa Pine - Xeric",3
"3_41_69_98618",2,66,376,2028,11,1707020404,"17070203","OBM","RaPIPOxe_fxp_17070204","RaPIPOxe","RaPIPOxe_fxp",56,"fxp","RaPIPOxe","RaPIPOxe_fxp","Ponderosa Pine - Xeric",3
"3_41_37_82226",4,151,849,2176,5,1712000510,"17120004","OEC","RaPIPOxe_fxp_17120005","RaPIPOxe","RaPIPOxe_fxp",56,"fxp","RaPIPOxe","RaPIPOxe_fxp","Ponderosa Pine - Xeric",3
"3_41_69_55512",2,66,375,2028,3,1707020403,"17070203","OBM","RaPIPOxe_fxp_17070204","RaPIPOxe","RaPIPOxe_fxp",56,"fxp","RaPIPOxe","RaPIPOxe_fxp","Ponderosa Pine - Xeric",3
"3_41_37_82714",4,151,854,2176,14,1712000515,"17120004","OEC","RaPIPOxe_fxp_17120005","RaPIPOxe","RaPIPOxe_fxp",56,"fxp","RaPIPOxe","RaPIPOxe_fxp","Ponderosa Pine - Xeric",3
"3_41_69_66845",2,66,374,2028,55,1707020402,"17070203","OBM","RaPIPOxe_fxp_17070204","RaPIPOxe","RaPIPOxe_fxp",56,"fxp","RaPIPOxe","RaPIPOxe_fxp","Ponderosa Pine - Xeric",3
"3_41_13_67613",2,70,415,2123,39,1707030401,"17070303","OBM","RaPIPOxe_fxp_17070304","RaPIPOxe","RaPIPOxe_fxp",56,"fxp","RaPIPOxe","RaPIPOxe_fxp","Ponderosa Pine - Xeric",3
"3_41_13_65773",2,70,415,2123,1,1707030401,"17070303","OBM","RaPIPOxe_fxp_17070304","RaPIPOxe","RaPIPOxe_fxp",56,"fxp","RaPIPOxe","RaPIPOxe_fxp","Ponderosa Pine - Xeric",3
"3_41_13_87189",2,70,415,2123,149,1707030401,"17070303","OBM","RaPIPOxe_fxp_17070304","RaPIPOxe","RaPIPOxe_fxp",56,"fxp","RaPIPOxe","RaPIPOxe_fxp","Ponderosa Pine - Xeric",3
"3_41_13_67127",2,70,416,2123,38,1707030402,"17070303","OBM","RaPIPOxe_fxp_17070304","RaPIPOxe","RaPIPOxe_fxp",56,"fxp","RaPIPOxe","RaPIPOxe_fxp","Ponderosa Pine - Xeric",3
"3_41_13_70230",2,69,414,2133,39,1707030310,"17070302","OBM","RaPIPOxe_fxp_17070303","RaPIPOxe","RaPIPOxe_fxp",56,"fxp","RaPIPOxe","RaPIPOxe_fxp","Ponderosa Pine - Xeric",3
"4_41_25_94365",2,69,407,2133,30,1707030303,"17070302","OBM","RaPIPOxe_fxp_17070303","RaPIPOxe","RaPIPOxe_fxp",56,"fxp","RaPIPOxe","RaPIPOxe_fxp","Ponderosa Pine - Xeric",3
"4_41_25_55052",4,151,857,2176,2,1712000518,"17120004","OEC","RaPIPOxe_fxp_17120005","RaPIPOxe","RaPIPOxe_fxp",56,"fxp","RaPIPOxe","RaPIPOxe_fxp","Ponderosa Pine - Xeric",3
"4_41_25_57633",2,150,831,2160,8,1712000403,"17120003","OBM","RaPIPOxe_fxp_17120004","RaPIPOxe","RaPIPOxe_fxp",56,"fxp","RaPIPOxe","RaPIPOxe_fxp","Ponderosa Pine - Xeric",3
"4_41_25_62841",2,150,830,2160,74,1712000402,"17120003","OBM","RaPIPOxe_fxp_17120004","RaPIPOxe","RaPIPOxe_fxp",56,"fxp","RaPIPOxe","RaPIPOxe_fxp","Ponderosa Pine - Xeric",3
"8_53_47_87679",12,15,59,86,79,1702000619,"17020005","WNE","RaPIPOm_fpd_1702000619","RaPIPOm","RaPIPOm_fpd",51,"fpd","RaPIPOm","RaPIPOm_fpd","Dry Ponderosa Pine - Mesic",1
"8_53_47_50899",12,15,56,30,465,1702000616,"17020005","WNE","RaMCONdy_fdd_1702000616","RaMCONdy","RaMCONdy_fdd",42,"fdd","RaMCONdy","RaMCONdy_fdd","Mixed Conifer - Eastside Dry",1
"4_41_25_96864",2,148,823,2136,3,1712000206,"17120001","OBM","RaPIPOxe_fxp_17120002","RaPIPOxe","RaPIPOxe_fxp",56,"fxp","RaPIPOxe","RaPIPOxe_fxp","Ponderosa Pine - Xeric",3
"4_41_25_69473",2,148,824,2136,70,1712000207,"17120001","OBM","RaPIPOxe_fxp_17120002","RaPIPOxe","RaPIPOxe_fxp",56,"fxp","RaPIPOxe","RaPIPOxe_fxp","Ponderosa Pine - Xeric",3
"4_41_23_94949",2,63,352,2084,95,1707020109,"17070106","OBM","RaPIPOxe_fxp_17070201","RaPIPOxe","RaPIPOxe_fxp",56,"fxp","RaPIPOxe","RaPIPOxe_fxp","Ponderosa Pine - Xeric",3
"4_41_25_88952",5,149,826,2208,29,1712000302,"17120002","OSE","RaPIPOxe_fxp_17120003","RaPIPOxe","RaPIPOxe_fxp",56,"fxp","RaPIPOxe","RaPIPOxe_fxp","Ponderosa Pine - Xeric",3
"4_41_25_76689",5,149,826,2208,44,1712000302,"17120002","OSE","RaPIPOxe_fxp_17120003","RaPIPOxe","RaPIPOxe_fxp",56,"fxp","RaPIPOxe","RaPIPOxe_fxp","Ponderosa Pine - Xeric",3
"4_41_25_72401",5,149,825,2208,52,1712000301,"17120002","OSE","RaPIPOxe_fxp_17120003","RaPIPOxe","RaPIPOxe_fxp",56,"fxp","RaPIPOxe","RaPIPOxe_fxp","Ponderosa Pine - Xeric",3
"4_41_25_60899",5,154,879,2230,29,1712000808,"17120007","OSE","RaPIPOxe_fxp_17120008","RaPIPOxe","RaPIPOxe_fxp",56,"fxp","RaPIPOxe","RaPIPOxe_fxp","Ponderosa Pine - Xeric",3
"4_41_25_55508",5,149,826,2208,418,1712000302,"17120002","OSE","RaPIPOxe_fxp_17120003","RaPIPOxe","RaPIPOxe_fxp",56,"fxp","RaPIPOxe","RaPIPOxe_fxp","Ponderosa Pine - Xeric",3
"4_41_25_67228",2,36,177,2137,3,1705011605,"17050115","OBM","RaPIPOxe_fxp_17050116","RaPIPOxe","RaPIPOxe_fxp",56,"fxp","RaPIPOxe","RaPIPOxe_fxp","Ponderosa Pine - Xeric",3
"4_41_45_61311",2,36,185,2137,102,1705011613,"17050115","OBM","RaPIPOxe_fxp_17050116","RaPIPOxe","RaPIPOxe_fxp",56,"fxp","RaPIPOxe","RaPIPOxe_fxp","Ponderosa Pine - Xeric",3
"4_41_45_80771",2,36,180,2137,35,1705011608,"17050115","OBM","RaPIPOxe_fxp_17050116","RaPIPOxe","RaPIPOxe_fxp",56,"fxp","RaPIPOxe","RaPIPOxe_fxp","Ponderosa Pine - Xeric",3
"4_41_45_57042",2,36,185,2137,1,1705011613,"17050115","OBM","RaPIPOxe_fxp_17050116","RaPIPOxe","RaPIPOxe_fxp",56,"fxp","RaPIPOxe","RaPIPOxe_fxp","Ponderosa Pine - Xeric",3
"4_41_63_74872",2,45,234,1967,21,1706010301,"17060102","OBM","RaMCONms_fcm_17060103","RaMCONms","RaMCONms_fcm",22,"fcm","RaMCONms","RaMCONms_fcm","Mixed Conifer - Eastside Mesic",3
"4_41_63_60772",2,45,234,318,1393,1706010301,"17060102","OBM","RaMCONdy_fdd_1706010301","RaMCONdy","RaMCONdy_fdd",42,"fdd","RaMCONdy","RaMCONdy_fdd","Mixed Conifer - Eastside Dry",1
"4_41_45_87656",5,31,150,2225,15,1705010703,"17050106","OSE","RaPIPOxe_fxp_17050107","RaPIPOxe","RaPIPOxe_fxp",56,"fxp","RaPIPOxe","RaPIPOxe_fxp","Ponderosa Pine - Xeric",3
"3_41_17_55237",4,67,393,2098,126,1707030107,"17070204","OEC","RaPIPOxe_fxp_17070301","RaPIPOxe","RaPIPOxe_fxp",56,"fxp","RaPIPOxe","RaPIPOxe_fxp","Ponderosa Pine - Xeric",3
"3_41_31_53696",4,73,434,2055,918,1707030601,"17070305B","OEC","RaPIPOxe_fpd_17070306","RaPIPOxe","RaPIPOxe_fpd",53,"fpd","RaPIPOxe","RaPIPOxe_fpd","Ponderosa Pine - Xeric",3
"3_41_31_83730",4,67,396,2095,201,1707030110,"17070204","OEC","RaPIPOxe_fpd_17070301","RaPIPOxe","RaPIPOxe_fpd",53,"fpd","RaPIPOxe","RaPIPOxe_fpd","Ponderosa Pine - Xeric",3
"3_41_17_54313",4,67,394,2098,1,1707030108,"17070204","OEC","RaPIPOxe_fxp_17070301","RaPIPOxe","RaPIPOxe_fxp",56,"fxp","RaPIPOxe","RaPIPOxe_fxp","Ponderosa Pine - Xeric",3
"3_41_17_97424",4,67,394,2098,9,1707030108,"17070204","OEC","RaPIPOxe_fxp_17070301","RaPIPOxe","RaPIPOxe_fxp",56,"fxp","RaPIPOxe","RaPIPOxe_fxp","Ponderosa Pine - Xeric",3
"3_41_17_86143",4,67,394,2098,5,1707030108,"17070204","OEC","RaPIPOxe_fxp_17070301","RaPIPOxe","RaPIPOxe_fxp",56,"fxp","RaPIPOxe","RaPIPOxe_fxp","Ponderosa Pine - Xeric",3
"3_41_31_78023",4,73,434,2023,9,1707030601,"17070305B","OEC","RaPIPOxe_fxp_17070306","RaPIPOxe","RaPIPOxe_fxp",56,"fxp","RaPIPOxe","RaPIPOxe_fxp","Ponderosa Pine - Xeric",3
"3_41_17_60388",4,67,394,2098,135,1707030108,"17070204","OEC","RaPIPOxe_fxp_17070301","RaPIPOxe","RaPIPOxe_fxp",56,"fxp","RaPIPOxe","RaPIPOxe_fxp","Ponderosa Pine - Xeric",3
"3_41_31_96200",2,71,433,2103,73,1707030511,"17070304","OBM","RaPIPOxe_fxp_17070305A","RaPIPOxe","RaPIPOxe_fxp",56,"fxp","RaPIPOxe","RaPIPOxe_fxp","Ponderosa Pine - Xeric",3
"3_41_17_73080",4,67,394,2098,29,1707030108,"17070204","OEC","RaPIPOxe_fxp_17070301","RaPIPOxe","RaPIPOxe_fxp",56,"fxp","RaPIPOxe","RaPIPOxe_fxp","Ponderosa Pine - Xeric",3
"3_41_17_56861",4,67,394,2098,16,1707030108,"17070204","OEC","RaPIPOxe_fxp_17070301","RaPIPOxe","RaPIPOxe_fxp",56,"fxp","RaPIPOxe","RaPIPOxe_fxp","Ponderosa Pine - Xeric",3
"3_41_17_73442",4,67,394,2098,16,1707030108,"17070204","OEC","RaPIPOxe_fxp_17070301","RaPIPOxe","RaPIPOxe_fxp",56,"fxp","RaPIPOxe","RaPIPOxe_fxp","Ponderosa Pine - Xeric",3
"3_41_31_76125",2,74,435,2097,1,1707030602,"17070306","OBM","RaPIPOxe_fxp_17070306A","RaPIPOxe","RaPIPOxe_fxp",56,"fxp","RaPIPOxe","RaPIPOxe_fxp","Ponderosa Pine - Xeric",3
"3_41_31_95174",2,71,433,2103,108,1707030511,"17070304","OBM","RaPIPOxe_fxp_17070305A","RaPIPOxe","RaPIPOxe_fxp",56,"fxp","RaPIPOxe","RaPIPOxe_fxp","Ponderosa Pine - Xeric",3
"3_41_17_52981",4,72,430,2127,4,1707030508,"17070305A","OEC","RaPIPOxe_fxp_17070305B","RaPIPOxe","RaPIPOxe_fxp",56,"fxp","RaPIPOxe","RaPIPOxe_fxp","Ponderosa Pine - Xeric",3
"3_41_31_95082",2,74,435,2097,12,1707030602,"17070306","OBM","RaPIPOxe_fxp_17070306A","RaPIPOxe","RaPIPOxe_fxp",56,"fxp","RaPIPOxe","RaPIPOxe_fxp","Ponderosa Pine - Xeric",3
"3_41_31_93500",2,71,433,2103,6,1707030511,"17070304","OBM","RaPIPOxe_fxp_17070305A","RaPIPOxe","RaPIPOxe_fxp",56,"fxp","RaPIPOxe","RaPIPOxe_fxp","Ponderosa Pine - Xeric",3
"3_41_17_65325",2,71,433,2103,10,1707030511,"17070304","OBM","RaPIPOxe_fxp_17070305A","RaPIPOxe","RaPIPOxe_fxp",56,"fxp","RaPIPOxe","RaPIPOxe_fxp","Ponderosa Pine - Xeric",3
"3_41_17_94231",2,71,431,2103,13,1707030509,"17070304","OBM","RaPIPOxe_fxp_17070305A","RaPIPOxe","RaPIPOxe_fxp",56,"fxp","RaPIPOxe","RaPIPOxe_fxp","Ponderosa Pine - Xeric",3
"3_41_31_76014",2,74,435,2097,5,1707030602,"17070306","OBM","RaPIPOxe_fxp_17070306A","RaPIPOxe","RaPIPOxe_fxp",56,"fxp","RaPIPOxe","RaPIPOxe_fxp","Ponderosa Pine - Xeric",3
"3_41_31_75135",2,74,435,2097,3,1707030602,"17070306","OBM","RaPIPOxe_fxp_17070306A","RaPIPOxe","RaPIPOxe_fxp",56,"fxp","RaPIPOxe","RaPIPOxe_fxp","Ponderosa Pine - Xeric",3
"3_41_17_66024",2,71,431,2103,2,1707030509,"17070304","OBM","RaPIPOxe_fxp_17070305A","RaPIPOxe","RaPIPOxe_fxp",56,"fxp","RaPIPOxe","RaPIPOxe_fxp","Ponderosa Pine - Xeric",3
"3_41_31_71172",2,74,435,2097,6,1707030602,"17070306","OBM","RaPIPOxe_fxp_17070306A","RaPIPOxe","RaPIPOxe_fxp",56,"fxp","RaPIPOxe","RaPIPOxe_fxp","Ponderosa Pine - Xeric",3
"3_41_31_59465",2,74,435,2097,8,1707030602,"17070306","OBM","RaPIPOxe_fxp_17070306A","RaPIPOxe","RaPIPOxe_fxp",56,"fxp","RaPIPOxe","RaPIPOxe_fxp","Ponderosa Pine - Xeric",3
"3_41_31_58657",2,71,432,2103,138,1707030510,"17070304","OBM","RaPIPOxe_fxp_17070305A","RaPIPOxe","RaPIPOxe_fxp",56,"fxp","RaPIPOxe","RaPIPOxe_fxp","Ponderosa Pine - Xeric",3
"3_41_13_93271",4,72,430,2127,2,1707030508,"17070305A","OEC","RaPIPOxe_fxp_17070305B","RaPIPOxe","RaPIPOxe_fxp",56,"fxp","RaPIPOxe","RaPIPOxe_fxp","Ponderosa Pine - Xeric",3
"3_41_31_81555",2,75,449,2071,1,1707030704,"17070306A","OBM","RaPIPOxe_fxp_17070307","RaPIPOxe","RaPIPOxe_fxp",56,"fxp","RaPIPOxe","RaPIPOxe_fxp","Ponderosa Pine - Xeric",3
"3_41_31_84475",2,74,435,2097,13,1707030602,"17070306","OBM","RaPIPOxe_fxp_17070306A","RaPIPOxe","RaPIPOxe_fxp",56,"fxp","RaPIPOxe","RaPIPOxe_fxp","Ponderosa Pine - Xeric",3
"3_41_31_53647",2,74,435,2097,2,1707030602,"17070306","OBM","RaPIPOxe_fxp_17070306A","RaPIPOxe","RaPIPOxe_fxp",56,"fxp","RaPIPOxe","RaPIPOxe_fxp","Ponderosa Pine - Xeric",3
"3_41_13_79295",4,72,430,2127,7,1707030508,"17070305A","OEC","RaPIPOxe_fxp_17070305B","RaPIPOxe","RaPIPOxe_fxp",56,"fxp","RaPIPOxe","RaPIPOxe_fxp","Ponderosa Pine - Xeric",3
"3_41_37_58280",4,151,841,2176,96,1712000502,"17120004","OEC","RaPIPOxe_fxp_17120005","RaPIPOxe","RaPIPOxe_fxp",56,"fxp","RaPIPOxe","RaPIPOxe_fxp","Ponderosa Pine - Xeric",3
"3_41_65_83500",4,73,444,2023,9,1707030611,"17070305B","OEC","RaPIPOxe_fxp_17070306","RaPIPOxe","RaPIPOxe_fxp",56,"fxp","RaPIPOxe","RaPIPOxe_fxp","Ponderosa Pine - Xeric",3
"3_41_31_70376",2,75,449,2071,4,1707030704,"17070306A","OBM","RaPIPOxe_fxp_17070307","RaPIPOxe","RaPIPOxe_fxp",56,"fxp","RaPIPOxe","RaPIPOxe_fxp","Ponderosa Pine - Xeric",3
"3_41_31_74448",2,75,449,2071,28,1707030704,"17070306A","OBM","RaPIPOxe_fxp_17070307","RaPIPOxe","RaPIPOxe_fxp",56,"fxp","RaPIPOxe","RaPIPOxe_fxp","Ponderosa Pine - Xeric",3
"3_41_13_88221",4,72,430,2127,11,1707030508,"17070305A","OEC","RaPIPOxe_fxp_17070305B","RaPIPOxe","RaPIPOxe_fxp",56,"fxp","RaPIPOxe","RaPIPOxe_fxp","Ponderosa Pine - Xeric",3
"3_41_13_81395",4,72,430,2127,11,1707030508,"17070305A","OEC","RaPIPOxe_fxp_17070305B","RaPIPOxe","RaPIPOxe_fxp",56,"fxp","RaPIPOxe","RaPIPOxe_fxp","Ponderosa Pine - Xeric",3
"3_41_13_78310",4,72,430,2127,13,1707030508,"17070305A","OEC","RaPIPOxe_fxp_17070305B","RaPIPOxe","RaPIPOxe_fxp",56,"fxp","RaPIPOxe","RaPIPOxe_fxp","Ponderosa Pine - Xeric",3
"3_41_37_80143",4,151,846,2176,41,1712000507,"17120004","OEC","RaPIPOxe_fxp_17120005","RaPIPOxe","RaPIPOxe_fxp",56,"fxp","RaPIPOxe","RaPIPOxe_fxp","Ponderosa Pine - Xeric",3
"3_41_31_93824",2,75,448,2071,4,1707030703,"17070306A","OBM","RaPIPOxe_fxp_17070307","RaPIPOxe","RaPIPOxe_fxp",56,"fxp","RaPIPOxe","RaPIPOxe_fxp","Ponderosa Pine - Xeric",3
"3_41_31_97032",2,75,448,2071,4,1707030703,"17070306A","OBM","RaPIPOxe_fxp_17070307","RaPIPOxe","RaPIPOxe_fxp",56,"fxp","RaPIPOxe","RaPIPOxe_fxp","Ponderosa Pine - Xeric",3
